3.6908866028825434E-5
7.381752529101048E-5
1.1072611204057781E-4
1.476347641034238E-4
1.845436194285009E-4
2.2145281262062104E-4
2.5836247152749033E-4
2.952727139526837E-4
3.321836445640366E-4
3.690953520634332E-4
4.0600790667921245E-4
4.4292135803652966E-4
4.798357334540362E-4
5.167510367073163E-4
5.536672472907572E-4
5.905843202000632E-4
6.275021862476232E-4
6.644207529125583E-4
7.013399057167043E-4
7.382595101071901E-4
7.751794138159108E-4
8.120994496561688E-4
8.4901943870739E-4
8.859391938301905E-4
9.22858523446463E-4
9.59777235512685E-4
9.966951416094823E-4
0.0010336120610667967
0.0010705278250418256
0.0011074422804663979
0.0011443552937815634
0.0011812667543799967
0.0012181765776812506
0.0012550847077709003
0.0012919911195421127
0.001328895820286915
0.0013657988506944356
0.001402700285224212
0.0014396002318343465
0.0014764988310563543
0.0015133962544209988
0.0015502927022517403
0.0015871884008546765
0.0016240835991454912
0.0016609785647650407
0.0016978735797452955
0.0017347689357964985
0.001771664929294242
0.0018085618560517013
0.0018454600059673151
0.0018454507916129247
0.0018454435477689012
0.001845438380393522
0.0018454353651997015
0.0018454345465508078
0.0018454359368102436
0.0018454395161536926
0.001845445232846545
0.0018454530039825024
0.0018454627166729735
0.0018454742296706785
0.0018454873754047572
0.0018455019623989937
0.0018455177780393188
0.0018455345916517747
0.0018455521578475895
0.0018455702200880515
0.0018455885144184599
0.0018456067733177441
0.001845624729608275
0.0018456421203691732
0.0018456586907959227
0.0018456741979494455
0.0018456884143390057
0.0018457011312853293
0.0018457121620131989
0.0018457213444265045
0.0018457285435231668
0.0018457336534125593
0.001845736598903892
0.0018457373366404328
0.0018457358557613195
0.0018457321780799112
0.0018457263577751218
0.0018457184805997092
0.001845708662617017
0.0018456970484850282
0.0018456838093136557
0.0018456691401277743
0.0018456532569746794
0.0018456363937199903
0.001845618798580795
0.0018456007304486855
0.001845582455058352
0.0018455642410595044
0.00184554635605107
0.001845529062636833
0.001845512614561051
0.0018454972529809435
0.0018454832029306484
0.001845470670028003
0.0018454598374716695
0.001845450863371572
0.0018454438784505445
0.001845438984149538
0.0018454362511627779
0.0018454357184230718
0.0018454373925509671
0.001845441247774928
0.0018454472263230526
0.0018454552392802928
0.001845465167898613
0.0018454768653412667
0.001845490158836263
0.0018455048522084164
0.001845520728753939
0.0018455375544167024
0.0018455550812208437
0.0018455730509105732
0.0018455911987448588
0.0018456092573921278
0.001845626960868371
0.0018456440484610054
0.0018456602685806862
0.0018456753824839193
0.0018456891678108156
0.0018457014218847187
0.0018457119647236283
0.0018457206417173977
0.0018457273259294585
0.0018457319199873439
0.0018457343575324235
0.0018457346042059367
0.0018457326581555267
0.001845728550053882
0.00184572234262872
0.0018457141297109733
0.001845704034815638
0.0018456922092770366
0.0018456788299672825
0.0018456640966331708
0.0018456482288926647
0.0018456314629372835
0.001845614047991151
0.0018455962425809502
0.0018455783106737028
0.001845560517740948
0.001845543126808648
0.0018455263945519498
0.0018455105674937858
0.0018454958783641567
0.0018454825426739024
0.001845470755553102
0.0018454606888997974
0.0018454524888798093
0.0018454462738128933
0.001845442132474683
0.0018454401228375765
0.001845440271267386
0.0018454425721859155
0.0018454469882030473
0.0018454534507152767
0.0018454618609610868
0.0018454720915171965
0.00184548398821357
0.0018454973724392329
0.001845512043805435
0.0018455277831276784
0.0018455443556835184
0.0018455615146990233
0.0018455790050133617
0.0018455965668681862
0.0018456139397664318
0.00184563086634383
0.0018456470961958785
0.0018456623896033547
0.0018456765211005324
0.0018456892828322845
0.0018457004876490522
0.0018457099718923032
0.0018457175978275368
0.0018457232556870467
0.001845726865290447
0.0018457283772173934
0.0018457277735137625
0.0018457250679197825
0.0018457203056160894
0.0018457135624912024
0.0018457049439414915
0.0018456945832220255
0.0018456826393737761
0.0018456692947592462
0.0018456547522446656
0.0018456392320723063
0.0018456229684710803
0.0018456062060574234
0.001845589196081394
0.0018455721925748898
0.0018455554484599406
0.001845539211726605
0.001845523721729652
0.0018455092056522877
0.0018454958751832795
0.0018454839234512104
0.001845473522256159
0.001845464819635093
0.0018454579377926077
0.001845452971423611
0.0018454499864490814
0.0018454490191802898
0.0018454500759209744
0.0018454531330108475
0.0018454581373078438
0.0018454650071003736
0.0018454736334350401
0.001845483881839472
0.0018454955944145128
0.0018455085922648112
0.0018455226782320955
0.0018455376398910579
0.0018455532527639183
0.0018455692837064254
0.001845585494415352
0.0018456016450054626
0.0018456174976025687
0.001845632819898663
0.0018456473886152383
0.0018456609928218196
0.001845673437058481
0.0018456845442135932
0.001845694158111398
0.0018457021457680294
0.0018457083992793938
0.0018457128373097205
0.001845715406155557
0.0018457160803664972
0.0018457148629106932
0.001845711784880304
0.001845706904739269
0.0018457003071229358
0.0018456921012062098
0.001845682418663617
0.0018456714112511465
0.0018456592480455606
0.0018456461123821956
0.0018456321985367795
0.001845617708200583
0.0018456028468011672
0.0018455878197229617
0.0018455728311052222
0.0018455580822909533
0.001845543770009984
0.0018455300843762002
0.0018455172067750074
0.0018455053077125856
0.0018454945446932276
0.0018454850601855011
0.0018454769797317263
0.001845470410248886
0.0018454654385622687
0.0018454621302063056
0.0018454605285199584
0.0018454606540570398
0.0018454625043248234
0.001845466053857452
0.0018454712546239318
0.001845478036764125
0.0018454863096399687
0.0018454959631833863
0.0018455068695170124
0.0018455188848189373
0.0018455318513982614
0.0018455455999444594
0.001845559951910277
0.001845574721985298
0.001845589720615438
0.001845604756522376
0.0018456196391765432
0.0018456341811775444
0.0018456482004970218
0.0018456615225408133
0.001845673981989853
0.0018456854243826435
0.0018456957074061316
0.0018457047018665147
0.0018457122923166843
0.0018457183773227315
0.0018457228693580005
0.0018457256943194807
0.001845726790667818
0.0018457261081987128
0.0018457236064598494
0.0018457192528336778
0.0018457130203121904
0.0018457048849951584
0.0018456948233481426
0.0018456828092606901
0.001845668810948575
0.0018456527877466163
0.0018456348205684021
0.0018456150928935174
0.0018455938728723122
0.0018455714965405696
0.0018455483521375036
0.0018455248655207224
0.0018455014866711982
0.0018454786772800647
0.0018454568994071302
0.0018454366051986278
0.0018454182276487834
0.0018454021723866157
0.0018453888104657968
0.0018453784721317384
0.0018453714415362118
0.0018453679523659063
0.001845368184347484
0.001845372260587927
0.0018453802457052628
0.001845392144701396
0.0018454079025254882
0.0018454274042735027
0.0018454504759669187
0.001845476885851459
0.0018455063461549582
0.0018455385152422
0.001845573000103803
0.0018456093591160197
0.0018456471050086974
0.001845685707979573
0.0018457245988946882
0.0018457631725169387
0.001845800790707573
0.0018458367855489722
0.0018458704623410536
0.0018459011024282636
0.0018459279658192753
0.0018459502935670399
0.001845967309882726
0.001845978223963382
0.0018459822315194667
0.001845978515994848
0.0018459662494783808
0.0018459445933123647
0.0018459126984092977
0.0018458697052939695
0.0018458147438932015
0.001845746933100196
0.0018456653801445125
0.001845569179802097
0.0018454642336118209
0.0018453557601075127
0.001845248333112506
0.0018451459182307441
0.001845051907644819
0.0018449691533277246
0.0018448999987709773
0.0018448463093270347
0.001844809501258841
0.0018447905695837218
0.0018447901147929909
0.001844808368522513
0.001844845218243093
0.0018449002310331705
0.0018449726764898325
0.001845061548827689
0.0018451655882088126
0.0018452833013407573
0.0018454129813736183
0.0018455527271213745
0.0018457004616272692
0.0018458539500878018
0.0018460108171452167
0.0018461685635539219
0.001846324582222401
0.001846476173628709
0.0018466205606046838
0.0018467549024815933
0.001846876308588072
0.0018469818510898843
0.0018470685771603723
0.0018471335204703167
0.001847173711986441
0.0018471861900688725
0.0018471680098595164
0.0018471162519555317
0.0018470280303647631
0.0018469004997432087
0.001846730861918131
0.0018465163717043024
0.0018462543420250674
0.0018459421483541568
0.0018455772324985423
0.0018451571057470282
0.0018446793514133944
0.0018441416268069688
0.0018435416646671577
0.0018428772741017592
0.001842146341071732
0.0018413468284673544
0.001840824602450787
0.0018405504979707918
0.001840496762556761
0.0018406370027840996
0.001840946132363363
0.0018414003218436333
0.00184197694992039
0.001842654556337458
0.0018434127963712966
0.0018442323968840843
0.0018450951139299234
0.0018459836918958339
0.001846881824156507
0.0018477741152186714
0.0018486460443278045
0.0018494839305067286
0.0018502748989924
0.0018510068490340465
0.001851668423012807
0.0018522489768401098
0.001852738551589435
0.001853127846313623
0.001853408191997803
0.0018535715265962024
0.001853610371099572
0.0018535178065789103
0.0018532874521503832
0.0018529134438060662
0.0018523904140551651
0.001851713472320959
0.0018508781860396345
0.0018498805624085851
0.0018487170307335914
0.0018473844253265878
0.0018458799689083428
0.0018442012564734963
0.0018423462395787873
0.0018403132110190357
0.0018381007898594197
0.0018357079067968342
0.0018331337898274084
0.0018303779502017183
0.0018274401686536725
0.0018243204818933598
0.0018210191693584425
0.0018175367402226456
0.0018138739206636119
0.00181003164139583
0.0018060110254772717
0.001801813376400942
0.0018151793265147565
0.0018273278597879612
0.0018383016771517451
0.0018481422780520593
0.0018568899893915461
0.0018645839937831623
0.0018712623571612737
0.0018769620557933125
0.0018817190027320962
0.0018855680737455496
0.0018885431327570175
0.0018906770568255888
0.0018920017606919863
0.0018925482209117312
0.0018923464995933904
0.001891425767755981
0.0018898143283159565
0.001887539638710777
0.001884628333162831
0.001881106244584537
0.001876998426122764
0.0018723291723383535
0.001867122040014452
0.001861399868585653
0.0018551848001785607
0.0018484982992532871
0.001841361171834737
0.001833793584322079
0.0018258150818647831
0.0018174446062938065
0.0018087005135971287
0.0017996005909296062
0.0017901620731483386
0.0017804016588660306
0.0017703355260165427
0.0017599793469285805
0.001749348302905568
0.001738457098311831
0.0017273199741675899
0.001715950721257513
0.0017043626927600584
0.0016925688164071337
0.0016805816061859589
0.0016684131735972359
0.0016560752384857703
0.0016435791394616057
0.0016309358439314118
0.0016181559577612347
0.0016052497345929188
0.0015922270848372725
0.0024837948747415454
0.002435089195579244
0.0023873384215643795
0.002340523892969539
0.0022946273141473987
0.002249630745512263
0.002205516595754993
0.0021622676142961403
0.0021198668839802833
0.0020782978140126396
0.002037544133137179
0.0019975898830536984
0.0019584194120695875
0.0019200173689804172
0.0018823686971721255
0.0018454586289361667
0.0018092726799879702
0.001773796644178098
0.0017390165883846807
0.0017049188475752046
0.0016714900200252615
0.0016387169626816888
0.0016065867866574273
0.0015750868528455271
0.0015442047676399577
0.0015139283787512369
0.0014842457711053722
0.0014551452628151927
0.0014266154012138287
0.001398644958940886
0.0013712229300726288
0.001344338526288491
0.0013179811730670693
0.0012921405059058326
0.0012668063665597226
0.001241968799294906
0.0012176180471549297
0.0011937445482375793
0.0011703389319817322
0.0011473920154644827
0.001124894799709701
0.0011028384660101082
0.0010812143722656964
0.0010600140493420417
0.001039229197452709
0.0010188516825704178
9.988735328720765E-4
9.792869352230748E-4
9.600842317064142E-4
9.412579162022983E-4
0.04706237031333255
