1.949727141300601E-6
3.895371884840956E-6
5.836935431970448E-6
7.774419000274071E-6
9.707823823479463E-6
1.1637151151363766E-5
1.3562402249660223E-5
1.5483578399964585E-5
1.7400680899641364E-5
1.931371106172977E-5
2.1222670214849464E-5
2.312755970310614E-5
2.5028380885996826E-5
2.6925135138315025E-5
2.8817823850055713E-5
3.0706448426319833E-5
3.259101028721896E-5
3.447151086777944E-5
3.634795161784644E-5
3.822033400198797E-5
4.008865949939825E-5
4.195292960380118E-5
4.381314582335364E-5
4.56693096805484E-5
4.7521422712116796E-5
4.9369486468931294E-5
5.1213502515907974E-5
5.3053472431908564E-5
5.488939780964211E-5
5.672128025556699E-5
5.854912138979218E-5
6.0372922845978635E-5
6.219268627124017E-5
6.400841332604436E-5
6.582010568411321E-5
6.76277650323235E-5
6.943139307060693E-5
7.123099151184997E-5
7.30265620817939E-5
7.481810651893408E-5
7.660562657441935E-5
7.838912401195126E-5
8.016860060768251E-5
8.194405815011615E-5
8.371549844000396E-5
8.54829232902443E-5
8.724633452578047E-5
8.900573398349852E-5
9.076112351212451E-5
9.251250497212227E-5
9.425988023559067E-5
9.600325118615974E-5
9.774261971888873E-5
9.947798774016117E-5
1.0120935716758224E-4
1.0293672992987454E-4
1.0466010796677387E-4
1.0637949322892487E-4
1.0809488767777659E-4
1.0980629328547785E-4
1.115137120347719E-4
1.1321714591889136E-4
1.1491659694145294E-4
1.1661206711635182E-4
1.1830355846765554E-4
1.1999107302949826E-4
1.2167461284597426E-4
1.2335417997103162E-4
1.2502977646836562E-4
1.2670140441131122E-4
1.283690658827369E-4
1.3003276297493616E-4
1.3169249778952153E-4
1.3334827243731515E-4
1.3500008903824187E-4
1.3664794972122055E-4
1.38291856624056E-4
1.3993181189333027E-4
1.4156781768429348E-4
1.4319987616075554E-4
1.448279894949758E-4
1.4645215986755492E-4
1.4807238946732405E-4
1.496886804912354E-4
1.5130103514425226E-4
1.529094556392387E-4
1.5451394419684859E-4
1.5611450304541536E-4
1.5771113442084107E-4
1.5930384056648498E-4
1.6089262373305226E-4
1.6247748617848252E-4
1.640584301678379E-4
1.6563545797319148E-4
1.672085718735143E-4
1.6877777415456378E-4
1.703430671087707E-4
1.719044530351264E-4
1.7346193423906962E-4
1.7501551303237395E-4
1.765651917330333E-4
1.7811097266514923E-4
1.7965285815881623E-4
1.8119085055000867E-4
1.8272495218046552E-4
1.842551653975767E-4
1.8578149255426784E-4
1.873039360088854E-4
1.8882249812508236E-4
1.9033718127170154E-4
1.9184798782266154E-4
1.9335492015684004E-4
1.9485798065795848E-4
1.963571717144658E-4
1.9785249571942174E-4
1.9934395507038106E-4
2.0083155216927602E-4
2.0231528942230037E-4
2.0379516923979156E-4
2.0527119403611338E-4
2.067433662295389E-4
2.0821168824213259E-4
2.0967616249963246E-4
2.1113679143133166E-4
2.1259357746996043E-4
2.140465230515677E-4
2.1549563061540225E-4
2.1694090260379397E-4
2.183823414620343E-4
2.1981994963825768E-4
2.2125372958332112E-4
2.226836837506859E-4
2.2410981459629656E-4
2.25532124578461E-4
2.269506161577308E-4
2.2836529179678122E-4
2.2977615396029043E-4
2.3118320511482227E-4
2.3258644772871132E-4
2.3398588427196148E-4
2.353815172161761E-4
2.3677334903457679E-4
2.3816138220224988E-4
2.395456191969782E-4
2.4092606250153542E-4
2.4230271460958132E-4
2.436755780402149E-4
2.450446553729394E-4
2.464099493296797E-4
2.4777146296288736E-4
2.49129200077338E-4
2.504831661545044E-4
2.5183337033118464E-4
2.5317982953305203E-4
2.545225768952956E-4
2.5586167847350944E-4
2.571972655136828E-4
2.585295950122492E-4
2.598591600014867E-4
2.611868841032098E-4
2.6251445330794813E-4
2.638448615397141E-4
2.651832729399235E-4
2.6653832644348734E-4
2.679240145645377E-4
2.69362238445982E-4
2.708860488164798E-4
2.7254340002287657E-4
2.744009546310969E-4
2.7654709077608867E-4
2.7909284565169455E-4
2.82169205845151E-4
2.8591912307015724E-4
2.90483113269096E-4
2.9597845226218253E-4
3.0247380083733117E-4
3.099632753338484E-4
3.183458938094672E-4
3.274171133760451E-4
3.3687803054829565E-4
3.4636441282231886E-4
3.554925760770855E-4
3.6391366502698893E-4
3.71364155156028E-4
3.7770017656345707E-4
3.82907215782082E-4
3.8708382008739283E-4
3.904055641679231E-4
3.9308077386463933E-4
3.9531036721756485E-4
3.9726068529878384E-4
3.990522829945004E-4
4.007620924967109E-4
4.0243327437118826E-4
4.0408696985196296E-4
4.0573211384165286E-4
4.0737190792866537E-4
4.0900730127914185E-4
4.1063851975600295E-4
4.122656063015974E-4
4.1388856961660595E-4
4.1550741418109216E-4
4.171221442242044E-4
4.187327639826335E-4
4.2033927770049616E-4
4.2194168962921957E-4
4.2354000402742154E-4
4.251342251607939E-4
4.267243573019831E-4
4.283104047304773E-4
4.2989237173248217E-4
4.3147026260080665E-4
4.3304408163474426E-4
4.346138331399528E-4
4.361795214283399E-4
4.377411508179412E-4
4.392987256328026E-4
4.4085225020286227E-4
4.4240172886383147E-4
4.439471659570757E-4
4.454885658294938E-4
4.4702593283340176E-4
4.4855927132641344E-4
4.5008858567131805E-4
4.516138802359631E-4
4.5313515939313494E-4
4.546524275204376E-4
4.5616568900017275E-4
4.5767494821922236E-4
4.5918020956892683E-4
4.606814774449642E-4
4.621787562472304E-4
4.6367205037971997E-4
4.6516136425040335E-4
4.6664670227110935E-4
4.6812806885740074E-4
4.6960546842845596E-4
4.710789054069462E-4
4.7254838421891747E-4
4.740139092936649E-4
4.754754850636156E-4
4.769331159642042E-4
4.78386806433752E-4
4.798365609133467E-4
4.81282383846719E-4
4.827242796801208E-4
4.8416225286220335E-4
4.855963078438962E-4
4.870264490782822E-4
4.88452681020478E-4
4.879252809862083E-4
4.873980629733479E-4
4.8687103024102447E-4
4.863441860336713E-4
4.858175335809989E-4
4.852910760979628E-4
4.847648167847342E-4
4.842387588266702E-4
4.8371290539428355E-4
4.831872596432147E-4
4.8266182471420096E-4
4.821366037330469E-4
4.816115998105949E-4
4.8108681604269705E-4
4.805622555101836E-4
4.800379212788384E-4
4.795138163993642E-4
4.7898994390735774E-4
4.784663068232795E-4
4.779429081524243E-4
4.7741975088489493E-4
4.76896837995572E-4
4.7637417244408457E-4
4.7585175717478425E-4
4.7532959511671494E-4
4.748076891835854E-4
4.7428604227374096E-4
4.7376465727013654E-4
4.732435370403076E-4
4.727226844363428E-4
4.722021022948557E-4
4.7168179343695795E-4
4.711617606682322E-4
4.706420067787037E-4
4.7012253454281323E-4
4.696033467193897E-4
4.6908444605162466E-4
4.685658352670429E-4
4.6804751707747695E-4
4.675294941790404E-4
4.6701176925210004E-4
4.664943449612503E-4
4.6597722395528706E-4
4.6546040886717856E-4
4.6494390231404347E-4
4.644277068971212E-4
4.639118252017474E-4
4.63396259797327E-4
4.6288101323730866E-4
4.6236608805915944E-4
4.6185148678433885E-4
4.613372119182734E-4
4.60823265950329E-4
4.603096513537903E-4
4.5979637058583074E-4
4.5928342608748794E-4
4.587708202836435E-4
4.582585555829913E-4
4.5774663437801624E-4
4.5723505904497053E-4
4.56723831943846E-4
4.5621295541835197E-4
4.557024317958889E-4
4.5519226338752635E-4
4.5468245248797724E-4
4.5417300137557364E-4
4.536639123122432E-4
4.531551875434873E-4
4.526468292983523E-4
4.5213883978941155E-4
4.516312212127375E-4
4.5112397574788207E-4
4.5061710555784903E-4
4.501106127890757E-4
4.4960449957140577E-4
4.490987680180689E-4
4.4859342022565663E-4
4.480884582740999E-4
4.475838842266478E-4
4.470797001298425E-4
4.465759080135005E-4
4.4607250989068663E-4
4.455695077576944E-4
4.450669035940242E-4
4.4456469936235963E-4
4.440628970085468E-4
4.435614984615742E-4
4.43060505633549E-4
4.425599204196757E-4
4.4205974469823837E-4
4.4155998033057546E-4
4.410606291610607E-4
4.405616930170831E-4
4.400631737090242E-4
4.3956507303023957E-4
4.390673927570379E-4
4.385701346486595E-4
4.380733004472577E-4
4.3757689187787934E-4
4.370809106484426E-4
4.3658535844971964E-4
4.3609023695531543E-4
4.3559554782164996E-4
4.3510129268793733E-4
4.346074731761675E-4
4.3411409089108723E-4
4.3362114742018167E-4
4.3312864433365475E-4
4.3263658318441127E-4
4.321449655080388E-4
4.316537928227886E-4
4.3116306662955786E-4
4.306727884118726E-4
4.301829596358683E-4
4.296935817502748E-4
4.292046561863953E-4
4.287161843580923E-4
4.2822816766176875E-4
4.2774060747635174E-4
4.272535051632756E-4
4.267668620664639E-4
4.2628067951231525E-4
4.2579495880968595E-4
4.253097012498727E-4
4.248249081065983E-4
4.243405806359948E-4
4.238567200765885E-4
4.2337332764928314E-4
4.2289040455734675E-4
4.22407951986395E-4
4.2192597110437527E-4
4.214444630615541E-4
4.209634289905016E-4
4.204828700060764E-4
4.2000278720541256E-4
4.1952318166790326E-4
4.190440544551902E-4
4.1856540661114886E-4
4.180872391618771E-4
4.1760955311568595E-4
4.171323494631036E-4
4.166556291769023E-4
4.161793932121943E-4
4.1570364250671646E-4
4.1522837798157824E-4
4.1475360054320313E-4
4.1427931108821545E-4
4.138055105154821E-4
4.1333219975518286E-4
4.1285937983754603E-4
4.1238705205198415E-4
4.119152183076954E-4
4.1144388193284267E-4
4.109730494057216E-4
4.1050273401722415E-4
4.100329634317821E-4
4.095637949046013E-4
4.09095345107224E-4
4.086278469879848E-4
4.081617550647369E-4
4.0769793450767366E-4
4.0723798979584714E-4
4.067848163724454E-4
4.063434922855596E-4
4.0592266089092567E-4
4.055365781996246E-4
4.0520798807078495E-4
4.0497191392006144E-4
4.048802792157011E-4
4.050069573250871E-4
4.0545239527501323E-4
4.063463996287842E-4
4.0784714203570376E-4
4.1013415944986595E-4
4.13393384809585E-4
4.1779333440053517E-4
4.234536314807577E-4
4.3040986800542066E-4
4.3858174877336797E-4
4.4775344952178406E-4
4.5757492334990677E-4
4.6758964171459495E-4
4.7728805306576107E-4
4.861783198768697E-4
4.938592501332891E-4
5.000776499531209E-4
5.047554087046914E-4
5.079800826332952E-4
5.099637014818036E-4
5.109837213476763E-4
5.113238207831853E-4
5.112293868657106E-4
5.108849286335407E-4
5.104121128153545E-4
5.098812892332904E-4
5.09327909191217E-4
5.08767364794296E-4
5.082053139693941E-4
5.076434731315263E-4
5.070822564231717E-4
5.065217395649633E-4
5.059619332266503E-4
5.054028398254358E-4
5.048444612434092E-4
5.042867993434774E-4
5.037298559693594E-4
5.031736329455887E-4
5.0261813207751E-4
5.02063355151278E-4
5.015093039338552E-4
5.009559801730114E-4
5.00403385597323E-4
4.998515219161692E-4
4.993003908197345E-4
4.987499939790023E-4
4.982003330457578E-4
4.976514096525868E-4
4.971032254128696E-4
4.965557819207862E-4
4.960090807513127E-4
4.954631234602151E-4
4.949179115840568E-4
4.943734466401915E-4
4.938297301267644E-4
4.93286763522712E-4
4.927445482877569E-4
4.922030858624134E-4
4.916623776679798E-4
4.911224251065408E-4
4.905832295609685E-4
4.900447923949175E-4
4.89507114952826E-4
4.889701985599159E-4
4.884340445221898E-4
4.8789865412643245E-4
4.873640286402088E-4
4.868301693118649E-4
4.8629707737052287E-4
4.85764754026086E-4
4.852332004692356E-4
4.847024178714293E-4
4.8417240738490126E-4
4.836431701426639E-4
4.831147072585048E-4
4.8258701982698796E-4
4.8206010892345096E-4
4.815339756040081E-4
4.810086209055487E-4
4.8048404584573513E-4
4.7996025142300495E-4
4.794372386165704E-4
4.7891500838641814E-4
4.7839356167330777E-4
4.778728993987744E-4
4.773530224651257E-4
4.7683393175544577E-4
4.7631562813359255E-4
4.7579811244419885E-4
4.75281385512673E-4
4.7476544814519824E-4
4.7425030112873513E-4
4.7373594523102136E-4
4.732223812005706E-4
4.7270960976667593E-4
4.721976316394091E-4
4.716864475096228E-4
4.7117605804895027E-4
4.706664639098069E-4
4.7015766572539204E-4
4.6964966410968943E-4
4.6914245965746956E-4
4.6863605294429096E-4
4.6813044452650207E-4
4.6762563494124026E-4
4.6712162470643873E-4
4.6661841432082566E-4
4.661160042639255E-4
4.6561439499606205E-4
4.651135869583622E-4
4.646135805727564E-4
4.6411437624198273E-4
4.6361597434958844E-4
4.631183752599336E-4
4.626215793181933E-4
4.621255868503625E-4
4.616303981632575E-4
4.6113601354452033E-4
4.6064243326262086E-4
4.6014965756686275E-4
4.59657686687385E-4
4.5916652083516786E-4
4.5867616020203554E-4
4.58186604960661E-4
4.576978552645697E-4
4.572099112481459E-4
4.5672277302663463E-4
4.562364406961491E-4
4.557509143336744E-4
4.552661939970727E-4
4.5478227972508867E-4
4.542991715373552E-4
4.538168694343983E-4
4.533353733976439E-4
4.528546833894222E-4
4.523747993529761E-4
4.518957212124659E-4
4.514174488729748E-4
4.509399822205181E-4
4.5046332112204726E-4
4.499874654254588E-4
4.49512414959601E-4
4.490381695342799E-4
4.485647289402684E-4
4.4809209294931267E-4
4.476202613141409E-4
4.4714923376846995E-4
4.46679010027015E-4
4.462095897854967E-4
4.457409727206508E-4
4.452731584902361E-4
4.4480614673304196E-4
4.4433993706890097E-4
4.43874529098695E-4
4.4340992240436477E-4
4.429461165489215E-4
4.424831110764546E-4
4.4202090551214384E-4
4.415594993622666E-4
4.4109889211421097E-4
4.406390832364852E-4
4.401800721787277E-4
4.3972185837171996E-4
4.392644412273966E-4
4.388078201388542E-4
4.3835199448036776E-4
4.378969636073998E-4
4.3744272685661186E-4
4.3698928354587736E-4
4.365366329742943E-4
4.360847744221971E-4
4.356337071511705E-4
4.3518343040406147E-4
4.347339434049919E-4
4.342852453593733E-4
4.3383733545392144E-4
4.3339021285666743E-4
4.329438767169734E-4
4.324983261655461E-4
4.320535603144526E-4
4.3160957825713424E-4
4.311663790684217E-4
4.307239618045494E-4
4.302823255031725E-4
4.298414691833807E-4
4.2940139184571553E-4
4.2896209247218596E-4
4.285235700262848E-4
4.2808582345300487E-4
4.276488516788558E-4
4.272126536118827E-4
4.2677722814168017E-4
4.263425741394129E-4
4.2590869045783215E-4
4.254755759312932E-4
4.250432293757749E-4
4.2461164958889714E-4
4.241808353499402E-4
4.237507854198626E-4
4.2332149854132134E-4
4.2289297343869257E-4
4.224652088180886E-4
4.2203820336737927E-4
4.216119557562125E-4
4.211864646360356E-4
4.207617286401125E-4
4.2033774638354943E-4
4.19914516463313E-4
4.194920374582536E-4
4.1907030792912546E-4
4.1864932641860997E-4
4.182290914513392E-4
4.178096015339156E-4
4.1739085515493765E-4
4.1697285078502115E-4
4.165555868768245E-4
4.161390618650717E-4
4.1572327416657497E-4
4.153082221802614E-4
4.1489390428719677E-4
4.144803188506124E-4
4.1406746421592623E-4
4.1365533871077885E-4
4.132439406450629E-4
4.128332683109764E-4
4.124233199831185E-4
4.1201409391870234E-4
4.1160558835808594E-4
4.111978015261031E-4
4.1079073163543986E-4
4.1038437689506894E-4
4.0997873553097204E-4
4.0957380583604453E-4
4.091695862878076E-4
4.087660758200488E-4
4.0836327443565564E-4
4.079611845571946E-4
4.075598139320552E-4
4.0715918172635763E-4
4.0675933097783306E-4
4.063603533588905E-4
4.0596243703395037E-4
4.0556595641631435E-4
4.051716352561029E-4
4.047808331446049E-4
4.0439603094659604E-4
4.0402162163595995E-4
4.036651442485081E-4
4.033391182531587E-4
4.030636225259412E-4
4.0286968649873913E-4
4.028033843494403E-4
4.0293021557125867E-4
4.033389135420295E-4
4.0414330133346175E-4
4.0548034984772056E-4
4.0750242093966037E-4
4.1036209109464024E-4
4.141892050388846E-4
4.1906196210261343E-4
4.2497657973721817E-4
4.318226327513967E-4
4.3937239601531136E-4
4.4729129335332275E-4
4.5517233754899564E-4
4.6259084812077557E-4
4.691686979000444E-4
4.7463264347081705E-4
4.7885138871851243E-4
4.81841681516086E-4
4.8374325847067056E-4
4.847721350462983E-4
4.8516756865174657E-4
4.8514772922498076E-4
4.848833842547053E-4
4.8449092202711136E-4
4.8403958053982044E-4
4.8356513850398517E-4
4.8308348463337936E-4
4.8260057937694363E-4
4.8211826332998756E-4
4.8163698592294156E-4
4.811568278948968E-4
4.806777978388346E-4
4.8019989504721375E-4
4.7972311820459904E-4
4.792474659782923E-4
4.7877293701834397E-4
4.782995299575702E-4
4.778272434115683E-4
4.7735607597872886E-4
4.768860262402514E-4
4.764170927601599E-4
4.7594927408531627E-4
4.7548256874543573E-4
4.7501697525310053E-4
4.745524921037741E-4
4.740891177758168E-4
4.736268507304999E-4
4.731656894120189E-4
4.727056322475103E-4
4.722466776470625E-4
4.717888240037338E-4
4.7133206969356497E-4
4.7087641307559197E-4
4.7042185249186454E-4
4.699683862674566E-4
4.6951601271048247E-4
4.6906473011211117E-4
4.6861453674658046E-4
4.6816543087121136E-4
4.6771741072642263E-4
4.6727047453574446E-4
4.668246205058343E-4
4.663798468264905E-4
4.6593615167066677E-4
4.6549353319448665E-4
4.6505198953725884E-4
4.646115188214911E-4
4.6417211915290526E-4
4.637337886204514E-4
4.632965252963234E-4
4.6286032723597296E-4
4.6242519247812505E-4
4.6199111904479223E-4
4.615581049412899E-4
4.611261481562519E-4
4.606952466616445E-4
4.602653984127825E-4
4.5983660134834404E-4
4.594088533903864E-4
4.589821524443604E-4
4.5855649639912986E-4
4.5813188312698747E-4
4.5770831048367374E-4
4.572857763083966E-4
4.5686427842384943E-4
4.5644381463623326E-4
4.560243827352777E-4
4.556059804942621E-4
4.551886056700393E-4
4.547722560030556E-4
4.5435692921737866E-4
4.5394262302071833E-4
4.535293351044533E-4
4.5311706314365486E-4
4.527058047971157E-4
4.522955577073725E-4
4.51886319500736E-4
4.51478087787316E-4
4.510708601610522E-4
4.506646341997402E-4
4.50259407465061E-4
4.4985517750261003E-4
4.494519418419292E-4
4.4904969799653316E-4
4.486484434639424E-4
4.482481757257156E-4
4.478488922474765E-4
4.474505904789509E-4
4.4705326785399516E-4
4.466569217906309E-4
4.462615496910763E-4
4.4586714894178026E-4
4.4547371691345633E-4
4.450812509611159E-4
4.446897484241033E-4
4.442992066261283E-4
4.439096228753035E-4
4.435209944641793E-4
4.4313331866977813E-4
4.427465927536298E-4
4.423608139618095E-4
4.4197597952497274E-4
4.4159208665839263E-4
4.412091325619965E-4
4.4082711442040325E-4
4.4044602940295917E-4
4.400658746637784E-4
4.396866473417797E-4
4.3930834456072274E-4
4.3893096342924906E-4
4.385545010409195E-4
4.381789544742524E-4
4.3780432079276396E-4
4.3743059704500674E-4
4.3705778026460995E-4
4.3668586747031745E-4
4.3631485566603E-4
4.359447418408423E-4
4.3557552296908726E-4
4.3520719601037336E-4
4.3483975790962635E-4
4.344732055971309E-4
4.341075359885712E-4
4.3374274598507155E-4
4.333788324732396E-4
4.330157923252057E-4
4.3265362239866746E-4
4.322923195369308E-4
4.319318805689513E-4
4.3157230230937693E-4
4.3121358155859285E-4
4.3085571510276174E-4
4.304986997138686E-4
4.3014253214976203E-4
4.2978720915420003E-4
4.294327274568919E-4
4.2907908377354313E-4
4.2872627480589856E-4
4.283742972417872E-4
4.2802314775516653E-4
4.2767282300616683E-4
4.27323319641136E-4
4.2697463429268505E-4
4.266267635797327E-4
4.2627970410755064E-4
4.259334524678101E-4
4.255880052386267E-4
4.252433589846069E-4
4.24899510256893E-4
4.245564555932117E-4
4.2421419151791883E-4
4.238727145420472E-4
4.2353202116335217E-4
4.2319210786636116E-4
4.2285297112241944E-4
4.225146073897386E-4
4.2217701311344315E-4
4.2184018472562064E-4
4.2150411864536746E-4
4.2116881127884074E-4
4.208342590193036E-4
4.205004582471763E-4
4.201674053300855E-4
4.19835096622913E-4
4.195035284678452E-4
4.191726971944244E-4
4.1884259911959795E-4
4.1851323054776986E-4
4.1818458777084935E-4
4.1785666706830454E-4
4.175294647072117E-4
4.172029769423081E-4
4.1687720001604335E-4
4.165521301586305E-4
4.1622776358810076E-4
4.159040965103536E-4
4.155811251192112E-4
4.1525884559647115E-4
4.1493725411195906E-4
4.1461634682358567E-4
4.1429611987739667E-4
4.139765694076293E-4
4.1365769153676687E-4
4.133394823755939E-4
4.13021938023251E-4
4.127050545672906E-4
4.1238882808373333E-4
4.120732546371236E-4
4.1175833028058703E-4
4.1144405105588555E-4
4.11130412993479E-4
4.1081741211257693E-4
4.105050444212013E-4
4.101933059162423E-4
4.098821925835173E-4
4.095717003978319E-4
4.092618253230362E-4
4.089525633120867E-4
4.0864391030710556E-4
4.08335862239442E-4
4.0802841502973275E-4
4.0772156458796394E-4
4.074153068135357E-4
4.07109637595328E-4
4.0680455281178434E-4
4.0650004833101775E-4
4.0619612001101463E-4
4.0589276370005847E-4
4.055899752377591E-4
4.0528775045762795E-4
4.049860851935247E-4
4.046849752956305E-4
4.043844166692544E-4
4.040844053671963E-4
4.037849378046099E-4
4.0348601124717734E-4
4.0318762489343143E-4
4.028897822142848E-4
4.0259249587913497E-4
4.0229579784938215E-4
4.019997594809554E-4
4.0170453038921667E-4
4.0141041127670404E-4
4.011179859643226E-4
4.0082835245907635E-4
4.005435122704586E-4
4.00266999724709E-4
4.000048535242922E-4
3.997670404541448E-4
3.995694179541958E-4
3.9943624354624266E-4
3.9940307823739177E-4
3.995196711961135E-4
3.998520663519298E-4
4.004828025972587E-4
4.015078222306245E-4
4.030287555110811E-4
4.0513982711045673E-4
4.0790986389339234E-4
4.1136168722900163E-4
4.1545313422294855E-4
4.200653312655261E-4
4.250037646553366E-4
4.30015533304026E-4
4.3482201484924246E-4
4.391611031431653E-4
4.428290676974089E-4
4.4571091966694545E-4
4.477909838702254E-4
4.491414969765161E-4
4.4989412848591223E-4
4.5020436014690075E-4
4.502195713226076E-4
4.500584159154822E-4
4.498036045651571E-4
4.4950528317512105E-4
4.491897958599916E-4
4.4886901375729393E-4
4.4854744806813494E-4
4.4822650687078403E-4
4.4790653563419935E-4
4.4758759466634795E-4
4.4726968784100977E-4
4.469528116836417E-4
4.466369622374154E-4
4.4632213553447777E-4
4.460083275959554E-4
4.4569553443195455E-4
4.453837520415626E-4
4.4507297641284914E-4
4.4476320352286966E-4
4.4445442933766687E-4
4.441466498122754E-4
4.4383986089072217E-4
4.4353405850603046E-4
4.4322923858022465E-4
4.4292539702433316E-4
4.426225297383928E-4
4.4232063261145265E-4
4.4201970152158007E-4
4.4171973233586597E-4
4.4142072091042796E-4
4.4112266309041895E-4
4.4082555471003154E-4
4.405293915925074E-4
4.402341695501389E-4
4.39939884384282E-4
4.39646531885359E-4
4.3935410783287206E-4
4.39062607995406E-4
4.3877202813064097E-4
4.3848236398535934E-4
4.3819361129545726E-4
4.3790576578595265E-4
4.3761882317099716E-4
4.373327791538862E-4
4.3704762942707104E-4
4.367633696721695E-4
4.364799955599785E-4
4.3619750275048717E-4
4.3591588689288925E-4
4.356351436255957E-4
4.35355268576251E-4
4.350762573617454E-4
4.347981055882315E-4
4.345208088511379E-4
4.342443627351873E-4
4.339687628144094E-4
4.336940046521613E-4
4.33420083801323E-4
4.331469958044889E-4
4.3287473619415607E-4
4.326033004929095E-4
4.3233268421359947E-4
4.320628828595165E-4
4.3179389192456245E-4
4.315257068934178E-4
4.312583232417047E-4
4.309917364361436E-4
4.307259419347113E-4
4.3046093518678974E-4
4.3019671163331606E-4
4.2993326670692517E-4
4.296705958320896E-4
4.2940869442525785E-4
4.291475578949885E-4
4.288871816420781E-4
4.286275610596914E-4
4.283686915334836E-4
4.2811056844172223E-4
4.278531871554042E-4
4.275965430383705E-4
4.273406314474209E-4
4.270854477324193E-4
4.2683098723640217E-4
4.26577245295684E-4
4.263242172399559E-4
4.2607189839238537E-4
4.25820284069713E-4
4.2556936958234475E-4
4.2531915023444523E-4
4.2506962132402503E-4
4.248207781430283E-4
4.245726159774179E-4
4.243251301072572E-4
4.2407831580679043E-4
4.2383216834452215E-4
4.235866829832916E-4
4.2334185498035E-4
4.230976795874313E-4
4.2285415205082415E-4
4.226112676114398E-4
4.223690215048819E-4
4.2212740896151044E-4
4.21886425206506E-4
4.2164606545993426E-4
4.214063249368056E-4
4.211671988471359E-4
4.2092868239600504E-4
4.206907707836138E-4
4.2045345920533895E-4
4.202167428517907E-4
4.1998061690886213E-4
4.1974507655778503E-4
4.1951011697517965E-4
4.192757333331053E-4
4.1904192079910926E-4
4.1880867453627477E-4
4.1857598970326826E-4
4.1834386145438857E-4
4.181122849396082E-4
4.1788125530462064E-4
4.176507676908846E-4
4.1742081723566613E-4
4.1719139907208297E-4
4.16962508329145E-4
4.1673414013179623E-4
4.165062896009569E-4
4.1627895185356213E-4
4.1605212200260315E-4
4.1582579515716584E-4
4.1559996642247E-4
4.153746308999087E-4
4.151497836870867E-4
4.149254198778572E-4
4.1470153456236113E-4
4.144781228270638E-4
4.1425517975479236E-4
4.140327004247729E-4
4.1381067991266856E-4
4.135891132906151E-4
4.13367995627258E-4
4.131473219877894E-4
4.1292708743398583E-4
4.127072870242434E-4
4.12487915813615E-4
4.122689688538483E-4
4.120504411934218E-4
4.1183232787758196E-4
4.1161462394838025E-4
4.113973244447108E-4
4.111804244023487E-4
4.1096391885398593E-4
4.107478028292722E-4
4.105320713548509E-4
4.10316719454399E-4
4.101017421486645E-4
4.098871344555083E-4
4.096728913899422E-4
4.094590079641686E-4
4.092454791876215E-4
4.0903230006700806E-4
4.088194656063491E-4
4.086069708070216E-4
4.083948106677989E-4
4.081829801848961E-4
4.079714743520131E-4
4.077602881603773E-4
4.075494165987887E-4
4.073388546536638E-4
4.0712859730908347E-4
4.069186395468377E-4
4.067089763464723E-4
4.064996026853369E-4
4.062905135386338E-4
4.0608170387946565E-4
4.0587316867888516E-4
4.0566490290594687E-4
4.0545690152775566E-4
4.0524915950952115E-4
4.050416718146084E-4
4.0483443340459235E-4
4.046274392393107E-4
4.0442068427691953E-4
4.0421416347394826E-4
4.040078717853573E-4
4.038018041645945E-4
4.0359595556365313E-4
4.033903209331318E-4
4.0318489522229344E-4
4.0297967337912604E-4
4.027746503504043E-4
4.025698210817529E-4
4.0236518051770887E-4
4.021607236017859E-4
4.0195644527654E-4
4.017523404836368E-4
4.015484041639152E-4
4.013446312574591E-4
4.011410167036643E-4
4.0093755544130826E-4
4.00734242408623E-4
4.0053107254336447E-4
4.003280407828886E-4
4.001251420642263E-4
3.999223713241674E-4
3.99719723499358E-4
3.9951719352644E-4
3.993147763422984E-4
3.991124668845907E-4
3.989102600930015E-4
3.9870815091230013E-4
3.98506134299824E-4
3.9830420524350393E-4
3.981023588044363E-4
3.979005902151481E-4
3.9769889510099667E-4
3.974972699666825E-4
3.9729571323819505E-4
3.9709422743634484E-4
3.968928235899329E-4
3.966915299506354E-4
3.9649040871518316E-4
3.9628958716761127E-4
3.9608931388960004E-4
3.958900569150692E-4
3.956926691656484E-4
3.9549865677274235E-4
3.9531059617597307E-4
3.9513275208089894E-4
3.949719431096648E-4
3.948386743640034E-4
3.947484929633827E-4
3.947234127649248E-4
3.9479309699403314E-4
3.9499530332194946E-4
3.953749390582219E-4
3.9598103502235416E-4
3.968611367996051E-4
3.980531216581099E-4
3.995752807694026E-4
4.0141650611751073E-4
4.035292548154347E-4
4.0582818019158475E-4
4.0819653132127164E-4
4.105005509482302E-4
4.1260956449979265E-4
4.1441714783073256E-4
4.158577499863543E-4
4.1691412668461934E-4
4.1761377062362253E-4
4.1801613998397857E-4
4.1819534204561487E-4
4.1822379994304264E-4
4.181610890180661E-4
4.1804944594600076E-4
4.179148420165594E-4
4.1777108850693116E-4
4.176244757312427E-4
4.17477415946695E-4
4.1733066686637505E-4
4.171844137185957E-4
4.170386866650429E-4
4.168934849177573E-4
4.1674880362512043E-4
4.1660463766415417E-4
4.1646098190279833E-4
4.1631783119992733E-4
4.1617518040536834E-4
4.1603302435992007E-4
4.1589135789537316E-4
4.1575017583453096E-4
4.156094729912336E-4
4.154692441703826E-4
4.153294841679641E-4
4.1519018777108065E-4
4.150513497579745E-4
4.149129648980604E-4
4.1477502795195644E-4
4.1463753367151565E-4
4.1450047679986044E-4
4.1436385207141815E-4
4.1422765421195656E-4
4.1409187793862295E-4
4.139565179599823E-4
4.1382156897605874E-4
4.1368702567837727E-4
4.135528827500064E-4
4.134191348656052E-4
4.132857766914653E-4
4.131528028855631E-4
4.13020208097604E-4
4.128879869690752E-4
4.127561341332971E-4
4.126246442154744E-4
4.1249351183275185E-4
4.123627315942691E-4
4.122322981012173E-4
4.1210220594689774E-4
4.1197244971678023E-4
4.118430239885655E-4
4.117139233322465E-4
4.115851423101717E-4
4.1145667547710864E-4
4.1132851738031386E-4
4.1120066255959705E-4
4.110731055473898E-4
4.109458408688169E-4
4.1081886304176844E-4
4.1069216662204314E-4
4.10565746202338E-4
4.1043959641124577E-4
4.10313711912275E-4
4.1018808740288145E-4
4.100627176135193E-4
4.099375973067054E-4
4.0981272127609984E-4
4.0968808434560245E-4
4.095636813684637E-4
4.0943950722641044E-4
4.0931555682879075E-4
4.0919182511172715E-4
4.0906830703728883E-4
4.0894499759267926E-4
4.088218917894333E-4
4.0869898466263516E-4
4.0857627127014584E-4
4.084537466918461E-4
4.0833140602889465E-4
4.082092444029978E-4
4.0808725695569566E-4
4.0796543884765775E-4
4.0784378525799737E-4
4.077222913835959E-4
4.076009524384395E-4
4.0747976365297276E-4
4.073587202734611E-4
4.072378175613683E-4
4.0711705079274645E-4
4.069964152576381E-4
4.068759062594921E-4
4.067555191145886E-4
4.066352491514809E-4
4.0651509171044347E-4
4.063950421429406E-4
4.0627509581109636E-4
4.061552480871844E-4
4.060354943531259E-4
4.0591583000000164E-4
4.057962504275701E-4
4.0567675104380126E-4
4.0555732726442473E-4
4.0543797451247785E-4
4.053186882178776E-4
4.051994638169943E-4
4.050802967522399E-4
4.0496118247166583E-4
4.0484211642857293E-4
4.0472309408112826E-4
4.046041108919961E-4
4.0448516232797626E-4
4.04366243859655E-4
4.042473509610629E-4
4.0412847910934434E-4
4.0400962378443745E-4
4.038907804687625E-4
4.037719446469192E-4
4.036531118053944E-4
4.035342774322803E-4
4.034154370169995E-4
4.032965860500402E-4
4.0317772002270043E-4
4.0305883442684167E-4
4.0293992475464986E-4
4.028209864984083E-4
4.027020151502738E-4
4.0258300620206656E-4
4.024639551450663E-4
4.0234485746981554E-4
4.022257086659339E-4
4.0210650422193715E-4
4.019872396250687E-4
4.018679103611334E-4
4.017485119143443E-4
4.01629039767176E-4
4.015094894002208E-4
4.0138985629206047E-4
4.0127013591913924E-4
4.0115032375564677E-4
4.010304152734089E-4
4.00910405941782E-4
4.0079029122756007E-4
4.006700665948844E-4
4.005497275051607E-4
4.004292694169879E-4
4.003086877860838E-4
4.0018797806522883E-4
4.00067135704208E-4
3.9994615614976313E-4
3.998250348455515E-4
3.997037672321082E-4
3.995823487468175E-4
3.9946077482389035E-4
3.993390408943458E-4
3.992171423859995E-4
3.9909507472346046E-4
3.9897283332812833E-4
3.98850413618202E-4
3.987278110086895E-4
3.9860502091142717E-4
3.9848203873510244E-4
3.983588598852809E-4
3.9823547976444295E-4
3.981118937720181E-4
3.9798809730443334E-4
3.9786408575516187E-4
3.977398545147761E-4
3.97615398971008E-4
3.9749071450881417E-4
3.97365796510443E-4
3.9724064035551095E-4
3.971152414210795E-4
3.969895950817387E-4
3.968636967096963E-4
3.967375416748689E-4
3.9661112534497724E-4
3.9648444308565026E-4
3.96357490260528E-4
3.962302622313727E-4
3.961027543581793E-4
3.959749619992978E-4
3.958468805115506E-4
3.957185052503613E-4
3.9558983156988035E-4
3.9546085482312205E-4
3.953315703620988E-4
3.952019735379636E-4
3.9507205970115217E-4
3.9494182420153173E-4
3.948112623885524E-4
3.946803696114008E-4
3.945491412191587E-4
3.9441757256096326E-4
3.9428565898617246E-4
3.941533958445308E-4
3.940207784863416E-4
3.9388780226263967E-4
3.9375446252536914E-4
3.9362075462756016E-4
3.9348667392351364E-4
3.933522157689853E-4
3.9321737552137405E-4
3.930821485399126E-4
3.929465301858585E-4
3.928105158226947E-4
3.9267410081632786E-4
3.925372805352986E-4
3.9240005035100776E-4
3.922624056379882E-4
3.9212434177428665E-4
3.9198585414213183E-4
3.9184693812931046E-4
3.917075891322752E-4
3.9156780256335844E-4
3.914275738674866E-4
3.912868985602305E-4
3.9114577231242075E-4
3.9100419113332154E-4
3.90862151756001E-4
3.9071965242431996E-4
3.905766944513794E-4
3.904332852094592E-4
3.9028944368260806E-4
3.901452104393365E-4
3.9000066493981154E-4
3.898559545313463E-4
3.89711341294318E-4
3.895672749387435E-4
3.89424501876692E-4
3.892842217676539E-4
3.891483022109048E-4
3.8901955829332926E-4
3.889020942881095E-4
3.8880168741470175E-4
3.8872616587628904E-4
3.8868569470622554E-4
3.88692836873552E-4
3.887622149316891E-4
3.8890958195279737E-4
3.8915015043453793E-4
3.8949615532026275E-4
3.8995385490438937E-4
3.905204716323561E-4
3.911818552721571E-4
3.919117755110666E-4
3.926735799277929E-4
3.9342442535671244E-4
3.9412149980947965E-4
3.947288644186911E-4
3.952231147916479E-4
3.955962601945044E-4
3.958550601361586E-4
3.9601723347892004E-4
3.9610595900766647E-4
3.9614447611108385E-4
3.961522392660057E-4
3.961432289415595E-4
3.961261380010706E-4
3.961056328066031E-4
3.960838549567322E-4
3.960616296447563E-4
3.960392150840599E-4
3.960166716673954E-4
3.9599400579950675E-4
3.9597121303118786E-4
3.959482874733954E-4
3.9592522313425845E-4
3.9590201401233145E-4
3.958786540968285E-4
3.9585513736786846E-4
3.958314577967108E-4
3.9580760934600386E-4
3.9578358597002654E-4
3.957593816149334E-4
3.957349902190038E-4
3.9571040571288746E-4
3.956856220198556E-4
3.956606330560514E-4
3.9563543273074206E-4
3.956100149465711E-4
3.955843735998124E-4
3.955585025806261E-4
3.955323957733143E-4
3.955060470565795E-4
3.9547945030378066E-4
3.9545259938319474E-4
3.954254881582756E-4
3.9539811048791557E-4
3.953704602267083E-4
3.9534253122521065E-4
3.953143173302061E-4
3.952858123849715E-4
3.952570102295394E-4
3.9522790470096714E-4
3.951984896336024E-4
3.9516875885935084E-4
3.951387062079435E-4
3.9510832550720824E-4
3.950776105833365E-4
3.9504655526115663E-4
3.9501515336440107E-4
3.9498339871598076E-4
3.949512851382558E-4
3.9491880645330763E-4
3.94885956483212E-4
3.948527290503129E-4
3.948191179774964E-4
3.9478511708846364E-4
3.9475072020800676E-4
3.947159324763683E-4
3.9468075880767816E-4
3.946452038929148E-4
3.94609272202847E-4
3.945729679909524E-4
3.9453629529631726E-4
3.944992579465114E-4
3.9446185956044753E-4
3.944241035512146E-4
3.9438599312889046E-4
3.9434753130333853E-4
3.943087208869785E-4
3.9426956449753974E-4
3.942300645607922E-4
3.9419022331325823E-4
3.9415004280490395E-4
3.941095249018104E-4
3.9406867128882376E-4
3.940274834721865E-4
3.9398596278214813E-4
3.939441103755573E-4
3.939019272384324E-4
3.9385941418851274E-4
3.938165718777923E-4
3.9377340079503316E-4
3.937299012682562E-4
3.936860734672183E-4
3.9364191740586625E-4
3.9359743294477284E-4
3.9355261979355375E-4
3.9350747751326664E-4
3.9346200551879004E-4
3.934162030811849E-4
3.933700693300355E-4
3.933236032557742E-4
3.9327680371198647E-4
3.9322966941769655E-4
3.9318219895963875E-4
3.9313439079450554E-4
3.93086243251182E-4
3.930377545329586E-4
3.929889227197283E-4
3.9293974577016624E-4
3.9289022152388985E-4
3.928403477036023E-4
3.927901219172208E-4
3.927395416599813E-4
3.9268860431653223E-4
3.926373071630078E-4
3.925856473690851E-4
3.925336220000231E-4
3.924812280186846E-4
3.924284622875436E-4
3.923753215706739E-4
3.9232180253571876E-4
3.9226790175584926E-4
3.922136157117027E-4
3.92158940793303E-4
3.9210387330196843E-4
3.920484094521997E-4
3.9199254537355455E-4
3.919362771125054E-4
3.918796006342779E-4
3.918225118246792E-4
3.9176500649190345E-4
3.917070803683286E-4
3.916487291122919E-4
3.915899483098518E-4
3.9153073347653576E-4
3.9147108005906865E-4
3.9141098343709074E-4
3.9135043892485447E-4
3.9128944177291357E-4
3.912279871697878E-4
3.911660702436197E-4
3.911036860638144E-4
3.9104082964266354E-4
3.9097749593695403E-4
3.9091367984956364E-4
3.9084937623104146E-4
3.907845798811722E-4
3.9071928555052716E-4
3.9065348794200047E-4
3.90587181712333E-4
3.905203614736175E-4
3.9045302179479185E-4
3.903851572031214E-4
3.903167621856601E-4
3.902478311907047E-4
3.9017835862922867E-4
3.901083388763096E-4
3.900377662725347E-4
3.8996663512539894E-4
3.8989493971068573E-4
3.8982267427383724E-4
3.897498330313059E-4
3.8967641017190104E-4
3.89602399858112E-4
3.8952779622742836E-4
3.894525933936351E-4
3.89376785448108E-4
3.893003664610839E-4
3.892233304829277E-4
3.891456715453783E-4
3.8906738366278724E-4
3.889884608333424E-4
3.8890889704028074E-4
3.8882868625308336E-4
3.887478224286659E-4
3.886662995125505E-4
3.885841114400265E-4
3.8850125213729983E-4
3.8841771552262965E-4
3.883334955074534E-4
3.882485859974981E-4
3.881629808938815E-4
3.8807667409420055E-4
3.879896594936066E-4
3.879019309858717E-4
3.878134824644377E-4
3.8772430782346213E-4
3.8763440095884516E-4
3.8754375576924543E-4
3.87452366157089E-4
3.8736022602956416E-4
3.8726732929960354E-4
3.8717366988685577E-4
3.8707924171864843E-4
3.869840387309361E-4
3.868880548692385E-4
3.867912840895688E-4
3.866937203593513E-4
3.865953576583249E-4
3.864961899794387E-4
3.863962113297364E-4
3.862954157312275E-4
3.8619379722175314E-4
3.860913498558343E-4
3.8598806770551744E-4
3.8588394486120155E-4
3.8577897543246053E-4
3.856731535488537E-4
3.8556647336072437E-4
3.8545892903999075E-4
3.853505147809245E-4
3.8524122480092314E-4
3.851310533412679E-4
3.850199946678777E-4
3.849080430720608E-4
3.8479519287127413E-4
3.8468143840992956E-4
3.8456677406032493E-4
3.8445119422392666E-4
3.84334693333526E-4
3.842172658575359E-4
3.840989063093279E-4
3.8397960926811356E-4
3.8385936942542245E-4
3.837381816865882E-4
3.836160413865338E-4
3.834929447349541E-4
3.833688897052175E-4
3.832438777487024E-4
3.831179169818238E-4
3.8299102788466046E-4
3.8286325307675134E-4
3.827346733577245E-4
3.826054327891686E-4
3.824757758905055E-4
3.8234609961975937E-4
3.822170212057623E-4
3.8208945964228724E-4
3.8196472362731626E-4
3.818445924803883E-4
3.817313705590264E-4
3.8162789220514396E-4
3.8153745574975764E-4
3.81463673060432E-4
3.814102347284246E-4
3.8138060665081504E-4
3.813776861268974E-4
3.8140345042733106E-4
3.8145862833760584E-4
3.8154242144482615E-4
3.8165230569870627E-4
3.817839592597343E-4
3.8193138210093397E-4
3.820872756817306E-4
3.8224371416082764E-4
3.823930548358134E-4
3.8252892821205364E-4
3.8264706852405694E-4
3.827457474288672E-4
3.828256777684627E-4
3.8288942691428124E-4
3.829405432466585E-4
3.8298267672780083E-4
3.8301893272477296E-4
3.83051568803042E-4
3.8308200034508743E-4
3.8311099050225675E-4
3.831388884164847E-4
3.83165825255599E-4
3.831918375447805E-4
3.832169285704402E-4
3.8324109251255343E-4
3.8326432173530243E-4
3.8328660838883713E-4
3.833079446384303E-4
3.8332832268094414E-4
3.8334773474529843E-4
3.833661730929353E-4
3.833836300182751E-4
3.834000978491721E-4
3.8341556894735853E-4
3.834300357088892E-4
3.8344349056457856E-4
3.8345592598043176E-4
3.8346733445807E-4
3.834777085351563E-4
3.8348704078580725E-4
3.83495323821009E-4
3.8350255028901886E-4
3.8350871287577053E-4
3.835138043052685E-4
3.8351781733998036E-4
3.835207447812226E-4
3.835225794695412E-4
3.8352331428509066E-4
3.8352294214800384E-4
3.8352145601875797E-4
3.8351884889854045E-4
3.835151138296018E-4
3.83510243895609E-4
3.835042322219963E-4
3.8349707197630367E-4
3.83488756368518E-4
3.8347927865140603E-4
3.8346863212084057E-4
3.834568101161307E-4
3.834438060203339E-4
3.834296132605777E-4
3.834142253083651E-4
3.8339763567988384E-4
3.8337983793630546E-4
3.83360825684084E-4
3.833405925752466E-4
3.8331913230768295E-4
3.8329643862542774E-4
3.832725053189403E-4
3.832501661793613E-4
3.832293693602527E-4
3.8321006351176246E-4
3.831921977777715E-4
3.831757217930505E-4
3.831605856804279E-4
3.831467400479679E-4
3.831341359861603E-4
3.831227250651232E-4
3.831124593318115E-4
3.831032913072405E-4
3.8309517398372133E-4
3.830880608221014E-4
3.830819057490221E-4
3.830766631541827E-4
3.830722878876189E-4
3.830687352569875E-4
3.830659610248654E-4
3.83063921406058E-4
3.8306257306491723E-4
3.8306187311267376E-4
3.830617791047739E-4
3.830622490382321E-4
3.830632413489917E-4
3.830647149092962E-4
3.830666290250737E-4
3.830689434333255E-4
3.830716182995327E-4
3.8307461421506765E-4
3.830778921946176E-4
3.8308141367361887E-4
3.8308514050570215E-4
3.830890349601451E-4
3.830930597193387E-4
3.8309717787626086E-4
3.8310135293196236E-4
3.8310554879306244E-4
3.83109729769253E-4
3.831138605708147E-4
3.831179063061426E-4
3.831218324792815E-4
3.831256049874719E-4
3.8312919011870464E-4
3.8313255454928714E-4
3.831356653414181E-4
3.8313848994077403E-4
3.83140996174104E-4
3.8314315224683343E-4
3.8314492674068075E-4
3.8314628861128077E-4
3.83147207185821E-4
3.8314765216068214E-4
3.8314759359909633E-4
3.831470019288077E-4
3.831458479397473E-4
3.8314410278171486E-4
3.8314173796207056E-4
3.8313872534344117E-4
3.83135037141426E-4
3.831306459223214E-4
3.831255246008518E-4
3.831196464379078E-4
3.831129850382973E-4
3.831055143485037E-4
3.830972086544552E-4
3.8308804257930127E-4
3.8307799108120105E-4
3.830670294511185E-4
3.830551333106295E-4
3.830422786097364E-4
3.830284416246918E-4
3.8301359895583217E-4
3.8299772752542114E-4
3.8298080457550105E-4
3.8296280766575295E-4
3.8294371467136745E-4
3.82923503780925E-4
3.8290215349428235E-4
3.828796426204706E-4
3.82855950275602E-4
3.828310558807844E-4
3.8280493916004416E-4
3.827775801382641E-4
3.827489591391198E-4
3.8271905678303406E-4
3.8268785398513667E-4
3.826553319532313E-4
3.826214721857741E-4
3.8258625646986E-4
3.825496668792189E-4
3.825116857722154E-4
3.8247229578986707E-4
3.8243147985386056E-4
3.82389221164584E-4
3.823455031991658E-4
3.823003097095196E-4
3.822536247204027E-4
3.822054325274773E-4
3.8215571769538637E-4
3.821044650558321E-4
3.820516597056672E-4
3.819972870049938E-4
3.8194133257526844E-4
3.818837822974186E-4
3.8182462230996474E-4
3.817638390071537E-4
3.8170141903709747E-4
3.816373492999239E-4
3.815716169459307E-4
3.815042093737531E-4
3.8143511422853446E-4
3.8136431940011126E-4
3.81291813021199E-4
3.812175834655939E-4
3.8114161934637626E-4
3.810639095141259E-4
3.8098444305514445E-4
3.8090320928968414E-4
3.808201977701901E-4
3.807353982795428E-4
3.8064880082931403E-4
3.805603956580307E-4
3.80470173229443E-4
3.8037812423080436E-4
3.8028423957115647E-4
3.801885103796255E-4
3.8009092800372245E-4
3.799914840076528E-4
3.798901701706363E-4
3.7978697848523024E-4
3.7968190115566353E-4
3.7957493059617844E-4
3.794660594293784E-4
3.7935528048458624E-4
3.792425867962057E-4
3.79127971602094E-4
3.790114283419433E-4
3.788929506556652E-4
3.7877253238178865E-4
3.786501675558576E-4
3.785258504088439E-4
3.7839957536556543E-4
3.782713370431079E-4
3.781411302492596E-4
3.780089499809496E-4
3.7787479142269625E-4
3.7773864994506236E-4
3.776005211031173E-4
3.7746040063491097E-4
3.773182844599649E-4
3.7717416867779E-4
3.770280495664731E-4
3.7687992358143E-4
3.7672978735456736E-4
3.7657763769445265E-4
3.7642347158890933E-4
3.7626728621329727E-4
3.761090789517429E-4
3.7594884744700723E-4
3.75786589711655E-4
3.756223043661575E-4
3.754559911306599E-4
3.752876518050049E-4
3.7511729215163986E-4
3.749449253776168E-4
3.747705783184726E-4
3.745943019550976E-4
3.7441618847954905E-4
3.7423639759310727E-4
3.7405519474274275E-4
3.738730030908482E-4
3.7369046859041125E-4
3.735085331504032E-4
3.7332850456088637E-4
3.731521045812057E-4
3.729814706217623E-4
3.7281908515894455E-4
3.7266761404841837E-4
3.725296523849875E-4
3.724074030290397E-4
3.723023419053524E-4
3.722149448911877E-4
3.721445520325372E-4
3.720894194611045E-4
3.720469614937389E-4
3.720141301867643E-4
3.719878386173099E-4
3.7196532515281524E-4
3.7194438318342404E-4
3.7192343169920635E-4
3.7190145366725394E-4
3.718778603280575E-4
3.718523419602154E-4
3.718247461289438E-4
3.717949980658272E-4
3.717630579886749E-4
3.717289020905089E-4
3.716925150889186E-4
3.716538870575233E-4
3.7161301152092486E-4
3.715698840508283E-4
3.715245013014555E-4
3.714768604519537E-4
3.714269589420868E-4
3.7137479437117604E-4
3.7132036446760515E-4
3.712636670815513E-4
3.7120470018324524E-4
3.71143461862083E-4
3.71079950325805E-4
3.7101416389967884E-4
3.709461010256847E-4
3.708757602617046E-4
3.708031402807134E-4
3.707282398699734E-4
3.706510579302302E-4
3.7057159347491655E-4
3.7048984562935305E-4
3.7040581362995565E-4
3.7031949682344445E-4
3.70230894666057E-4
3.701400067227626E-4
3.700468326664806E-4
3.699513722773029E-4
3.698536254417159E-4
3.6975359215182845E-4
3.6965127250460333E-4
3.6954666670108686E-4
3.694397750456475E-4
3.6933059794521343E-4
3.692191359085128E-4
3.69105389545321E-4
3.689893595657056E-4
3.688710467792776E-4
3.6875045209444304E-4
3.686275765176613E-4
3.685024211527024E-4
3.6837498719990725E-4
3.682452759554555E-4
3.681132888106301E-4
3.6797902725108794E-4
3.678424928561331E-4
3.677036872979926E-4
3.6756261234109503E-4
3.674192698413519E-4
3.6727366174544186E-4
3.671257900900972E-4
3.669756570013943E-4
3.6682326469404496E-4
3.666686154706948E-4
3.6722456965014507E-4
3.677696634800797E-4
3.683039671598237E-4
3.688275505832548E-4
3.693404833397595E-4
3.698428347151865E-4
3.7033467369279875E-4
3.70816068954221E-4
3.71287088880388E-4
3.71747801552492E-4
3.72198274752922E-4
3.7263857596620627E-4
3.7306877237995264E-4
3.734889308857838E-4
3.738991180802721E-4
3.74299400265873E-4
3.7468984345185647E-4
3.750705133552324E-4
3.754414754016815E-4
3.7580279472647663E-4
3.7615453617540693E-4
3.764967643056971E-4
3.768295433869267E-4
3.7715293740194514E-4
3.774670100477877E-4
3.777718247365871E-4
3.7806744459648273E-4
3.7835393247252986E-4
3.78631350927607E-4
3.7889976224331565E-4
3.791592284208881E-4
3.7940981118208346E-4
3.7965157197008734E-4
3.798845719504079E-4
3.801088720117688E-4
3.8032453276700296E-4
3.805316145539405E-4
3.8073017743629924E-4
3.8092028120456796E-4
3.811019853768938E-4
3.8127534919996016E-4
3.8144043164987083E-4
3.8159729143302557E-4
3.817459869869967E-4
3.8188657648140293E-4
3.8201911781878277E-4
3.821436686354627E-4
3.822602863024276E-4
3.8236902792618466E-4
3.82469950349629E-4
3.825631101529066E-4
3.826485636542718E-4
3.827263669109485E-4
3.8279657571998533E-4
3.8285924561911016E-4
3.829144318875826E-4
3.829621895470456E-4
3.830025733623713E-4
3.830356378425106E-4
3.830614372413359E-4
3.8308002555848507E-4
3.8309145654020203E-4
3.8309578368017513E-4
3.8309306022037376E-4
3.830833391518852E-4
3.8306667321574606E-4
3.8304311490377384E-4
3.8301271645939714E-4
3.8297552987848037E-4
3.829316069101542E-4
3.828809990576336E-4
3.828237575790422E-4
3.8275993348823337E-4
3.82689577555604E-4
3.8261274030891465E-4
3.825294720341013E-4
3.824398227760874E-4
3.8234384233959575E-4
3.822415802899552E-4
3.8213308595390805E-4
3.820184084204147E-4
3.818975965414554E-4
3.8177069893283237E-4
3.81637763974968E-4
3.814988398137021E-4
3.813539743610875E-4
3.812032152961833E-4
3.810466100658457E-4
3.808842058855182E-4
3.8071604974002034E-4
3.805421883843314E-4
3.803626683443768E-4
3.801775359178089E-4
3.7998683717478866E-4
3.7979061795876193E-4
3.7958892388723986E-4
3.7938180035256903E-4
3.7916929252270896E-4
3.789514453420012E-4
3.787283035319381E-4
3.784999115919316E-4
3.782663138000787E-4
3.7802755421392564E-4
3.777836766712299E-4
3.775347247907189E-4
3.7728074197285E-4
3.7702177140056865E-4
3.767578560400602E-4
3.7648903864150426E-4
3.7621536173982684E-4
3.75936867655448E-4
3.7565359849503157E-4
3.753655961522291E-4
3.7507290230842525E-4
3.747755584334788E-4
3.7447360578646434E-4
3.741670854164117E-4
3.738560381630402E-4
3.7354050465749586E-4
3.732205253230847E-4
3.728961403760031E-4
3.725673898260695E-4
3.7223431347745156E-4
3.718969509293909E-4
3.7155534157693045E-4
3.712095246116353E-4
3.708595390223144E-4
3.705054235957404E-4
3.701472169173658E-4
3.697849573720398E-4
3.6941868314472253E-4
3.6904843222119603E-4
3.6867424238877576E-4
3.682961512370202E-4
3.679141961584359E-4
3.67528414349185E-4
3.6713884280978597E-4
3.6674551834582023E-4
3.6634847756862707E-4
3.6594775689600576E-4
3.6554339255291045E-4
3.6513542057214557E-4
3.647238767950593E-4
3.6430879687223544E-4
3.6389021626418366E-4
3.634681702420263E-4
3.6304269388818644E-4
3.626138220970709E-4
3.621815895757587E-4
3.617460308446821E-4
3.6130718023832085E-4
3.6086507190590845E-4
3.604197398121958E-4
3.599712177383486E-4
3.5951953928320326E-4
3.5906473786539804E-4
3.58606846727636E-4
3.5814589894593563E-4
3.576819274502361E-4
3.5721496507007877E-4
3.5674504463388025E-4
3.56272199178972E-4
3.5579646238258146E-4
3.5531786941723576E-4
3.548364585893606E-4
3.543522743618603E-4
3.5386537270942807E-4
3.5337583020473467E-4
3.528837587260668E-4
3.5238932806025744E-4
3.5189279866608484E-4
3.5139456604341444E-4
3.508952160337037E-4
3.5039558658495176E-4
3.498968261055533E-4
3.4940043237450863E-4
3.489082510170083E-4
3.4842241169577657E-4
3.479451864768481E-4
3.4747877003929917E-4
3.470250041249311E-4
3.4658509321295716E-4
3.4615937560094083E-4
3.4574721414193886E-4
3.4534704851781024E-4
3.4495660962642394E-4
3.4457324960994104E-4
3.441943066123126E-4
3.4381741645041387E-4
3.4344070726897297E-4
3.430628569715155E-4
3.4268303711865297E-4
3.423007932981461E-4
3.419159138613398E-4
3.415283222797882E-4
3.41138006010768E-4
3.407449778713206E-4
3.40349258850522E-4
3.399508719520392E-4
3.395498404779871E-4
3.3914618767866305E-4
3.3873993670605507E-4
3.383311106110591E-4
3.3791973234375666E-4
3.375058247536956E-4
3.3708941059016847E-4
3.366705125024914E-4
3.3624915304028005E-4
3.358253546537291E-4
3.3539913969388835E-4
3.349705304129391E-4
3.3453954896447025E-4
3.3410621740375274E-4
3.336705576880177E-4
3.33232591676728E-4
3.327923411318519E-4
3.3234982771813883E-4
3.319050730033927E-4
3.314580984587426E-4
3.3100892545891636E-4
3.305575752825125E-4
3.301040691122706E-4
3.296484280353426E-4
3.291906730435644E-4
3.2873082503372293E-4
3.282689048078284E-4
3.2780493307338186E-4
3.2733893044364405E-4
3.2687091743790423E-4
3.264009144817458E-4
3.259289419073159E-4
3.2545501995358966E-4
3.249791687666391E-4
3.2450140839989636E-4
3.2402175881442137E-4
3.2354023987916377E-4
3.230568713712307E-4
3.225716729761482E-4
3.2208466428812515E-4
3.2159586481031753E-4
3.211052939550898E-4
3.2061297104427717E-4
3.201189153094474E-4
3.196231458921625E-4
3.1912568184423853E-4
3.1862654212800603E-4
3.181257456165706E-4
3.176233110940728E-4
3.171192572559441E-4
3.166136027091687E-4
4.950410345249253E-4
4.930918613890901E-4
4.91149626849802E-4
4.892143099940795E-4
4.872858899592758E-4
4.853643459329869E-4
4.8344965715296366E-4
4.815418029070213E-4
4.796407625329483E-4
4.7774651541841815E-4
4.7585904100089953E-4
4.73978318767567E-4
4.7210432825521136E-4
4.7023704905015053E-4
4.6837646078814083E-4
4.665225431542863E-4
4.646752758829526E-4
4.628346387576755E-4
4.6100061161107443E-4
4.591731743247624E-4
4.573523068292574E-4
4.555379891038955E-4
4.537302011767412E-4
4.5192892312449973E-4
4.501341350724286E-4
4.4834581719425097E-4
4.465639497120661E-4
4.4478851289626224E-4
4.4301948706542993E-4
4.412568525862729E-4
4.3950058987352205E-4
4.3775067938984624E-4
4.360071016457672E-4
4.342698371995712E-4
4.325388666572229E-4
4.3081417067227727E-4
4.2909572994579337E-4
4.2738352522624757E-4
4.2567753730944825E-4
4.239777470384464E-4
4.222841353034515E-4
4.2059668304174466E-4
4.189153712375929E-4
4.172401809221629E-4
4.155710931734337E-4
4.139080891161123E-4
4.1225114992154814E-4
4.1060025680764547E-4
4.0895539103878037E-4
4.0731653392571366E-4
4.0568366682550556E-4
4.0405677114143106E-4
4.0243582832289495E-4
4.008208198653458E-4
3.9921172731019195E-4
3.9760853224471556E-4
3.9601121630198944E-4
3.9441976116079164E-4
3.928341485455209E-4
3.9125436022611234E-4
3.8968037801795174E-4
3.8811218378179455E-4
3.8654975942367854E-4
3.8499308689484167E-4
3.8344214819163757E-4
3.8189692535545145E-4
3.8035740047261807E-4
3.7882355567433486E-4
3.772953731365816E-4
3.7577283508003574E-4
3.7425592376998936E-4
3.7274462151626477E-4
3.7123891067313393E-4
3.69738773639233E-4
3.682441928574806E-4
3.6675515081499506E-4
3.652716300430118E-4
3.637936131168003E-4
3.6232108265558136E-4
3.608540213224465E-4
3.59392411824273E-4
3.579362369116446E-4
3.564854793787665E-4
3.5504012206338576E-4
3.536001478467085E-4
3.52165539653318E-4
3.5073628045109327E-4
3.493123532511273E-4
3.478937411076464E-4
3.464804271179277E-4
3.450723944222179E-4
3.436696262036537E-4
3.4227210568817926E-4
3.40879816144465E-4
3.394927408838283E-4
3.3811086326015094E-4
3.367341666698E-4
3.3536263455154685E-4
3.3399625038648594E-4
3.32634997697955E-4
3.3127886005145546E-4
3.2992782105457105E-4
3.285818643568883E-4
3.272409736499174E-4
3.2590513266701103E-4
3.245743251832853E-4
3.232485350155396E-4
3.2192774602217796E-4
3.2061194210312907E-4
3.193011071997661E-4
3.179952252948299E-4
3.1669428041234706E-4
3.153982566175525E-4
3.141071380168097E-4
3.128209087575326E-4
3.115395530281061E-4
3.1026305505780827E-4
3.089913991167313E-4
3.077245695157026E-4
3.0646255060620735E-4
3.0520532678030964E-4
3.0395288247057434E-4
3.027052021499897E-4
3.014622703318883E-4
3.0022407156987056E-4
2.9899059045772515E-4
2.977618116293538E-4
2.9653771975869084E-4
2.95318299559628E-4
2.9410353578593665E-4
2.928934132311894E-4
2.916879167286845E-4
2.904870311513673E-4
2.8929074141175446E-4
2.880990324618564E-4
2.869118892931006E-4
2.8572929693625496E-4
2.8455124046135197E-4
2.833777049776107E-4
2.8220867563336186E-4
2.8104413761597074E-4
2.798840761517619E-4
2.7872847650594164E-4
2.775773239825225E-4
2.7643060392424843E-4
2.7528830171251874E-4
2.741504027673105E-4
2.730168925471057E-4
2.7188775654881427E-4
2.707629803076999E-4
2.6964254939730706E-4
2.6852644942939165E-4
2.674146660538634E-4
2.663071849587546E-4
2.652039918702681E-4
2.641050725530118E-4
2.6301041281070694E-4
2.6191999848802663E-4
2.6083381547508457E-4
2.5975184971793465E-4
2.5867408724230894E-4
2.5760051420556477E-4
2.5653111700677986E-4
2.5546588251248255E-4
2.5440479850384086E-4
2.5334785453120167E-4
2.5229504348601084E-4
2.512463643774368E-4
2.5020182702791775E-4
2.491614596465668E-4
2.481253204219845E-4
2.4709351425032905E-4
2.4606621526691944E-4
2.4504369473584277E-4
2.440263518935986E-4
2.4301474258807797E-4
2.4200959746922108E-4
2.4101181908324346E-4
2.4002244697524677E-4
2.3904258334131998E-4
2.38073279697774E-4
2.371153966431572E-4
2.3616946111281042E-4
2.3523555383855456E-4
2.3431325917081086E-4
2.3340169749991145E-4
2.3249963925193188E-4
2.3160567569445987E-4
2.3071840487581718E-4
2.2983658829342705E-4
2.2895924666689737E-4
2.2808568565452846E-4
2.272154644600395E-4
2.2634833317488218E-4
2.2548416518582742E-4
2.2462290224376611E-4
2.237645183880611E-4
2.229090004524763E-4
2.2205633942612438E-4
2.2120652736962653E-4
2.2035955655832118E-4
2.1951541930779716E-4
2.1867410795066414E-4
2.1783561483501584E-4
2.1699993232440924E-4
2.161670527978434E-4
2.153369686497402E-4
2.1450967228992275E-4
2.1368515614359474E-4
2.1286341265132005E-4
2.120444342690031E-4
2.112282134678671E-4
2.1041474273443355E-4
2.0960401457050272E-4
2.0879602149313287E-4
2.079907560346191E-4
2.0718821074247297E-4
2.0638837817940278E-4
2.0559125092329273E-4
2.0479682156718286E-4
2.0400508271924706E-4
2.0321602700277492E-4
2.0242964705615004E-4
2.0164593553282972E-4
2.008648851013252E-4
2.000864884451806E-4
1.993107382629531E-4
1.9853762726819224E-4
1.9776714818941992E-4
1.9699929377010994E-4
1.9623405676866805E-4
1.9547142995841082E-4
1.9471140612754693E-4
1.9395397807915534E-4
1.9319913863116573E-4
1.9244688061633848E-4
1.9169719688224437E-4
1.909500802912441E-4
1.9020552372046845E-4
1.8946352006179808E-4
1.8872406222184346E-4
1.8798714312192428E-4
1.8725275569804974E-4
1.865208929008986E-4
1.857915476957987E-4
1.850647130627073E-4
1.843403819961906E-4
1.8361854750540367E-4
1.8289920261407142E-4
1.8218234036046678E-4
0.04509589112788612
