1.631785250674101E-4
3.2714354428462226E-4
4.918453587353781E-4
6.57136406631417E-4
8.227799267348148E-4
9.884706947034228E-4
0.0011538665640102481
0.0013186274024383714
0.0014824561467179506
0.001645135662604271
0.001806555394734034
0.0019667236336159055
0.0021257643315799797
0.0022839009200312293
0.0024414323242247468
0.0025987072840523155
0.002756101801754681
0.002914001645969155
0.003072788672198852
0.0032328276590832647
0.003394450147701417
0.003557933211229792
0.0037234733259218105
0.0038911576529407775
0.004060936553490293
0.004069423433818804
0.004078632850039661
0.0040880716722874405
0.004097201606967236
0.004105472441750585
0.004112361381821909
0.004117415086034608
0.0041202899019273966
0.0041207851387235804
0.004118864287263875
0.004114660135103044
0.004108461834083855
0.004100684983620888
0.004091829139424092
0.004082429926579943
0.00407301409804649
0.004064064750920962
0.004056000616957211
0.004049168958741001
0.004043847780939572
0.004040251244134611
0.004038532825465612
0.004038783228999649
0.004041022970643805
0.00404519176642514
0.004051137875538267
0.004058610618455629
0.004067258886265104
0.004076637893781968
0.0040862257371598225
0.00409545038226724
0.004103726447444051
0.004110499579706072
0.00411529450349268
0.0041177612109114595
0.004117712656286453
0.004115147221083358
0.00411025062942094
0.004103375161727505
0.004094998587543906
0.0040856700860393775
0.004075953831454097
0.004066381294801871
0.0040574200965280615
0.004049461481842402
0.004042822511823663
0.004037755320091888
0.004034455518753582
0.004033064494854685
0.004033664127165043
0.004036265581146632
0.004040795452643469
0.0040470828747642875
0.004054850944896638
0.004063715448442555
0.004073193411597375
0.004082723313738269
0.004091697632647626
0.004099506708342388
0.004105590769227387
0.004109494614631299
0.004110917360076728
0.0041097485400161116
0.004106082564217546
0.004100206646843575
0.00409256273713201
0.00408369041701336
0.0040741629586302334
0.004064530423842131
0.004055280704334417
0.004046822709823085
0.004039488333239892
0.004033544583271163
0.004029206225582275
0.004026641986925321
0.0040259719012177364
0.004027256766990879
0.004030482938731328
0.0040355462114659325
0.004042238411145999
0.004050240075780976
0.004059122386689739
0.004068361035908603
0.004077363712070294
0.0040855111975840715
0.004092209706486145
0.004096949272818859
0.0040993602304377945
0.00409925795543974
0.004096666140591954
0.004091811810952002
0.004085091110568343
0.004077012281644407
0.004068128667697275
0.004058977198469621
0.004050035129051115
0.004041700682953448
0.004034294775594844
0.004028074856840918
0.004023250332738404
0.004019995898287178
0.004018450088484659
0.004018705150656653
0.004020791247724394
0.004024658638872733
0.0040301614075481836
0.004037046187346841
0.004044949272054093
0.004053405208716082
0.004061869133134069
0.00406975351154477
0.004076477568342342
0.0040815246959794
0.004084500068020384
0.0040851784083049455
0.0040835315775295065
0.00407972832322796
0.004074104339737574
0.004067108410673974
0.004059237221701742
0.004050974478904372
0.0040427475702542615
0.004034907965180747
0.004027732972625407
0.004021440146104858
0.004016313559400969
0.004012583765767118
0.004010431670596077
0.0040099833848955555
0.004011298813442056
0.004014357362692921
0.004019044097749985
0.004025139606348
0.004032316840845668
0.004040148029879032
0.004048124048357239
0.004055687195279785
0.004062276106337522
0.004067378689671441
0.004070585998029636
0.004071637699207998
0.004070449403654498
0.004067114518032835
0.0040618786606225555
0.004055091785971901
0.004047149544034257
0.00403843827613912
0.004029295873393959
0.004019994255809782
0.0040107413679002215
0.00400454715444044
0.00400109628820839
0.004000091950006667
0.004001254787848894
0.004004314304067927
0.004008995047760177
0.004015000519982518
0.004021997622023306
0.004029604394053301
0.004037383789941873
0.004044846070179579
0.0040514617826539045
0.004056686064665974
0.0040599931116597834
0.004060917277612761
0.004059094820875402
0.0040542985190770145
0.004046457175921685
0.004035654190556179
0.004022103902995697
0.004006110287773969
0.003988017665611227
0.003968165210513154
0.003946854994567243
0.003924337896629068
0.003974974253621318
0.00401621769872638
0.004048868866107988
0.004073665971735875
0.004091289562666197
0.004102361352640674
0.004107439102097733
0.004107009843610599
0.00410148359840934
0.004091189559071852
0.004076376600875285
0.004057219754899967
0.004033833736985418
0.004006293679794661
0.003974661876710743
0.003939017762521868
0.003899486842899257
0.0038562633412489015
0.00380962154139453
0.003759912579682512
0.0037075466752973085
0.0036529646431205103
0.003596605597377886
0.003538878652057264
0.0034801446032730276
0.0053488178689334205
0.005140667505734534
0.004940931938223736
0.004749325905367792
0.004565561162828641
0.004389349506832389
0.004220402189485009
0.004058427299224696
0.003903126583440193
0.003754192863660722
0.0036113089233945936
0.003474148558515065
0.0033423802702418795
0.003215673763742368
0.003093708964890484
0.002976186714218478
0.002862839722666815
0.0027534419185335887
0.0026478141710158426
0.0025458247352526274
0.00244738371325623
0.0023524322254578887
0.0022609284308650474
0.002172833458451523
0.0020881002683428842
0.052137828027441
