1.6714805310499559E-6
3.3395883064509094E-6
5.004324574832838E-6
6.665690598468976E-6
8.323687653213903E-6
9.978317028441463E-6
1.1629580026982617E-5
1.3277477965063245E-5
1.4922012172241812E-5
1.6563183991346912E-5
1.820099477841474E-5
1.9835445902626562E-5
2.1466538746245912E-5
2.309427470455586E-5
2.4718655185796024E-5
2.6339681611099658E-5
2.795735541443059E-5
2.957167804252001E-5
3.118265095480305E-5
3.279027562335561E-5
3.4394553532830916E-5
3.599548618039575E-5
3.759307507566689E-5
3.9187321740647467E-5
4.0778227709662915E-5
4.2365794529297326E-5
4.395002375832906E-5
4.553091696766684E-5
4.710847574028546E-5
4.8682701671161535E-5
5.0253596367208954E-5
5.1821161447214475E-5
5.338539854177304E-5
5.49463092932231E-5
5.650389535558185E-5
5.80581583944804E-5
5.9609100087098465E-5
6.115672212209978E-5
6.270102619956638E-5
6.424201403093375E-5
6.577968733892529E-5
6.731404785748664E-5
6.884509733172067E-5
7.037283751782111E-5
7.189727018300725E-5
7.341839710545808E-5
7.493622007424609E-5
7.645074088927144E-5
7.796196136119574E-5
7.946988331137566E-5
8.097450857179694E-5
8.247583898500756E-5
8.397387640405153E-5
8.546862269240201E-5
8.696007972389464E-5
8.844824938266106E-5
8.993313356306136E-5
9.141473416961749E-5
9.289305311694616E-5
9.436809232969124E-5
9.583985374245676E-5
9.730833929973974E-5
9.8773550955862E-5
1.0023549067490319E-4
1.0169416043063268E-4
1.031495622064419E-4
1.0460169799527631E-4
1.0605056979956775E-4
1.0749617963116596E-4
1.0893852951127061E-4
1.1037762147036258E-4
1.1181345754813627E-4
1.1324603979343059E-4
1.1467537026416022E-4
1.1610145102724727E-4
1.1752428415855291E-4
1.1894387174280701E-4
1.203602158735407E-4
1.2177331865301645E-4
1.2318318219215895E-4
1.2458980861048595E-4
1.2599320003603914E-4
1.273933586053137E-4
1.287902864631898E-4
1.301839857628624E-4
1.3157445866577113E-4
1.3296170734153096E-4
1.3434573396786152E-4
1.357265407305182E-4
1.3710412982322057E-4
1.384785034475826E-4
1.3984966381304237E-4
1.4121761313679176E-4
1.425823536437051E-4
1.4394388756626915E-4
1.45302217144512E-4
1.4665734462593206E-4
1.4800927226542724E-4
1.4935800232522325E-4
1.507035370748034E-4
1.5204587879083642E-4
1.5338502975710506E-4
1.5472099226443534E-4
1.5605376861062365E-4
1.5738336110036584E-4
1.5870977204518542E-4
1.6003300376336139E-4
1.6135305857985552E-4
1.6266993882624163E-4
1.6398364684063195E-4
1.652941849676054E-4
1.666015555581351E-4
1.679057609695157E-4
1.6920680356529027E-4
1.705046857151786E-4
1.7179940979500282E-4
1.7309097818661587E-4
1.7437939327782727E-4
1.7566465746233034E-4
1.7694677313962907E-4
1.7822574271496452E-4
1.7950156859924057E-4
1.807742532089518E-4
1.8204379896610875E-4
1.8331020829816385E-4
1.845734836379381E-4
1.8583362742354643E-4
1.870906420983247E-4
1.8834453011075337E-4
1.895952939143853E-4
1.908429359677698E-4
1.920874587343788E-4
1.933288646825315E-4
1.9456715628532004E-4
1.9580233602053447E-4
1.9703440637058831E-4
1.982633698224417E-4
1.9948922886752832E-4
2.0071198600167843E-4
2.0193164372504446E-4
2.0314820454202465E-4
2.0436167096118789E-4
2.0557204549519746E-4
2.0677933066073624E-4
2.079835289784291E-4
2.0918464297276851E-4
2.103826751720368E-4
2.1157762810823096E-4
2.1276950431698547E-4
2.1395830633749686E-4
2.1514403671244522E-4
2.1632669798791896E-4
2.1750629271333828E-4
2.1868282344137663E-4
2.1985629272788524E-4
2.2102670313181434E-4
2.221940572151371E-4
2.2335835754277222E-4
2.2451960668250586E-4
2.256778072049145E-4
2.2683296168328642E-4
2.2798507269354483E-4
2.2913414281416973E-4
2.3028017462611923E-4
2.3142317071275263E-4
2.3256313365975048E-4
2.337000660550378E-4
2.348339704887046E-4
2.3596484955292794E-4
2.3709270584189264E-4
2.3821754195171323E-4
2.3933936048035393E-4
2.4045816402755115E-4
2.4157395519473304E-4
2.4268673658494084E-4
2.4379651080275012E-4
2.4490328045419197E-4
2.460070481466741E-4
2.471078164889097E-4
2.4820558809085275E-4
2.493003655636687E-4
2.5039215151978966E-4
2.5148094857320425E-4
2.52566759340362E-4
2.536495864426711E-4
2.547294325130196E-4
2.558063002122655E-4
2.5688019226986476E-4
2.579511115816237E-4
2.59019061439517E-4
2.60084046059424E-4
2.611460717641771E-4
2.622051495706473E-4
2.632613007037433E-4
2.643145680395537E-4
2.653650392029197E-4
2.664128918555842E-4
2.6745847983018837E-4
2.685024917690591E-4
2.6954623350129475E-4
2.705921126593702E-4
2.7164443820882717E-4
2.727106837449372E-4
2.738033896548493E-4
2.749428736230579E-4
2.761608483691547E-4
2.775048691605213E-4
2.79043214826846E-4
2.8086933475524864E-4
2.831044196684334E-4
2.8589611651884107E-4
2.8941115376365214E-4
2.938199928799755E-4
2.992728694907129E-4
3.05868832641594E-4
3.1362234705821816E-4
3.2243490091820714E-4
3.320806519635228E-4
3.422141909525907E-4
3.524043132720716E-4
3.621907671218223E-4
3.711532366408566E-4
3.7897626580949296E-4
3.8549319466087703E-4
3.906975680635306E-4
3.9472039148549174E-4
3.9778226201181606E-4
4.0013639621463E-4
4.0201913220765887E-4
4.0361892655946675E-4
4.05066361562709E-4
4.0644034076616235E-4
4.0778226692090165E-4
4.091108122533566E-4
4.104330942389637E-4
4.117513497195699E-4
4.1306613807892115E-4
4.143775661367635E-4
4.156856505486971E-4
4.16990396151907E-4
4.18291807021731E-4
4.195898872383387E-4
4.208846408866508E-4
4.221760720562628E-4
4.2346418484136863E-4
4.2474898334068266E-4
4.260304716573629E-4
4.273086538989332E-4
4.2858353417720633E-4
4.2985511660820636E-4
4.311234053120925E-4
4.323884044130805E-4
4.336501180393671E-4
4.349085503230495E-4
4.3616370540005216E-4
4.3741558741004685E-4
4.386642004963764E-4
4.3990954880597635E-4
4.411516364892994E-4
4.4239046770023604E-4
4.436260465960386E-4
4.448583773372432E-4
4.4608746408759313E-4
4.4731331101396037E-4
4.4853592228627005E-4
4.4975530207742013E-4
4.5097145456320586E-4
4.521843839222437E-4
4.5339409433589004E-4
4.5460058998816747E-4
4.5580387506568513E-4
4.570039537575615E-4
4.5820083025534735E-4
4.5939450875294826E-4
4.605849934465468E-4
4.6010080800347437E-4
4.59616809910933E-4
4.591330021228406E-4
4.5864938758143775E-4
4.581659692172714E-4
4.576827499491822E-4
4.5719973268428584E-4
4.5671692031795777E-4
4.562343157338198E-4
4.557519218037236E-4
4.552697413877346E-4
4.5478777733411695E-4
4.5430603247931955E-4
4.538245096479603E-4
4.5334321165281023E-4
4.5286214129477937E-4
4.5238130136290107E-4
4.5190069463431896E-4
4.514203238742712E-4
4.5094019183607306E-4
4.50460301261106E-4
4.4998065487880277E-4
4.4950125540663084E-4
4.490221055500781E-4
4.4854320800263983E-4
4.480645654458042E-4
4.475861805490372E-4
4.471080559697691E-4
4.4663019435337844E-4
4.4615259833318124E-4
4.4567527053041397E-4
4.451982135542209E-4
4.4472143000164033E-4
4.442449224575898E-4
4.437686934948519E-4
4.432927456740633E-4
4.4281708154369874E-4
4.4234170364005617E-4
4.418666144872462E-4
4.413918165971767E-4
4.4091731246953986E-4
4.4044310459179844E-4
4.399691954391729E-4
4.3949558747462703E-4
4.39022283148857E-4
4.3854928490027426E-4
4.380765951549978E-4
4.3760421632683483E-4
4.371321508172733E-4
4.3666040101546526E-4
4.361889692982153E-4
4.357178580299678E-4
4.352470695627944E-4
4.34776606236379E-4
4.3430647037800854E-4
4.3383666430255697E-4
4.3336719031247605E-4
4.3289805069777874E-4
4.3242924773602995E-4
4.319607836923333E-4
4.314926608193172E-4
4.310248813571239E-4
4.3055744753339807E-4
4.3009036156327205E-4
4.296236256493557E-4
4.291572419817226E-4
4.2869121273789987E-4
4.2822554008285486E-4
4.2776022616898237E-4
4.272952731360948E-4
4.268306831114082E-4
4.26366458209532E-4
4.2590260053245604E-4
4.254391121695393E-4
4.2497599519749767E-4
4.2451325168039365E-4
4.2405088366962297E-4
4.2358889320390393E-4
4.2312728230926627E-4
4.226660529990383E-4
4.222052072738372E-4
4.2174474712155586E-4
4.2128467451735404E-4
4.2082499142364363E-4
4.2036569979008034E-4
4.199068015535518E-4
4.1944829863816476E-4
4.189901929552364E-4
4.185324864032812E-4
4.1807518086800174E-4
4.176182782222769E-4
4.171617803261503E-4
4.1670568902682075E-4
4.162500061586301E-4
4.157947335430536E-4
4.153398729886889E-4
4.1488542629124485E-4
4.1443139523353144E-4
4.139777815854493E-4
4.1352458710397765E-4
4.1307181353316595E-4
4.12619462604123E-4
4.1216753603500557E-4
4.1171603553100827E-4
4.1126496278435425E-4
4.108143194742839E-4
4.103641072670457E-4
4.09914327815884E-4
4.094649827610318E-4
4.090160737296984E-4
4.0856760233606057E-4
4.0811957018125207E-4
4.076719788533542E-4
4.0722482992738547E-4
4.0677812496529175E-4
4.063318655159369E-4
4.058860531150931E-4
4.054406892854312E-4
4.049957755365108E-4
4.045513133647695E-4
4.0410730425351617E-4
4.036637496729198E-4
4.0322065107999925E-4
4.0277800991861575E-4
4.0233582761946247E-4
4.0189410560005607E-4
4.0145284526472584E-4
4.0101204800460573E-4
4.005717151976256E-4
4.0013184820850194E-4
3.9969244838872843E-4
3.99253517076566E-4
3.9881505559703653E-4
3.983770652619117E-4
3.979395473697052E-4
3.97502503205664E-4
3.970659340417591E-4
3.9662984113667687E-4
3.961942257358114E-4
3.9575908907125577E-4
3.9532443236179265E-4
3.948902568128863E-4
3.9445656361667374E-4
3.9402335395195777E-4
3.935906289841983E-4
3.931583898655028E-4
3.927266377346195E-4
3.922953737169289E-4
3.9186459892443594E-4
3.914343144557614E-4
3.910045213961347E-4
3.9057522081738553E-4
3.9014641377793657E-4
3.8971810132279466E-4
3.892902844835446E-4
3.888629642783411E-4
3.884361417119005E-4
3.8800981777549227E-4
3.875839934469357E-4
3.871586696905877E-4
3.86733847457338E-4
3.863095276846022E-4
3.8588571129631355E-4
3.8546239920291453E-4
3.850395923013536E-4
3.846172914750749E-4
3.841954975940128E-4
3.837742115145834E-4
3.833534340796798E-4
3.8293316611866447E-4
3.82513408447363E-4
3.8209416186805545E-4
3.816754271694731E-4
3.812572051267894E-4
3.808394965016152E-4
3.804223020419905E-4
3.800056224823806E-4
3.7958945854366967E-4
3.7917381093315327E-4
3.7875868034453937E-4
3.7834406745795027E-4
3.7792997293994236E-4
3.775163974435813E-4
3.7710334160864474E-4
3.7669080606219415E-4
3.7627879142009256E-4
3.7586729829097384E-4
3.754563272863663E-4
3.7504587904598993E-4
3.7463595429962013E-4
3.7422655401506426E-4
3.7381767974418734E-4
3.7340933441338886E-4
3.7300152408634987E-4
3.725942617980475E-4
3.72187575680602E-4
3.717815257274886E-4
3.713762374203861E-4
3.7097196722245235E-4
3.705692262428737E-4
3.701690062056187E-4
3.6977317817420943E-4
3.693851701680748E-4
3.6901107266614706E-4
3.686613627211478E-4
3.683534597486537E-4
3.681152974845642E-4
3.67989972192085E-4
3.6804125579181405E-4
3.6835930589709283E-4
3.6906527064942834E-4
3.7031277199221747E-4
3.7228368027778294E-4
3.7517551797005557E-4
3.79178662224836E-4
3.8444356285900945E-4
3.910414172690413E-4
3.989255358907582E-4
4.0790373376804225E-4
4.176328446080332E-4
4.2764346506695794E-4
4.3739599917938575E-4
4.4635947623670606E-4
4.5409570914188894E-4
4.603270850333405E-4
4.6496940056752E-4
4.6812148099418605E-4
4.700171864112667E-4
4.7095706720446507E-4
4.7124141686600055E-4
4.7112229396375534E-4
4.707820248468579E-4
4.7033506830727005E-4
4.698436279001964E-4
4.693366936569993E-4
4.6882566444275215E-4
4.6831422826364204E-4
4.678033303951579E-4
4.6729315183817406E-4
4.667837165556202E-4
4.6627502729018063E-4
4.65767085354859E-4
4.652598920477808E-4
4.647534486522053E-4
4.64247756436537E-4
4.6374281665433764E-4
4.632386305443368E-4
4.6273519933044563E-4
4.6223252422176715E-4
4.6173060641260615E-4
4.6122944708248373E-4
4.6072904739614723E-4
4.602294085035809E-4
4.5973053154001886E-4
4.5923241762595493E-4
4.5873506786715395E-4
4.5823848335466426E-4
4.577426651648278E-4
4.5724761435929123E-4
4.567533319850178E-4
4.562598190742967E-4
4.5576707664475563E-4
4.5527510569937183E-4
4.54783907226481E-4
4.542934821997894E-4
4.538038315783858E-4
4.5331495630674973E-4
4.528268573147629E-4
4.523395355177223E-4
4.51852991816346E-4
4.513672270967889E-4
4.5088224223064873E-4
4.5039803807498004E-4
4.4991461547230066E-4
4.494319752506064E-4
4.489501182233785E-4
4.4846904518959437E-4
4.4798875693373826E-4
4.475092542258109E-4
4.4703053782133923E-4
4.46552608461388E-4
4.460754668725686E-4
4.4559911376704816E-4
4.451235498425617E-4
4.446487757824205E-4
4.4417479225552207E-4
4.4370159991636063E-4
4.43229199405036E-4
4.427575913472643E-4
4.4228677635438704E-4
4.4181675502338126E-4
4.4134752793686775E-4
4.40879095663124E-4
4.404114587560892E-4
4.3994461775537865E-4
4.3947857318628986E-4
4.3901332555981254E-4
4.385488753726404E-4
4.380852231071777E-4
4.3762236923154994E-4
4.3716031419961427E-4
4.366990584509665E-4
4.3623860241095357E-4
4.3577894649068075E-4
4.3532009108702095E-4
4.348620365826251E-4
4.3440478334593065E-4
4.339483317311722E-4
4.334926820783886E-4
4.330378347134341E-4
4.325837899479869E-4
4.321305480795572E-4
4.3167810939149923E-4
4.3122647415301806E-4
4.3077564261917895E-4
4.30325615030918E-4
4.298763916150502E-4
4.2942797258427816E-4
4.2898035813720254E-4
4.2853354845833017E-4
4.2808754371808353E-4
4.2764234407280974E-4
4.271979496647897E-4
4.267543606222476E-4
4.2631157705935903E-4
4.258695990762608E-4
4.254284267590593E-4
4.249880601798414E-4
4.2454849939668163E-4
4.24109744453651E-4
4.236717953808272E-4
4.2323465219430315E-4
4.2279831489619755E-4
4.223627834746601E-4
4.2192805790388505E-4
4.2149413814411573E-4
4.210610241416586E-4
4.206287158288881E-4
4.2019721312425715E-4
4.197665159323062E-4
4.193366241436723E-4
4.189075376350991E-4
4.1847925626944303E-4
4.180517798956855E-4
4.176251083489397E-4
4.171992414504607E-4
4.167741790076539E-4
4.1634992081408557E-4
4.159264666494897E-4
4.155038162797785E-4
4.1508196945705086E-4
4.146609259196009E-4
4.142406853919292E-4
4.138212475847492E-4
4.134026121949977E-4
4.1298477890584377E-4
4.125677473866982E-4
4.121515172932207E-4
4.11736088267333E-4
4.1132145993722305E-4
4.1090763191735814E-4
4.104946038084915E-4
4.1008237519767315E-4
4.0967094565825813E-4
4.0926031474991525E-4
4.088504820186382E-4
4.084414469967531E-4
4.080332092029279E-4
4.0762576814218257E-4
4.072191233058966E-4
4.0681327417182024E-4
4.064082202040832E-4
4.0600396085320326E-4
4.0560049555609653E-4
4.051978237360863E-4
4.04795944802912E-4
4.043948581527404E-4
4.03994563168172E-4
4.035950592182544E-4
4.031963456584883E-4
4.027984218308389E-4
4.0240128706374494E-4
4.0200494067212783E-4
4.0160938195740265E-4
4.012146102074857E-4
4.008206246968066E-4
4.004274246863153E-4
4.000350094234942E-4
3.996433781423667E-4
3.9925253006350655E-4
3.988624643940485E-4
3.984731803276985E-4
3.9808467704474226E-4
3.976969537120565E-4
3.9731000948311856E-4
3.9692384349801485E-4
3.965384548834535E-4
3.9615384275277317E-4
3.957700062059531E-4
3.953869443296228E-4
3.9500465619707353E-4
3.9462314086826804E-4
3.9424239738984987E-4
3.938624247951546E-4
3.9348322210422187E-4
3.9310478832380264E-4
3.9272712244737103E-4
3.9235022345513636E-4
3.919740903140519E-4
3.9159872197782627E-4
3.912241173869333E-4
3.908502754686253E-4
3.904771951369402E-4
3.9010487529271494E-4
3.897333148235967E-4
3.893625126040527E-4
3.889924674953811E-4
3.8862317834572284E-4
3.882546439900737E-4
3.878868632502933E-4
3.8751983493511883E-4
3.871535578401742E-4
3.8678803074798364E-4
3.864232524279819E-4
3.8605922163652723E-4
3.8569593711690965E-4
3.853333975993678E-4
3.849716018010967E-4
3.846105484262622E-4
3.8425023616601105E-4
3.8389066369848345E-4
3.835318296888274E-4
3.83173732789208E-4
3.828163716388211E-4
3.8245974486390523E-4
3.821038510777554E-4
3.817486888807343E-4
3.8139425686028577E-4
3.8104055359094687E-4
3.8068757763436135E-4
3.8033532753929374E-4
3.799838018416387E-4
3.7963299906443846E-4
3.7928291771789375E-4
3.789335562993773E-4
3.7858491329344874E-4
3.782369871718676E-4
3.778897763936032E-4
3.775432794048561E-4
3.771974946390654E-4
3.76852420516925E-4
3.765080554463981E-4
3.7616439782273164E-4
3.7582144602846956E-4
3.7547919843346797E-4
3.7513765339491147E-4
3.7479680925732803E-4
3.744566643526096E-4
3.7411721700004536E-4
3.7377846550638063E-4
3.7344040816596435E-4
3.7310304326113156E-4
3.7276636906320655E-4
3.7243038383515575E-4
3.720950858384669E-4
3.717604733506719E-4
3.7142654470902507E-4
3.7109329841698965E-4
3.7076073339788575E-4
3.704288495847379E-4
3.700976492582723E-4
3.697671400048888E-4
3.694373410835378E-4
3.69108296754135E-4
3.6878010338023084E-4
3.684529628871213E-4
3.681272848727281E-4
3.678038751246774E-4
3.674842712396844E-4
3.6717131717912754E-4
3.6687010571598923E-4
3.665894527837158E-4
3.663440832352936E-4
3.661576735729507E-4
3.6606677200790375E-4
3.66125354128106E-4
3.664093441522824E-4
3.670198578335406E-4
3.680833151696281E-4
3.6974616189041834E-4
3.721620699101097E-4
3.7547052057316377E-4
3.7976781309607846E-4
3.8507459205559E-4
3.9130718286215367E-4
3.9826204756343965E-4
4.05622044929821E-4
4.1298897212026914E-4
4.1993949996934796E-4
4.2609324089265196E-4
4.311757019837668E-4
4.350584742884986E-4
4.377653708335009E-4
4.3944437812699856E-4
4.403166233322842E-4
4.406200633291467E-4
4.4056459482076974E-4
4.403079523696261E-4
4.399523365689299E-4
4.395548278093996E-4
4.391426812148638E-4
4.387268497310568E-4
4.3831094705265475E-4
4.3789591457181E-4
4.3748193331150494E-4
4.370690250767675E-4
4.366571897860202E-4
4.362464258640129E-4
4.3583673172483507E-4
4.354281057719273E-4
4.350205463980943E-4
4.3461405198551805E-4
4.3420862090576767E-4
4.338042515198124E-4
4.3340094217803586E-4
4.32998691220243E-4
4.3259749697567427E-4
4.321973577630178E-4
4.3179827189041866E-4
4.314002376554915E-4
4.310032533453303E-4
4.3060731723652037E-4
4.3021242759514817E-4
4.29818582676812E-4
4.294257807266333E-4
4.2903401997926673E-4
4.286432986589097E-4
4.282536149793125E-4
4.2786496714379E-4
4.2747735334522894E-4
4.2709077176610006E-4
4.2670522057846585E-4
4.26320697943992E-4
4.2593720201395524E-4
4.255547309292536E-4
4.2517328282041535E-4
4.247928558076078E-4
4.2441344800064754E-4
4.2403505749900796E-4
4.236576823918292E-4
4.232813207579263E-4
4.2290597066579953E-4
4.2253163017364376E-4
4.221582973293578E-4
4.217859701705556E-4
4.214146467245753E-4
4.21044325008491E-4
4.2067500302912255E-4
4.203066787830481E-4
4.1993935025661373E-4
4.19573015425945E-4
4.192076722569602E-4
4.188433187053801E-4
4.1847995271674016E-4
4.181175722264041E-4
4.177561751595754E-4
4.173957594313094E-4
4.1703632294652545E-4
4.166778636000214E-4
4.1632037927648465E-4
4.1596386785050575E-4
4.156083271865926E-4
4.152537551391815E-4
4.149001495526528E-4
4.145475082613419E-4
4.141958290895557E-4
4.1384510985158327E-4
4.1349534835171244E-4
4.1314654238424123E-4
4.127986897334937E-4
4.124517881738331E-4
4.1210583546967604E-4
4.117608293755064E-4
4.1141676763588997E-4
4.1107364798548913E-4
4.1073146814907626E-4
4.103902258415493E-4
4.100499187679449E-4
4.097105446234549E-4
4.093721010934389E-4
4.090345858534406E-4
4.0869799656920186E-4
4.083623308966773E-4
4.0802758648204857E-4
4.0769376096174055E-4
4.073608519624361E-4
4.0702885710108903E-4
4.066977739849419E-4
4.0636760021153817E-4
4.0603833336873984E-4
4.057099710347405E-4
4.053825107780821E-4
4.0505595015766753E-4
4.047302867227783E-4
4.0440551801308944E-4
4.04081641558682E-4
4.037586548800622E-4
4.034365554881732E-4
4.031153408844122E-4
4.027950085606443E-4
4.024755559992196E-4
4.021569806729869E-4
4.0183928004531005E-4
4.015224515700819E-4
4.012064926917408E-4
4.00891400845285E-4
4.005771734562895E-4
4.0026380794092004E-4
3.9995130170594826E-4
3.9963965214876714E-4
3.993288566574083E-4
3.9901891261055506E-4
3.987098173775584E-4
3.984015683184531E-4
3.980941627839731E-4
3.9778759811556535E-4
3.97481871645408E-4
3.971769806964228E-4
3.9687292258229397E-4
3.965696946074805E-4
3.9626729406723276E-4
3.959657182476105E-4
3.9566496442549357E-4
3.9536502986860244E-4
3.950659118355102E-4
3.947676075756606E-4
3.9447011432938126E-4
3.9417342932790173E-4
3.9387754979336887E-4
3.935824729388606E-4
3.932881959684038E-4
3.929947160769892E-4
3.927020304505864E-4
3.9241013626616225E-4
3.921190306916942E-4
3.9182871088618704E-4
3.915391739996898E-4
3.912504171733097E-4
3.9096243753923104E-4
3.9067523222072854E-4
3.903887983321853E-4
3.9010313297910786E-4
3.898182332581438E-4
3.895340962570966E-4
3.8925071905494303E-4
3.889680987218477E-4
3.886862323191842E-4
3.8840511689954514E-4
3.8812474950676313E-4
3.878451271759276E-4
3.8756624693339837E-4
3.8728810579682606E-4
3.8701070077516584E-4
3.86734028868696E-4
3.8645808706903634E-4
3.8618287235916293E-4
3.8590838171342445E-4
3.856346120975643E-4
3.8536156046873167E-4
3.85089223775504E-4
3.848175989579026E-4
3.8454668294740993E-4
3.8427647266698776E-4
3.840069650310964E-4
3.8373815694570996E-4
3.8347004530833555E-4
3.832026270080329E-4
3.8293589892543105E-4
3.8266985793274696E-4
3.824045008938048E-4
3.821398246640535E-4
3.8187582609058634E-4
3.816125020121599E-4
3.813498492592127E-4
3.810878646538841E-4
3.8082654501003473E-4
3.805658871332645E-4
3.803058878209338E-4
3.8004654386218173E-4
3.797878520379467E-4
3.795298091209865E-4
3.7927241187589867E-4
3.790156570591401E-4
3.7875954141904826E-4
3.785040616958616E-4
3.7824921462174035E-4
3.779949969207884E-4
3.777414053090729E-4
3.774884364946472E-4
3.772360871775711E-4
3.7698435404993306E-4
3.7673323379587364E-4
3.7648272309160437E-4
3.762328186054337E-4
3.759835169977868E-4
3.7573481492122904E-4
3.754867090204897E-4
3.752391959324841E-4
3.749922722863376E-4
3.7474593470340886E-4
3.7450017979731294E-4
3.7425500417394725E-4
3.740104044315136E-4
3.7376637716054345E-4
3.7352291894392203E-4
3.732800263569155E-4
3.730376959671924E-4
3.727959243348528E-4
3.725547080124505E-4
3.723140435450215E-4
3.720739274701088E-4
3.718343563177884E-4
3.715953266106976E-4
3.7135683486405944E-4
3.711188775857125E-4
3.70881451276136E-4
3.7064455242847904E-4
3.70408177528587E-4
3.701723230550314E-4
3.699369854791369E-4
3.6970216126501156E-4
3.6946784686957425E-4
3.692340387425866E-4
3.6900073332668206E-4
3.6876792705740034E-4
3.6853561636323017E-4
3.683037976656768E-4
3.6807246737939153E-4
3.678416219124891E-4
3.67611257667351E-4
3.673813710427214E-4
3.6715195843913055E-4
3.6692301627268937E-4
3.6669454100944605E-4
3.6646652924903655E-4
3.6623897792350797E-4
3.6601188475834413E-4
3.657852493144135E-4
3.655590752813624E-4
3.653333753889687E-4
3.6510818162934714E-4
3.648835659089771E-4
3.646596804889914E-4
3.644368346046454E-4
3.6421563462454615E-4
3.639972309619853E-4
3.637837356117568E-4
3.6357889711153115E-4
3.6338913779540073E-4
3.6322505739413757E-4
3.631034651046039E-4
3.6304989073673735E-4
3.631013180996805E-4
3.633085733489072E-4
3.637374250369159E-4
3.64467118639281E-4
3.655849630028255E-4
3.671759440152442E-4
3.6930735396824505E-4
3.720100997900159E-4
3.7526036371375007E-4
3.789669268548148E-4
3.8296978857395563E-4
3.870539448345599E-4
3.9097824197458213E-4
3.945140878608166E-4
3.9748443921279784E-4
3.997920651472244E-4
4.0142883321415463E-4
4.024640089137687E-4
4.030167570595803E-4
4.032229414495435E-4
4.03206783426526E-4
4.030641438314531E-4
4.0285848074317414E-4
4.026258891977564E-4
4.0238388189096545E-4
4.0213959724656615E-4
4.0189541987324006E-4
4.0165197674207534E-4
4.014093878697934E-4
4.0116766581307694E-4
4.009268081931515E-4
4.006868116036829E-4
4.004476726333355E-4
4.0020938786575476E-4
3.9997195387954723E-4
3.9973536724826556E-4
3.994996245403885E-4
3.992647223193068E-4
3.990306571433039E-4
3.9879742556553837E-4
3.985650241340294E-4
3.9833344939163703E-4
3.981026978760487E-4
3.978727661197591E-4
3.976436506500581E-4
3.974153479890108E-4
3.971878546534438E-4
3.969611671549286E-4
3.9673528199976566E-4
3.965101956889698E-4
3.9628590471825443E-4
3.96062405578015E-4
3.95839694753317E-4
3.956177687238791E-4
3.9539662396405795E-4
3.951762569428368E-4
3.949566641238072E-4
3.947378419651588E-4
3.9451978691966444E-4
3.943024954346642E-4
3.9408596395205497E-4
3.938701889082771E-4
3.936551667343002E-4
3.934408938557114E-4
3.9322736669280184E-4
3.9301458166064973E-4
3.928025351692014E-4
3.925912236233492E-4
3.9238064342301073E-4
3.9217079096320016E-4
3.919616626341039E-4
3.9175325482114737E-4
3.9154556390506715E-4
3.913385862619738E-4
3.911323182634184E-4
3.909267562764547E-4
3.907218966636988E-4
3.9051773578338745E-4
3.9031426998943684E-4
3.901114956314945E-4
3.8990940905499666E-4
3.8970800660121676E-4
3.895072846073162E-4
3.8930723940639253E-4
3.8910786732752634E-4
3.889091646958256E-4
3.8871112783247103E-4
3.885137530547555E-4
3.883170366761263E-4
3.881209750062236E-4
3.8792556435091806E-4
3.8773080101234774E-4
3.875366812889524E-4
3.873432014755066E-4
3.8715035786315323E-4
3.869581467394348E-4
3.8676656438832056E-4
3.865756070902384E-4
3.863852711221003E-4
3.8619555275732996E-4
3.8600644826588594E-4
3.8581795391428735E-4
3.856300659656383E-4
3.8544278067964615E-4
3.852560943126455E-4
3.8507000311761863E-4
3.8488450334421087E-4
3.8469959123875377E-4
3.84515263044279E-4
3.843315150005366E-4
3.8414834334400796E-4
3.8396574430792454E-4
3.8378371412227944E-4
3.8360224901384083E-4
3.8342134520616454E-4
3.832409989196069E-4
3.830612063713348E-4
3.82881963775336E-4
3.827032673424313E-4
3.825251132802807E-4
3.8234749779339315E-4
3.8217041708313575E-4
3.8199386734774046E-4
3.8181784478231117E-4
3.8164234557882897E-4
3.814673659261617E-4
3.8129290201006666E-4
3.811189500131961E-4
3.8094550611510235E-4
3.807725664922435E-4
3.8060012731798583E-4
3.8042818476260754E-4
3.802567349933041E-4
3.800857741741876E-4
3.799152984662937E-4
3.797453040275826E-4
3.795757870129404E-4
3.7940674357418144E-4
3.7923816986005094E-4
3.7907006201622675E-4
3.789024161853208E-4
3.7873522850687916E-4
3.785684951173856E-4
3.784022121502605E-4
3.782363757358631E-4
3.780709820014934E-4
3.779060270713901E-4
3.7774150706673524E-4
3.77577418105652E-4
3.77413756303207E-4
3.7725051777141145E-4
3.7708769861922114E-4
3.769252949525383E-4
3.767633028742108E-4
3.766017184840364E-4
3.764405378787605E-4
3.762797571520793E-4
3.761193723946412E-4
3.759593796940482E-4
3.757997751348566E-4
3.7564055479858E-4
3.7548171476369104E-4
3.753232511056235E-4
3.7516515989677367E-4
3.750074372065062E-4
3.748500791011525E-4
3.7469308164401755E-4
3.745364408953816E-4
3.7438015291250373E-4
3.7422421374962703E-4
3.740686194579815E-4
3.7391336608578833E-4
3.7375844967826665E-4
3.736038662776367E-4
3.7344961192312744E-4
3.7329568265097985E-4
3.7314207449445593E-4
3.7298878348384284E-4
3.7283580564646183E-4
3.726831370066749E-4
3.7253077358589276E-4
3.723787114025832E-4
3.722269464722795E-4
3.7207547480758965E-4
3.7192429241820595E-4
3.7177339531091545E-4
3.716227794896102E-4
3.7147244095529796E-4
3.7132237570611427E-4
3.7117257973733395E-4
3.710230490413841E-4
3.7087377960785665E-4
3.707247674235218E-4
3.7057600847234296E-4
3.7042749873548997E-4
3.70279234191356E-4
3.7013121081557203E-4
3.699834245810223E-4
3.6983587145786415E-4
3.6968854741354295E-4
3.695414484128096E-4
3.69394570417742E-4
3.6924790938776166E-4
3.6910146127965373E-4
3.6895522204759057E-4
3.6880918764314733E-4
3.686633540153285E-4
3.685177171105877E-4
3.683722728728511E-4
3.682270172435414E-4
3.6808194616160184E-4
3.6793705556352127E-4
3.6779234138335933E-4
3.6764779955277254E-4
3.675034260010408E-4
3.6735921665509723E-4
3.6721516743955284E-4
3.6707127427672867E-4
3.6692753308668354E-4
3.667839397872456E-4
3.666404902940404E-4
3.6649718052052623E-4
3.663540063780265E-4
3.6621096377575837E-4
3.660680486208712E-4
3.659252568184797E-4
3.657825842716974E-4
3.6564002688167525E-4
3.654975805476369E-4
3.6535524116691607E-4
3.652130046349951E-4
3.650708668455443E-4
3.6492882369045947E-4
3.647868710599052E-4
3.646450048423538E-4
3.645032209246282E-4
3.643615151919434E-4
3.6421988352795153E-4
3.6407832181478434E-4
3.6393682593309815E-4
3.637953917621216E-4
3.636540151796983E-4
3.635126920623375E-4
3.6337141828525927E-4
3.6323018972244455E-4
3.630890022466838E-4
3.62947851729629E-4
3.6280673404184285E-4
3.6266564505285615E-4
3.6252458063122667E-4
3.6238353664461707E-4
3.622425089599175E-4
3.621014934434842E-4
3.619604859616877E-4
3.6181948238224714E-4
3.616784785775364E-4
3.615374704326707E-4
3.613964538649446E-4
3.6125542486944995E-4
3.6111437962350077E-4
3.6097331471949965E-4
3.6083222767056096E-4
3.6069111797893284E-4
3.6054998933210327E-4
3.604088539917508E-4
3.602677413172403E-4
3.6012671383949283E-4
3.5998589666867177E-4
3.598455296234425E-4
3.597060566042361E-4
3.5956827342200964E-4
3.5943356288184567E-4
3.5930425243373024E-4
3.59184131040166E-4
3.590791511550054E-4
3.589983092185221E-4
3.589546334360734E-4
3.589661046709539E-4
3.590562018106925E-4
3.5925362730230783E-4
3.595906930391861E-4
3.6009991889002804E-4
3.608087025739012E-4
3.6173249433463E-4
3.6286767111959935E-4
3.641860156993912E-4
3.6563300613728586E-4
3.6713166073031246E-4
3.6859233524771045E-4
3.6992691419978653E-4
3.7106398449856555E-4
3.719607161479003E-4
3.726079099305695E-4
3.730269090727736E-4
3.7325991573811665E-4
3.733574104410669E-4
3.7336686251061477E-4
3.733256517829605E-4
3.7325892517253164E-4
3.73181182078891E-4
3.730995408959747E-4
3.730169331083556E-4
3.7293434606612124E-4
3.728520400338546E-4
3.727700634205051E-4
3.726884193111704E-4
3.7260710443501446E-4
3.7252611507653514E-4
3.7244544751377696E-4
3.7236509801832446E-4
3.722850628552938E-4
3.722053382833286E-4
3.7212592055459095E-4
3.720468059147623E-4
3.7196799060303516E-4
3.718894708521122E-4
3.718112428882059E-4
3.717333029310336E-4
3.716556471938204E-4
3.715782718832988E-4
3.715011731997107E-4
3.7142434733680914E-4
3.7134779048186015E-4
3.71271498815651E-4
3.7119546851248933E-4
3.711196957402141E-4
3.710441766601993E-4
3.7096890742736155E-4
3.708938841901701E-4
3.708191030906538E-4
3.707445602644126E-4
3.706702518406274E-4
3.7059617394207364E-4
3.705223226851316E-4
3.704486941798015E-4
3.703752845297171E-4
3.7030208983216003E-4
3.7022910617807834E-4
3.7015632967990155E-4
3.7008375647094724E-4
3.7001138270483864E-4
3.699392045549252E-4
3.698672182137176E-4
3.6979541989232395E-4
3.697238058199E-4
3.6965237224310515E-4
3.6958111542556734E-4
3.6951003164735296E-4
3.694391172044481E-4
3.693683684082476E-4
3.69297781585049E-4
3.6922735307555715E-4
3.691570792343943E-4
3.690869564296205E-4
3.690169810422568E-4
3.689471494658226E-4
3.6887745810587505E-4
3.6880790337955754E-4
3.687384817151566E-4
3.686691895516646E-4
3.686000233383501E-4
3.6853097953433504E-4
3.6846205460818143E-4
3.6839324503748185E-4
3.683245473084565E-4
3.6825595791556187E-4
3.681874733611042E-4
3.681190901548542E-4
3.6805080481367857E-4
3.67982613861168E-4
3.679145138272828E-4
3.6784650124799484E-4
3.677785726649415E-4
3.677107246250854E-4
3.676429536803808E-4
3.675752563874442E-4
3.675076293072357E-4
3.6744006900474156E-4
3.6737257204866737E-4
3.673051350111331E-4
3.6723775446738025E-4
3.671704269954788E-4
3.671031491760436E-4
3.670359175919565E-4
3.6696872882809506E-4
3.669015794710639E-4
3.668344661089362E-4
3.6676738533099876E-4
3.667003337275034E-4
3.666333078894222E-4
3.6656630440821145E-4
3.664993198755796E-4
3.6643235088326014E-4
3.663653940227923E-4
3.6629844588530446E-4
3.6623150306130335E-4
3.661645621404734E-4
3.6609761971147264E-4
3.660306723617418E-4
3.6596371667731446E-4
3.658967492426341E-4
3.6582976664037577E-4
3.657627654512718E-4
3.656957422539454E-4
3.6562869362474597E-4
3.6556161613759123E-4
3.6549450636381357E-4
3.6542736087201216E-4
3.6536017622790966E-4
3.652929489942111E-4
3.6522567573047304E-4
3.6515835299297147E-4
3.6509097733457817E-4
3.6502354530464136E-4
3.649560534488665E-4
3.648884983092097E-4
3.6482087642376735E-4
3.6475318432667686E-4
3.6468541854801727E-4
3.64617575613714E-4
3.645496520454549E-4
3.644816443605987E-4
3.64413549072099E-4
3.6434536268842706E-4
3.6427708171349647E-4
3.6420870264659757E-4
3.641402219823333E-4
3.6407163621055753E-4
3.6400294181631915E-4
3.6393413527980987E-4
3.6386521307631603E-4
3.6379617167617355E-4
3.637270075447258E-4
3.6365771714229014E-4
3.635882969241212E-4
3.6351874334038253E-4
3.634490528361207E-4
3.633792218512427E-4
3.6330924682049625E-4
3.6323912417345647E-4
3.6316885033451307E-4
3.6309842172286107E-4
3.630278347524976E-4
3.6295708583222014E-4
3.6288617136562637E-4
3.628150877511217E-4
3.6274383138192685E-4
3.6267239864608936E-4
3.6260078592649866E-4
3.6252898960090343E-4
3.6245700604193334E-4
3.62384831617123E-4
3.6231246268893984E-4
3.622398956148131E-4
3.621671267471689E-4
3.620941524334648E-4
3.620209690162297E-4
3.6194757283310565E-4
3.618739602168933E-4
3.618001274955976E-4
3.617260709924814E-4
3.616517870261155E-4
3.615772719104362E-4
3.6150252195480244E-4
3.614275334640596E-4
3.6135230273860036E-4
3.6127682607443303E-4
3.6120109976324905E-4
3.6112512009249396E-4
3.610488833454444E-4
3.6097238580128E-4
3.608956237351653E-4
3.6081859341832874E-4
3.607412911181478E-4
3.606637130982341E-4
3.6058585561851974E-4
3.6050771493534886E-4
3.604292873015721E-4
3.6035056896663634E-4
3.602715561766859E-4
3.6019224517465945E-4
3.6011263220039105E-4
3.600327134907129E-4
3.599524852795605E-4
3.598719437980813E-4
3.5979108527474146E-4
3.5970990593543734E-4
3.596284020036093E-4
3.595465697003557E-4
3.5946440524454884E-4
3.593819048529552E-4
3.5929906474035304E-4
3.592158811196573E-4
3.5913235020203986E-4
3.5904846819705865E-4
3.5896423131278124E-4
3.5887963575591687E-4
3.587946777319431E-4
3.5870935344524114E-4
3.586236590992264E-4
3.585375908964868E-4
3.5845114503891564E-4
3.58364317727852E-4
3.5827710516422016E-4
3.5818950354866936E-4
3.581015090817152E-4
3.580131179638875E-4
3.5792432639587097E-4
3.5783513057865285E-4
3.5774552671367124E-4
3.576555110029644E-4
3.575650796493183E-4
3.5747422885642143E-4
3.573829548290139E-4
3.572912537730448E-4
3.57199121895824E-4
3.5710655540618E-4
3.57013550514616E-4
3.56920103433469E-4
3.568262103770681E-4
3.567318675618945E-4
3.5663707120674496E-4
3.565418175328917E-4
3.564461027642489E-4
3.563499231275401E-4
3.562532748524756E-4
3.5615615417195054E-4
3.5605855732230763E-4
3.5596048054374987E-4
3.558619200811629E-4
3.5576287218594405E-4
3.556633331202939E-4
3.555632991673255E-4
3.554627666545325E-4
3.553617320069578E-4
3.552601918642715E-4
3.551581433307144E-4
3.550555844914945E-4
3.54952515443731E-4
3.5484894028210934E-4
3.547448707825668E-4
3.546403329726137E-4
3.545353783761695E-4
3.544301024388062E-4
3.5432467335918817E-4
3.542193750465516E-4
3.541146678521161E-4
3.540112696832459E-4
3.5391025775563696E-4
3.538131874248638E-4
3.5372221941439464E-4
3.536402406970737E-4
3.5357095760714835E-4
3.5351893239322354E-4
3.534895260112472E-4
3.534887009336738E-4
3.535226315457066E-4
3.535970750075128E-4
3.537164860258068E-4
3.5388292788006664E-4
3.540949397702353E-4
3.543466414837943E-4
3.546274343616329E-4
3.549226219073725E-4
3.552150776577277E-4
3.5548775521845205E-4
3.5572647875281734E-4
3.559222414459784E-4
3.5607231491655765E-4
3.5617984991958646E-4
3.562521814730107E-4
3.5629849330941866E-4
3.56327638452975E-4
3.56346709004025E-4
3.5636053996309405E-4
3.563719493934568E-4
3.56382332741485E-4
3.563922677296029E-4
3.564019482263841E-4
3.564114231901548E-4
3.564206990001678E-4
3.564297728523918E-4
3.564386406395927E-4
3.564472981556947E-4
3.5645574118579193E-4
3.5646396550629346E-4
3.564719668850716E-4
3.5647974108160893E-4
3.564872838471473E-4
3.564945909248377E-4
3.565016580498891E-4
3.5650848094972E-4
3.565150553441109E-4
3.565213769453561E-4
3.5652744145841516E-4
3.56533244581071E-4
3.5653878200407835E-4
3.56544049411326E-4
3.565490424799862E-4
3.565537568806767E-4
3.565581882776138E-4
3.565623323287729E-4
3.5656618468604597E-4
3.5656974099540007E-4
3.5657299689703886E-4
3.5657594802556146E-4
3.5657859001012325E-4
3.565809184745984E-4
3.565829290377415E-4
3.565846173133501E-4
3.5658597891042736E-4
3.5658700943334604E-4
3.565877044820138E-4
3.5658806732530486E-4
3.5658810108744817E-4
3.5658780874967276E-4
3.565871931518493E-4
3.565862569941202E-4
3.5658500283851797E-4
3.565834331105764E-4
3.565815501009315E-4
3.5657935596691E-4
3.565768527341139E-4
3.5657404229798913E-4
3.5657092642538905E-4
3.5656750675612704E-4
3.5656378480451733E-4
3.5655976196091217E-4
3.565554394932234E-4
3.5655081854843554E-4
3.5654590015411574E-4
3.565406852199062E-4
3.5653517453901107E-4
3.5652936878967525E-4
3.5652326853665274E-4
3.565168742326632E-4
3.565101862198444E-4
3.5650320473119205E-4
3.564959298919916E-4
3.564883617212398E-4
3.5648050013306013E-4
3.564723449381044E-4
3.5646389584495253E-4
3.5645515246149584E-4
3.564461142963161E-4
3.564367807600545E-4
3.5642715116677043E-4
3.5641722473529535E-4
3.564070005905733E-4
3.563964777649962E-4
3.5638565519972734E-4
3.5637453174601843E-4
3.563631061665177E-4
3.5635137713657027E-4
3.563393432455064E-4
3.563270029979262E-4
3.5631435481497123E-4
3.563013970355902E-4
3.562881279177976E-4
3.562745456399192E-4
3.5626064830183323E-4
3.562464339262036E-4
3.562319004596998E-4
3.5621704577421567E-4
3.562018676680745E-4
3.5618636386722697E-4
3.561705320264424E-4
3.561543697304908E-4
3.5613787449531814E-4
3.5612104376921155E-4
3.5610387493395637E-4
3.560863653059881E-4
3.560685121375332E-4
3.560503126177435E-4
3.560317638738225E-4
3.560128629721429E-4
3.559936069193576E-4
3.5597399266350276E-4
3.559540170950921E-4
3.559336770482034E-4
3.5591296930155786E-4
3.5589189057959195E-4
3.558704375535215E-4
3.5584860684239705E-4
3.5582639501415355E-4
3.5580379858665017E-4
3.557808140287038E-4
3.5575743776111653E-4
3.557336661576919E-4
3.5570949554624743E-4
3.556849222096173E-4
3.5565994238664775E-4
3.5563455227318846E-4
3.5560874802307E-4
3.555825257490807E-4
3.5555588152393227E-4
3.555288113812209E-4
3.555013113163767E-4
3.554733772876107E-4
3.5544500521685166E-4
3.5541619099067835E-4
3.553869304612414E-4
3.5535721944718096E-4
3.553270537345349E-4
3.552964290776435E-4
3.5526534120004224E-4
3.5523378579535244E-4
3.5520175852816143E-4
3.551692550348974E-4
3.551362709246985E-4
3.551028017802706E-4
3.5506884315874594E-4
3.550343905925265E-4
3.5499943959012466E-4
3.549639856370004E-4
3.5492802419638455E-4
3.548915507101012E-4
3.548545605993814E-4
3.5481704926566864E-4
3.547790120914212E-4
3.547404444409058E-4
3.547013416609837E-4
3.5466169908189294E-4
3.5462151201802125E-4
3.5458077576867636E-4
3.545394856188445E-4
3.544976368399484E-4
3.5445522469059344E-4
3.5441224441731177E-4
3.543686912552977E-4
3.5432456042913804E-4
3.542798471535337E-4
3.542345466340198E-4
3.541886540676741E-4
3.5414216464382407E-4
3.54095073544743E-4
3.540473759463458E-4
3.539990670188725E-4
3.5395014192757E-4
3.539005958333665E-4
3.538504238935389E-4
3.537996212623771E-4
3.537481830918371E-4
3.5369610453219515E-4
3.536433807326889E-4
3.535900068421596E-4
3.535359780096798E-4
3.534812893851853E-4
3.534259361200933E-4
3.533699133679187E-4
3.5331321628488416E-4
3.532558400305213E-4
3.5319777976827217E-4
3.5313903066607963E-4
3.5307958789697444E-4
3.5301944663965776E-4
3.529586020790746E-4
3.5289704940698417E-4
3.528347838225257E-4
3.5277180053277607E-4
3.527080947533039E-4
3.5264366170871623E-4
3.525784966332024E-4
3.525125947710707E-4
3.524459513772787E-4
3.5237856171796157E-4
3.523104210709519E-4
3.522415247262939E-4
3.521718679867571E-4
3.5210144616833845E-4
3.5203025460076124E-4
3.519582886279745E-4
3.5188554360863654E-4
3.518120149166024E-4
3.51737697941403E-4
3.516625880887164E-4
3.5158668078084E-4
3.5150997145715106E-4
3.514324555745673E-4
3.5135412860799997E-4
3.5127498605080286E-4
3.511950234152138E-4
3.5111423623279583E-4
3.5103262005487115E-4
3.509501704529477E-4
3.5086688301914443E-4
3.5078275336661036E-4
3.5069777712993757E-4
3.5061194996557324E-4
3.505252675522215E-4
3.504377255912444E-4
3.50349319807058E-4
3.5026004594752115E-4
3.501698997843217E-4
3.500788771133589E-4
3.4998697375511766E-4
3.498941855550409E-4
3.4980050838389763E-4
3.497059381381468E-4
3.4961047074029536E-4
3.495141021392592E-4
3.494168283107282E-4
3.4931864525755696E-4
3.492195490102382E-4
3.4911953562758314E-4
3.490186011979611E-4
3.489167418419346E-4
3.4881395371828486E-4
3.487102330380306E-4
3.486055760967024E-4
3.4849997934696144E-4
3.4839343955738735E-4
3.4828595414878796E-4
3.481775218826084E-4
3.4806814421991074E-4
3.479578279029978E-4
3.4784658966304844E-4
3.477344644359854E-4
3.4762151903513063E-4
3.475078737464061E-4
3.4739373449604253E-4
3.4727943763478896E-4
3.4716550740522263E-4
3.470527222893916E-4
3.4694218056832655E-4
3.468353483505947E-4
3.46734067122971E-4
3.4664049588692316E-4
3.4655696894818594E-4
3.4648576685868614E-4
3.464288236819832E-4
3.4638742223924593E-4
3.463619492367389E-4
3.463517822978934E-4
3.4635535444436005E-4
3.463703930551221E-4
3.463942763730077E-4
3.4642441374838914E-4
3.4645855316777483E-4
3.464949527945428E-4
3.465324062385003E-4
3.465701590704527E-4
3.4660777693550234E-4
3.4664501929338457E-4
3.466817484225277E-4
3.467178777081102E-4
3.467533480864313E-4
3.4678811870754586E-4
3.4682216231649964E-4
3.468554614178635E-4
3.4688800469116906E-4
3.4691978414721206E-4
3.469507933034758E-4
3.4698102624098085E-4
3.4701047721597466E-4
3.4703914053638683E-4
3.470670105332868E-4
3.470940815567785E-4
3.471203479759504E-4
3.471458041791438E-4
3.4717044457422455E-4
3.4719426358884806E-4
3.4721725567072405E-4
3.4723941528788026E-4
3.472607369289195E-4
3.472812151032792E-4
3.473008443414842E-4
3.473196191954021E-4
3.473375342384916E-4
3.473545840660495E-4
3.4737076329546075E-4
3.4738606656643697E-4
3.4740048854125995E-4
3.4741402390502113E-4
3.4742666736585595E-4
3.4743841365518003E-4
3.4744925752792027E-4
3.4745919376274624E-4
3.474682171622945E-4
3.474763225533966E-4
3.4748350478730207E-4
3.4748975873989706E-4
3.4749507931192516E-4
3.4749946142920347E-4
3.475029000428361E-4
3.475053901294267E-4
3.475069266912882E-4
3.4750750475665015E-4
3.475092372845823E-4
3.4751208833417793E-4
3.4751602226389095E-4
3.4752100373010953E-4
3.4752699768573694E-4
3.4753396937877416E-4
3.4754188435090944E-4
3.4755070843610835E-4
3.4756040775921155E-4
3.4757094873453696E-4
3.4758229806448E-4
3.475944227381283E-4
3.476072900298703E-4
3.4762086749801665E-4
3.476351229834195E-4
3.476500246080981E-4
3.4766554077386995E-4
3.4768164016098566E-4
3.476982917267654E-4
3.477154647042434E-4
3.4773312860081286E-4
3.477512531968773E-4
3.477698085445071E-4
3.477887649660965E-4
3.478080930530267E-4
3.4782776366433456E-4
3.4784774792538355E-4
3.47868017226539E-4
3.4788854322184676E-4
3.479092978277188E-4
3.4793025322161917E-4
3.4795138184075687E-4
3.479726563807808E-4
3.4799404979448013E-4
3.4801553529048795E-4
3.480370863319892E-4
3.4805867663543284E-4
3.48080280169248E-4
3.481018711525637E-4
3.4812342405393263E-4
3.481449135900594E-4
3.481663147245318E-4
3.4818760266655817E-4
3.4820875286970584E-4
3.482297410306458E-4
3.4825054308790113E-4
3.4827113522059735E-4
3.482914938472191E-4
3.4831159562437E-4
3.483314174455343E-4
3.483509364398475E-4
3.483701299708658E-4
3.48388975635342E-4
3.4840745126200347E-4
3.4842553491033735E-4
3.4844320486937714E-4
3.4846043965649153E-4
3.484772180161821E-4
3.4849351891888005E-4
3.4850932155974866E-4
3.485246053574903E-4
3.4853934995315763E-4
3.4855353520896475E-4
3.485671412071073E-4
3.485801482485838E-4
3.485925368520199E-4
3.486042877524997E-4
3.4861538190039703E-4
3.486258004602127E-4
3.486355248094153E-4
3.4864453653728623E-4
3.486528174437669E-4
3.486603495383119E-4
3.486671150387428E-4
3.4867309637010897E-4
3.486782761635496E-4
3.486826372551637E-4
3.486861626848769E-4
3.4868883569531746E-4
3.486906397306945E-4
3.4869155843568E-4
3.4869157565429337E-4
3.4869067542879186E-4
3.486888419985613E-4
3.486860597990153E-4
3.4868231346049254E-4
3.486775878071639E-4
3.4867186785593745E-4
3.486651388153701E-4
3.4865738608458313E-4
3.4864859525218E-4
3.486387520951685E-4
3.48627842577887E-4
3.486158528509326E-4
3.4860276925009477E-4
3.485885782952914E-4
3.485732666895098E-4
3.485568213177496E-4
3.4853922924596935E-4
3.4852047772003964E-4
3.485005541646945E-4
3.4847944618249103E-4
3.484571415527712E-4
3.4843362823062495E-4
3.4840889434586194E-4
3.4838292820198023E-4
3.4835571827514364E-4
3.483272532131614E-4
3.482975218344675E-4
3.4826651312711276E-4
3.4823421624774774E-4
3.4820062052062155E-4
3.481657154365747E-4
3.481294906520399E-4
3.4809193598804653E-4
3.48053041429228E-4
3.4801279712282866E-4
3.479711933777231E-4
3.4792822066342883E-4
3.4788386960912934E-4
3.478381310026983E-4
3.4779099578972515E-4
3.4774245507254953E-4
3.4769250010929103E-4
3.476411223128912E-4
3.4758831325015283E-4
3.475340646407848E-4
3.474783683564495E-4
3.4742121641981446E-4
3.473626010036075E-4
3.473025144296742E-4
3.4724094916803986E-4
3.4717789783597327E-4
3.471133531970553E-4
3.470473081602498E-4
3.469797557789791E-4
3.469106892502019E-4
3.4684010191349436E-4
3.467679872501337E-4
3.466943388821871E-4
3.466191505716037E-4
3.46542416219307E-4
3.464641298642955E-4
3.463842856827402E-4
3.463028779870918E-4
3.462199012251856E-4
3.4613534997935563E-4
3.460492189655456E-4
3.4596150303242766E-4
3.458721971605229E-4
3.4578129646132335E-4
3.456887961764215E-4
3.455946916766383E-4
3.45498978461158E-4
3.4540165215666364E-4
3.4530270851647685E-4
3.452021434197004E-4
3.4509995287036564E-4
3.449961329965801E-4
3.4489068004968024E-4
3.447835904033891E-4
3.4467486055297046E-4
3.4456448711439613E-4
3.4445246682350523E-4
3.443387965351772E-4
3.442234732225E-4
3.441064939759457E-4
3.439878560025469E-4
3.438675566250781E-4
3.437455932812388E-4
3.436219635228413E-4
3.434966650149977E-4
3.4336969553531657E-4
3.432410529730957E-4
3.431107353285226E-4
3.4297874071187657E-4
3.4284506734273256E-4
3.4270971354917034E-4
3.425726777669857E-4
3.42433958538904E-4
3.422935545137982E-4
3.4215146444590774E-4
3.420076871940634E-4
3.418622217209117E-4
3.4171506709214654E-4
3.4156622247573886E-4
3.41415687141176E-4
3.412634604586982E-4
3.4110954189855E-4
3.409539310302428E-4
3.407966275218583E-4
3.4063763113945187E-4
3.4047694174671716E-4
3.403145593053147E-4
3.40150483876849E-4
3.3998471562884935E-4
3.398172548501483E-4
3.39648101987701E-4
3.394772577307039E-4
3.393047231955981E-4
3.391305003186254E-4
3.3895459265943393E-4
3.387770069863428E-4
3.3859775628450984E-4
3.384168652340341E-4
3.3823437975603085E-4
3.3805038287234543E-4
3.3786501970806793E-4
3.3767853465449554E-4
3.3749132297450894E-4
3.3730399680497613E-4
3.3711746100244526E-4
3.3693298749077797E-4
3.3675226864146173E-4
3.365774231767758E-4
3.3641092600121927E-4
3.3625544056749686E-4
3.3611355160094214E-4
3.359874257554782E-4
3.3587846053810175E-4
3.357870048336354E-4
3.357122339722604E-4
3.356522312284041E-4
3.3560427138851494E-4
3.3556523980008145E-4
3.355320779881421E-4
3.355021440519037E-4
3.354734142830932E-4
3.3544451337632133E-4
3.3541461570828457E-4
3.3538328697503735E-4
3.3535032918451357E-4
3.353156650011311E-4
3.35279268517028E-4
3.35241131726653E-4
3.3520125155804586E-4
3.3515962599001966E-4
3.3511625320342133E-4
3.350711314599965E-4
3.3502425909357814E-4
3.3497563450969657E-4
3.3492525618519027E-4
3.3487312266782E-4
3.3481923257587987E-4
3.3476358459781316E-4
3.34706177491826E-4
3.346470100855029E-4
3.3458608127542687E-4
3.34523390026795E-4
3.344589353730384E-4
3.343927164154421E-4
3.3432473232276546E-4
3.342549823308662E-4
3.341834657423235E-4
3.341101819260581E-4
3.3403513031696295E-4
3.339583104155249E-4
3.338797217874543E-4
3.3379936406331245E-4
3.337172369381394E-4
3.3363334017108657E-4
3.3354767358504463E-4
3.3346023706627844E-4
3.3337103056405677E-4
3.3328005409028936E-4
3.3318730771916035E-4
3.330927915867642E-4
3.329965058907436E-4
3.328984508899245E-4
3.3279862690395863E-4
3.326970343129611E-4
3.325936735571516E-4
3.3248854513649604E-4
3.3238164961034954E-4
3.3227298759709974E-4
3.327471238302669E-4
3.3321307421111686E-4
3.3367088468470185E-4
3.341206010299075E-4
3.34562268859854E-4
3.349959336223025E-4
3.354216406000569E-4
3.358394349113665E-4
3.362493615103259E-4
3.3665146518727893E-4
3.370457905692162E-4
3.3743238212017776E-4
3.378112841416499E-4
3.381825407729639E-4
3.3854619599169635E-4
3.389022936140647E-4
3.3925087729532366E-4
3.395919905301621E-4
3.399256766531001E-4
3.402519788388804E-4
3.4057094010286605E-4
3.408826033014331E-4
3.4118701113236284E-4
3.414842061352357E-4
3.417742306918214E-4
3.4205712702647375E-4
3.423329372065171E-4
3.4260170314263916E-4
3.428634665892813E-4
3.4311826914502414E-4
3.433661522529792E-4
3.4360715720117504E-4
3.438413251229444E-4
3.4406869699731197E-4
3.4428931364937894E-4
3.4450321575070785E-4
3.4471044381970985E-4
3.4491103822202786E-4
3.4510503917091793E-4
3.4529248672763473E-4
3.4547342080181386E-4
3.4564788115185193E-4
3.458159073852895E-4
3.459775389591898E-4
3.461328151805209E-4
3.46281775206534E-4
3.464244580451416E-4
3.4656090255529644E-4
3.4669114744737066E-4
3.4681523128352965E-4
3.469331924781104E-4
3.47045069297997E-4
3.471508998629962E-4
3.472507221462123E-4
3.473445739744202E-4
3.4743249302843975E-4
3.4751451684350787E-4
3.4759068280965186E-4
3.476610281720608E-4
3.4772559003145627E-4
3.477844053444632E-4
3.4783751092397965E-4
3.478849434395475E-4
3.4792673941771827E-4
3.4796293524242425E-4
3.479935671553458E-4
3.4801867125627606E-4
3.480382835034902E-4
3.4805243971410953E-4
3.480611755644673E-4
3.48064526590474E-4
3.4806252818798044E-4
3.4805521561314225E-4
3.480426239827824E-4
3.4802478827475374E-4
3.480017433282998E-4
3.479735238444187E-4
3.479401643862201E-4
3.4790169937928806E-4
3.478581631120399E-4
3.478095897360838E-4
3.477560132665798E-4
3.4769746758259493E-4
3.476339864274614E-4
3.475656034091341E-4
3.474923520005443E-4
3.4741426553995774E-4
3.473313772313283E-4
3.472437201446518E-4
3.4715132721632047E-4
3.47054231249476E-4
3.4695246491436187E-4
3.4684606074867637E-4
3.467350511579214E-4
3.466194684157575E-4
3.464993446643501E-4
3.463747119147208E-4
3.4624560204709844E-4
3.4611204681126367E-4
3.4597407782690093E-4
3.4583172658394313E-4
3.456850244429202E-4
3.455340026353045E-4
3.4537869226385683E-4
3.4521912430297114E-4
3.45055329599021E-4
3.4488733887070097E-4
3.447151827093718E-4
3.445388915794036E-4
3.443584958185149E-4
3.4417402563812003E-4
3.4398551112366595E-4
3.437929822349744E-4
3.4359646880658193E-4
3.433960005480793E-4
3.431916070444502E-4
3.4298331775641086E-4
3.427711620207453E-4
3.4255516905064634E-4
3.423353679360484E-4
3.4211178764396647E-4
3.418844570188311E-4
3.4165340478282236E-4
3.414186595362049E-4
3.411802497576631E-4
3.4093820380463126E-4
3.4069254991363077E-4
3.4044331620059897E-4
3.4019053066122246E-4
3.399342211712665E-4
3.3967441548690783E-4
3.3941114124506314E-4
3.391444259637202E-4
3.3887429704226407E-4
3.3860078176180806E-4
3.383239072855196E-4
3.380437006589492E-4
3.3776018881035607E-4
3.3747339855103487E-4
3.3718335657563963E-4
3.368900894625115E-4
3.365936236740007E-4
3.3629398555679247E-4
3.3599120134222973E-4
3.356852971466359E-4
3.353762989716351E-4
3.3506423270447807E-4
3.3474912411836084E-4
3.3443099887274426E-4
3.3410988251367777E-4
3.33785800474114E-4
3.33458778074233E-4
3.331288405217565E-4
3.327960129122684E-4
3.3246032022953107E-4
3.321217873458013E-4
3.3178043902214925E-4
3.3143629990877186E-4
3.310893945453075E-4
3.3073974736115395E-4
3.303873826757784E-4
3.3003232469903417E-4
3.296745975314729E-4
3.2931422516465573E-4
3.2895123148146644E-4
3.2858564025642177E-4
3.282174751559847E-4
3.2784675973887236E-4
3.27473517456366E-4
3.2709777165262227E-4
3.2671954556497866E-4
3.263388623242644E-4
3.259557449551078E-4
3.25570216376241E-4
3.2518229940080957E-4
3.2479201673667695E-4
3.2439939098672976E-4
3.240044446491824E-4
3.236072001178843E-4
3.2320767968261965E-4
3.228059055294139E-4
3.22401899740834E-4
3.219956842962932E-4
3.2158728107235156E-4
3.2117671184301786E-4
3.2076399828004837E-4
3.2034916195324936E-4
3.19932224330777E-4
3.1951320677943765E-4
3.190921305649934E-4
3.186690168524788E-4
3.182438867065475E-4
3.178167610919091E-4
3.173876608739956E-4
3.169566068202232E-4
3.1652361960273146E-4
3.160887198047052E-4
3.156519279351068E-4
3.1521326446255283E-4
3.1477274989137784E-4
3.1433040492750134E-4
3.1388625082872816E-4
3.134403101196231E-4
3.129926079982972E-4
3.1254317500007555E-4
3.1209205183799194E-4
3.116392978195997E-4
3.1118500479875944E-4
3.1072931911600287E-4
3.102724741194083E-4
3.0981483517642704E-4
3.0935695700731313E-4
3.088996491926323E-4
3.0844403977113187E-4
3.079916198049236E-4
3.075442457968509E-4
3.071040752823556E-4
3.066734175193351E-4
3.062544982401831E-4
3.058491634631447E-4
3.054585756913976E-4
3.0508297527310943E-4
3.0472157851854366E-4
3.0437265632806586E-4
3.0403378770526136E-4
3.037022285972434E-4
3.0337530050612014E-4
3.030507019220126E-4
3.0272667977880233E-4
3.0240205144412615E-4
3.0207611536868875E-4
3.0174851116953824E-4
3.014190838210235E-4
3.0108778282177595E-4
3.00754602053745E-4
3.0041955074204665E-4
3.000826422495124E-4
2.997438907295867E-4
2.9940331039653335E-4
2.990609154218501E-4
2.987167199271476E-4
2.983707379842505E-4
2.980229836152941E-4
2.976734707928222E-4
2.973222134398872E-4
2.9696922543014705E-4
2.966145205879617E-4
2.962581126884932E-4
2.9590001545780185E-4
2.9554024257294383E-4
2.95178807662071E-4
2.948157243045261E-4
2.9445100603093914E-4
2.9408466632332834E-4
2.9371671861519374E-4
2.9334717629161613E-4
2.929760526893541E-4
2.9260336109694033E-4
2.9222911475477884E-4
2.918533268552415E-4
2.914760105427644E-4
2.9109717891394543E-4
2.907168450176399E-4
2.903350218550574E-4
2.899517223798577E-4
2.8956695949824675E-4
2.8918074606907386E-4
2.887930949039274E-4
2.884040187672296E-4
2.880135303763341E-4
2.8762164240162035E-4
2.872283674665906E-4
2.8683371814796445E-4
2.864377069757753E-4
2.860403464334641E-4
4.4698741138982665E-4
4.454060955580686E-4
4.438296943897899E-4
4.422581955111947E-4
4.406915865717373E-4
4.391298552440917E-4
4.3757298922412314E-4
4.3602097623086044E-4
4.344738040064666E-4
4.329314603162086E-4
4.313939329484321E-4
4.2986120971452935E-4
4.283332784489124E-4
4.2681012700898413E-4
4.252917432751078E-4
4.2377811515058295E-4
4.222692305616111E-4
4.2076507745727104E-4
4.192656438094896E-4
4.177709176130118E-4
4.162808868853733E-4
4.147955396668721E-4
4.1331486402053943E-4
4.118388480321117E-4
4.1036747981000084E-4
4.0890074748526863E-4
4.074386392115944E-4
4.0598114316525035E-4
4.045282475450705E-4
4.030799405724243E-4
4.0163621049118636E-4
4.0019704556770876E-4
3.987624340907941E-4
3.973323643716651E-4
3.959068247439377E-4
3.9448580356359254E-4
3.930692892089457E-4
3.916572700806222E-4
3.902497346015265E-4
3.8884667121681464E-4
3.8744806839386634E-4
3.8605391462225594E-4
3.846641984137255E-4
3.832789083021556E-4
3.81898032843538E-4
3.8052156061594715E-4
3.791494802195122E-4
3.777817802763882E-4
3.7641844943073037E-4
3.7505947634866273E-4
3.7370484971825234E-4
3.7235455824948216E-4
3.7100859067421937E-4
3.696669357461916E-4
3.6832958224095643E-4
3.66996518955874E-4
3.656677347100798E-4
3.643432183444558E-4
3.630229587216031E-4
3.617069447258143E-4
3.603951652630453E-4
3.5908760926088785E-4
3.577842656685411E-4
3.564851234567838E-4
3.55190171617948E-4
3.538993991658896E-4
3.5261279513596145E-4
3.513303485849851E-4
3.50052048591224E-4
3.487778842543548E-4
3.4750784469544086E-4
3.4624191905690285E-4
3.4498009650249284E-4
3.437223662172668E-4
3.4246871740755563E-4
3.412191393009375E-4
3.3997362114621165E-4
3.387321522133709E-4
3.3749472179357264E-4
3.3626131919911297E-4
3.3503193376339724E-4
3.3380655484091407E-4
3.3258517180720907E-4
3.3136777405885374E-4
3.3015435101342214E-4
3.289448921094612E-4
3.277393868064624E-4
3.265378245848374E-4
3.253401949458881E-4
3.241464874117814E-4
3.229566915255195E-4
3.2177079685091455E-4
3.205887929725607E-4
3.194106694958073E-4
3.182364160467301E-4
3.1706602227210676E-4
3.1589947783938646E-4
3.1473677243666517E-4
3.1357789577265847E-4
3.1242283757667156E-4
3.112715875985761E-4
3.1012413560877974E-4
3.089804713982016E-4
3.0784058477824344E-4
3.067044655807636E-4
3.0557210365804823E-4
3.044434888827871E-4
3.033186111480451E-4
3.021974603672338E-4
3.010800264740876E-4
2.9996629942263435E-4
2.988562691871691E-4
2.9774992576222733E-4
2.9664725916255755E-4
2.9554825942309577E-4
2.9445291659893706E-4
2.9336122076530975E-4
2.9227316201754783E-4
2.91188730471065E-4
2.9010791626132664E-4
2.8903070954382426E-4
2.8795710049404796E-4
2.8688707930746104E-4
2.8582063619947087E-4
2.847577614054041E-4
2.8369844518047943E-4
2.8264267779978114E-4
2.815904495582315E-4
2.8054175077056565E-4
2.794965717713045E-4
2.784549029147266E-4
2.774167345748438E-4
2.7638205714537273E-4
2.753508610397103E-4
2.743231366909051E-4
2.732988745516329E-4
2.7227806509416816E-4
2.712606988103588E-4
2.7024676621159946E-4
2.6923625782880514E-4
2.682291642123845E-4
2.672254759322135E-4
2.6622518357760964E-4
2.652282777573052E-4
2.6423474909942026E-4
2.632445882514362E-4
2.622577858801719E-4
2.612743326717539E-4
2.6029421933159325E-4
2.5931743658435695E-4
2.583439751739421E-4
2.5737382586345133E-4
2.5640697943516495E-4
2.55443426690515E-4
2.5448315845005896E-4
2.535261655534551E-4
2.5257243885943415E-4
2.5162196924577435E-4
2.506747476092751E-4
2.4973076486573177E-4
2.487900119499075E-4
2.478524798155092E-4
2.469181594351612E-4
2.4598704180037715E-4
2.4505911792153744E-4
2.4413437882786094E-4
2.4321281556737926E-4
2.422944192069114E-4
2.413791808320368E-4
2.4046709154707167E-4
2.3955814247503927E-4
2.3865232475764821E-4
2.3774962955526365E-4
2.368500480468833E-4
2.3595357143011076E-4
2.3506019092112867E-4
2.341698977546753E-4
2.3328268318401673E-4
2.3239853848092213E-4
2.315174549356376E-4
2.3063942385686048E-4
2.2976443657171457E-4
2.2889248442572256E-4
2.28023558782782E-4
2.27157651025139E-4
2.2629475255336306E-4
2.2543485478632066E-4
2.245779491611504E-4
2.2372402713323843E-4
2.228730801761921E-4
2.2202509978181957E-4
2.2118007746011305E-4
2.2033800473925124E-4
2.1949887316564655E-4
2.1866267430411724E-4
2.1782939973837332E-4
2.1699904107228308E-4
2.161715899330272E-4
2.153470379786728E-4
2.1452537691578417E-4
2.1370659853909408E-4
2.1289069481801907E-4
2.1207765807913247E-4
2.1126748137779974E-4
2.1046015922781156E-4
2.0965568897937886E-4
2.0885407331642448E-4
2.0805532458625735E-4
2.0725947195379343E-4
2.0646657261300864E-4
2.0567672833947737E-4
2.048901082937926E-4
2.0410697789625826E-4
2.03327731545194E-4
2.0255292393325504E-4
2.0178329118711785E-4
2.0101975012849757E-4
2.0026336334743328E-4
1.9951526135276822E-4
1.9877652189596493E-4
1.9804801981087737E-4
1.9733027488521193E-4
1.966233346897494E-4
1.9592672809477384E-4
1.9523951055809203E-4
1.9456039702835898E-4
1.9388795123002553E-4
1.9322078251547272E-4
1.92557701557966E-4
1.9189780403778216E-4
1.9124047860617993E-4
1.9058535921879203E-4
1.8993225288463727E-4
1.8928107034925538E-4
1.8863177498298607E-4
1.879843524478805E-4
1.873387961098444E-4
1.8669510142924737E-4
1.8605326429054275E-4
1.8541328063905867E-4
1.8477514642953598E-4
1.8413885762255184E-4
1.835044101845145E-4
1.8287180008766084E-4
1.8224102331005073E-4
1.8161207583556357E-4
1.8098495365389443E-4
1.8035965276054912E-4
1.797361691568402E-4
1.7911449884988387E-4
1.78494637852594E-4
1.7787658218367962E-4
1.7726032786764012E-4
1.7664587093476098E-4
1.7603320742110945E-4
1.7542233336853083E-4
1.7481324482464456E-4
1.7420593784283895E-4
1.7360040848226794E-4
1.729966528078473E-4
1.7239466689024965E-4
1.7179444680590032E-4
1.711959886369734E-4
1.705992884713879E-4
1.7000434240280337E-4
1.694111465306154E-4
1.6881969695995203E-4
1.682299898016694E-4
1.67642021172347E-4
1.6705578719428477E-4
1.6647128399549784E-4
1.658885077097129E-4
1.6530745447636356E-4
1.6472812044058708E-4
1.6415050175321925E-4
0.044696659658385075
