2.0808946573932622E-7
4.173338198528007E-7
6.277380985863361E-7
8.393073881525374E-7
1.0520468254320797E-6
1.265961598682796E-6
1.4810569482565815E-6
1.6973381673241725E-6
1.9148106026078274E-6
2.1334796551220274E-6
2.3533507809222537E-6
2.5744294918618766E-6
2.7967213563572592E-6
3.0202320001611577E-6
3.2449671071444226E-6
3.4709324200861534E-6
3.6981337414723425E-6
3.926576934303051E-6
4.156267922908241E-6
4.387212693772344E-6
4.619417296367583E-6
4.852887843996158E-6
5.087630514641415E-6
5.323651551828027E-6
5.560957265491269E-6
5.799554032855483E-6
6.039448299321872E-6
6.280646579365569E-6
6.523155457442251E-6
6.76698158890421E-6
7.012131700926076E-6
7.258612593440344E-6
7.506431140082609E-6
7.755594289146683E-6
8.006109064549863E-6
8.257982566808197E-6
8.51122197402197E-6
8.765834542871427E-6
9.021827609623098E-6
9.279208591146333E-6
9.537984985940752E-6
9.798164375174105E-6
1.0059754423731253E-5
1.0322762881273792E-5
1.0587197583310953E-5
1.08530664522814E-5
1.1120377498646546E-5
1.138913882199498E-5
1.1659358612158531E-5
1.1943297240894334E-5
1.2251726204449455E-5
1.2599979502685886E-5
1.3007745692429221E-5
1.3496877524144924E-5
1.4085565400985525E-5
1.4776631481523668E-5
1.553774697992275E-5
1.6276625857364866E-5
1.6843247778121867E-5
1.7176518759422042E-5
1.7511542831282463E-5
1.7848329203506018E-5
1.818688718683445E-5
1.8527226194228035E-5
1.8869355742159057E-5
1.9213285451918322E-5
1.9559025050935312E-5
1.9906584374111715E-5
2.0255973365168785E-5
2.060720207800842E-5
2.096028067808819E-5
2.1315219443809903E-5
2.167202876792281E-5
2.20307191589405E-5
2.239130124257203E-5
2.254569629742817E-5
2.2700849765324953E-5
2.285676759604248E-5
2.3013455812458054E-5
2.3170920511348125E-5
2.3329167864197602E-5
2.348820411801545E-5
2.3648035596157957E-5
2.3808668699159037E-5
2.397010990556727E-5
2.4132365772790374E-5
2.429544293794719E-5
2.4459348118726524E-5
2.462408811425366E-5
2.4789669805964527E-5
2.4956100158487006E-5
2.5123386220530363E-5
2.5291535125782332E-5
2.5460554093814007E-5
2.5630450430992777E-5
2.5801231531403705E-5
2.5972904877778892E-5
2.6145478042435164E-5
2.6318958688220746E-5
2.649335456947036E-5
2.6668673532969113E-5
2.6844923518925476E-5
2.702211256195368E-5
2.7200248792064726E-5
2.7379340435667842E-5
2.7559395816580475E-5
2.7740423357048795E-5
2.7922431578778104E-5
2.8105429103973003E-5
2.8289424656387623E-5
2.847442706238691E-5
2.8660445252017785E-5
2.8847488260091504E-5
2.9035565227275973E-5
2.922468540120009E-5
2.941485813756823E-5
2.9606092901286382E-5
2.9798399267599124E-5
2.999178692323877E-5
3.0186265667584874E-5
3.0381845413836446E-5
3.057853619019478E-5
3.077634814105883E-5
3.0975291528231765E-5
3.116312464158513E-5
3.137272841368922E-5
3.1625037783153284E-5
3.1950773057671694E-5
3.2391118926075465E-5
3.299544346602241E-5
3.3813283229965885E-5
3.4876243642877835E-5
3.6160872645944654E-5
3.751198980307282E-5
3.851266405278225E-5
3.8751521044150604E-5
3.899165817369378E-5
3.923308685196023E-5
3.947581862340434E-5
3.9719865167780635E-5
3.9965238301549854E-5
4.021194997929545E-5
4.046001229515034E-5
4.0709437484234114E-5
4.096023792410037E-5
4.1212426136193875E-5
4.14660147873173E-5
4.172101669110699E-5
4.197744480951809E-5
4.2235312254318225E-5
4.2494632288589606E-5
4.2755418328239656E-5
4.301768394352067E-5
4.328144286055807E-5
4.3546708962888694E-5
4.3813496293008035E-5
4.4081819053929335E-5
4.435169161075224E-5
4.462312849224437E-5
4.489614439243555E-5
4.517075417222489E-5
4.544697286100198E-5
4.572481565828434E-5
4.600429793536942E-5
4.6285435237004086E-5
4.6568243283072106E-5
4.6852737970299186E-5
4.713893537397832E-5
4.742685174971471E-5
4.771650353519175E-5
4.80079073519587E-5
4.8301080007240705E-5
4.859603849577208E-5
4.88928000016524E-5
4.919138190022789E-5
4.949180175999687E-5
4.979407734454014E-5
5.009822661447763E-5
5.040426772945025E-5
5.071221905012786E-5
5.102209914024457E-5
5.133392676865855E-5
5.164772091144004E-5
5.196350075398566E-5
5.2281285693158444E-5
5.260109533945394E-5
5.2922949519193644E-5
5.324686827674289E-5
5.357287187675524E-5
5.390098080644018E-5
5.423121577785746E-5
5.456359773023337E-5
5.489814783230151E-5
5.523488748466492E-5
5.557383832218152E-5
5.591502221636855E-5
5.6258461277828816E-5
5.6604177858694246E-5
5.6952194555088815E-5
5.730253420960733E-5
5.76115863589851E-5
5.793885943328893E-5
5.83122153586418E-5
5.877647623366603E-5
5.9397614114727984E-5
6.0264400473405296E-5
6.148373146960595E-5
6.316223478805842E-5
6.53510549290645E-5
6.787573171186605E-5
6.990364656973133E-5
7.031297869640419E-5
7.072489664046658E-5
7.113942593855717E-5
7.155659240871967E-5
7.19764221529676E-5
7.23989415598431E-5
7.282417730696226E-5
7.32521563635496E-5
7.368290599295541E-5
7.411645375515775E-5
7.455282750924563E-5
7.499205541588072E-5
7.543416593973615E-5
7.587918785191176E-5
7.63271502323418E-5
7.677808247221443E-5
7.723201427641701E-5
7.768897566602203E-5
7.814899698082583E-5
7.861210888195089E-5
7.90783423545203E-5
7.954772871041668E-5
8.00202995911263E-5
8.049608697068083E-5
8.097512315869805E-5
8.145744080352704E-5
8.194307289549751E-5
8.243205277028285E-5
8.292441411236784E-5
8.342019095862993E-5
8.391941770203086E-5
8.442212909541447E-5
8.492836025541416E-5
8.543814666646388E-5
8.595152418491111E-5
8.646852904322779E-5
8.698919785431525E-5
8.751356761589981E-5
8.804167571501063E-5
8.857355993253927E-5
8.910925844787161E-5
8.964880984358606E-5
9.019225311021568E-5
9.073962765106125E-5
9.129097328705387E-5
9.184633026165803E-5
9.240573924580562E-5
9.29692413428568E-5
9.353687809357891E-5
9.41086914811355E-5
9.468472393607389E-5
9.526501834131214E-5
9.584961803710809E-5
9.643856682600786E-5
9.703190897776255E-5
9.762968923420955E-5
9.823195281410317E-5
9.883874541789365E-5
9.945011323244133E-5
1.000661029356618E-4
1.0068676170108941E-4
1.0131213720235693E-4
1.0194227761757739E-4
1.0257723163362616E-4
1.032170484503104E-4
1.0376604284766867E-4
1.0432010536981399E-4
1.0491231634178388E-4
1.0560214263047692E-4
1.064855272278142E-4
1.0770413233218012E-4
1.094491926969204E-4
1.119488726242719E-4
1.15394236439282E-4
1.1963067803269765E-4
1.2323352242374282E-4
1.2396278339255024E-4
1.2469742691228986E-4
1.2543750820410271E-4
1.2618308304379795E-4
1.269342077634005E-4
1.2769093925248746E-4
1.2845333495930243E-4
1.292214528916492E-4
1.2999535161755445E-4
1.3077509026570146E-4
1.3156072852562564E-4
1.3235232664767394E-4
1.3314994544271665E-4
1.339536462838881E-4
1.3476349111017747E-4
1.3557954243171715E-4
1.3640186333661183E-4
1.3723051749915983E-4
1.3806556918932898E-4
1.3890708328334972E-4
1.397551252752945E-4
1.4060976128952814E-4
1.414710580938989E-4
1.4233908311357102E-4
1.4321390444538312E-4
1.4409559087263558E-4
1.4498421188020248E-4
1.458798376698893E-4
1.4678253917593223E-4
1.476923880805695E-4
1.486094568296008E-4
1.4953381864785605E-4
1.5046554755451154E-4
1.5140471837817937E-4
1.523514067717125E-4
1.5330568922666108E-4
1.5426764308733014E-4
1.5523734656438346E-4
1.562148787479409E-4
1.5720031962013288E-4
1.5819375006706095E-4
1.5919525189012562E-4
1.6020490781669194E-4
1.6122280151004874E-4
1.6224901757863614E-4
1.6328364158451302E-4
1.6432676005103403E-4
1.6537846046971427E-4
1.6643883130626152E-4
1.6750796200575761E-4
1.685859429969604E-4
1.696728656957291E-4
1.7076882250754522E-4
1.7187390682912377E-4
1.7298821304910153E-4
1.7411183654780348E-4
1.752448736960643E-4
1.7638742185311894E-4
1.7753957936354422E-4
1.7870144555326152E-4
1.7987312072458855E-4
1.8105470615035173E-4
1.8224630406705482E-4
1.834480176671096E-4
1.8465995109013262E-4
1.8570814121921918E-4
1.8673296976601673E-4
1.8776730685044675E-4
1.888815034508643E-4
1.9020244823802235E-4
1.9193548072205113E-4
1.9438457421784995E-4
1.979558223581728E-4
2.0306913256528655E-4
2.0966407152238372E-4
2.155552209630734E-4
2.1691135359105566E-4
2.1827879547346328E-4
2.1965766055046402E-4
2.2104806347702664E-4
2.2245011960108412E-4
2.2386394494098387E-4
2.2528965616223096E-4
2.267273705535542E-4
2.2817720600230043E-4
2.296392809691843E-4
2.3111371446240584E-4
2.3260062601116244E-4
2.3410013588629378E-4
2.3561236530464808E-4
2.3713743661774877E-4
2.3867547348533575E-4
2.4022660103434503E-4
2.417909460038624E-4
2.4336863687658415E-4
2.4495980399730254E-4
2.4656457967890764E-4
2.481830982964071E-4
2.4981549636942583E-4
2.5146191263365205E-4
2.531224881016844E-4
2.5479736611370914E-4
2.564866923784305E-4
2.581906150046835E-4
2.5990928452410676E-4
2.616428539052845E-4
2.6339147855973624E-4
2.6515531634010243E-4
2.6693452753091536E-4
2.687292748322741E-4
2.705397233367854E-4
2.7236604050007564E-4
2.742083961052125E-4
2.7606696222133505E-4
2.779419131567869E-4
2.7983342540706206E-4
2.817416775978231E-4
2.8366685042327896E-4
2.8560912658019027E-4
2.8756869069774366E-4
2.895457292635631E-4
2.9154043054608486E-4
2.9355298451353963E-4
2.955835827497606E-4
2.976324183670432E-4
2.996996859162713E-4
3.017855812944934E-4
3.0389030165018066E-4
3.0601404528633383E-4
3.08157011561634E-4
3.1031940078980947E-4
3.125014141374087E-4
3.1470325352012443E-4
3.16925121497845E-4
3.191672211685836E-4
3.2142975606144254E-4
3.237129300287408E-4
3.2601694713746393E-4
3.2834201156015986E-4
3.3068832746541117E-4
3.330560989080091E-4
3.351644082900757E-4
3.3719960413203405E-4
3.3918270746144803E-4
3.411831985541072E-4
3.433506226726765E-4
3.459556566304866E-4
3.4943736441386564E-4
3.5443865587430343E-4
3.617172581919615E-4
3.7142954077848677E-4
3.805323731496528E-4
3.831523268320945E-4
3.857957277443645E-4
3.8846276497677356E-4
3.9115362594487697E-4
3.9386849628961863E-4
3.966075597786429E-4
3.993709982088123E-4
4.0215899131000723E-4
4.049717166502294E-4
4.0780934954207803E-4
4.1067206295063277E-4
4.1356005445259374E-4
4.164735446761557E-4
4.1941277578904263E-4
4.22378010033607E-4
4.253695283079191E-4
4.283876287918048E-4
4.3143262561679403E-4
4.345048475789733E-4
4.3760463689375363E-4
4.4073234799156725E-4
4.438883463535672E-4
4.4707300738636293E-4
4.5028671533489683E-4
4.5352986223255124E-4
4.5680284688761556E-4
4.6010607390522407E-4
4.6343995274395557E-4
4.6680489680621726E-4
4.702013225616353E-4
4.7362964870263993E-4
4.7709029533144403E-4
4.805836831776816E-4
4.841102328459174E-4
4.8767036409232383E-4
4.912644951297655E-4
4.948930419606155E-4
4.985564177365907E-4
5.022550321449191E-4
5.059892908201991E-4
5.097595947812601E-4
5.135663398924139E-4
5.17409916348459E-4
5.212907081828086E-4
5.252090927981678E-4
5.291654405191477E-4
5.331601141662386E-4
5.371934686505941E-4
5.412658505890515E-4
5.45377597938862E-4
5.49529039651572E-4
5.537204953455725E-4
5.579522749967786E-4
5.622246786469443E-4
5.665379961291247E-4
5.708925068098249E-4
5.752884793473269E-4
5.797261714657817E-4
5.842058297445747E-4
5.887276894225692E-4
5.932919742167513E-4
5.97898896154894E-4
6.025486554218046E-4
6.07241440218766E-4
6.119774266357666E-4
6.163449680596688E-4
6.205624974482851E-4
6.246178377812241E-4
6.285542816261682E-4
6.325183600619739E-4
6.368276185570866E-4
6.420586187257066E-4
6.491365654191329E-4
6.592731452885896E-4
6.730252843675535E-4
6.86576413301654E-4
6.917539628192044E-4
6.969749846198549E-4
7.022394813294121E-4
7.075474430355763E-4
7.128988473162817E-4
7.182936592752321E-4
7.237318315843415E-4
7.292133045328654E-4
7.347380060829417E-4
7.403058519313231E-4
7.459196991350303E-4
7.515822587265206E-4
7.572960994314708E-4
7.630636513149706E-4
7.688872093572976E-4
7.7476893696043E-4
7.807108693864531E-4
7.86714917128975E-4
7.927828692186713E-4
7.989163964640498E-4
8.051170546284963E-4
8.113862875447011E-4
8.177254301674697E-4
8.241357115659676E-4
8.306182578564155E-4
8.371740950762273E-4
8.438041520005717E-4
8.505092629023417E-4
8.572901702564635E-4
8.641475273894993E-4
8.710819010754804E-4
8.780937740788486E-4
8.851835476454411E-4
8.92351543942374E-4
8.995980084477202E-4
9.069231122908111E-4
9.143269545440376E-4
9.218095644669574E-4
9.293709037035352E-4
9.370108684333337E-4
9.447292914774284E-4
9.525259443598413E-4
9.604005393252744E-4
9.683527313138623E-4
9.763821198937416E-4
9.844882511521374E-4
9.926706195456882E-4
0.00100092866971075
0.0010092617982343577
0.0010176693553865437
0.0010261506468146745
0.00103470493520052
0.0010433314418806623
0.0010520293484309266
0.0010607977982154493
0.0010696358979010536
0.0010785427189374832
0.0010875172990041856
0.0010965586434241534
0.001105665726545516
0.001114837493091365
0.0011240728594784544
0.0011333707151053027
0.0011427299236102678
0.0011521493241001264
0.0011610814127901402
0.0011697334740738885
0.0011780243850888293
0.0011859244947769907
0.001193522156491094
0.001201125893895144
0.0012094090806282097
0.0012195825602364099
0.0012334072382220026
0.0012520939858630784
0.0012714871643794768
0.0012813429868715064
0.0012912415453673535
0.0013011814740415918
0.001311161397828262
0.0013211799332326385
0.0013312356891219488
0.0013413272674953846
0.001351453264233874
0.0013616122698299332
0.0013721253680089394
0.0013829794367411256
0.0013941616157943767
0.0014056593025872208
0.001417460148099874
0.001429552052842502
0.0014419231628800373
0.001454561865912769
0.0014674567874119935
0.0014805967868100336
0.001493970953743882
0.0015075686043518053
0.0015213792776221963
0.001535392731794031
0.0015495989408081954
0.0015639880908090884
0.0015785505766958035
0.0015932769987222427
0.0016081581591455613
0.0016231850589222534
0.0016383488944512977
0.0016536410543637591
0.0016690531163581794
0.0016845768440812135
0.0017002041840528948
0.0017159272626359465
0.0017317383830485573
0.0017476300224200522
0.0017635948288889014
0.0017796256187425014
0.0017957153735981765
0.00181185723762486
0.0018280445148049348
0.0018442706662356665
0.001860529307469736
0.0018768142058943555
0.0018931192781484326
0.0019094385875773005
0.001925766341724505
0.0019420968898601677
0.0019584247205454352
0.0019747444592325015
0.0019910508658998157
0.0020073388327219105
0.0020236033817734437
0.0020398396627669805
0.002056042950824097
0.002072208644279282
0.0020883322625163264
0.0021044094438365953
0.002120435943358951
0.0021364076309507186
0.002152320489189413
0.002168170611354745
0.0021839541994505213
0.0021996675622560262
0.0022146671432231725
0.002229062512107392
0.002242654560501273
0.002255270561997864
0.0022668491028561785
0.002277581898121131
0.0022881299638838177
0.0022999106518286883
0.0023152551109785276
0.0023363298851204603
0.002359627295233989
0.0023739716658954992
0.0023882086594327967
0.002402335923556273
0.002416351185511653
0.002430252250578923
0.002444037000594129
0.002457703392493868
0.002471249456882103
0.002519886724829673
0.0025674404707900435
0.002613926328712679
0.0026593597382522575
0.0027037559470060282
0.0027471300127266036
0.002789496805510349
0.0028308710099617597
0.002871267127333971
0.002910699477645683
0.002949182201774837
0.002986729263529129
0.003023354451693781
0.0030590713820566676
0.0030938934994111746
0.003127834079536883
0.0031609062311584416
0.0031931228978827886
0.0032244968601149882
0.0032550407369528966
0.0032847669880608473
0.0033136879155226903
0.00334181566567427
0.0033691622309156683
0.003395739451503351
0.0034215590173224983
0.0034466324696397137
0.003470971202836246
0.0034945864661220807
0.0035174893652309734
0.0035396908640966925
0.003561201786510665
0.0035820328177611957
0.0036021945062545213
0.0036216972651178384
0.003640551373784484
0.0036587669795615546
0.003676354099180025
0.003693322620327671
0.003709682303164905
0.0037254427818237297
0.003740613565890014
0.003755204041869215
0.0037692234746358137
0.0037826810088665477
0.003795585670457661
0.0038079463679263387
0.0038197718937965086
0.0038310709259691132
0.0038418520290771792
0.0038521236558255855
0.0038618941483160012
0.0038711717393568866
0.0038799645537589047
0.0038882806096157906
0.0038961278195708987
0.0039035139920695215
0.003909833909485422
0.003914996515861115
0.00391866589149563
0.003920483201153653
0.003920162211218731
0.003917663035740507
0.003913473327401125
0.003909009968576937
0.003906970424665971
0.00391057140193462
0.003918378573082421
0.003920716004778057
0.003922690654399775
0.003924308891630801
0.003925577000619993
0.003926501181008221
0.003927087548943095
0.0039273421380822985
0.007772212136452236
0.007701830081598457
0.007632085330641159
0.00756297211259556
0.007494484708747634
0.007426617452180376
0.007359364727304462
0.007292720969393025
0.007226680664120789
0.007161238347107311
0.00709638860346434
0.00703212606734738
0.006968445421511229
0.006905341396869562
0.006842808772058551
0.0067808423730044325
0.00671943707249497
0.006658587789754796
0.0065982894900246565
0.006538537184144426
0.00647932592813995
0.00642065082281355
0.006362507013338343
0.0063048896888561815
0.006247794082079243
0.006191215468895257
0.006135149167976284
0.00607959054039109
0.006024534989220933
0.005969977959178966
0.005915914936233004
0.005862341447231742
0.005809253059534362
0.005756645380643461
0.005704514057841366
0.005652854777829736
0.0056016632663723805
0.00555093528794138
0.005500666645366375
0.005450853179487045
0.005401490768808755
0.005352575329161305
0.005304102813360776
0.005256069210874442
0.0052084705474887355
0.005161302884980203
0.005114562320789457
0.005068244987698079
0.005022347053508458
0.004976864720726496
0.004931794226247267
0.004887131841043444
0.004842873869856607
0.004799016650891308
0.00475555655551195
0.004712489987942379
0.004669813384968227
0.004627523215641921
0.0045852440061485275
0.004542694767055688
0.004499511339784626
0.004455275759733862
0.0044095922123700655
0.004362233207104206
0.004313383410784251
0.004264000479102589
0.004216201711865514
0.004173016608883401
0.00413527640864188
0.004097877495404586
0.00406081678273308
0.004024091212109175
0.0039876977526822075
0.0039516334010186276
0.003915895180853786
