7.354008999146346E-7
1.4815925191006584E-6
2.2387315372324633E-6
3.0069778013370895E-6
3.7864943987516357E-6
4.577447731620378E-6
5.380007592959748E-6
6.194347244320128E-6
7.02064349507447E-6
7.859076783364791E-6
8.70983125873869E-6
9.573094866509467E-6
1.044905943387441E-5
1.1345241381367101E-5
1.2269716561803897E-5
1.3234693186897787E-5
1.4256847407708575E-5
1.535616460862816E-5
1.6551790136775735E-5
1.7852715069449695E-5
1.9240824714500212E-5
2.0647515630523207E-5
2.1946301922353075E-5
2.3073181618590258E-5
2.421627671499354E-5
2.5375835993535306E-5
2.655211340170505E-5
2.774536816888496E-5
2.895586492516213E-5
3.0183873822618165E-5
3.1429670659135947E-5
3.269353700476105E-5
3.3975760330653864E-5
3.527663414066491E-5
3.65964581055648E-5
3.7200137300043726E-5
3.781259432281712E-5
3.8433991498139284E-5
3.90644947139579E-5
3.970427349699697E-5
4.035350108920897E-5
4.101235452563285E-5
4.1681014713701994E-5
4.2359666514050534E-5
4.304849882287336E-5
4.3747704655897935E-5
4.4457481234030006E-5
4.517803007073765E-5
4.590223643769834E-5
4.665964868093299E-5
4.7471101291051955E-5
4.836652878346878E-5
4.938524033102024E-5
5.0573260412896926E-5
5.19752210456278E-5
5.3616988217656994E-5
5.5471688192250736E-5
5.739531752133774E-5
5.900310353010448E-5
5.9925112396641866E-5
6.0860982553110715E-5
6.181097983472194E-5
6.277537585982011E-5
6.375444815108845E-5
6.474848025881535E-5
6.575776188614264E-5
6.678258901620286E-5
6.782326404103705E-5
6.888009589217123E-5
6.995340017271403E-5
7.104349929099324E-5
7.215072259586497E-5
7.327540651392801E-5
7.441789468893697E-5
7.557853812375432E-5
7.67576953252064E-5
7.795573245221579E-5
7.917302346757387E-5
8.040995029369882E-5
8.166690297269237E-5
8.29442798309691E-5
8.424248764868493E-5
8.556194183413807E-5
8.690306660325711E-5
8.822908118995028E-5
8.95959192128959E-5
9.103195081038929E-5
9.258180078729402E-5
9.430992582372016E-5
9.630149163568876E-5
9.865701682323432E-5
1.0147410276001463E-4
1.0479592045714837E-4
1.0846488974189107E-4
1.1168434262129986E-4
1.1338576312436327E-4
1.151150177064953E-4
1.1687266527784139E-4
1.1865927667217327E-4
1.2047543487338233E-4
1.223217352399668E-4
1.241987857266935E-4
1.2610720710259788E-4
1.2804763316446674E-4
1.300207109449365E-4
1.32027100922944E-4
1.3406747724276934E-4
1.3614252794654457E-4
1.382529552238979E-4
1.4039947568130607E-4
1.4258282063275864E-4
1.4480373641248296E-4
1.4706298470972066E-4
1.493613429248788E-4
1.5169960454581278E-4
1.540785795424958E-4
1.5649909477791175E-4
1.5896199443265666E-4
1.614681404404412E-4
1.640184129314531E-4
1.6652559569107036E-4
1.6908247283721763E-4
1.717236431609278E-4
1.74509506814683E-4
1.7753559900137743E-4
1.8094066045242518E-4
1.8490901366953564E-4
1.89656875826907E-4
1.9536179804299192E-4
2.0189345743891127E-4
2.0785823777803497E-4
2.1107398861276537E-4
2.1434640668266516E-4
2.1767665474133754E-4
2.2106591898136743E-4
2.245154091566576E-4
2.280263586607541E-4
2.316000245592574E-4
2.3523768757461225E-4
2.389406520217549E-4
2.4271024613689538E-4
2.465478227297232E-4
2.504547600954686E-4
2.544324631290166E-4
2.5848236458867315E-4
2.6260592646223203E-4
2.6680464139270483E-4
2.7108003412549457E-4
2.7543366294290235E-4
2.798671210556797E-4
2.8438203792492515E-4
2.8898008049091405E-4
2.9366295428854893E-4
2.9843240443196123E-4
3.0329021645343596E-4
3.0823821698427474E-4
3.1311230682720144E-4
3.1805158816997363E-4
3.230920559866259E-4
3.283068316937027E-4
3.338244644438872E-4
3.3984943089363537E-4
3.466800582518469E-4
3.5470935693898676E-4
3.6433881434609015E-4
3.755425173404662E-4
3.8614669361840265E-4
3.923656284536822E-4
3.987006457553124E-4
4.0515409706222167E-4
4.117283634616359E-4
4.184258534467342E-4
4.2524900063285574E-4
4.3220026134006926E-4
4.39282112050185E-4
4.464970695873276E-4
4.538477080998508E-4
4.613366730909794E-4
4.68966692731768E-4
4.767405866768533E-4
4.846612725909242E-4
4.927317705819119E-4
5.009552057254691E-4
5.09334808854477E-4
5.178739157769613E-4
5.265759650759261E-4
5.354444946352558E-4
5.444831370268704E-4
5.536956138858425E-4
5.630857293920793E-4
5.726573629695024E-4
5.824144613063223E-4
5.920871553411365E-4
6.018649681906584E-4
6.117747649885994E-4
6.218916566737153E-4
6.32369996553074E-4
6.434831083753329E-4
6.556678761844573E-4
6.695559780832337E-4
6.858845300387601E-4
7.04858910947028E-4
7.234096007351537E-4
7.356698235565709E-4
7.481658268875806E-4
7.609014551725668E-4
7.738804719849306E-4
7.871065506200956E-4
8.005832649503993E-4
8.143140805633197E-4
8.283035222415468E-4
8.425570293388998E-4
8.570808207128772E-4
8.718817687510573E-4
8.86967282047201E-4
9.023451963010279E-4
9.18023673032983E-4
9.340111057221226E-4
9.503160329913839E-4
9.669470584800927E-4
9.839127770585663E-4
0.001001221707054121
0.001018882228171742
0.0010369025248060477
0.0010552905344541547
0.0010740539009514247
0.0010931999322641123
0.0011127355625844102
0.0011322596558226076
0.0011520009241220268
0.0011719553893147659
0.0011921736356391183
0.0012128080945581316
0.0012341798688072462
0.0012568644039435816
0.001281776209628774
0.0013101037834816291
0.0013424678131778772
0.0013749668552726526
0.0013993636456824444
0.001424191302555616
0.0014494494711116783
0.0014751372321917115
0.0015012531064003084
0.0015277950596120486
0.001554821062262572
0.0015823826917596882
0.0016105254807690537
0.001639289251169947
0.0016687084341850133
0.001698812377171715
0.0017296256375477924
0.0017611682643078929
0.0017934560675739856
0.0018265008766079204
0.0018603107867008024
0.0018948903953404156
0.0019302410280450536
0.0019663609542395085
0.0020032455935367717
0.0020408877127772104
0.002079277614165489
0.0021184033148343704
0.002158250718153782
0.0021982548475620164
0.002238619958715127
0.0022792504995657282
0.002320099618338845
0.0023612350515924974
0.002402940817622876
0.002445860837797999
0.0024911679182096063
0.0025405725646095744
0.0025953399436116262
0.002651146700337653
0.00269758172226221
0.00274442462450779
0.002791646000196416
0.0028392160955511407
0.002887104884260749
0.0029383998971692703
0.0029928296087144675
0.003050134071152816
0.003110064522983528
0.0031723830090630515
0.003236862012087523
0.0033032840951288207
0.0033714415549182825
0.0034411360855800543
0.003512178452523935
0.003584388176215113
0.003657593225545741
0.0037316297205403906
0.0038063416441346167
0.003881580562772652
0.003957205355576995
0.004033081951849221
0.004109083076667602
0.0041850880043535
0.004260982319584339
0.0043360026381088854
0.00441018653273829
0.004483246107913261
0.004554922486460079
0.004625068941801944
0.00469379209159687
0.004761668693871633
0.004830032276894661
0.004901128247079502
0.0049771596157637266
0.005054402716250498
0.005121454193301029
0.005187394977719565
0.005252178023942965
0.005315759770922366
0.0055386287956290005
0.005750901916259757
0.005952905366699035
0.006144956729907178
0.006327365150450407
0.006500431542046104
0.006664448790236877
0.006819701950304107
0.006966468440529433
0.007105018230910055
0.007235614027431436
0.007358511451998692
0.007473959218125729
0.0075821993024788314
0.007683467112369434
0.007777991649288618
0.007865995668573728
0.00794769583529569
0.008023302876453349
0.008093021729559538
0.008157051687701347
0.008214940048039063
0.008266805715596084
0.008312489141783763
0.008351801601387801
0.008384620585521111
0.008411065468929727
0.008431782951834535
0.008448351746885657
0.00846362860234644
0.008481081838265249
0.008499288908623602
0.008508542473353612
0.00851426987589316
0.008516603833711176
0.01678106183998513
0.016456849407842703
0.016138900741409563
0.015827094820325006
0.015521312962713625
0.015221438779987315
0.014927358132521254
0.014638959086186953
0.014356131869725692
0.014078768832946236
0.01380676440573076
0.013540015057833352
0.01327841925945588
0.013021877442586052
0.012770291963082965
0.012523567063495698
0.012281608836600781
0.01204432518964459
0.011811625809277053
0.011583422127163276
0.011359627286260094
0.0111401561077444
0.010924511452664381
0.010712321816725026
0.010503138825068257
0.010296470980052604
0.010091865002811912
0.009889057919730937
0.009688225064774554
0.009490336375409383
0.009297516596515957
0.009112803778041464
0.00893684608067784
0.008764285892575694
0.008595057609060834
