1.6187357252016348E-7
3.244449585824089E-7
4.877161458763387E-7
6.516891390825917E-7
8.163659601039311E-7
9.817486482985577E-7
1.14783926071566E-6
1.3146398723331869E-6
1.4821525762979183E-6
1.6503794841677987E-6
1.8193227261565537E-6
1.9889844513806523E-6
2.1593668281085646E-6
2.3304720440123724E-6
2.5023023064217664E-6
2.6748598425803906E-6
2.8481468999045794E-6
3.0221657462445512E-6
3.1969186701479623E-6
3.3724079811259823E-6
3.5486360099217716E-6
3.725605108781468E-6
3.903317651727675E-6
4.081776034835464E-6
4.260982676510911E-6
4.440940017772169E-6
4.62165052253315E-6
4.80311667788979E-6
4.985340994408915E-6
5.168326006419718E-6
5.352074272307927E-6
5.536588374812629E-6
5.721870921325802E-6
5.907924544194497E-6
6.0947519010258315E-6
6.28235567499471E-6
6.4707385751542985E-6
6.659903336749328E-6
6.849852721532191E-6
7.040589518081872E-6
7.23211654212581E-6
7.424436636864594E-6
7.61755267329956E-6
7.811467550563302E-6
8.006184196253298E-6
8.201705566768256E-6
8.398034647647764E-6
8.595174453914654E-6
8.79312803042067E-6
8.991898452195158E-6
9.191488824796783E-6
9.39190228466847E-6
9.593141999495324E-6
9.795211168566057E-6
9.998113023137371E-6
1.0201850826801502E-5
1.0406427875857365E-5
1.0611847499684538E-5
1.0818113061121038E-5
1.1025227956844016E-5
1.1233195617754035E-5
1.1442019509362807E-5
1.165170313218399E-5
1.1862250022127955E-5
1.207366375089953E-5
1.229993339736052E-5
1.2553100342708484E-5
1.2850204602821285E-5
1.3213000270306464E-5
1.3665452547981057E-5
1.4227181070656047E-5
1.4900384192428223E-5
1.5647899644886756E-5
1.63660565770493E-5
1.6888797290384787E-5
1.7150602995309666E-5
1.741345645610756E-5
1.767736157767326E-5
1.79423223035349E-5
1.8208342616298314E-5
1.847542653809583E-5
1.8743578131038468E-5
1.901280149767249E-5
1.928310078143975E-5
1.9554480167141948E-5
1.982694388140906E-5
2.0100496193171682E-5
2.0375141414137552E-5
2.0650883899272013E-5
2.092772804728265E-5
2.1043804728587913E-5
2.1160294189828278E-5
2.1277198976197504E-5
2.1394521661620228E-5
2.151226484902667E-5
2.1630431170628502E-5
2.1749023288197408E-5
2.1868043893345486E-5
2.1987495707807208E-5
2.2107381483724168E-5
2.2227704003931475E-5
2.2348466082245952E-5
2.2469670563757036E-5
2.259132032511913E-5
2.2713418274846404E-5
2.2835967353609722E-5
2.29589705345356E-5
2.308243082350714E-5
2.3206351259467677E-5
2.33307349147259E-5
2.3455584895264015E-5
2.3580904341047358E-5
2.3706696426336853E-5
2.383296436000349E-5
2.3959711385845287E-5
2.408694078290659E-5
2.421465586579949E-5
2.4342859985028155E-5
2.447155652731532E-5
2.4600748915931266E-5
2.4730440611025457E-5
2.486063510996049E-5
2.4991335947648977E-5
2.5122546696892964E-5
2.5254270968725677E-5
2.5386512412756466E-5
2.5519274717518296E-5
2.5652561610817812E-5
2.5786376860088556E-5
2.5920724272746892E-5
2.6055607696550447E-5
2.6191031019960323E-5
2.6326998172505495E-5
2.6463513125150518E-5
2.6600579890666006E-5
2.6738202524002757E-5
2.687638512266823E-5
2.7015131827106768E-5
2.7154446821082356E-5
2.7294334332064976E-5
2.7434798631620276E-5
2.757584403580205E-5
2.7717474905548347E-5
2.7859695647080174E-5
2.8002510712304746E-5
2.8145924599220905E-5
2.828994185232811E-5
2.843456706303943E-5
2.8579804870096778E-5
2.872565995999068E-5
2.8872137067382584E-5
2.9019240975530933E-5
2.916697651672078E-5
2.931534857269596E-5
2.9464362075096093E-5
2.9600036534934537E-5
2.975727912820945E-5
2.9957815636610042E-5
3.0233745270553905E-5
3.06284480933675E-5
3.119446565764629E-5
3.1985382422124064E-5
3.3036974129671763E-5
3.4327694811176874E-5
3.569479807280465E-5
3.669214564617538E-5
3.687124426076695E-5
3.7051054307541355E-5
3.7231581083573494E-5
3.7412829941306726E-5
3.759480628904181E-5
3.777751559142974E-5
3.796096336996639E-5
3.814515520349088E-5
3.8330096728686917E-5
3.8515793640585955E-5
3.87022516930743E-5
3.888947669940179E-5
3.9077474532693995E-5
3.926625112646649E-5
3.94558124751414E-5
3.964616463456694E-5
3.9837313722539136E-5
4.002926591932631E-5
4.022202746819563E-5
4.0415604675943714E-5
4.061000391342794E-5
4.080523161610295E-5
4.100129428455911E-5
4.1198198485063645E-5
4.1395950850106604E-5
4.1594558078949917E-5
4.179402693817923E-5
4.199436426226141E-5
4.219557695410504E-5
4.2397671985625335E-5
4.26006563983144E-5
4.2804537303815676E-5
4.300932188450298E-5
4.321501739406603E-5
4.3421631158099204E-5
4.362917057469903E-5
4.383764311506357E-5
4.404705632410081E-5
4.425741782104186E-5
4.4468735300060174E-5
4.468101653089819E-5
4.489426935949925E-5
4.510850170864726E-5
4.5323721578612914E-5
4.553993704780654E-5
4.5757156273438637E-5
4.5975387492186605E-5
4.619463902086964E-5
4.6414919257130994E-5
4.6636236680126526E-5
4.685859985122193E-5
4.70820174146967E-5
4.730649809845583E-5
4.753205071474909E-5
4.7758684160897646E-5
4.798640742002772E-5
4.821522956181299E-5
4.8445159743222984E-5
4.867620720927976E-5
4.890838129382091E-5
4.9141691420271016E-5
4.937614710241892E-5
4.961175794520345E-5
4.9848533645503656E-5
5.008648399293802E-5
5.032561887066947E-5
5.056594825621634E-5
5.080748222226997E-5
5.105023093751751E-5
5.1294204667471997E-5
5.153941377530713E-5
5.178586872269644E-5
5.2033580070659923E-5
5.228255848041266E-5
5.253281471422044E-5
5.278435963625857E-5
5.3037204213474094E-5
5.329135951645384E-5
5.354683672029228E-5
5.3803647105467064E-5
5.401486217877107E-5
5.424309275110013E-5
5.4517064905067086E-5
5.488327363067666E-5
5.541060837646555E-5
5.619250000111944E-5
5.73426024171506E-5
5.8976069826549584E-5
6.115138993765454E-5
6.368680946453692E-5
6.570183714822388E-5
6.600056014265399E-5
6.630072896984903E-5
6.660235586456942E-5
6.690545317855176E-5
6.721003338138383E-5
6.751610906137848E-5
6.782369292644135E-5
6.813279780493489E-5
6.844343664653862E-5
6.875562252310223E-5
6.906936862949417E-5
6.938468828444331E-5
6.970159493137412E-5
7.002010213924002E-5
7.034022360335693E-5
7.066197314624426E-5
7.098536471847219E-5
7.131041239952426E-5
7.163713039867057E-5
7.196553305586329E-5
7.229563484264595E-5
7.26274503630906E-5
7.29609943547544E-5
7.329628168966186E-5
7.363332737531568E-5
7.397214655573343E-5
7.431275451251336E-5
7.465516666592997E-5
7.499939857605961E-5
7.534546594393585E-5
7.569338461273697E-5
7.604317056900314E-5
7.639483994388437E-5
7.674840901442055E-5
7.710389420484908E-5
7.746131208794678E-5
7.782067938639486E-5
7.818201297417872E-5
7.85453298780113E-5
7.891064727878561E-5
7.927798251305206E-5
7.964735307452124E-5
8.001877661558931E-5
8.039227094888811E-5
8.076785404885407E-5
8.114554405331836E-5
8.152535926511428E-5
8.190731815370215E-5
8.229143935681047E-5
8.267774168208812E-5
8.306624410877111E-5
8.345696578935838E-5
8.384992605129719E-5
8.42451443986737E-5
8.46426405139117E-5
8.504243425946961E-5
8.5444545679545E-5
8.584899500177403E-5
8.625580263893112E-5
8.666498919062272E-5
8.707657544497736E-5
8.749058238032495E-5
8.790703116687016E-5
8.83259431683485E-5
8.87473399436744E-5
8.917124324857088E-5
8.959767503718257E-5
9.002665746366898E-5
9.045821288377665E-5
9.089236385638947E-5
9.132913314505392E-5
9.176854371947506E-5
9.221061875698883E-5
9.265538164399936E-5
9.31028559773874E-5
9.355306556588443E-5
9.400603443140965E-5
9.446178681037288E-5
9.492034715493467E-5
9.53817401342309E-5
9.574463428644551E-5
9.610937655112059E-5
9.650985823439727E-5
9.700738350516152E-5
9.770142993778381E-5
9.873982930351166E-5
1.003237060407789E-4
1.0269544228338265E-4
1.0606165493787965E-4
1.1026320975690747E-4
1.1380604211245162E-4
1.1432619908956064E-4
1.1484940583246407E-4
1.1537568924589178E-4
1.159050764627052E-4
1.1643759484430377E-4
1.1697327198097558E-4
1.1751213569218002E-4
1.180542140267687E-4
1.1859953526314194E-4
1.1914812790933759E-4
1.1970002070305369E-4
1.2025524261160536E-4
1.2081382283244439E-4
1.2137579079420883E-4
1.2194117615825814E-4
1.22510008820664E-4
1.230823189146173E-4
1.2365813681321946E-4
1.242374931326239E-4
1.2482041873550063E-4
1.2540694473478468E-4
1.2599710249769136E-4
1.2659092364996046E-4
1.27188440080304E-4
1.277896839450379E-4
1.2839468767286566E-4
1.2900348396979104E-4
1.296161058241419E-4
1.3023258651167656E-4
1.308529596007539E-4
1.3147725895755146E-4
1.3210551875130383E-4
1.3273777345954794E-4
1.3337405787336E-4
1.3401440710255672E-4
1.3465885658086137E-4
1.3530744207099825E-4
1.359601996697221E-4
1.3661716581275148E-4
1.3727837727960408E-4
1.3794387119831473E-4
1.3861368505002674E-4
1.3928785667344465E-4
1.3996642426913948E-4
1.4064942640369356E-4
1.4133690201367587E-4
1.4202889040944088E-4
1.4272543127874016E-4
1.4342656469014173E-4
1.4413233109624463E-4
1.4484277133668786E-4
1.4555792664094355E-4
1.4627783863088912E-4
1.4700254932315253E-4
1.4773210113122902E-4
1.4846653686735673E-4
1.492058997441572E-4
1.499502333760288E-4
1.5069958178029472E-4
1.5145398937809683E-4
1.522135009950422E-4
1.5297816186158708E-4
1.537480176131709E-4
1.5452311429008285E-4
1.5530349833707373E-4
1.560892166027052E-4
1.568803163384344E-4
1.5767684519743712E-4
1.5847885123316703E-4
1.5928638289765246E-4
1.6009948903953128E-4
1.6091821890181965E-4
1.617426221194238E-4
1.625727487163883E-4
1.6340864910288554E-4
1.6425037407194826E-4
1.6509797479594438E-4
1.659515028227985E-4
1.6681101007195848E-4
1.676765488301176E-4
1.6836529098454705E-4
1.6902356523909188E-4
1.6968476819827547E-4
1.7042101238170222E-4
1.7136308667106077E-4
1.727237893372133E-4
1.7482012994652344E-4
1.7807891431393218E-4
1.829462845775352E-4
1.893633658928803E-4
1.9505490230484857E-4
1.960073273546741E-4
1.969662442416167E-4
1.9793170860503084E-4
1.9890377636159573E-4
1.998825036976124E-4
2.0086794706112386E-4
2.018601631538374E-4
2.0285920892286648E-4
2.0386514155229795E-4
2.0487801845457833E-4
2.0589789726173282E-4
2.0692483589934772E-4
2.0795889265600958E-4
2.0900012624834623E-4
2.1004859588179118E-4
2.1110436130721396E-4
2.1216748287353662E-4
2.1323802157646203E-4
2.143160391034389E-4
2.1540159787498194E-4
2.1649476108246E-4
2.1759559272247484E-4
2.1870415762793342E-4
2.1982052149592535E-4
2.209447509125184E-4
2.2207691337456793E-4
2.2321707730864243E-4
2.2436531208717516E-4
2.2552168804192523E-4
2.266862764748495E-4
2.2785914966648533E-4
2.290403808819183E-4
2.3023004437443847E-4
2.3142821538696672E-4
2.3263497015132582E-4
2.3385038588546385E-4
2.3507454078867512E-4
2.3630751403493186E-4
2.3754938576437602E-4
2.3880023707306667E-4
2.4006015000103747E-4
2.4132920751875333E-4
2.4260749351201686E-4
2.4389509276541224E-4
2.451920909443356E-4
2.4649857457568423E-4
2.4781463102726723E-4
2.491403484859961E-4
2.5047581593491805E-4
2.5182112312914306E-4
2.53176360570733E-4
2.545416194825966E-4
2.5591699178144903E-4
2.573025700498852E-4
2.586984475076276E-4
2.6010471798197795E-4
2.6152147587754404E-4
2.629488161452703E-4
2.6438683425083175E-4
2.658356261424167E-4
2.672952882179685E-4
2.687659172918986E-4
2.7024761056133634E-4
2.717404655719359E-4
2.732445801832902E-4
2.747600525339896E-4
2.7628698100635193E-4
2.778254641908662E-4
2.7937560085038366E-4
2.8093748988408776E-4
2.8251123029127655E-4
2.8409692113498075E-4
2.856946615054647E-4
2.8730455048361887E-4
2.8892668710428715E-4
2.9056117031955045E-4
2.9220809896199134E-4
2.9386757170797074E-4
2.955396870409353E-4
2.9722454321478545E-4
2.986282769408161E-4
2.99944371988107E-4
3.0119365707056365E-4
3.02446866472171E-4
3.038573749294469E-4
3.057041355000179E-4
3.0844193687499675E-4
3.1274084337304815E-4
3.1939693189658947E-4
3.285779091949663E-4
3.3713757905341415E-4
3.389633190004325E-4
3.408026076757674E-4
3.4265553527137684E-4
3.4452219124750274E-4
3.4640266430010786E-4
3.4829704232868327E-4
3.5020541240439094E-4
3.5212786073857865E-4
3.540644726516807E-4
3.5601533254249587E-4
3.5798053470719344E-4
3.5996018281826334E-4
3.619543894168478E-4
3.639632754181904E-4
3.659869696299536E-4
3.680256082831737E-4
3.700793345756002E-4
3.7214829822718295E-4
3.7423265504748783E-4
3.7633256651479384E-4
3.784481993666595E-4
3.8057972520173447E-4
3.8272732009258896E-4
3.8489116420935824E-4
3.870714414539874E-4
3.892683391048634E-4
3.9148204747163146E-4
3.937127595600044E-4
3.959606707463508E-4
3.9822597846187613E-4
4.005088818862153E-4
4.028095816502185E-4
4.051282795477816E-4
4.074651782565136E-4
4.098204810670571E-4
4.1219439162092677E-4
4.1458711365662627E-4
4.1699885076394125E-4
4.194298061461834E-4
4.218801823902662E-4
4.243501812444105E-4
4.2684000340335784E-4
4.2934984830089495E-4
4.318799139095757E-4
4.3443039654745506E-4
4.370014906917062E-4
4.39593388798965E-4
4.4220628113225875E-4
4.4484035559438277E-4
4.474957975675701E-4
4.501727897593469E-4
4.5287151205439946E-4
4.555921413723592E-4
4.5833485153133456E-4
4.610998131171172E-4
4.63887193357865E-4
4.6669715600421087E-4
4.6952986121462045E-4
4.7238546544591583E-4
4.752641213488129E-4
4.781659776684052E-4
4.810911791494263E-4
4.840398664462261E-4
4.8701217603731926E-4
4.900082401444117E-4
4.930281866558087E-4
4.960721390540826E-4
4.991402163479054E-4
5.022325330079502E-4
5.053491989067656E-4
5.084903192625126E-4
5.116559945864797E-4
5.14846320634291E-4
5.180613883606895E-4
5.213012838778408E-4
5.245660884170361E-4
5.278558782937313E-4
5.311707248758277E-4
5.345106945551094E-4
5.378758487217626E-4
5.408372060132918E-4
5.436203386315164E-4
5.46211430132681E-4
5.48653793275389E-4
5.510970548096415E-4
5.53867217849052E-4
5.575585212148847E-4
5.631289545044669E-4
5.718407157229157E-4
5.842756431727784E-4
5.965161022073758E-4
6.001106429741875E-4
6.037300822116754E-4
6.073744122971203E-4
6.110436206387296E-4
6.147376896887076E-4
6.18456596958226E-4
6.222003150341653E-4
6.259688115976288E-4
6.297620494441598E-4
6.335814058898927E-4
6.374281998379559E-4
6.413036930152427E-4
6.4520909118938E-4
6.491455453661436E-4
6.531141529676036E-4
6.571159589912558E-4
6.611519571504092E-4
6.65223090996074E-4
6.693302550206209E-4
6.734742957434584E-4
6.776560127789641E-4
6.818761598869422E-4
6.86135446005819E-4
6.904345362688369E-4
6.947740530034873E-4
6.991545767143902E-4
7.035766470498783E-4
7.080407637524995E-4
7.125473875936647E-4
7.170969412926637E-4
7.216898104202762E-4
7.263263442871722E-4
7.310068568173525E-4
7.357316274067981E-4
7.405009017675591E-4
7.453148927575136E-4
7.501737811959319E-4
7.550777166651297E-4
7.600268182983306E-4
7.650211755540068E-4
7.700608489768139E-4
7.751458709453959E-4
7.802762464071598E-4
7.854519536002818E-4
7.906729447630853E-4
7.959391468309808E-4
8.012504621211522E-4
8.066067690051623E-4
8.120079225696567E-4
8.174537552653161E-4
8.22944077544282E-4
8.28478678486133E-4
8.34057326412691E-4
8.396797694917006E-4
8.453457363296571E-4
8.510549365538385E-4
8.568070613837916E-4
8.626017841923536E-4
8.684387610564122E-4
8.743176312975096E-4
8.802380180125058E-4
8.861995285943709E-4
8.92201755243314E-4
8.982442754683562E-4
9.043266525794997E-4
9.104484361706421E-4
9.16609162593369E-4
9.228083554217372E-4
9.290455259082229E-4
9.353201734309477E-4
9.416317859323088E-4
9.479798403491335E-4
9.543638030345383E-4
9.607831301715312E-4
9.67237268178576E-4
9.737256541071565E-4
9.802477160315286E-4
9.868028734307344E-4
9.933905375630232E-4
0.001000010111832782
0.001006094036674742
0.0010118544931366701
0.0010172065674044994
0.0010221185861340747
0.001026680579550504
0.001031209263131435
0.001036397246422317
0.0010434929940071596
0.0010543192190636873
0.0010701294957138755
0.0010866930371036092
0.0010934841488837081
0.0011002984331660599
0.0011071352328297997
0.001113993887596544
0.0011208737342872088
0.0011277741070732364
0.001134694337722274
0.0011416337558384465
0.0011487773828802732
0.0011561189333702713
0.0011636522261591843
0.0011713711830507994
0.0011792698274427833
0.0011873422829833595
0.0011955827722436433
0.0012039856154054795
0.0012125452289646098
0.0012212561244490066
0.0012301129071521988
0.001239110274881457
0.001248243016720633
0.0012575060118075383
0.0012668942281256713
0.001276402721310159
0.001286026633467758
0.0012957611920107418
0.0013056017085045443
0.0013155435775290107
0.0013255822755530926
0.001335713359822848
0.0013459324672626127
0.0013562353133891852
0.0013666176912388902
0.0013770754703073705
0.001387604595501985
0.0013982010861066769
0.001408861034759137
0.001419580606440188
0.0014303560374751996
0.0014411836345474562
0.0014520597737232828
0.0014629808994888788
0.0014739435237986422
0.0014849442251349413
0.001495979647579161
0.0015070464998939
0.001518141554616224
0.0015292616471618164
0.0015404036749399614
0.0015515645964791368
0.0015627414305632793
0.0015739312553783617
0.001585131207669421
0.0015963384819077113
0.0016075503294680207
0.0016187640578159345
0.0016299770297050176
0.0016411866623837399
0.001652390426812082
0.001663585846887673
0.0016747704986814216
0.0016859420096824462
0.0016970980580522776
0.0017082363718881888
0.001719354728495558
0.0017304509536691713
0.00174152292098339
0.0017525685510909983
0.0017635858110307402
0.001774572713543396
0.001785527316396295
0.0017964477217161747
0.001807332075330342
0.001818178566115946
0.0018289854253573953
0.0018397509261116906
0.00185047338258172
0.0018611511494973272
0.0018717826215041092
0.0018823662325598493
0.001892240101718783
0.0019015127548783007
0.0019099782983023103
0.0019174587155970449
0.0019238915719565904
0.0019294754192268658
0.001934890897661252
0.0019415953868481095
0.0019519884057008947
0.0019682969064954924
0.0019869888120743534
0.001996657423515843
0.0020062625728228547
0.0020158032033374493
0.0020252782889016705
0.002034686833375685
0.002044027870162065
0.0020533004617361438
0.0020867974584806086
0.002119672895675117
0.002151934238640314
0.002183588875478266
0.002214644117812526
0.0022451072015214468
0.002274985287464786
0.002304285462203638
0.002333014738713781
0.002361180057092501
0.0023887882852588944
0.002415846219647802
0.00244236058589734
0.002468338039530143
0.0024937851666283466
0.0025187084845023746
0.0025431144423535878
0.0025670094219308642
0.0025903997381810993
0.0026132916398937766
0.0026356913103396007
0.0026576048679032354
0.0026790383667102593
0.002699997797248302
0.002720489086982533
0.00274051810096542
0.0027600906424409062
0.002779212453443006
0.002797889215388925
0.0028161265496666377
0.0028339300182171237
0.002851305124111195
0.00286825731212101
0.0028847919692863086
0.0029009144254754445
0.002916629953941199
0.002931943771871489
0.0029468610409349822
0.0029613868678216642
0.002975526304778415
0.0029892843501396226
0.0030026659488529214
0.003015675992999965
0.0030283193223125627
0.003040600724683831
0.003052524936674768
0.0030640966440160368
0.00307532048210517
0.003086201036499092
0.003096742843402147
0.003106950390149549
0.003116828115686365
0.0031263804110420405
0.003135611619800551
0.0031445260385661354
0.0031531279174247515
0.0031614214604012126
0.003169410825912084
0.0031771001272143484
0.0031844934328499603
0.0031915947670861718
0.0031984081103518095
0.003204937399669512
0.003211186529083895
0.0032171593500857436
0.003222859672032253
0.0032282912625633403
0.003233457848014102
0.003238363113823376
0.003243010704938522
0.0032474042262164394
0.0032515472428207752
0.0032554432806154937
0.0032584697994791955
0.0032605213508517415
0.003261247085253142
0.0032602743118586067
0.0032573071775951526
0.0032523040100667596
0.0032457622634400217
0.0032391250005505377
0.00323513840124842
0.003237068181114184
0.0032434975344774733
0.003244624374386503
0.003245550592814491
0.0032462791444066077
0.0032468129507076207
0.0032471549004927853
0.003247307850095668
0.006425554077503485
0.006377125088570567
0.006329061059479673
0.006281359239831131
0.00623401689995864
0.006187031330772848
0.006140399843606152
0.006094119770058654
0.006048188461845256
0.006002603290643942
0.0059573616479452265
0.005912460944902643
0.0058678986121844775
0.005823672099826571
0.005779778877086224
0.005736216432297189
0.00569298227272582
0.005650073924428257
0.0056074889321087165
0.005565224858978815
0.00552327928661799
0.005481649814834978
0.005440334061530305
0.005399329662559854
0.005358634271599411
0.005318245560010307
0.005278161216706001
0.0052383789480197245
0.0051988964775730815
0.005159711546145684
0.005120821911545758
0.0050822253484816785
0.005043919648434559
0.0050059026195317215
0.004968172086421191
0.004930725890147098
0.004893561888026015
0.0048566779535242416
0.00482007197613603
0.004783741861262716
0.004747685530092743
0.004711900919482617
0.004676385981838786
0.00464113868500031
0.004606157012122552
0.004571438961561635
0.004536982546759853
0.0045027857961318744
0.004468846752951863
0.004435163475241433
0.004401734035658418
0.00436855652138654
0.004335629034025837
0.004302949689484012
0.004270516617868497
0.004238327963379426
0.004206381884203315
0.004174676552407689
0.004143210153836327
0.004111980888005446
0.004080986968000594
0.0040502266203743436
0.004019698085044729
0.003989399615194504
0.003959329477171105
0.00392948595038742
0.0038998673272232446
0.0038704719129275447
0.003841298025521406
0.0038123439957017608
0.0037836081667457964
0.0037550888944161255
0.00372678454686665
0.0036986935045491285
0.0036704411279801885
0.003641745448626151
0.0036122405673746113
0.0035815069974301293
0.003549148850704305
0.0035149407579214043
0.003479071168442414
0.0034425016034396625
0.003407353106418511
0.003376653391814768
0.003351245188676669
0.0033260281439937123
0.0033010008195552693
0.003276161787974776
0.003251509632608258
0.003227042947473361
