4.664164322813122E-7
9.378801583817181E-7
1.414443599248341E-6
1.8961600103198286E-6
2.3830834972877577E-6
2.875269032124062E-6
3.3727724693781944E-6
3.875650562747887E-6
4.383960981927374E-6
4.897762329737056E-6
5.41711415953873E-6
5.942076992940479E-6
6.472712337795652E-6
7.009082706500264E-6
7.551251634593358E-6
8.099283699665136E-6
8.653244540577529E-6
9.213200877002332E-6
9.77922052928176E-6
1.035915447790876E-5
1.0960801196092021E-5
1.1595714097389166E-5
1.2279343898731832E-5
1.302973258308808E-5
1.3863403391450622E-5
1.4786517874119553E-5
1.5779194190524066E-5
1.6774531930040836E-5
1.7654832356997834E-5
1.8364469389867313E-5
1.9081588259726974E-5
1.980627212811676E-5
2.053860552732001E-5
2.127867438547254E-5
2.2026566052089776E-5
2.2782369324017674E-5
2.3546174471813896E-5
2.431807326656459E-5
2.509815900714271E-5
2.5886526547913248E-5
2.6683272326890823E-5
2.7488494394354867E-5
2.830229244192669E-5
2.9124767832113877E-5
2.9956023628325495E-5
3.032974819308185E-5
3.070741722201038E-5
3.108908664514822E-5
3.147481338380619E-5
3.186465536724934E-5
3.2258671549614286E-5
3.265692192706709E-5
3.305946755520541E-5
3.346637056671076E-5
3.387769418925597E-5
3.4293502763674536E-5
3.4713861762398696E-5
3.513883780817348E-5
3.5568498693055264E-5
3.60029133977027E-5
3.644215211096844E-5
3.688628624980112E-5
3.7335388479465936E-5
3.778953273409332E-5
3.824101219827152E-5
3.871868966452803E-5
3.924248317340787E-5
3.984108166503182E-5
4.055218598497989E-5
4.141987070868834E-5
4.248659681226935E-5
4.377614133447327E-5
4.526036000127511E-5
4.6796165403812375E-5
4.801668737983027E-5
4.857855996335324E-5
4.914658633007328E-5
4.972085783050211E-5
5.030146741345927E-5
5.0888509652714594E-5
5.148208077401881E-5
5.208227868251632E-5
5.268920299053254E-5
5.330295504572658E-5
5.392363795959765E-5
5.455135663633352E-5
5.518621780198698E-5
5.58283300339654E-5
5.647780379081469E-5
5.7134751442281757E-5
5.779928729965086E-5
5.847152764636756E-5
5.915159076897387E-5
5.983959698838422E-5
6.053566869154554E-5
6.123993036352326E-5
6.195250862006236E-5
6.267353224067371E-5
6.34031322022954E-5
6.414144171358015E-5
6.488859624985604E-5
6.564473358880717E-5
6.640999384691481E-5
6.718451951669863E-5
6.7968455504789E-5
6.876194917085971E-5
6.956515036744095E-5
7.037821148062977E-5
7.120128747170533E-5
7.203453591965362E-5
7.28416024162988E-5
7.367658129004884E-5
7.456650065607709E-5
7.555403316836813E-5
7.670090709568152E-5
7.808865302322203E-5
7.981321461785015E-5
8.196688937501223E-5
8.4587866672677E-5
8.751532854989689E-5
8.999001495669594E-5
9.100653941934645E-5
9.203541071188865E-5
9.307682348256854E-5
9.413097569895922E-5
9.51980686999892E-5
9.627830724793528E-5
9.737189958028091E-5
9.847905746133372E-5
9.959999623349512E-5
1.007349348680686E-4
1.018840960154952E-4
1.0304770605490045E-4
1.0422599514283628E-4
1.0541919726109717E-4
1.066275502646891E-4
1.0785129593085832E-4
1.0909068000994561E-4
1.1034595227868875E-4
1.1161736659646591E-4
1.1290518096486537E-4
1.1420965759085052E-4
1.1553106295369746E-4
1.1686966787579438E-4
1.1822574759730752E-4
1.1959958185465265E-4
1.2099145496263962E-4
1.2240165590010632E-4
1.2383047839880076E-4
1.2527822103523007E-4
1.267451873251514E-4
1.282316858203489E-4
1.2973803020730813E-4
1.3126453940737954E-4
1.32811537677995E-4
1.3437935471449536E-4
1.358830720274088E-4
1.3741185019779754E-4
1.3899849096042936E-4
1.4070062686856558E-4
1.426096516725561E-4
1.4485835463195104E-4
1.4762290811456657E-4
1.5110908216783717E-4
1.5548301552440475E-4
1.6060301686915635E-4
1.651406170064138E-4
1.670318943190168E-4
1.689483920501961E-4
1.7089051917087815E-4
1.7285869134899402E-4
1.748533309990804E-4
1.7687486732512506E-4
1.789237363563414E-4
1.810003809755679E-4
1.8310525094000993E-4
1.852388028940587E-4
1.8740150037394501E-4
1.8959381380400522E-4
1.9181622048435477E-4
1.940692046484718E-4
1.9635325758104145E-4
1.9866887778706568E-4
2.0101657120388653E-4
2.0339685144836188E-4
2.0581024009199894E-4
2.0825726695741052E-4
2.107384704299497E-4
2.132543977788825E-4
2.1580560548291368E-4
2.1839265955531654E-4
2.210161358643369E-4
2.2367662044492907E-4
2.2637470979825508E-4
2.2911101117572527E-4
2.318861428446925E-4
2.3470073433322074E-4
2.3755542665164237E-4
2.4045087248889636E-4
2.433877363819026E-4
2.463666948564579E-4
2.493884365383947E-4
2.5229399210380206E-4
2.5521630065047094E-4
2.5818911732987805E-4
2.6128198205573207E-4
2.646177515451359E-4
2.6839213443864425E-4
2.7289053950222005E-4
2.78488093217989E-4
2.8556478934013186E-4
2.9406923567391386E-4
3.0192737227405627E-4
3.0554585425954147E-4
3.0921626915910236E-4
3.129394593141361E-4
3.1671627696358687E-4
3.2054758384874617E-4
3.2443425079018627E-4
3.2837715723776196E-4
3.3237719079464475E-4
3.36435246716405E-4
3.405522273861829E-4
3.4472904176702923E-4
3.4896660483251944E-4
3.532658421633771E-4
3.5762769397722715E-4
3.6205311862565095E-4
3.665430955911997E-4
3.7109862801564273E-4
3.7572074478930636E-4
3.8041050223003856E-4
3.851689853790841E-4
3.899973089398797E-4
3.9489661788461933E-4
3.998680877522802E-4
4.0491292466070456E-4
4.1003236505426276E-4
4.1522767520761036E-4
4.205001505050569E-4
4.258511145141277E-4
4.312819178709812E-4
4.3679393699446763E-4
4.4238857264478103E-4
4.480672483418283E-4
4.5383140865768877E-4
4.5968251739674756E-4
4.6562205567641927E-4
4.713887459848623E-4
4.7716249172889946E-4
4.8296743035370563E-4
4.888744234495597E-4
4.950308095866546E-4
5.016983782921329E-4
5.092957318691118E-4
5.184273082324902E-4
5.297946889708067E-4
5.435557358374856E-4
5.567761230170411E-4
5.63868084027663E-4
5.710667275394157E-4
5.783735353957468E-4
5.857899732331071E-4
5.933174882538618E-4
6.009575070324887E-4
6.087114333590095E-4
6.16580646123305E-4
6.245664972436462E-4
6.326703096424977E-4
6.408933752723662E-4
6.492372950648581E-4
6.577039461313342E-4
6.662954506524715E-4
6.750141463929787E-4
6.838625587796609E-4
6.928433744830849E-4
7.019594164448951E-4
7.11213620294725E-4
7.206090121024707E-4
7.301486874133688E-4
7.398357915150858E-4
7.496735008876176E-4
7.596650057884368E-4
7.698134939268544E-4
7.801221351830868E-4
7.905940673289706E-4
8.012323827087183E-4
8.12040115839454E-4
8.23020231892641E-4
8.341756160188077E-4
8.455090634792298E-4
8.570232705494963E-4
8.687208261610119E-4
8.806042042477408E-4
8.922850551546304E-4
9.039794088284354E-4
9.156815348229428E-4
9.274393955772241E-4
9.394001955812199E-4
9.518744353502768E-4
9.654176364139298E-4
9.809104395990258E-4
9.994919674300845E-4
0.0010217073787830043
0.0010438160701833213
0.001057941767637767
0.0010722701940941172
0.0010868017461690739
0.0011015366577175152
0.0011164749998187529
0.001131616681056308
0.0011469614480744085
0.0011625088863950908
0.0011782584214803922
0.001194209320024738
0.001210383225537522
0.0012267999264824296
0.0012434774350416587
0.0012604320633531182
0.0012776784972899154
0.0012952298678496452
0.001313097820219467
0.0013312925805811665
0.0013498230207188585
0.001368696720490494
0.0013879200282226546
0.0014074981190867798
0.0014274350515134154
0.0014477338216996843
0.0014683964162638037
0.0014894238630990759
0.0015108162804784956
0.0015325729244598009
0.0015546922346395273
0.001577171878303407
0.0016000087930192186
0.0016231992277170604
0.0016467387823008387
0.0016706224458336127
0.0016948446333384575
0.0017188731411244907
0.0017429142470536596
0.0017668900046176458
0.001790772185540564
0.0018146459973193492
0.0018388078352361325
0.0018639026480444074
0.001891084586377164
0.001922019458198346
0.001957878124349842
0.0019945019159376943
0.002021888042989405
0.00204950027314229
0.0020773282731031853
0.0021053615474316352
0.0021335894578700856
0.0021620012418598674
0.002190586030268387
0.0022193328643523957
0.0022482307119814607
0.002278753795041774
0.002310801330821828
0.002344275887012918
0.0023790832933322653
0.0024151325552042714
0.0024523357694556146
0.0024906080419807076
0.002529867407335076
0.002570034750214959
0.0026110337287822707
0.002652790699795085
0.0026952346455043664
0.0027382971022786636
0.0027819120909192007
0.002826016048628534
0.0028705477625968344
0.0029154483051703753
0.0029606609705677554
0.0030061312131099975
0.0030518065869313
0.003097636687138064
0.003143573092384305
0.0031895693088323882
0.003235580715468519
0.0032815645107431837
0.003327479660507264
0.003372658398124196
0.0034171964343293545
0.0034608766404649435
0.0035035089643268252
0.0035450115916122295
0.0035855476064749676
0.003625733692546279
0.003666915005057513
0.003711308352979631
0.0037610073902556384
0.0038123922641911047
0.0038544006949607617
0.003895951192578291
0.003937022833814493
0.003977595808841352
0.0040176513867277806
0.00405717188180837
0.004096140620905237
0.004134541911383755
0.0042702639182913655
0.004400955304888454
0.004526736882608757
0.004647726963815851
0.004764041409699031
0.00487579367729282
0.004983094865635609
0.005086053761082725
0.005184776881788928
0.005279368521375132
0.005369930791793743
0.005456563665406985
0.005539365016292147
0.005618430660787474
0.00569385439729231
0.005765728045334629
0.005834141483919205
0.005899182689169037
0.005960937771272694
0.006019491010750114
0.00607492489404871
0.006127320148482037
0.0061767557765225935
0.006223309089460327
0.006267055740438147
0.0063080697568757465
0.006346423572292413
0.006381566072628831
0.006413496202492728
0.006441950252839007
0.006466640293653183
0.006487347115281309
0.006504091383347044
0.006517412224880592
0.006528763739784532
0.00654085460117989
0.006556938791463404
0.006575494742057407
0.006586848350137412
0.00659636831509568
0.006604107293333538
0.006610116771029048
0.006614447087446501
0.0066171474578091485
0.006618265995742809
0.013071025939284789
0.012874012641381927
0.012679968769470022
0.01248884956587135
0.01230061094763242
0.012115209496349262
0.011932602448146375
0.011752747683806805
0.01157560371905115
0.011401129694963175
0.011229285368559971
0.011060031103504286
0.010893327860957022
0.010729137190567726
0.010567421221601031
0.01040814265419689
0.0102512647507627
0.010096751327495301
0.00994456674603086
0.00979467590522067
0.009647044233031084
0.009501637678565569
0.009358422704207166
0.00921736627787946
0.009078435865424282
0.008941599423094316
0.008806825390159152
0.008674082681622607
0.008542940133746724
0.008413079246455301
0.008284099587684838
0.008155550473293489
0.008027010716021025
0.007898240820694138
0.007769435011163132
0.0076415891502103015
0.007516883025723146
0.007398433165647966
0.007287002101770852
0.007177249320074463
0.00706914954219561
0.0069626778705851435
0.006857809782768939
0.006754521125695384
0.006652788110168158
