1.3922572358101455E-7
2.7897196224763563E-7
4.19239849254834E-7
5.600305268431018E-7
7.0134514636031E-7
8.431848683846499E-7
9.855508628486434E-7
1.1284443091642668E-6
1.27186639634915E-6
1.415818323153895E-6
1.5603012981904964E-6
1.7053165400618913E-6
1.8508652774926296E-6
1.9969487494606707E-6
2.1435682053303347E-6
2.2907249049863953E-6
2.438420118969298E-6
2.586655128611624E-6
2.735431226175603E-6
2.8847497149919275E-6
3.0346119095996333E-6
3.185019135887281E-6
3.3359727312352475E-6
3.487474044659284E-6
3.639524436955288E-6
3.7921252808452058E-6
3.945277961124346E-6
4.098983874809719E-6
4.253244431289808E-6
4.408061052475478E-6
4.563435172952189E-6
4.7193682401334975E-6
4.875861714415809E-6
5.032917069334438E-6
5.190535791720958E-6
5.348719381861816E-6
5.507469353658426E-6
5.666787234788332E-6
5.826674566867912E-6
5.987132905616366E-6
6.148163821020998E-6
6.309768897503978E-6
6.471949734090281E-6
6.6347079445772955E-6
6.798045157705532E-6
6.961963017330899E-6
7.126463182598398E-6
7.29154732811711E-6
7.457217144136787E-6
7.623474336725687E-6
7.790320627950087E-6
7.957757756055062E-6
8.125787475646864E-6
8.29441155787669E-6
8.463631790626046E-6
8.63344997869351E-6
8.803867943983112E-6
8.974887525694218E-6
9.146510580512821E-6
9.31873898280463E-6
9.491574624809467E-6
9.665019416837456E-6
9.839075287466589E-6
1.0013744183742084E-5
1.0189028071377178E-5
1.0364928934955688E-5
1.0541448778136133E-5
1.0718589623857392E-5
1.0896353514546203E-5
1.1074742512326256E-5
1.1253758699228909E-5
1.1433404177405663E-5
1.161368106934227E-5
1.179459151807461E-5
1.1990434538701327E-5
1.2213427008397703E-5
1.2480829366943413E-5
1.2814648033871256E-5
1.3239083257121994E-5
1.377385337108078E-5
1.4420893320220298E-5
1.5142077907324116E-5
1.58317916810867E-5
1.6321803986400697E-5
1.6546523355415233E-5
1.677201313463407E-5
1.699827562792504E-5
1.7225313160872168E-5
1.7453128081013664E-5
1.7681722758081786E-5
1.791109958424472E-5
1.814126097435013E-5
1.8372209366170786E-5
1.860394722065208E-5
1.8836477022161664E-5
1.9069801278740827E-5
1.9303922522357816E-5
1.953884330916332E-5
1.9774566219748006E-5
2.00110938594017E-5
2.0109203134793796E-5
2.0207601909894185E-5
2.030629173241181E-5
2.0405274166827037E-5
2.0504550794539236E-5
2.060412321401537E-5
2.0703993040939726E-5
2.080416190836416E-5
2.0904631466860015E-5
2.1005403384670376E-5
2.110647934786369E-5
2.1207861060488212E-5
2.130955024472754E-5
2.141154864105717E-5
2.1513858008401912E-5
2.1616480124294425E-5
2.1719416785034945E-5
2.1822669805851424E-5
2.1926241021061843E-5
2.2030132284236114E-5
2.2134345468360525E-5
2.2238882466001877E-5
2.2343745189473868E-5
2.2448935571003673E-5
2.2554455562900257E-5
2.2660307137723552E-5
2.276649228845434E-5
2.2873013028666304E-5
2.2979871392698048E-5
2.3087069435827152E-5
2.3194609234444975E-5
2.33024928862327E-5
2.3410722510338777E-5
2.351930024755732E-5
2.3628228260507915E-5
2.373750873381669E-5
2.3847143874298252E-5
2.395713591113987E-5
2.4067487096085656E-5
2.4178199703623096E-5
2.428927603117041E-5
2.4400718399265447E-5
2.4512529151755848E-5
2.4624710655990326E-5
2.473726530301216E-5
2.4850195507753047E-5
2.4963503709228948E-5
2.5077192370737633E-5
2.519126398005685E-5
2.530572104964482E-5
2.5420566116841414E-5
2.5535801744071715E-5
2.5651430519050208E-5
2.5767455054987123E-5
2.588387799079583E-5
2.600070199130232E-5
2.611792974745553E-5
2.6235563976539964E-5
2.6353607422389575E-5
2.6472062855602813E-5
2.659093307376011E-5
2.6710220901642312E-5
2.682992919145098E-5
2.695006082303012E-5
2.7070618704089968E-5
2.7191605770431895E-5
2.731302498617512E-5
2.7434879343985514E-5
2.755717186530499E-5
2.7679905600583706E-5
2.780308362951304E-5
2.792670906126094E-5
2.805078503470816E-5
2.817531471868683E-5
2.8286004460924932E-5
2.8417968496183586E-5
2.8592932746891226E-5
2.8843067557272617E-5
2.9211971023922628E-5
2.9752634643087946E-5
3.051936307697301E-5
3.154880381861401E-5
3.281993248279014E-5
3.4168622043993214E-5
3.51446303348914E-5
3.5294672155654796E-5
3.5445212257237445E-5
3.5596253975690674E-5
3.574780067983298E-5
3.589985577151422E-5
3.6052422685881094E-5
3.6205504891644236E-5
3.6359105891346265E-5
3.6513229221631904E-5
3.666787845351861E-5
3.682305719266965E-5
3.697876907966763E-5
3.713501779028949E-5
3.7291807035782765E-5
3.744914056314385E-5
3.7607022155396246E-5
3.776545563187056E-5
3.792444484848621E-5
3.808399369803361E-5
3.8244106110457906E-5
3.8404786053144436E-5
3.856603753120449E-5
3.8727864587763827E-5
3.88902713042511E-5
3.9053261800689424E-5
3.921684023598802E-5
3.938101080823662E-5
3.954577775500103E-5
3.971114535362031E-5
3.987711792150672E-5
4.0043699816446616E-5
4.021089543690365E-5
4.0378709222325005E-5
4.054714565344797E-5
4.0716209252611306E-5
4.088590458406642E-5
4.105623625429313E-5
4.122720891231651E-5
4.1398827250027275E-5
4.157109600250439E-5
4.174401994834081E-5
4.1917603909972084E-5
4.2091852754007274E-5
4.226677139156412E-5
4.244236477860583E-5
4.2618637916282316E-5
4.2795595851273906E-5
4.2973243676138454E-5
4.315158652966198E-5
4.33306295972125E-5
4.3510378111097406E-5
4.3690837350924205E-5
4.387201264396421E-5
4.405390936552172E-5
4.423653293930394E-5
4.441988883779665E-5
4.460398258264243E-5
4.478881974502315E-5
4.4974405946045476E-5
4.5160746857129724E-5
4.534784820040397E-5
4.553571574909953E-5
4.572435532795132E-5
4.5913772813602404E-5
4.6103974135009774E-5
4.629496527385669E-5
4.648675226496522E-5
4.667934119671546E-5
4.68727382114655E-5
4.706694950597649E-5
4.7261981331839466E-5
4.745783999590719E-5
4.76545318607272E-5
4.785206334497937E-5
4.805044092391636E-5
4.8249671129805564E-5
4.8449760552375754E-5
4.865071583926524E-5
4.8852543696473266E-5
4.905525088881309E-5
4.925884424036907E-5
4.946333063495412E-5
4.96687170165708E-5
4.987501038987435E-5
5.008221782063642E-5
5.029034643621238E-5
5.049940342600863E-5
5.0709396041953205E-5
5.0920331598966344E-5
5.113221747543274E-5
5.129773541598549E-5
5.14797364929062E-5
5.170689636262814E-5
5.202569965670222E-5
5.250516820544706E-5
5.323917364485823E-5
5.4342305457781115E-5
5.593121219573919E-5
5.806594207285231E-5
6.056347961882391E-5
6.253781242849895E-5
6.278417006846105E-5
6.303154383699958E-5
6.327994160497533E-5
6.352937131279274E-5
6.377984097087344E-5
6.403135866012749E-5
6.428393253242375E-5
6.453757081105657E-5
6.479228179121223E-5
6.504807384043128E-5
6.530495539906995E-5
6.556293498075792E-5
6.582202117285226E-5
6.608222263688984E-5
6.634354810903788E-5
6.660600640054517E-5
6.686960639819358E-5
6.713435706475619E-5
6.740026743945854E-5
6.766734663844584E-5
6.793560385525956E-5
6.82050483613202E-5
6.847568950642227E-5
6.874753671923607E-5
6.902059950782484E-5
6.92948874601707E-5
6.957041024471451E-5
6.984717761090852E-5
7.012519938978189E-5
7.040448549452163E-5
7.068504592106624E-5
7.09668907487137E-5
7.125003014074619E-5
7.153447434506667E-5
7.182023369485238E-5
7.210731860922168E-5
7.239573959391687E-5
7.268550724200037E-5
7.297663223456619E-5
7.326912534146439E-5
7.356299742204198E-5
7.38582594258942E-5
7.415492239363121E-5
7.445299745765766E-5
7.475249584296291E-5
7.505342886792575E-5
7.535580794512916E-5
7.56596445821855E-5
7.596495038257427E-5
7.627173704648751E-5
7.65800163716863E-5
7.688980025436435E-5
7.720110069001997E-5
7.751392977433756E-5
7.782829970407181E-5
7.814422277794158E-5
7.846171139752592E-5
7.878077806816764E-5
7.910143539987827E-5
7.942369610824628E-5
7.974757301534929E-5
8.007307905066563E-5
8.040022725198703E-5
8.072903076633356E-5
8.105950285086254E-5
8.139165687378221E-5
8.172550631525582E-5
8.206106476830919E-5
8.239834593972875E-5
8.273736365095808E-5
8.307813183898554E-5
8.342066455722897E-5
8.376497597640918E-5
8.411108038541791E-5
8.445899219217638E-5
8.480872592448164E-5
8.51602962308454E-5
8.551371788131934E-5
8.586900576830986E-5
8.62261749073767E-5
8.658524043802223E-5
8.694621762446212E-5
8.730912185638308E-5
8.767396864968416E-5
8.804077364719961E-5
8.84095526194068E-5
8.878032146511347E-5
8.915309621212805E-5
8.952789301790845E-5
8.990472817019226E-5
9.018179362597983E-5
9.045974244348298E-5
9.077237850155042E-5
9.118089301420817E-5
9.178471638119151E-5
9.273191982855412E-5
9.422451928502456E-5
9.650683140681438E-5
9.97882341768259E-5
1.0390884149842851E-4
1.0736892943058335E-4
1.077919369078059E-4
1.082171059777831E-4
1.0864445415004572E-4
1.090739990701207E-4
1.0950575851977091E-4
1.099397504172029E-4
1.103759928172487E-4
1.1081450391151213E-4
1.1125530202848969E-4
1.116984056336553E-4
1.1214383332951795E-4
1.1259160385564568E-4
1.1304173608865547E-4
1.134942490424771E-4
1.1394916186886825E-4
1.1440649385817025E-4
1.1486626444028074E-4
1.1532849318583744E-4
1.157931998075926E-4
1.1626040416196324E-4
1.1673012625074743E-4
1.1720238622298935E-4
1.1767720437698356E-4
1.1815460116240044E-4
1.1863459718252983E-4
1.191172131966211E-4
1.196024701223167E-4
1.2009038903816163E-4
1.2058099118618345E-4
1.2107429797453076E-4
1.2157033098015975E-4
1.2206911195155839E-4
1.2257066281150562E-4
1.230750056598462E-4
1.2358216277628367E-4
1.2409215662317481E-4
1.246050098483245E-4
1.2512074528776842E-4
1.2563938596853936E-4
1.2616095511140863E-4
1.2668547613360083E-4
1.2721297265146634E-4
1.2774346848311443E-4
1.2827698765099823E-4
1.2881355438444336E-4
1.2935319312212026E-4
1.2989592851445065E-4
1.304417854259454E-4
1.3099078893747038E-4
1.315429643484335E-4
1.320983371788903E-4
1.3265693317156567E-4
1.3321877829378256E-4
1.3378389873930572E-4
1.3435232093008136E-4
1.349240715178842E-4
1.354991773858602E-4
1.360776656499669E-4
1.366595636603059E-4
1.3724489900234697E-4
1.378336994980418E-4
1.3842599320682382E-4
1.390218084264937E-4
1.3962117369399114E-4
1.402241177860411E-4
1.4083066971969232E-4
1.4144085875272307E-4
1.4205471438393668E-4
1.4267226635332638E-4
1.432935446421207E-4
1.4391857947270407E-4
1.4454740130841366E-4
1.4518004085320893E-4
1.4581652905121945E-4
1.464568970861645E-4
1.4710117638064735E-4
1.4774939859532374E-4
1.4840159562794686E-4
1.4905779961228434E-4
1.4971804291690947E-4
1.5038235814387153E-4
1.5105077812723722E-4
1.5172333593151154E-4
1.5240006484993309E-4
1.5308099840264717E-4
1.5376617033475897E-4
1.544556146142629E-4
1.5514936542985357E-4
1.5584745718861653E-4
1.5654992451360255E-4
1.5707332640308325E-4
1.575644231142917E-4
1.580565436786979E-4
1.5862163263175445E-4
1.5939022282439032E-4
1.6057495307102704E-4
1.624932507055008E-4
1.6557370278592583E-4
1.7026599091758611E-4
1.765110671259116E-4
1.820305034163182E-4
1.8279736988542525E-4
1.8356887771210344E-4
1.8434506335110158E-4
1.851259634249569E-4
1.859116147199651E-4
1.86702054182059E-4
1.8749731891259792E-4
1.882974461640667E-4
1.8910247333568962E-4
1.8991243796895508E-4
1.9072737774306238E-4
1.915473304702849E-4
1.9237233413527642E-4
1.932024269322149E-4
1.9403764729983153E-4
1.948780339543945E-4
1.9572362592068862E-4
1.9657446256106018E-4
1.97430583602575E-4
1.9829202916233938E-4
1.991588397710432E-4
2.0003105639477083E-4
2.0090872045513093E-4
2.0179187384775478E-4
2.0268055895921128E-4
2.035748186823849E-4
2.044746964303632E-4
2.0538023614887686E-4
2.0629148232733833E-4
2.0720848000852513E-4
2.081312747969446E-4
2.0905991286592146E-4
2.0999444096345753E-4
2.1093490641689323E-4
2.118813571364135E-4
2.1283384161743883E-4
2.1379240894193593E-4
2.1475710877868408E-4
2.157279913825342E-4
2.1670510759269396E-4
2.1768850883008203E-4
2.1867824709376636E-4
2.1967437495653603E-4
2.2067694555963702E-4
2.2168601260668928E-4
2.227016303568362E-4
2.237238536171391E-4
2.2475273773425402E-4
2.2578833858542252E-4
2.2683071256879455E-4
2.2787991659311906E-4
2.2893600806683022E-4
2.2999904488654158E-4
2.3106908542499808E-4
2.3214618851848264E-4
2.332304134537259E-4
2.3432181995432528E-4
2.3542046816671163E-4
2.3652641864567044E-4
2.3763973233945272E-4
2.3876047057449164E-4
2.398886950397455E-4
2.4102446777068818E-4
2.4216785113297242E-4
2.4331890780577043E-4
2.4447770076483467E-4
2.456442932652708E-4
2.4681874882406595E-4
2.4800113120236915E-4
2.491915043875539E-4
2.503899325750764E-4
2.515964801501457E-4
2.528112116692162E-4
2.540341918413327E-4
2.55265485509324E-4
2.56505157630876E-4
2.577532732594861E-4
2.590098975253259E-4
2.602750956160125E-4
2.615489327573081E-4
2.6283147419376525E-4
2.641227851693176E-4
2.6542293090784226E-4
2.6673197659369635E-4
2.680499873522392E-4
2.693770282303587E-4
2.707131641770051E-4
2.7205846002374386E-4
2.7341298046534276E-4
2.7477679004039694E-4
2.7585517093749195E-4
2.7684221339860815E-4
2.777587971543704E-4
2.7867559349477615E-4
2.7974566022423463E-4
2.812473686349278E-4
2.8363503851210547E-4
2.8757940925228174E-4
2.938795952507756E-4
3.027028941410902E-4
3.109059649641312E-4
3.1236847127306765E-4
3.1384073385204415E-4
3.153228122710959E-4
3.1681476568133393E-4
3.1831665279762544E-4
3.1982853188143855E-4
3.2135046072385103E-4
3.228824966287308E-4
3.244246963960918E-4
3.259771163056216E-4
3.275398121004059E-4
3.2911284536572534E-4
3.306962832528096E-4
3.32290198208973E-4
3.33894667714002E-4
3.3550977402271273E-4
3.371356039135512E-4
3.3877224844314744E-4
3.4041980270671783E-4
3.42078365604211E-4
3.4374803961210543E-4
3.4542893056075145E-4
3.471211474171748E-4
3.488248020732326E-4
3.5054000913903587E-4
3.5226688574154993E-4
3.540055513282739E-4
3.55756127475911E-4
3.575187377039471E-4
3.592935072930462E-4
3.6108056310818124E-4
3.628800334264022E-4
3.646920477691815E-4
3.6651673673923673E-4
3.683542318617488E-4
3.7020466542991447E-4
3.720681703547346E-4
3.7394488001896864E-4
3.7583492813518315E-4
3.777384486078109E-4
3.796555753991599E-4
3.81586442399282E-4
3.8353118329963784E-4
3.854899314705014E-4
3.874628198419994E-4
3.8944998078876156E-4
3.9145154601807506E-4
3.9346764646149945E-4
3.954984121698709E-4
3.975439722116244E-4
3.9960445457438244E-4
4.016799860697431E-4
4.03770692241191E-4
4.058766972751029E-4
4.0799812391475006E-4
4.101350933772722E-4
4.1228772527353806E-4
4.144561375308582E-4
4.1664044631847526E-4
4.1884076597578385E-4
4.21057208943235E-4
4.2328988569585084E-4
4.2553890467931377E-4
4.2780437224857766E-4
4.300863926089293E-4
4.3238506775948365E-4
4.347004974390292E-4
4.370327790742022E-4
4.393820077299203E-4
4.417482760620419E-4
4.441316742722005E-4
4.4653229006476835E-4
4.4895020860589524E-4
4.513855124846046E-4
4.538382816758667E-4
4.5630859350563683E-4
4.5879652261779304E-4
4.6130214094295834E-4
4.638255176691324E-4
4.66366719214123E-4
4.689258091997236E-4
4.715028484275924E-4
4.7409789485681103E-4
4.767110035830735E-4
4.7934222681946296E-4
4.8199161387879564E-4
4.846592111574895E-4
4.8734506212091044E-4
4.900492072901792E-4
4.927716842303978E-4
4.950823149575198E-4
4.97207419040769E-4
4.991334767549214E-4
5.009041473564396E-4
5.02669145126945E-4
5.04753924870084E-4
5.077514399669815E-4
5.126184250496174E-4
5.206176572455453E-4
5.323281878879815E-4
5.438440069260599E-4
5.467201272926347E-4
5.496142928254889E-4
5.525265007257236E-4
5.554567452740015E-4
5.584050178368468E-4
5.613713068738623E-4
5.643555979458137E-4
5.673578737235677E-4
5.703781139978628E-4
5.734162956898744E-4
5.764733217344394E-4
5.795500606892728E-4
5.826473473891549E-4
5.857659835907204E-4
5.889067386079138E-4
5.920703499382752E-4
5.952575238801343E-4
5.98468936140846E-4
6.017052324361699E-4
6.049670290808992E-4
6.082549135708642E-4
6.115694451563928E-4
6.14911155407361E-4
6.18280548769916E-4
6.216781031149849E-4
6.251042702786832E-4
6.285594765946957E-4
6.320441234187595E-4
6.355585876453314E-4
6.391032222165402E-4
6.426783566235336E-4
6.462842974002842E-4
6.499213286099946E-4
6.535897123241489E-4
6.572896890943406E-4
6.610214784169438E-4
6.647852791907338E-4
6.685812701675317E-4
6.724096103959781E-4
6.762704396585088E-4
6.801638789016324E-4
6.84090030659583E-4
6.880489794714346E-4
6.920407922917784E-4
6.960655188950061E-4
7.001231922733374E-4
7.042138290286143E-4
7.083374297579824E-4
7.124939794335251E-4
7.166834477759162E-4
7.209057896221934E-4
7.251609452877152E-4
7.294488409223565E-4
7.337693888610729E-4
7.381224879688334E-4
7.42508023980066E-4
7.469258698326298E-4
7.513758859964301E-4
7.55857920796715E-4
7.603718107321297E-4
7.649173807876254E-4
7.69494444742237E-4
7.741028054718513E-4
7.787422552469977E-4
7.83412576025735E-4
7.881135397417063E-4
7.928449085874203E-4
7.976064352928225E-4
8.023978633992147E-4
8.072189275285959E-4
8.120693536484788E-4
8.169488593322368E-4
8.218571540150468E-4
8.267939392455006E-4
8.317589089329068E-4
8.367517495903901E-4
8.417721405737824E-4
8.468197543164468E-4
8.518942565599899E-4
8.569953065810039E-4
8.621225574138467E-4
8.672756560695171E-4
8.724542437506968E-4
8.776579560629991E-4
8.828864232224609E-4
8.881392702593714E-4
8.934161172184442E-4
8.987165793554019E-4
9.040402673300269E-4
9.093867873957249E-4
9.141872175411751E-4
9.186544770374356E-4
9.227043778551862E-4
9.26306475300697E-4
9.295521895331297E-4
9.327590032030532E-4
9.366186841642894E-4
9.423768746911221E-4
9.518528381409866E-4
9.662918030232844E-4
9.81482144638046E-4
9.869246159935699E-4
9.923841367483531E-4
9.978602803152761E-4
0.001003352618168843
0.0010088607199821185
0.0010143841537610103
0.0010199224859758912
0.0010254752816906353
0.001031042104689074
0.0010367574382223756
0.001042617176679008
0.0010486172757102992
0.0010547537515043957
0.0010610226800678497
0.0010674201965146992
0.0010739424943630256
0.0010805858248388778
0.0010873464961875213
0.0010942208729918996
0.001101205375498299
0.001108296478949079
0.0011154907129224563
0.0011227846606792335
0.0011301749585164288
0.001137658295127736
0.001145231410970735
0.0011528910976408076
0.0011606341972516666
0.001168457601822468
0.0011763582526714065
0.0011843331398157595
0.0011923793013782944
0.0012004938230000053
0.0012086738372590674
0.0012169165230960187
0.0012252191052450376
0.001233578853671315
0.0012419930830144036
0.0012504591520375555
0.0012589744630829081
0.001267536461532543
0.0012761426352752953
0.0012847905141792878
0.0012934776695701423
0.001302201713714765
0.0013109602993107313
0.0013197511189811208
0.0013285719047748312
0.0013374204276722535
0.0013462944970963136
0.0013551919604287666
0.0013641107025317539
0.0013730486452744996
0.001382003747065184
0.0013909740023878591
0.0013999574413443973
0.001408952129201436
0.0014179561659422271
0.0014269676858233889
0.0014359848569364573
0.0014450058807742637
0.001454028991802004
0.00146305245703303
0.0014720745756092671
0.0014810936783862204
0.0014901081275225493
0.0014991163160741423
0.0015081166675926284
0.0015171076357283389
0.00152608770383761
0.0015350553845944403
0.0015440092196064054
0.0015529477790348263
0.0015618696612191456
0.0015707734923054437
0.0015796579258790812
0.0015885216426014001
0.0015973633498504957
0.0016061817813659187
0.0016149756968973975
0.0016237438818574204
0.0016324851469777192
0.0016411983279695798
0.0016498822851879476
0.0016585359032992848
0.001667158090953159
0.0016757477804575122
0.0016843039274575546
0.0016928255106182944
0.0017013115313106206
0.001709098983278781
0.0017162965063018114
0.0017226991505005008
0.001728131032146953
0.0017325329958059817
0.0017361070842150722
0.0017395356384643404
0.0017442735516566906
0.0017527128486454096
0.0017670636773068002
0.0017838120117817365
0.0017915924906367787
0.0017993275155065084
0.001807016388106009
0.0018146584281438477
0.001822252973066918
0.0018297993778082224
0.0018372970145375319
0.0018447452724149312
0.0018717410660656372
0.0018982862177546035
0.001924385594790529
0.0019500440192113735
0.0019752662681744968
0.0020000570743436267
0.002024421126272566
0.002048363068785821
0.0020718875033560315
0.0020949989884783333
0.0021177020400416037
0.0021400011316966678
0.002161900695221469
0.0021834051208832117
0.0022045187577975234
0.002225245914284656
0.0022455908582227554
0.0022655578173981926
0.0022851509798530165
0.0023043744942295398
0.002323232470112071
0.0023417289783658137
0.002359868051472981
0.002377653683866123
0.002395089832258705
0.0024121804159729235
0.0024289293172648435
0.0024453403816468333
0.0024614174182073126
0.0024771641999278794
0.002492584463997798
0.0025076819121258617
0.0025224602108497095
0.00253692299184255
0.0025510738522173376
0.002564916354828468
0.0025784540285708995
0.0025916903686768675
0.0026046288370100783
0.002617272862357494
0.0026296258407186666
0.0026416911355927014
0.0026534720782628073
0.0026649719680785005
0.002676194072735425
0.0026871416285529043
0.0026978178407491486
0.0027082258837141573
0.0027183689012803876
0.0027282500069911344
0.002737872284366704
0.0027472387871683357
0.0027563525396599765
0.002765216536867811
0.0027738337448376706
0.0027822071008902914
0.00279033951387441
0.0027982338644177893
0.002805893005176137
0.002813319761079907
0.0028205169295791054
0.0028274872808859886
0.0028342335582157746
0.0028407584780253408
0.002847064730249881
0.002853154978537631
0.002859031860482623
0.002864697987855477
0.0028701559468322377
0.002875408298221363
0.002880457577688742
0.002885306295980882
0.0028899569391461558
0.002894411968754278
0.0028986738221138753
0.0029027449124882565
0.002906627629309381
0.0029103243383899954
0.002913837382134047
0.00291716907974526
0.0029203217274340193
0.0029232975986224624
0.0029254719077586875
0.002926736426145271
0.0029267389572706364
0.0029251070675605103
0.0029215472741549973
0.00291602178915052
0.0029090310168299926
0.0029020158757646
0.002897711701785156
0.002899359671736202
0.0029055475327323384
0.002906510510557688
0.0029073274757739596
0.0029080003592019577
0.002908531072225741
0.0029089215069672478
0.00290917353645947
0.002909289014818143
0.005755849746310703
0.005716840636918111
0.005678095859914147
0.005639613624127826
0.005601392150529135
0.005563429672146655
0.005525724433985786
0.005488274692947487
0.005451078717747601
0.005414134788836708
0.005377441198320531
0.005340996249880893
0.00530479825869716
0.005268845551368304
0.005233136465835414
0.005197669351304784
0.0051624425681715
0.0051274544879435485
0.0050927034931664466
0.005058187977348376
0.005023906344885841
0.004989857010989818
0.004956038401612402
0.0049224489533739564
0.004889087113490776
0.004855951339703225
0.004823040100204327
0.004790351873568916
0.0047578851486832115
0.004725638424674899
0.004693610210843653
0.004661799026592178
0.004630203401357673
0.00459882187454381
0.004567652995453103
0.00453669532321982
0.004505947426743286
0.004475407884621667
0.004445075285086214
0.004414948225935917
0.004385025314472631
0.004355305167436638
0.004325786410942659
0.004296467680416256
0.004267347620530713
0.004238424885144326
0.0042096981372381145
0.004181166048853971
0.004152827301033222
0.004124680583755596
0.004096724595878613
0.004068958045077407
0.0040413796477849016
0.004013988129132483
0.003986782222890959
0.003959760671412014
0.00393292222557004
0.003906265644704318
0.0038797896965616376
0.0038534931572393
0.003827374811128496
0.0038014334508580548
0.0037756678772386167
0.003750076899207148
0.0037246593337718534
0.0036994140059574414
0.0036743397487507797
0.0036494354030469247
0.0036246998175954873
0.003600131848947378
0.0035757303614019345
0.003551494226954387
0.0035274223252436798
0.0035035135435006457
0.003479766776496541
0.003456180926491925
0.003432754903185887
0.0034094876236656197
0.003386378012356335
0.0033634250009715143
0.0033406275284634927
0.003317984540974405
0.0032954949917874178
0.003272784984075543
0.003249572287394652
0.0032254907540758275
0.0032001212826545684
0.0031730695950091315
0.003144113094290625
0.0031134427126624773
0.0030820191894625347
0.003051956748920499
0.00302626796054781
0.0030057955012957015
0.0029854615081413493
0.0029652650445694145
0.0029452051804007904
0.0029252809917497437
0.002905491560981229
0.0028858359766686385
