5.757275219888654E-7
1.1586600456939214E-6
1.7488855008431093E-6
2.346493380124131E-6
2.951574771483211E-6
3.564222391028669E-6
4.184530616548934E-6
4.812595521654794E-6
5.448514910556072E-6
6.09238835348291E-6
6.744317222762622E-6
7.404404729562905E-6
8.07275596131296E-6
8.749477919814254E-6
9.434679560053045E-6
1.0128471829727312E-5
1.0830967709501014E-5
1.15503250027997E-5
1.2294821375232606E-5
1.3076783929351858E-5
1.391279091939192E-5
1.4822339868173379E-5
1.582352226208959E-5
1.692361559164804E-5
1.8102283939500493E-5
1.928890370892437E-5
2.0357382449038322E-5
2.1246921064701583E-5
2.2147347473724185E-5
2.3058803652066083E-5
2.3981434182801423E-5
2.4915386308533906E-5
2.5860809984780806E-5
2.681785793434011E-5
2.778668570265544E-5
2.8767451714191887E-5
2.976031732983563E-5
3.076544690533038E-5
3.178300785076178E-5
3.281317069110054E-5
3.328038160582657E-5
3.375334005587321E-5
3.423213835515306E-5
3.471687062249438E-5
3.5207632815362195E-5
3.5704522764117174E-5
3.620764020682233E-5
3.6717086824611514E-5
3.723296627763316E-5
3.775538424158742E-5
3.828444844487319E-5
3.8820268706366366E-5
3.936295697384879E-5
3.991262736311067E-5
4.046939619774819E-5
4.1033382049679035E-5
4.160470578039876E-5
4.2175447834199644E-5
4.277504436528192E-5
4.34238161444801E-5
4.4151066185812335E-5
4.4995385226814077E-5
4.6002072764166326E-5
4.7215182807952615E-5
4.8660400642890085E-5
5.0311385808161304E-5
5.20251340307221E-5
5.342236322018197E-5
5.413882945296558E-5
5.486445966241562E-5
5.55994075891589E-5
5.634382994537648E-5
5.7097886469795904E-5
5.786173998351673E-5
5.863555644664415E-5
5.941950501570157E-5
6.021375810178748E-5
6.101849142943823E-5
6.183388409615382E-5
6.266011863253973E-5
6.349738106306393E-5
6.434586096746819E-5
6.520575154290032E-5
6.607724966686223E-5
6.696055596108055E-5
6.785587485642181E-5
6.876341465897936E-5
6.968338761745985E-5
7.0616009991998E-5
7.156150212451891E-5
7.252008851076399E-5
7.349199787407846E-5
7.44774632410539E-5
7.547672201909544E-5
7.64900160759738E-5
7.751759182140076E-5
7.855970029064865E-5
7.961659723021643E-5
8.065107210354472E-5
8.171831653037821E-5
8.284587491241232E-5
8.407727351051056E-5
8.547557554643186E-5
8.712429089403447E-5
8.912214721909876E-5
9.156510412254261E-5
9.449539761569755E-5
9.775474655236916E-5
1.0056220522660293E-4
1.0187270593297595E-4
1.0320160938666848E-4
1.0454924070285091E-4
1.0591593113890711E-4
1.0730201819794174E-4
1.0870784573163175E-4
1.1013376404214177E-4
1.1158012998281917E-4
1.1304730705737393E-4
1.1453566551724774E-4
1.1604558245686986E-4
1.1757744190951471E-4
1.1913163494601354E-4
1.2070855977815225E-4
1.223086218681982E-4
1.2393223404565676E-4
1.2557981663203552E-4
1.2725179757411265E-4
1.2894861258594886E-4
1.3067070529965025E-4
1.3241852742468949E-4
1.341925389154088E-4
1.3599320814617008E-4
1.3782101209347834E-4
1.3967643652429052E-4
1.4155997618960658E-4
1.4347213502237215E-4
1.4541342633863554E-4
1.4738437304085268E-4
1.493855078221867E-4
1.5133004662558672E-4
1.533089564369484E-4
1.5535561629220797E-4
1.5752871341852062E-4
1.5992144446461525E-4
1.6266949167576106E-4
1.6595340473341038E-4
1.6998514643983654E-4
1.7493838558677548E-4
1.806784695245159E-4
1.8584332693231652E-4
1.8830342019553686E-4
1.9080104425493234E-4
1.933368781968151E-4
1.9591161324158946E-4
1.9852595280836342E-4
2.011806125625219E-4
2.0387632044556445E-4
2.0661381668657755E-4
2.0939385379475667E-4
2.1221719653245804E-4
2.1508462204550903E-4
2.17996920126363E-4
2.209548935875606E-4
2.2395935872475812E-4
2.2701114585024882E-4
2.3011109987951242E-4
2.3326008095481083E-4
2.364589650912718E-4
2.3970864483222813E-4
2.430100299018276E-4
2.4636404784412E-4
2.4977164463891276E-4
2.5323378528574605E-4
2.567514543482869E-4
2.603256564523836E-4
2.6395741673183523E-4
2.676477812167689E-4
2.713978171602252E-4
2.752086132992675E-4
2.790812800475646E-4
2.8285363223897657E-4
2.8666127758231023E-4
2.9053850351135134E-4
2.9455596391601526E-4
2.9883866106880186E-4
3.035861021363167E-4
3.0908993623914477E-4
3.1573478003906705E-4
3.239131290616426E-4
3.335880918151966E-4
3.426390223417461E-4
3.4737529308993944E-4
3.5218862271363686E-4
3.5708039078895926E-4
3.620519927092325E-4
3.671048387501229E-4
3.722403530771497E-4
3.7745997269821003E-4
3.8276514636385693E-4
3.881573334181347E-4
3.9363801300445545E-4
3.9920869199433766E-4
4.0487091172552634E-4
4.106262536318015E-4
4.1647634384273173E-4
4.224228568277367E-4
4.2846751815510154E-4
4.346121064330024E-4
4.4085845449617293E-4
4.472084498985518E-4
4.536640347690944E-4
4.602272050849212E-4
4.6690000941305504E-4
4.7368454716926035E-4
4.805829664397998E-4
4.875974614094273E-4
4.947302694364514E-4
5.019836678134257E-4
5.093599702497542E-4
5.168615231103942E-4
5.244907014427899E-4
5.319815531176336E-4
5.39517574677049E-4
5.471232306652184E-4
5.548702435540363E-4
5.629080078633752E-4
5.715025718776477E-4
5.810803956095474E-4
5.922589977273613E-4
6.05758743031426E-4
6.217632428647383E-4
6.372815282768586E-4
6.465965607572147E-4
6.560686103907924E-4
6.656999665746977E-4
6.754928795752037E-4
6.854495562194935E-4
6.955721556851164E-4
7.058627853952072E-4
7.163234970266968E-4
7.269568932264831E-4
7.377660617909314E-4
7.487545136556569E-4
7.599261245338647E-4
7.712850800472757E-4
7.828358241992195E-4
7.945830110448382E-4
8.065314594185718E-4
8.186861105841215E-4
8.310519886769797E-4
8.436341638143355E-4
8.564377177517357E-4
8.694677119703299E-4
8.827291580827731E-4
8.962269904500613E-4
9.099660409055204E-4
9.239510154861342E-4
9.381864730750626E-4
9.52676805862917E-4
9.674262215388109E-4
9.82438727125648E-4
9.977181143773568E-4
0.0010128697330364501
0.0010281133001417914
0.0010434422311196112
0.0010589036937033167
0.0010746450006146443
0.0010909791252735428
0.0011084686633647796
0.0011280088465538522
0.0011507629997722702
0.0011773162748224882
0.0012038711431485855
0.0012224012028027086
0.0012412205408876772
0.0012603291263441555
0.0012797266365475249
0.0012994124587696022
0.0013193856922087417
0.0013396451505498174
0.0013602252073621997
0.0013811569200999879
0.0014024681883820565
0.0014241839065648842
0.001446326110784027
0.0014689141206352078
0.0014919646756612094
0.001515492066806141
0.0015395082629940972
0.0015640230329848333
0.0015890440626548025
0.00161457706784769
0.0016406259029345263
0.001667192665219532
0.0016942777953238982
0.0017218801736760601
0.0017499972132332473
0.001778624948555654
0.0018077581213509742
0.0018373902626037733
0.0018675137714008255
0.0018981199905603672
0.0019291992791700583
0.001960206302182205
0.001991343931393152
0.0020225253252371955
0.0020537123932552297
0.0020849804245431187
0.002116617727183287
0.0021492662353049608
0.0021840868698053653
0.0022227670229325335
0.002266529145370295
0.0023111757366551687
0.002346563335061291
0.002382234853098034
0.0024181731475498482
0.002454360871873104
0.0024907805110097564
0.0025274144145027828
0.0025663488207042667
0.0026074232254511727
0.00265048312178902
0.00269537982219647
0.002741970285462135
0.0027901169481010274
0.002839687560200692
0.0028905550255895313
0.0029425972462223783
0.0029956969706807133
0.003049741646687314
0.0031046232775374504
0.00316023828235096
0.0032164873600517415
0.0032732753569834567
0.003330511138072147
0.0033881074614487967
0.003445980856446601
0.003504051504889967
0.0035622431255939242
0.003620482861994736
0.003678701172834196
0.003736831725821999
0.003794811294202209
0.0038519433795090366
0.003908302609430621
0.003963647452118219
0.004017762768969121
0.004070541632686637
0.004122123887676327
0.004173108560864961
0.00422483457224269
0.004279531691605557
0.004339352824623671
0.0044006903911127365
0.0044524175229567545
0.0045034188232616025
0.0045536653581938836
0.004603130035815563
0.0046517875409463755
0.004823121408093428
0.004987317639925476
0.005144568854702371
0.005295063193461233
0.005438984416434647
0.005576511997486601
0.005707821216605523
0.00583308325049322
0.005952465261287764
0.006066130483457438
0.006174238308902431
0.006276944370299902
0.00637440062272773
0.006466755423601162
0.006554153610956267
0.006636736580113211
0.006714642358751784
0.006788005680431075
0.006856958056584328
0.006921627847019725
0.006982140328956935
0.007038617764628877
0.007091179467477535
0.007139941866972012
0.007185018572076502
0.0072258952189092306
0.007262606561053938
0.007294922885322373
0.007322588132753476
0.007345413122255752
0.007363447420621875
0.007377259063307268
0.007388332233661538
0.00739940880114334
0.007413808871663229
0.007430093132961727
0.007438688894573675
0.007444865333809909
0.007448701878262286
0.007450275959907309
0.01469969410345967
0.014450741044593084
0.014206004180977153
0.013965412105345694
0.01372889461998174
0.013496382716223474
0.013267808554317747
0.013043105443614965
0.012822207823099785
0.012605051242251758
0.01239157234223047
0.012181708837379585
0.011975399497044334
0.011772584127697314
0.011573203555367133
0.011377199608365
0.01118451510030402
0.010995093813406279
0.01080888048209294
0.010625820776852412
0.010445861288381928
0.010268949511997954
0.010095033832310744
0.009924063508158698
0.009755988657798004
0.009590760244343298
0.009427933024302275
0.009267177203815594
0.009108084865541405
0.008950201777179107
0.00879310601237127
0.008636556744112922
0.008480739096949266
0.00832661920423437
0.008176308861298238
0.008032826312975841
0.007896872062907106
0.007763218786887862
0.00763182753968208
0.007502660035332326
