4.321908839095319E-6
4.3219088389398425E-6
4.321908838784308E-6
4.321908838628713E-6
4.32190883847306E-6
4.321908838317349E-6
4.32190883816158E-6
4.321908838005751E-6
4.321908837849863E-6
4.321908837693917E-6
4.321908837537912E-6
4.321908837381849E-6
4.3219088372257265E-6
4.3219088370695455E-6
4.321908836913305E-6
4.321908836757006E-6
4.321908836600649E-6
4.3219088364442336E-6
4.321908836287759E-6
4.321908836131223E-6
4.321908835974637E-6
4.32190883581798E-6
4.321908835661273E-6
4.3219088355045056E-6
4.321908835347677E-6
4.321908835190792E-6
4.321908835033848E-6
4.321908834876845E-6
4.321908834719784E-6
8.643817668810854E-6
0.03270463951637091
0.031246465082233908
0.029853304301676525
0.028522258771414545
0.027250559300358232
0.026035560138581663
0.024874733465463057
0.023765664125616356
0.02270604460164683
0.02169367021315835
0.020726434531827816
0.019802325002742576
0.018919418762572637
0.018075878645527472
0.017269949368411513
0.01649995388647191
0.015764289912095684
0.015061426588780218
0.014389901313163101
0.013748316698250633
0.01313533767133369
0.012549688700413227
0.011990151143286354
0.011455560713751207
0.01094480505968931
0.01045682144806002
0.009990594552107957
0.009545154336325775
0.0091195740349442
0.008712968219929484
1.149461978621437E-5
1.1494619785332173E-5
1.1494619784449844E-5
1.1494619783567376E-5
1.1494619782684774E-5
1.1494619781802034E-5
1.1494619780919158E-5
1.1494619780036146E-5
1.1494619779152998E-5
1.1494619778269717E-5
1.1494619777386294E-5
1.149461977650274E-5
1.1494619775619048E-5
1.1494619774735221E-5
1.149461977385126E-5
1.1494619772967162E-5
1.1494619772082926E-5
1.1494619771198552E-5
1.1494619770314046E-5
1.1494619769429405E-5
1.1494619768544627E-5
1.1494619767659706E-5
1.1494619766774663E-5
1.1494619765889471E-5
1.1494619765004151E-5
1.1494619764118691E-5
1.14946197632331E-5
1.1494619762347368E-5
1.1494619761461505E-5
2.2989239519378462E-5
0.001518343323183273
0.00296115689104629
0.004331848620963537
0.005633674334648166
0.0068697445385993506
0.008043030898859523
0.009156372424133814
0.010212481370842696
0.011213948883179978
0.012163250380738079
0.01306275070572769
0.013914709041275775
0.014721283611719035
0.015484536175239027
0.016206436318609213
0.016888865563247504
0.017533621291205215
0.018142420499175752
0.018716903388084592
0.01925863679533136
0.01976911747630411
0.020249775241375043
0.020701975954222678
0.021127024397011532
0.021526167007688016
0.0219005944944302
0.022251444332111427
0.022579803145489585
0.02288670898373068
0.023173153490786403
1.4058734424774408E-7
4.147685362834539E-7
8.158656275224225E-7
1.3375021343990624E-6
1.9735895833252323E-6
2.7183146551534965E-6
3.5661269021378648E-6
4.511727011642061E-6
5.550055592056894E-6
6.67628245755252E-6
7.88579638940628E-6
9.174195352711169E-6
1.0537277148281913E-5
1.1971030480534395E-5
1.3471626423019548E-5
1.5035410264144417E-5
1.665889371641254E-5
1.833874747326398E-5
2.0071794098295358E-5
2.185500123229419E-5
2.368547510413417E-5
2.5560454332152005E-5
2.747730400316674E-5
2.9433510016813387E-5
3.1426673683348575E-5
3.345450656355171E-5
3.551482553979369E-5
3.760554810778145E-5
3.9724687878912056E-5
4.187035028358889E-5
