2.019026627711162E-7
2.0190301329718093E-7
2.0190336382385429E-7
2.019037143511361E-7
2.0190406487902652E-7
2.0190441540752545E-7
2.01904765936633E-7
2.0190511646634908E-7
2.0190546699667374E-7
2.0190581752760693E-7
2.0190616805914866E-7
2.0190651859129896E-7
2.0190686912405789E-7
2.0190721965742535E-7
2.019075701914014E-7
2.0190792072598602E-7
2.0190827126117908E-7
2.019086217969809E-7
2.019089723333912E-7
2.0190932287041004E-7
2.019096734080375E-7
2.0191002394627354E-7
2.0191037448511808E-7
2.0191072502457128E-7
2.0191107556463298E-7
2.0191142610530342E-7
2.0191177664658217E-7
2.019121271884698E-7
2.0191247773096582E-7
2.019128282740704E-7
2.0191317881778363E-7
2.0191352936210556E-7
2.019138799070358E-7
2.0191423045257482E-7
2.019145809987224E-7
2.0191493154547853E-7
2.0191528209284324E-7
2.0191563264081656E-7
2.019159831893985E-7
2.0191633373858894E-7
2.0191668428838802E-7
2.0191703483879578E-7
2.0191738538981207E-7
2.0191773594143698E-7
2.0191808649367048E-7
2.0191843704651258E-7
2.0191878759996327E-7
2.019191381540226E-7
2.019194887086905E-7
2.019198392639669E-7
2.019201898198521E-7
2.0192054037634574E-7
2.0192089093344815E-7
2.0192124149115888E-7
2.0192159204947858E-7
2.0192194260840654E-7
2.019222931679434E-7
2.0192264372808877E-7
2.0192299428884274E-7
2.019233448502053E-7
2.0192369541217643E-7
2.0192404597475634E-7
2.0192439653794465E-7
2.0192474710174177E-7
2.0192509766614754E-7
2.0192544823116168E-7
2.0192579879678456E-7
2.0192614936301618E-7
2.0192649992985635E-7
2.0192685049730513E-7
2.019272010653625E-7
2.0192755163402848E-7
2.0192790220330307E-7
2.0192825277318647E-7
2.019286033436783E-7
2.0192895391477885E-7
2.0192930448648816E-7
2.0192965505880577E-7
2.0193000563173223E-7
2.0193035620526743E-7
2.0193070677941103E-7
2.0193105735416343E-7
2.019314079295243E-7
2.0193175850549405E-7
2.0193210908207231E-7
2.0193245965925907E-7
2.0193281023705475E-7
2.0193316081545893E-7
2.0193351139447162E-7
2.0193386197409314E-7
2.0193421255432328E-7
2.0193456313516204E-7
2.0193491371660945E-7
2.0193526429866542E-7
2.019356148813303E-7
2.019359654646036E-7
2.0193631604848565E-7
2.0193666663297642E-7
2.0193701721807573E-7
2.0193736780378363E-7
2.0193771839010028E-7
2.019380689770255E-7
2.0193841956455959E-7
2.0193877015270215E-7
2.0193912074145355E-7
2.0193947133081333E-7
2.0193982192078202E-7
2.0194017251135928E-7
2.0194052310254516E-7
2.0194087369433978E-7
2.019412242867431E-7
2.0194157487975503E-7
2.0194192547337568E-7
2.0194227606760492E-7
2.019426266624428E-7
2.0194297725788958E-7
2.0194332785394478E-7
2.019436784506086E-7
2.0194402904788153E-7
2.019443796457627E-7
2.019447302442527E-7
2.0194508084335145E-7
2.019454314430588E-7
2.0194578204337476E-7
2.0194613264429966E-7
2.0194648324583298E-7
2.0194683384797504E-7
2.0194718445072588E-7
2.0194753505408531E-7
2.0194788565805347E-7
2.0194823626263033E-7
2.0194858686781584E-7
2.0194893747361017E-7
2.0194928808001308E-7
2.019496386870245E-7
2.0194998929464493E-7
2.0195033990287382E-7
2.0195069051171166E-7
2.0195104112115782E-7
2.0195139173121312E-7
2.019517423418768E-7
2.0195209295314915E-7
2.0195244356503045E-7
2.0195279417752037E-7
2.0195314479061891E-7
2.0195349540432615E-7
2.0195384601864225E-7
2.0195419663356697E-7
2.0195454724910046E-7
2.0195489786524247E-7
2.0195524848199318E-7
2.0195559909935282E-7
2.0195594971732109E-7
2.0195630033589802E-7
2.0195665095508377E-7
2.0195700157487823E-7
2.0195735219528116E-7
2.0195770281629305E-7
2.0195805343791362E-7
2.019584040601429E-7
2.0195875468298085E-7
2.019591053064276E-7
2.0195945593048305E-7
2.019598065551471E-7
2.0196015718042003E-7
2.019605078063017E-7
2.0196085843279197E-7
2.0196120905989106E-7
2.0196155968759888E-7
2.0196191031591521E-7
2.019622609448406E-7
2.0196261157437461E-7
2.0196296220451726E-7
2.0196331283526873E-7
2.0196366346662888E-7
2.0196401409859786E-7
2.0196436473117556E-7
2.0196471536436183E-7
2.0196506599815706E-7
2.0196541663256087E-7
2.0196576726757352E-7
2.0196611790319496E-7
2.0196646853942486E-7
2.0196681917626377E-7
2.019671698137114E-7
2.0196752045176767E-7
2.0196787109043282E-7
2.0196822172970666E-7
2.0196857236958934E-7
2.0196892301008047E-7
2.0196927365118068E-7
2.0196962429288948E-7
2.0196997493520708E-7
2.0197032557813335E-7
2.0197067622166865E-7
2.0197102686581245E-7
2.0197137751056506E-7
2.0197172815592635E-7
2.019720788018964E-7
2.019724294484752E-7
2.019727800956631E-7
2.0197313074345953E-7
2.0197348139186465E-7
2.0197383204087858E-7
2.019741826905013E-7
2.0197453334073272E-7
2.0197488399157296E-7
2.01975234643022E-7
2.019755852950799E-7
2.0197593594774642E-7
2.019762866010218E-7
2.0197663725490593E-7
2.019769879093987E-7
2.0197733856450044E-7
2.019776892202109E-7
2.0197803987653023E-7
2.019783905334583E-7
2.0197874119099497E-7
2.019790918491405E-7
2.019794425078949E-7
2.01979793167258E-7
2.0198014382722993E-7
2.0198049448781057E-7
2.0198084514900006E-7
2.019811958107984E-7
2.0198154647320545E-7
2.0198189713622117E-7
2.0198224779984594E-7
2.019825984640795E-7
2.019829491289217E-7
2.0198329979437263E-7
2.0198365046043236E-7
2.019840011271011E-7
2.0198435179437857E-7
2.019847024622647E-7
2.0198505313075973E-7
2.0198540379986345E-7
2.0198575446957611E-7
2.0198610513989766E-7
2.019864558108279E-7
2.019868064823669E-7
2.0198715715451467E-7
2.0198750782727115E-7
2.019878585006369E-7
2.0198820917461106E-7
2.0198855984919416E-7
2.0198891052438583E-7
2.0198926120018665E-7
2.019896118765963E-7
2.019899625536146E-7
2.0199031323124155E-7
2.0199066390947748E-7
2.0199101458832235E-7
2.019913652677759E-7
2.0199171594783826E-7
2.0199206662850957E-7
2.0199241730978965E-7
2.0199276799167838E-7
2.0199311867417616E-7
2.019934693572827E-7
2.0199382004099802E-7
2.019941707253222E-7
2.0199452141025523E-7
2.0199487209579685E-7
2.0199522278194764E-7
2.0199557346870715E-7
2.0199592415607534E-7
2.0199627484405257E-7
2.0199662553263853E-7
2.0199697622183337E-7
2.0199732691163707E-7
2.0199767760204955E-7
2.019980282930707E-7
2.0199837898470103E-7
2.0199872967694003E-7
2.0199908036978802E-7
2.0199943106324465E-7
2.0199978175731022E-7
2.020001324519845E-7
2.0200048314726773E-7
2.0200083384315977E-7
2.0200118453966085E-7
2.0200153523677058E-7
2.0200188593448925E-7
2.0200223663281675E-7
2.0200258733175302E-7
2.0200293803129826E-7
2.0200328873145236E-7
2.0200363943221526E-7
2.020039901335869E-7
2.0200434083556749E-7
2.0200469153815707E-7
2.020050422413554E-7
2.0200539294516238E-7
2.0200574364957862E-7
2.0200609435460358E-7
2.0200644506023737E-7
2.0200679576647986E-7
2.0200714647333132E-7
2.0200749718079182E-7
2.020078478888611E-7
2.0200819859753904E-7
2.0200854930682612E-7
2.0200890001672202E-7
2.0200925072722678E-7
2.0200960143834035E-7
2.0200995215006264E-7
2.020103028623941E-7
2.0201065357533438E-7
2.0201100428888345E-7
2.0201135500304152E-7
2.0201170571780834E-7
2.02012056433184E-7
2.0201240714916858E-7
2.0201275786576203E-7
2.0201310858296465E-7
2.0201345930077576E-7
2.0201381001919596E-7
2.020141607382251E-7
2.02014511457863E-7
2.0201486217810988E-7
2.0201521289896568E-7
2.0201556362043017E-7
2.0201591434250355E-7
2.0201626506518602E-7
2.020166157884773E-7
2.0201696651237763E-7
2.0201731723688667E-7
2.0201766796200455E-7
2.0201801868773156E-7
2.0201836941406736E-7
2.0201872014101197E-7
2.0201907086856563E-7
2.020194215967281E-7
2.020197723254995E-7
2.020201230548797E-7
2.0202047378486893E-7
2.0202082451546685E-7
2.0202117524667405E-7
2.0202152597848982E-7
2.0202187671091484E-7
2.0202222744394859E-7
2.020225781775911E-7
2.020229289118428E-7
2.020232796467034E-7
2.020236303821727E-7
2.0202398111825106E-7
2.0202433185493822E-7
2.0202468259223437E-7
2.0202503333013953E-7
2.020253840686535E-7
2.0202573480777646E-7
2.0202608554750812E-7
2.020264362878491E-7
2.0202678702879876E-7
2.020271377703573E-7
2.020274885125249E-7
2.0202783925530149E-7
2.020281899986869E-7
2.0202854074268112E-7
2.020288914872844E-7
2.0202924223249653E-7
2.020295929783178E-7
2.0202994372474785E-7
2.0203029447178692E-7
2.0203064521943476E-7
2.0203099596769165E-7
2.020313467165574E-7
2.0203169746603226E-7
2.02032048216116E-7
2.0203239896680857E-7
2.0203274971811007E-7
2.0203310047002053E-7
2.0203345122254003E-7
2.020338019756686E-7
2.0203415272940605E-7
2.0203450348375226E-7
2.0203485423870754E-7
2.020352049942718E-7
2.0203555575044485E-7
2.020359065072271E-7
2.0203625726461818E-7
2.020366080226182E-7
2.0203695878122712E-7
2.020373095404452E-7
2.0203766030027208E-7
2.0203801106070784E-7
2.0203836182175268E-7
2.020387125834064E-7
2.020390633456692E-7
2.02039414108541E-7
2.0203976487202166E-7
2.0204011563611136E-7
2.0204046640080995E-7
2.0204081716611748E-7
2.02041167932034E-7
2.020415186985596E-7
2.0204186946569403E-7
2.0204222023343744E-7
4.0408584354272055E-7
0.00110176447948408
0.0010974442228632942
0.0010931369923768528
0.0010888427455603502
0.0010845614400867062
0.0010802930337657011
0.001076037484543569
0.0010717947505026405
0.0010675647898615009
0.0010633475609775557
0.0010591430223608014
0.001054951132733624
0.0010507718512641818
0.0010466051384016599
0.00104245095864147
0.001038309289043281
0.001034180143752885
0.0010300636402249734
0.0010259601675330313
0.0010218707900918715
0.0010177981638645494
0.0010137485077172002
0.0010097356323342773
0.001005788773228438
0.001001967095985497
9.983853047417482E-4
9.95256770800776E-4
9.92962837166299E-4
9.921590502622501E-4
9.939303455780415E-4
0.0010000067130823249
0.0010130474471063298
0.0010369946225439446
0.0010774841637100476
0.001142285770471365
0.001241722183136575
0.0013889963798010775
0.0016003363272258121
0.0018948559499764625
0.0022940334459605645
0.0028207285284583927
0.0034977010309595064
0.0043456536151199225
0.005380895959973462
0.006612807469762808
0.008041347607197118
0.009654913371030218
0.011428859218509727
0.013324966808433994
0.015292077583738876
0.01726798554003234
0.019182543555698452
0.020961783747882903
0.022532713158445978
0.02382834276568372
0.024792457808417948
0.025383650146293957
0.02557820841006129
0.02537158862808458
0.02477834836633851
0.023830597932932115
0.02257517894125309
0.021069902909961163
0.019379256531783382
0.017569999983327655
0.01570705283848403
0.013849988578147112
0.012050357891420579
0.010349949340337188
0.008779989010034402
0.007361190890829147
0.006104504919879422
0.005012373035226991
0.004080294112876624
0.0032985118236640715
0.002653668856028801
0.002130309573950203
0.0017121544811821417
0.0013831085760365814
0.0011279981958836147
9.330553619351113E-4
7.861845292588566E-4
6.770547370951487E-4
5.970618608442109E-4
5.392027250619205E-4
4.978969812404358E-4
4.6878540276954324E-4
4.485257855772269E-4
4.346007814744479E-4
4.251462049010866E-4
4.188038348941618E-4
4.1459947081399617E-4
4.1184485155854993E-4
4.100608071134228E-4
4.0891845448355445E-4
4.081951682004537E-4
4.0774227208697583E-4
4.074617765618917E-4
4.0728992601223675E-4
4.071857589613917E-4
4.0712328208084524E-4
4.0708619938751726E-4
4.070644153654654E-4
4.070517484700314E-4
4.070444569729797E-4
4.070403014526627E-4
4.0703795645262686E-4
4.0703664602085047E-4
4.070359207764878E-4
4.070355232227062E-4
4.070353073532589E-4
4.07035191232079E-4
4.070351293454324E-4
4.0703509666505376E-4
4.0703507956409667E-4
4.07035070695917E-4
4.070350661380003E-4
4.0703506381605485E-4
4.07035062643516E-4
4.07035062056533E-4
4.070350617652034E-4
4.070350616218418E-4
4.070350615518876E-4
4.0703506151804026E-4
4.0703506150179924E-4
4.070350614940697E-4
4.0703506149042054E-4
4.0703506148871173E-4
4.0703506148791793E-4
4.070350614875516E-4
4.0703506148738434E-4
4.070350614873094E-4
4.07035061487276E-4
4.070350614872625E-4
4.07035061487255E-4
4.0703506148725185E-4
4.070350614872509E-4
4.0703506148725066E-4
4.070350614872505E-4
4.070350614872505E-4
4.070350614872505E-4
4.070350614872505E-4
4.070350614872505E-4
4.070350614872505E-4
4.070350614872505E-4
4.070350614872505E-4
4.070350614872505E-4
4.070350614872505E-4
4.070350614872505E-4
4.070350614872505E-4
4.070350614872505E-4
4.070350614872505E-4
4.070350614872505E-4
4.070350614872505E-4
4.070350614872505E-4
4.070350614872505E-4
4.070350614872505E-4
4.070350614872505E-4
4.070350614872505E-4
4.070350614872505E-4
4.070350614872505E-4
4.070350614872505E-4
4.070350614872505E-4
4.070350614872505E-4
4.070350614872505E-4
4.070350614872505E-4
4.070350614872505E-4
4.070350614872505E-4
4.070350614872505E-4
4.070350614872505E-4
4.070350614872505E-4
4.070350614872505E-4
4.070350614872505E-4
4.070350614872505E-4
4.070350614872505E-4
4.070350614872505E-4
4.070350614872505E-4
4.070350614872505E-4
4.070350614872505E-4
4.070350614872505E-4
4.070350614872505E-4
4.070350614872505E-4
4.070350614872505E-4
4.070350614872505E-4
4.070350614872505E-4
4.070350614872505E-4
4.070350614872505E-4
4.070350614872505E-4
4.070350614872505E-4
4.070350614872505E-4
4.070350614872505E-4
4.070350614872505E-4
4.070350614872505E-4
4.070350614872505E-4
4.070350614872505E-4
4.070350614872505E-4
4.070350614872505E-4
4.070350614872505E-4
4.070350614872505E-4
4.070350614872505E-4
4.070350614872505E-4
4.070350614872505E-4
4.070350614872505E-4
4.070350614872505E-4
4.070350614872505E-4
4.070350614872505E-4
4.070350614872505E-4
4.070350614872505E-4
4.070350614872505E-4
4.070350614872505E-4
4.070350614872505E-4
4.070350614872505E-4
4.070350614872505E-4
4.070350614872505E-4
4.070350614872505E-4
4.070350614872505E-4
4.070350614872505E-4
4.070350614872505E-4
4.070350614872505E-4
4.070350614872505E-4
4.070350614872505E-4
4.070350614872505E-4
4.070350614872505E-4
4.070350614872505E-4
4.070350614872505E-4
4.070350614872505E-4
4.070350614872505E-4
4.070350614872505E-4
4.070350614872505E-4
4.070350614872505E-4
4.070350614872505E-4
4.070350614872505E-4
4.070350614872505E-4
4.070350614872505E-4
4.070350614872505E-4
4.070350614872505E-4
4.070350614872505E-4
4.070350614872505E-4
4.070350614872505E-4
4.070350614872505E-4
4.070350614872505E-4
4.070350614872505E-4
4.070350614872505E-4
4.070350614872505E-4
4.070350614872505E-4
4.070350614872505E-4
4.070350614872505E-4
4.070350614872505E-4
4.070350614872505E-4
4.070350614872505E-4
4.070350614872505E-4
4.070350614872505E-4
4.070350614872505E-4
4.070350614872505E-4
4.070350614872505E-4
4.070350614872505E-4
4.070350614872505E-4
4.070350614872505E-4
4.070350614872505E-4
4.070350614872505E-4
4.070350614872505E-4
4.070350614872505E-4
4.070350614872505E-4
4.070350614872505E-4
4.070350614872505E-4
4.070350614872505E-4
4.070350614872505E-4
4.070350614872505E-4
4.070350614872505E-4
4.070350614872505E-4
4.070350614872505E-4
4.070350614872505E-4
4.070350614872505E-4
4.070350614872505E-4
4.070350614872505E-4
4.070350614872505E-4
4.070350614872505E-4
4.070350614872505E-4
4.070350614872505E-4
4.070350614872505E-4
4.070350614872505E-4
4.070350614872505E-4
4.070350614872505E-4
4.070350614872505E-4
4.070350614872505E-4
4.070350614872505E-4
4.070350614872505E-4
4.070350614872505E-4
4.070350614872505E-4
4.070350614872505E-4
4.070350614872505E-4
4.070350614872505E-4
4.070350614872505E-4
4.070350614872505E-4
4.070350614872505E-4
4.070350614872505E-4
4.070350614872505E-4
4.070350614872505E-4
4.070350614872505E-4
4.070350614872505E-4
4.070350614872505E-4
4.070350614872505E-4
4.070350614872505E-4
4.070350614872505E-4
4.070350614872505E-4
4.070350614872505E-4
4.070350614872505E-4
4.070350614872505E-4
4.070350614872505E-4
4.070350614872505E-4
4.070350614872505E-4
4.070350614872505E-4
4.070350614872505E-4
4.070350614872505E-4
4.070350614872505E-4
4.070350614872505E-4
4.070350614872505E-4
4.070350614872505E-4
4.070350614872505E-4
4.070350614872505E-4
4.070350614872505E-4
4.070350614872505E-4
4.070350614872505E-4
4.070350614872505E-4
4.070350614872505E-4
4.070350614872505E-4
4.070350614872505E-4
4.070350614872505E-4
4.070350614872505E-4
4.070350614872505E-4
4.070350614872505E-4
4.070350614872505E-4
4.070350614872505E-4
4.070350614872505E-4
4.070350614872505E-4
4.070350614872505E-4
4.070350614872505E-4
4.070350614872505E-4
4.070350614872505E-4
4.070350614872505E-4
4.070350614872505E-4
4.070350614872505E-4
4.070350614872505E-4
4.070350614872505E-4
4.070350614872505E-4
4.070350614872505E-4
4.070350614872505E-4
4.070350614872505E-4
4.070350614872505E-4
4.070350614872505E-4
4.070350614872505E-4
4.070350614872505E-4
4.070350614872505E-4
4.070350614872505E-4
4.070350614872505E-4
4.070350614872505E-4
4.070350614872505E-4
4.070350614872505E-4
4.070350614872505E-4
4.070350614872505E-4
4.070350614872505E-4
4.070350614872505E-4
4.070350614872505E-4
4.070350614872505E-4
4.070350614872505E-4
4.070350614872505E-4
4.070350614872505E-4
4.070350614872505E-4
4.070350614872505E-4
4.070350614872505E-4
4.070350614872505E-4
4.070350614872505E-4
4.070350614872505E-4
4.070350614872505E-4
4.070350614872505E-4
4.070350614872505E-4
4.070350614872505E-4
4.070350614872505E-4
4.070350614872505E-4
4.070350614872505E-4
4.070350614872505E-4
4.070350614872505E-4
4.070350614872505E-4
4.070350614872505E-4
4.070350614872505E-4
4.070350614872505E-4
4.070350614872505E-4
4.070350614872505E-4
4.070350614872505E-4
4.070350614872505E-4
4.070350614872505E-4
4.070350614872505E-4
4.070350614872505E-4
4.070350614872505E-4
4.070350614872505E-4
4.070350614872505E-4
4.070350614872505E-4
4.070350614872505E-4
4.070350614872505E-4
4.070350614872505E-4
2.879838044471564E-7
2.879835094734662E-7
2.8798321449911054E-7
2.879829195240893E-7
2.879826245484027E-7
2.8798232957205074E-7
2.8798203459503316E-7
2.879817396173502E-7
2.879814446390017E-7
2.8798114965998785E-7
2.879808546803083E-7
2.8798055969996355E-7
2.879802647189533E-7
2.8797996973727744E-7
2.879796747549362E-7
2.879793797719296E-7
2.8797908478825736E-7
2.879787898039199E-7
2.8797849481891654E-7
2.8797819983324806E-7
2.8797790484691387E-7
2.879776098599145E-7
2.879773148722494E-7
2.879770198839189E-7
2.8797672489492286E-7
2.8797642990526157E-7
2.879761349149345E-7
2.879758399239421E-7
2.8797554493228416E-7
2.879752499399606E-7
2.8797495494697196E-7
2.879746599533175E-7
2.8797436495899763E-7
2.879740699640122E-7
2.8797377496836145E-7
2.879734799720451E-7
2.8797318497506326E-7
2.8797288997741594E-7
2.87972594979103E-7
2.879722999801248E-7
2.87972004980481E-7
2.879717099801712E-7
2.879714149791967E-7
2.879711199775565E-7
2.879708249752506E-7
2.879705299722793E-7
2.879702349686424E-7
2.8796993996433996E-7
2.8796964495937195E-7
2.8796934995373864E-7
2.879690549474399E-7
2.8796875994047535E-7
2.879684649328456E-7
2.8796816992455005E-7
2.879678749155891E-7
2.8796757990596263E-7
2.879672848956706E-7
2.879669898847133E-7
2.8796669487309014E-7
2.8796639986080186E-7
2.879661048478478E-7
2.879658098342282E-7
2.879655148199429E-7
2.8796521980499224E-7
2.8796492478937606E-7
2.879646297730945E-7
2.8796433475614736E-7
2.879640397385343E-7
2.879637447202564E-7
2.8796344970131227E-7
2.879631546817031E-7
2.8796285966142816E-7
2.8796256464048764E-7
2.8796226961888183E-7
2.879619745966102E-7
2.8796167957367323E-7
2.879613845500706E-7
2.879610895258024E-7
2.8796079450086897E-7
2.8796049947526955E-7
2.879602044490046E-7
2.8795990942207464E-7
2.8795961439447883E-7
2.8795931936621725E-7
2.8795902433729027E-7
2.879587293076978E-7
2.8795843427743974E-7
2.8795813924651593E-7
2.8795784421492673E-7
2.879575491826723E-7
2.8795725414975176E-7
2.879569591161661E-7
2.8795666408191445E-7
2.8795636904699757E-7
2.8795607401141514E-7
2.879557789751669E-7
2.879554839382534E-7
2.87955188900674E-7
2.8795489386242925E-7
2.8795459882351887E-7
2.8795430378394326E-7
2.8795400874370156E-7
2.8795371370279425E-7
2.8795341866122186E-7
2.879531236189837E-7
2.879528285760796E-7
2.8795253353251035E-7
2.8795223848827527E-7
2.879519434433748E-7
2.879516483978088E-7
2.8795135335157687E-7
2.879510583046799E-7
2.8795076325711653E-7
2.879504682088881E-7
2.879501731599946E-7
2.879498781104346E-7
2.879495830602093E-7
2.879492880093186E-7
2.87948992957762E-7
2.8794869790554E-7
2.879484028526526E-7
2.8794810779909914E-7
2.879478127448806E-7
2.879475176899958E-7
2.8794722263444633E-7
2.879469275782307E-7
2.8794663252134946E-7
2.8794633746380256E-7
2.8794604240559016E-7
2.8794574734671214E-7
2.879454522871687E-7
2.879451572269593E-7
2.8794486216608456E-7
2.879445671045441E-7
2.879442720423379E-7
2.8794397697946654E-7
2.879436819159291E-7
2.8794338685172606E-7
2.879430917868581E-7
2.879427967213237E-7
2.8794250165512396E-7
2.8794220658825864E-7
2.8794191152072734E-7
2.879416164525309E-7
2.8794132138366897E-7
2.8794102631414116E-7
2.8794073124394737E-7
2.8794043617308823E-7
2.8794014110156386E-7
2.879398460293735E-7
2.8793955095651733E-7
2.8793925588299587E-7
2.8793896080880864E-7
2.879386657339557E-7
2.8793837065843734E-7
2.879380755822529E-7
2.8793778050540324E-7
2.8793748542788765E-7
2.8793719034970686E-7
2.8793689527086015E-7
2.8793660019134784E-7
2.8793630511116975E-7
2.879360100303261E-7
2.879357149488168E-7
2.8793541986664216E-7
2.879351247838014E-7
2.8793482970029524E-7
2.8793453461612366E-7
2.87934239531286E-7
2.879339444457829E-7
2.879336493596139E-7
2.879333542727795E-7
2.879330591852796E-7
2.8793276409711374E-7
2.8793246900828183E-7
2.87932173918785E-7
2.8793187882862236E-7
2.87931583737794E-7
2.879312886462998E-7
2.879309935541402E-7
2.879306984613147E-7
2.879304033678234E-7
2.879301082736669E-7
2.879298131788446E-7
2.8792951808335647E-7
2.879292229872025E-7
2.87928927890383E-7
2.8792863279289804E-7
2.8792833769474734E-7
2.8792804259593104E-7
2.879277474964488E-7
2.8792745239630097E-7
2.8792715729548736E-7
2.879268621940083E-7
2.879265670918634E-7
2.879262719890528E-7
2.879259768855766E-7
2.8792568178143465E-7
2.87925386676627E-7
2.8792509157115426E-7
2.8792479646501503E-7
2.8792450135821015E-7
2.879242062507401E-7
2.879239111426041E-7
2.8792361603380227E-7
2.87923320924335E-7
2.879230258142017E-7
2.8792273070340274E-7
2.8792243559193854E-7
2.879221404798082E-7
2.879218453670124E-7
2.879215502535507E-7
2.879212551394232E-7
2.879209600246302E-7
2.879206649091716E-7
2.8792036979304716E-7
2.879200746762573E-7
2.879197795588012E-7
2.879194844406795E-7
2.8791918932189224E-7
2.8791889420243914E-7
2.879185990823207E-7
2.879183039615362E-7
2.8791800884008614E-7
2.8791771371797013E-7
2.879174185951888E-7
2.8791712347174123E-7
2.8791682834762823E-7
2.879165332228496E-7
2.8791623809740515E-7
2.8791594297129506E-7
2.87915647844519E-7
2.8791535271707774E-7
2.8791505758897035E-7
2.8791476246019713E-7
2.8791446733075815E-7
2.879141722006539E-7
2.879138770698833E-7
2.879135819384475E-7
2.879132868063456E-7
2.879129916735781E-7
2.87912696540145E-7
2.879124014060459E-7
2.8791210627128126E-7
2.8791181113585074E-7
2.879115159997546E-7
2.879112208629926E-7
2.87910925725565E-7
2.8791063058747145E-7
2.879103354487126E-7
2.879100403092873E-7
2.87909745169197E-7
2.879094500284402E-7
2.8790915488701803E-7
2.879088597449305E-7
2.879085646021766E-7
2.8790826945875697E-7
2.8790797431467194E-7
2.879076791699212E-7
2.879073840245044E-7
2.8790708887842183E-7
2.879067937316735E-7
2.879064985842598E-7
2.8790620343617986E-7
2.879059082874346E-7
2.8790561313802313E-7
2.8790531798794624E-7
2.879050228372034E-7
2.8790472768579485E-7
2.879044325337205E-7
2.8790413738098055E-7
2.879038422275746E-7
2.87903547073503E-7
2.879032519187654E-7
2.8790295676336203E-7
2.8790266160729313E-7
2.879023664505583E-7
2.8790207129315823E-7
2.8790177613509145E-7
2.8790148097635926E-7
2.8790118581696147E-7
2.879008906568979E-7
2.879005954961681E-7
2.87900300334773E-7
2.8790000517271213E-7
2.878997100099851E-7
2.8789941484659257E-7
2.87899119682534E-7
2.878988245178099E-7
2.8789852935241953E-7
2.8789823418636417E-7
2.8789793901964245E-7
2.8789764385225523E-7
2.878973486842018E-7
2.8789705351548274E-7
2.87896758346098E-7
2.8789646317604755E-7
2.87896168005331E-7
2.8789587283394897E-7
2.8789557766190095E-7
2.87895282489187E-7
2.8789498731580734E-7
2.8789469214176186E-7
2.8789439696705077E-7
2.878941017916735E-7
2.87893806615631E-7
2.878935114389219E-7
2.878932162615475E-7
2.8789292108350715E-7
2.878926259048009E-7
2.8789233072542925E-7
2.8789203554539106E-7
2.878917403646874E-7
2.878914451833187E-7
2.8789115000128295E-7
2.8789085481858185E-7
2.878905596352152E-7
2.8789026445118223E-7
2.8788996926648367E-7
2.8788967408111934E-7
2.878893788950888E-7
2.878890837083932E-7
2.878887885210311E-7
2.878884933330035E-7
2.8788819814431E-7
2.8788790295495054E-7
2.8788760776492535E-7
2.8788731257423414E-7
2.8788701738287694E-7
2.878867221908548E-7
2.8788642699816583E-7
2.878861318048116E-7
2.8788583661079133E-7
2.878855414161052E-7
2.878852462207532E-7
2.878849510247354E-7
2.878846558280517E-7
2.8788436063070216E-7
2.8788406543268675E-7
2.878837702340054E-7
2.8788347503465854E-7
2.8788317983464535E-7
2.878828846339669E-7
2.87882589432622E-7
2.8788229423061167E-7
2.8788199902793505E-7
2.878817038245929E-7
2.8788140862058486E-7
2.878811134159107E-7
2.8788081821057097E-7
2.8788052300456524E-7
2.8788022779789374E-7
2.878799325905564E-7
2.8787963738255297E-7
2.8787934217388374E-7
2.878790469645486E-7
2.878787517545478E-7
2.878784565438809E-7
2.878781613325484E-7
2.878778661205497E-7
2.8787757090788547E-7
2.8787727569455486E-7
2.878769804805588E-7
2.878766852658967E-7
2.8787639005056876E-7
2.8787609483457476E-7
2.8787579961791494E-7
2.8787550440058925E-7
2.8787520918259806E-7
2.878749139639404E-7
2.8787461874461715E-7
2.87874323524628E-7
2.878740283039729E-7
2.8787373308265224E-7
2.8787343786066507E-7
2.8787314263801233E-7
2.8787284741469357E-7
2.8787255219070946E-7
2.8787225696605894E-7
2.8787196174074213E-7
2.8787166651476014E-7
2.878713712881123E-7
2.8787107606079794E-7
2.878707808328177E-7
2.8787048560417183E-7
2.878701903748605E-7
2.8786989514488264E-7
2.878695999142387E-7
2.878693046829292E-7
2.878690094509541E-7
2.878687142183126E-7
2.878684189850051E-7
2.8786812375103205E-7
2.8786782851639327E-7
2.8786753328108804E-7
2.87867238045117E-7
2.878669428084805E-7
2.8786664757117746E-7
2.8786635233320905E-7
5.757315237092154E-7
3.852994828161059E-6
7.687675345833507E-6
1.1504074516927803E-5
1.5302225091246505E-5
1.9082159604758762E-5
2.2843910379871672E-5
2.6587509525703088E-5
3.0312988938368134E-5
3.4020380301359614E-5
3.770971508642141E-5
4.138102455667148E-5
4.503433977902876E-5
4.866969167177438E-5
5.228711117412216E-5
5.588662980774565E-5
5.946828140880199E-5
6.303210712287878E-5
6.657816892110361E-5
7.01065840276191E-5
7.361760769753908E-5
7.711182156053816E-5
8.059054001218235E-5
8.405664331165542E-5
8.751620268480719E-5
9.098150062499079E-5
9.447638423460025E-5
9.804532013468951E-5
1.017680142967733E-4
1.0578193956412306E-4
1.1031543734593836E-4
1.1573402460354316E-4
1.226018927933758E-4
1.317590770310499E-4
1.4441221020372865E-4
1.622331189967086E-4
1.8745497142925687E-4
2.2295076587938224E-4
2.722745061369033E-4
3.396425478694739E-4
4.2983254968278594E-4
5.479813026016484E-4
6.992711012721236E-4
8.885071972489163E-4
0.0011196052569906675
0.0013950256849730566
0.001715208412853494
0.002078074127874372
0.0024786628903355474
0.002908976428568387
0.003358075227796115
0.0038124567280885674
0.004256709219140229
0.004674401585343053
0.005049137001812664
0.005365674088605679
0.005611006028962195
0.005775289142045249
0.005852527548412957
0.005840947780070392
0.005743032470830872
0.005565220449610986
0.005317316230413079
0.0050116802996982195
0.0046622894090413945
0.004283761798265211
0.0038904363246888493
0.0034955789214884837
0.0031107678350316727
0.002745484355750204
0.002406911763714977
0.0020999248024628817
0.0018272370436191055
0.0015896648086001438
0.0013864636879139054
0.001215696203193231
0.001074595391846629
9.59897498841474E-4
8.681260686362264E-4
7.958183489498255E-4
7.396922181028723E-4
6.967573800108842E-4
6.643782220360495E-4
6.402976431144353E-4
6.226316382118554E-4
6.09843850731547E-4
6.007080613830743E-4
5.942650091311757E-4
5.897783033470945E-4
5.866926711145046E-4
5.845964986092443E-4
5.831896165866188E-4
5.822565472279615E-4
5.816449434381213E-4
5.812486674773502E-4
5.80994824520419E-4
5.808340422105372E-4
5.80733330330633E-4
5.806709347595238E-4
5.80632694861526E-4
5.806095088018424E-4
5.805955983892136E-4
5.805873397248913E-4
5.805824869664041E-4
5.805796645087141E-4
5.805780394257447E-4
5.805771130629896E-4
5.805765901963594E-4
5.805762979489173E-4
5.805761361763074E-4
5.805760474817168E-4
5.805759993124964E-4
5.805759733967465E-4
5.805759595827222E-4
5.805759522868319E-4
5.805759484684757E-4
5.805759464880717E-4
5.805759454700748E-4
5.805759449514095E-4
5.80575944689459E-4
5.805759445583096E-4
5.805759444932118E-4
5.805759444611718E-4
5.805759444455376E-4
5.805759444379742E-4
5.805759444343423E-4
5.805759444326127E-4
5.80575944431797E-4
5.805759444314131E-4
5.805759444312335E-4
5.805759444311535E-4
5.805759444311196E-4
5.805759444311024E-4
5.805759444310939E-4
5.805759444310896E-4
5.805759444310871E-4
5.805759444310859E-4
5.805759444310856E-4
5.805759444310854E-4
5.805759444310853E-4
5.805759444310853E-4
5.805759444310853E-4
5.805759444310853E-4
5.805759444310853E-4
5.805759444310853E-4
5.805759444310853E-4
5.805759444310853E-4
5.805759444310853E-4
5.805759444310853E-4
5.805759444310853E-4
5.805759444310853E-4
5.805759444310853E-4
5.805759444310853E-4
5.805759444310853E-4
5.805759444310853E-4
5.805759444310853E-4
5.805759444310853E-4
5.805759444310853E-4
5.805759444310853E-4
5.805759444310853E-4
5.805759444310853E-4
5.805759444310853E-4
5.805759444310853E-4
5.805759444310853E-4
5.805759444310853E-4
5.805759444310853E-4
5.805759444310853E-4
5.805759444310853E-4
5.805759444310853E-4
5.805759444310853E-4
5.805759444310853E-4
5.805759444310853E-4
5.805759444310853E-4
5.805759444310853E-4
5.805759444310853E-4
5.805759444310853E-4
5.805759444310853E-4
5.805759444310853E-4
5.805759444310853E-4
5.805759444310853E-4
5.805759444310853E-4
5.805759444310853E-4
5.805759444310853E-4
5.805759444310853E-4
5.805759444310853E-4
5.805759444310853E-4
5.805759444310853E-4
5.805759444310853E-4
5.805759444310853E-4
5.805759444310853E-4
5.805759444310853E-4
5.805759444310853E-4
5.805759444310853E-4
5.805759444310853E-4
5.805759444310853E-4
5.805759444310853E-4
5.805759444310853E-4
5.805759444310853E-4
5.805759444310853E-4
5.805759444310853E-4
5.805759444310853E-4
5.805759444310853E-4
5.805759444310853E-4
5.805759444310853E-4
5.805759444310853E-4
5.805759444310853E-4
5.805759444310853E-4
5.805759444310853E-4
5.805759444310853E-4
5.805759444310853E-4
5.805759444310853E-4
5.805759444310853E-4
5.805759444310853E-4
5.805759444310853E-4
5.805759444310853E-4
5.805759444310853E-4
5.805759444310853E-4
5.805759444310853E-4
5.805759444310853E-4
5.805759444310853E-4
5.805759444310853E-4
5.805759444310853E-4
5.805759444310853E-4
5.805759444310853E-4
5.805759444310853E-4
5.805759444310853E-4
5.805759444310853E-4
5.805759444310853E-4
5.805759444310853E-4
5.805759444310853E-4
5.805759444310853E-4
5.805759444310853E-4
5.805759444310853E-4
5.805759444310853E-4
5.805759444310853E-4
5.805759444310853E-4
5.805759444310853E-4
5.805759444310853E-4
5.805759444310853E-4
5.805759444310853E-4
5.805759444310853E-4
5.805759444310853E-4
5.805759444310853E-4
5.805759444310853E-4
5.805759444310853E-4
5.805759444310853E-4
5.805759444310853E-4
5.805759444310853E-4
5.805759444310853E-4
5.805759444310853E-4
5.805759444310853E-4
5.805759444310853E-4
5.805759444310853E-4
5.805759444310853E-4
5.805759444310853E-4
5.805759444310853E-4
5.805759444310853E-4
5.805759444310853E-4
5.805759444310853E-4
5.805759444310853E-4
5.805759444310853E-4
5.805759444310853E-4
5.805759444310853E-4
5.805759444310853E-4
5.805759444310853E-4
5.805759444310853E-4
5.805759444310853E-4
5.805759444310853E-4
5.805759444310853E-4
5.805759444310853E-4
5.805759444310853E-4
5.805759444310853E-4
5.805759444310853E-4
5.805759444310853E-4
5.805759444310853E-4
5.805759444310853E-4
5.805759444310853E-4
5.805759444310853E-4
5.805759444310853E-4
5.805759444310853E-4
5.805759444310853E-4
5.805759444310853E-4
5.805759444310853E-4
5.805759444310853E-4
5.805759444310853E-4
5.805759444310853E-4
5.805759444310853E-4
5.805759444310853E-4
5.805759444310853E-4
5.805759444310853E-4
5.805759444310853E-4
5.805759444310853E-4
5.805759444310853E-4
5.805759444310853E-4
5.805759444310853E-4
5.805759444310853E-4
5.805759444310853E-4
5.805759444310853E-4
5.805759444310853E-4
5.805759444310853E-4
5.805759444310853E-4
5.805759444310853E-4
5.805759444310853E-4
5.805759444310853E-4
5.805759444310853E-4
5.805759444310853E-4
5.805759444310853E-4
5.805759444310853E-4
5.805759444310853E-4
5.805759444310853E-4
5.805759444310853E-4
5.805759444310853E-4
5.805759444310853E-4
5.805759444310853E-4
5.805759444310853E-4
5.805759444310853E-4
5.805759444310853E-4
5.805759444310853E-4
5.805759444310853E-4
5.805759444310853E-4
5.805759444310853E-4
5.805759444310853E-4
5.805759444310853E-4
5.805759444310853E-4
5.805759444310853E-4
5.805759444310853E-4
5.805759444310853E-4
5.805759444310853E-4
5.805759444310853E-4
5.805759444310853E-4
5.805759444310853E-4
5.805759444310853E-4
5.805759444310853E-4
5.805759444310853E-4
5.805759444310853E-4
5.805759444310853E-4
5.805759444310853E-4
5.805759444310853E-4
5.805759444310853E-4
5.805759444310853E-4
5.805759444310853E-4
5.805759444310853E-4
5.805759444310853E-4
5.805759444310853E-4
5.805759444310853E-4
5.805759444310853E-4
5.805759444310853E-4
5.805759444310853E-4
5.805759444310853E-4
5.805759444310853E-4
5.805759444310853E-4
5.805759444310853E-4
5.805759444310853E-4
5.805759444310853E-4
5.805759444310853E-4
5.805759444310853E-4
5.805759444310853E-4
5.805759444310853E-4
5.805759444310853E-4
5.805759444310853E-4
5.805759444310853E-4
5.805759444310853E-4
5.805759444310853E-4
5.805759444310853E-4
5.805759444310853E-4
5.805759444310853E-4
5.805759444310853E-4
5.805759444310853E-4
5.805759444310853E-4
5.805759444310853E-4
5.805759444310853E-4
5.805759444310853E-4
5.805759444310853E-4
5.805759444310853E-4
5.805759444310853E-4
5.805759444310853E-4
5.805759444310853E-4
5.805759444310853E-4
5.805759444310853E-4
5.805759444310853E-4
5.805759444310853E-4
5.805759444310853E-4
5.805759444310853E-4
5.805759444310853E-4
5.805759444310853E-4
5.805759444310853E-4
5.805759444310853E-4
5.805759444310853E-4
5.805759444310853E-4
5.805759444310853E-4
5.805759444310853E-4
5.805759444310853E-4
5.805759444310853E-4
5.805759444310853E-4
5.805759444310853E-4
5.805759444310853E-4
5.805759444310853E-4
5.805759444310853E-4
5.805759444310853E-4
5.805759444310853E-4
5.805759444310853E-4
2.675669986111495E-11
8.014270573364582E-11
1.600308502070832E-10
2.662941908165465E-10
3.988060085510928E-10
5.574398063638737E-10
7.420693076841503E-10
9.52568454931264E-10
1.1888114080312235E-9
1.4506725429394019E-9
1.7380264501852284E-9
2.0507479335046553E-9
2.3887120088086934E-9
2.75179390435038E-9
3.1398690648603195E-9
3.5528131679233483E-9
3.990502175656667E-9
4.452812481910984E-9
4.93962130277878E-9
5.450807652104259E-9
5.986254648015721E-9
6.54585469136536E-9
7.129520531420829E-9
7.73720781540263E-9
8.368958980525459E-9
9.024984973534136E-9
9.705810951481419E-9
1.041252528122404E-8
1.114718770391111E-8
1.1913471363158752E-8
1.2717631972917687E-8
1.3569911418055884E-8
1.4486486431968414E-8
1.5492058225926043E-8
1.6623138324955717E-8
1.7932013113768134E-8
1.9491262091182008E-8
2.1398565933712825E-8
2.378138139944604E-8
2.680090070802307E-8
3.0654580827720157E-8
3.557645523166254E-8
4.183445885613512E-8
4.9724130956164405E-8
5.9558321270788574E-8
7.165290388560628E-8
8.630896950446689E-8
1.037924682164777E-7
1.243127431334177E-7
1.4800175619112104E-7
1.7489599292249363E-7
2.049229942088766E-7
2.3789418082873676E-7
2.735051279476603E-7
3.1134376431979494E-7
3.5090619688385816E-7
3.916190945221367E-7
4.328669051188686E-7
4.740217129633627E-7
5.144733259853029E-7
5.536572347364346E-7
5.910783895872639E-7
6.263292478729574E-7
6.591011737191148E-7
6.891889445128454E-7
7.164887469786755E-7
7.409905647039363E-7
7.627662223813055E-7
7.819545405155789E-7
7.987450731702496E-7
8.133617759004859E-7
8.260477199431666E-7
8.370516762532487E-7
8.466170820156989E-7
8.549736090932307E-7
8.623313048538337E-7
8.688770862842465E-7
8.747732431948502E-7
8.801575421774681E-7
8.851445104524606E-7
8.898275053255676E-7
8.942812273598103E-7
8.985644012543738E-7
9.027224176736832E-7
9.067897944412677E-7
9.107923718788741E-7
9.147492023031946E-7
9.186741273439699E-7
9.225770596790073E-7
9.264649996236181E-7
9.303428237186221E-7
9.342138839861211E-7
9.380804546103736E-7
9.419440588808767E-7
9.458057043875965E-7
9.496660494391408E-7
9.53525518961311E-7
9.573843839872393E-7
9.6124281537668E-7
9.651009196032775E-7
9.689587622664891E-7
9.728163833310976E-7
9.766738068754794E-7
9.80531047247512E-7
9.843881129033332E-7
9.882450087718676E-7
9.921017376937982E-7
9.959583012869927E-7
9.998147004609692E-7
1.0036709357192656E-6
1.0075270073351692E-6
1.011382915452727E-6
1.0152386601441818E-6
1.0190942414422805E-6
1.0229496593582674E-6
1.0268049138917844E-6
1.030660005036283E-6
1.0345149327819382E-6
1.038369697117207E-6
1.042224298029657E-6
1.046078735506394E-6
1.0499330095342928E-6
1.0537871201001069E-6
1.0576410671905316E-6
1.0614948507922304E-6
1.0653484708918542E-6
1.0692019274760435E-6
1.0730552205314364E-6
1.0769083500446666E-6
1.0807613160023687E-6
1.0846141183911733E-6
1.0884667571977109E-6
1.0923192324086125E-6
1.0961715440105065E-6
1.1000236919900216E-6
1.1038756763337835E-6
1.1077274970284191E-6
1.1115791540605532E-6
1.1154306474168112E-6
1.1192819770838166E-6
1.1231331430481908E-6
1.1269841452965561E-6
1.1308349838155345E-6
1.134685658591746E-6
1.1385361696118087E-6
1.1423865168623412E-6
1.1462367003299618E-6
1.1500867200012863E-6
1.1539365758629297E-6
1.1577862679015073E-6
1.1616357961036335E-6
1.1654851604559217E-6
1.1693343609449827E-6
1.1731833975574286E-6
1.1770322702798687E-6
1.1808809790989139E-6
1.1847295240011717E-6
1.1885779049732506E-6
1.1924261220017564E-6
1.1962741750732947E-6
1.2001220641744729E-6
1.2039697892918941E-6
1.2078173504121598E-6
1.2116647475218736E-6
1.2155119806076372E-6
1.2193590496560517E-6
1.2232059546537165E-6
1.2270526955872305E-6
1.2308992724431923E-6
1.234745685208197E-6
1.2385919338688427E-6
1.2424380184117235E-6
1.2462839388234348E-6
1.2501296950905698E-6
1.2539752871997223E-6
1.2578207151374827E-6
1.2616659788904423E-6
1.2655110784451907E-6
1.2693560137883173E-6
1.2732007849064104E-6
1.2770453917860578E-6
1.2808898344138457E-6
1.2847341127763595E-6
1.2885782268601847E-6
1.292422176651903E-6
1.2962659621380994E-6
1.3001095833053556E-6
1.3039530401402524E-6
1.3077963326293703E-6
1.311639460759289E-6
1.3154824245165882E-6
1.3193252238878425E-6
1.3231678588596315E-6
1.3270103294185296E-6
1.3308526355511117E-6
1.3346947772439517E-6
1.3385367544836237E-6
1.3423785672566996E-6
1.3462202155497511E-6
1.3500616993493487E-6
1.3539030186420624E-6
1.3577441734144604E-6
1.3615851636531112E-6
1.365425989344582E-6
1.3692666504754376E-6
1.3731071470322444E-6
1.376947479001567E-6
1.3807876463699677E-6
1.3846276491240101E-6
1.3884674872502553E-6
1.3923071607352633E-6
1.3961466695655966E-6
1.3999860137278128E-6
1.4038251932084697E-6
1.4076642079941248E-6
1.4115030580713344E-6
1.415341743426654E-6
1.4191802640466394E-6
1.4230186199178426E-6
1.426856811026818E-6
1.430694837360117E-6
1.4345326989042903E-6
1.438370395645888E-6
1.44220792757146E-6
1.446045294667555E-6
1.4498824969207182E-6
1.4537195343174994E-6
1.4575564068444422E-6
1.4613931144880931E-6
1.465229657234995E-6
1.4690660350716905E-6
1.4729022479847231E-6
1.476738295960634E-6
1.4805741789859622E-6
1.4844098970472487E-6
1.4882454501310315E-6
1.4920808382238488E-6
1.4959160613122363E-6
1.4997511193827313E-6
1.5035860124218704E-6
1.5074207404161852E-6
1.5112553033522099E-6
1.5150897012164766E-6
1.5189239339955175E-6
1.5227580016758625E-6
1.5265919042440422E-6
1.5304256416865852E-6
1.5342592139900187E-6
1.5380926211408715E-6
1.5419258631256687E-6
1.545758939930936E-6
1.549591851543197E-6
1.5534245979489761E-6
1.5572571791347954E-6
1.5610895950871773E-6
1.5649218457926426E-6
1.5687539312377122E-6
1.572585851408904E-6
1.5764176062927363E-6
1.580249195875726E-6
1.5840806201443918E-6
1.5879118790852474E-6
1.5917429726848062E-6
1.5955739009295852E-6
1.5994046638060945E-6
1.603235261300848E-6
1.6070656934003556E-6
1.6108959600911294E-6
1.6147260613596766E-6
1.6185559971925064E-6
1.6223857675761267E-6
1.6262153724970443E-6
1.6300448119417633E-6
1.6338740858967913E-6
1.6377031943486296E-6
1.6415321372837832E-6
1.6453609146887547E-6
1.6491895265500443E-6
1.6530179728541523E-6
1.6568462535875788E-6
1.6606743687368232E-6
1.6645023182883813E-6
1.6683301022287517E-6
1.6721577205444294E-6
1.67598517322191E-6
1.679812460247687E-6
1.6836395816082552E-6
1.6874665372901062E-6
1.6912933272797323E-6
1.6951199515636226E-6
1.6989464101282668E-6
1.7027727029601552E-6
1.706598830045776E-6
1.7104247913716152E-6
1.7142505869241601E-6
1.718076216689895E-6
1.7219016806553036E-6
1.7257269788068714E-6
1.7295521111310794E-6
1.7333770776144108E-6
1.7372018782433461E-6
1.7410265130043648E-6
1.744850981883946E-6
1.7486752848685673E-6
1.7524994219447074E-6
1.7563233930988418E-6
1.7601471983174457E-6
1.7639708375869946E-6
1.7677943108939621E-6
1.77161761822482E-6
1.7754407595660422E-6
1.7792637349040986E-6
1.7830865442254594E-6
1.786909187516594E-6
1.790731664763971E-6
1.7945539759540568E-6
1.7983761210733189E-6
1.8021981001082226E-6
1.8060199130452323E-6
1.8098415598708129E-6
1.8136630405714267E-6
1.8174843551335382E-6
1.8213055035436054E-6
1.8251264857880913E-6
1.828947301853453E-6
1.83276795172615E-6
1.8365884353926406E-6
1.840408752839381E-6
1.8442289040528264E-6
1.8480488890194342E-6
1.851868707725656E-6
1.8556883601579454E-6
1.8595078463027546E-6
1.863327166146537E-6
1.867146319675741E-6
1.8709653068768175E-6
1.874784127736215E-6
1.8786027822403806E-6
1.882421270375761E-6
1.886239592128804E-6
1.8900577474859539E-6
1.8938757364336549E-6
1.8976935589583502E-6
1.901511215046482E-6
1.9053287046844928E-6
1.9091460278588226E-6
1.9129631845559107E-6
1.9167801747621982E-6
1.9205969984641226E-6
1.924413655648119E-6
1.9282301463006237E-6
1.932046470408075E-6
1.935862627956904E-6
1.939678618933547E-6
1.9434944433244343E-6
1.9473101011159996E-6
1.9511255922946725E-6
1.9549409168468846E-6
1.958756074759064E-6
1.962571066017637E-6
1.9663858906090343E-6
1.9702005485196798E-6
1.9740150397359985E-6
1.977829364244419E-6
1.981643522031361E-6
1.9854575130832488E-6
1.989271337386502E-6
1.9930849949275464E-6
1.996898485692798E-6
2.0007118096686784E-6
2.004524966841608E-6
2.0083379571979984E-6
2.012150780724271E-6
2.015963437406838E-6
2.0197759272321156E-6
2.023588250186518E-6
2.027400406256457E-6
2.031212395428346E-6
2.0350242176885976E-6
2.0388358730236202E-6
2.042647361419825E-6
2.046458682863619E-6
2.0502698373414096E-6
2.0540808248396026E-6
2.0578916453446042E-6
2.0617022988428204E-6
2.0655127853206546E-6
2.0693231047645084E-6
2.0731332571607863E-6
2.0769432424958877E-6
2.0807530607562162E-6
2.0845627119281697E-6
2.0883721959981473E-6
2.092181512952545E-6
2.09599066277776E-6
2.0997996454601922E-6
2.10360846098623E-6
2.1074171093422725E-6
2.111225590514711E-6
2.1150339044899377E-6
