2.4295854209136138E-5
2.4295854227959487E-5
2.4295854246778045E-5
2.4295854265591832E-5
2.4295854284400826E-5
4.859170864399919E-5
0.13977321801985781
0.1133294946004069
0.09188874903304134
0.07450446687141776
0.060409135317174095
0.048980442047660985
5.517039352746977E-5
5.517039349131236E-5
5.51703934551298E-5
5.5170393418922096E-5
5.517039338268922E-5
1.1034078662024571E-4
0.031789536379771235
0.05676149298648921
0.07622607974722573
0.09124499469980986
0.10267846293195819
0.11122351342422168
1.4717377612826451E-5
4.0995846278556973E-5
7.62856986479076E-5
1.1852875366194542E-4
1.6606508132951681E-4
2.1755744966080558E-4
