1.5880051141682879E-6
1.5880051170827262E-6
1.5880051199964493E-6
1.5880051229094574E-6
1.5880051258217498E-6
1.588005128733328E-6
1.588005131644191E-6
1.5880051345543378E-6
1.5880051374637706E-6
1.5880051403724881E-6
1.58800514328049E-6
1.5880051461877772E-6
1.5880051490943491E-6
1.5880051520002055E-6
1.588005154905347E-6
1.5880051578097733E-6
1.588005160713485E-6
1.5880051636164804E-6
1.5880051665187613E-6
1.5880051694203269E-6
1.5880051723211773E-6
1.5880051752213127E-6
1.5880051781207325E-6
1.5880051810194376E-6
1.5880051839174264E-6
1.5880051868147007E-6
1.5880051897112599E-6
1.5880051926071037E-6
1.5880051955022323E-6
1.5880051983966453E-6
1.5880052012903434E-6
1.5880052041833254E-6
1.5880052070755937E-6
1.5880052099671456E-6
1.5880052128579823E-6
1.5880052157481034E-6
1.588005218637509E-6
1.5880052215261996E-6
1.5880052244141758E-6
1.5880052273014356E-6
1.5880052301879801E-6
1.5880052330738093E-6
1.5880052359589234E-6
1.5880052388433217E-6
1.5880052417270051E-6
1.5880052446099726E-6
1.588005247492225E-6
1.5880052503737625E-6
1.5880052532545838E-6
1.58800525613469E-6
1.5880052590140804E-6
1.5880052618927556E-6
1.5880052647707152E-6
1.5880052676479605E-6
1.588005270524489E-6
1.5880052734003023E-6
1.5880052762754002E-6
1.5880052791497826E-6
1.5880052820234494E-6
1.5880052848964014E-6
1.5880052877686368E-6
1.5880052906401572E-6
1.5880052935109628E-6
1.5880052963810516E-6
1.5880052992504263E-6
1.5880053021190848E-6
1.5880053049870268E-6
1.588005307854254E-6
1.588005310720766E-6
1.5880053135865629E-6
1.5880053164516431E-6
1.5880053193160091E-6
1.5880053221796569E-6
1.588005325042591E-6
1.5880053279048095E-6
1.5880053307663123E-6
1.588005333627099E-6
1.5880053364871686E-6
1.5880053393465278E-6
3.1760106901247504E-6
0.012605281175698237
0.012388460617598558
0.012175349215101714
0.011965884077402643
0.01176000348367571
0.011557646853987141
0.011358754720507677
0.011163268699082598
0.010971131461216085
0.010782286706521609
0.010596679135689976
0.010414254424021541
0.010234959195567326
0.010058740997919265
0.009885548277687123
0.009715330356694883
0.00954803740892663
0.009383620438247033
0.009222031256917857
0.00906322246492843
0.00890714743015326
0.008753760269345464
0.008603015829972867
0.008454869672897054
0.00830927805589341
0.008166197918006407
0.008025586864730237
0.007887403154001752
0.007751605682989773
0.007618153975661022
0.0074870081711006274
0.007358129012562611
0.0072314778372224355
0.007107016566602576
0.006984707697639445
0.006864514294358017
0.006746399980119811
0.006630328930408092
0.00651626586611272
0.006404176047277399
0.006294025267270609
0.0061857798473412195
0.006079406631520496
0.005974872981831497
0.005872146773767653
0.005771196392002997
0.005671990726296512
0.005574499167555464
0.005478691604021996
0.00538453841755007
0.0052920104799401135
0.005201079149301248
0.005111716266411975
0.005023894151052163
0.004937585598281557
0.004852763874641399
0.004769402714257866
0.0046874763148288335
0.004606959333476454
0.004527826882451175
0.004450054524674515
0.0043736182691100885
0.0042984945659548775
0.004224660301644077
0.0041520927936658705
0.0040807697851836895
0.004010669439465932
0.003941770334125064
0.0038740514551690265
0.0038074921908706613
0.0037420723254619247
0.003677772032660854
0.0036145718690412647
0.003552452767256021
0.0034913960291260734
0.003431383318608192
0.0033723966546556857
0.0033144184039868283
0.003257431273776377
0.0032014183042863202
4.340762703174425E-6
4.340762704230553E-6
4.3407627052846926E-6
4.340762706336841E-6
4.340762707386998E-6
4.340762708435166E-6
4.3407627094813436E-6
4.34076271052553E-6
4.340762711567726E-6
4.340762712607932E-6
4.340762713646147E-6
4.34076271468237E-6
4.3407627157166055E-6
4.340762716748849E-6
4.340762717779103E-6
4.3407627188073635E-6
4.340762719833635E-6
4.340762720857917E-6
4.340762721880208E-6
4.340762722900515E-6
4.340762723918814E-6
4.3407627249351395E-6
4.340762725949467E-6
4.3407627269618064E-6
4.340762727972152E-6
4.340762728980508E-6
4.340762729986875E-6
4.340762730991252E-6
4.3407627319936345E-6
4.340762732994032E-6
4.340762733992436E-6
4.340762734988849E-6
4.340762735983271E-6
4.340762736975703E-6
4.340762737966144E-6
4.3407627389545944E-6
4.34076273994105E-6
4.3407627409255274E-6
4.340762741908E-6
4.340762742888489E-6
4.3407627438669866E-6
4.340762744843493E-6
4.340762745818008E-6
4.3407627467905335E-6
4.340762747761068E-6
4.34076274872961E-6
4.340762749696162E-6
4.340762750660727E-6
4.340762751623296E-6
4.340762752583879E-6
4.340762753542464E-6
4.340762754499067E-6
4.340762755453671E-6
4.34076275640629E-6
4.340762757356914E-6
4.340762758305549E-6
4.340762759252194E-6
4.3407627601968475E-6
4.340762761139507E-6
4.340762762080176E-6
4.3407627630188614E-6
4.340762763955546E-6
4.3407627648902435E-6
4.340762765822958E-6
4.340762766753669E-6
4.340762767682399E-6
4.340762768609132E-6
4.34076276953387E-6
4.340762770456628E-6
4.340762771377387E-6
4.340762772296162E-6
4.340762773212935E-6
4.340762774127727E-6
4.340762775040525E-6
4.34076277595133E-6
4.340762776860146E-6
4.34076277776697E-6
4.340762778671805E-6
4.340762779574647E-6
8.68152556274473E-6
2.2016391844664225E-4
4.3611243299777934E-4
6.47917804559364E-4
8.556510963859943E-4
0.0010593822041893486
0.0012591798850638781
0.0014551117851880444
0.0016472444662667858
0.001835643430688557
0.002020373145378309
0.0022014970643353103
0.0023790776498526993
0.0025531763924235293
0.002723853829345572
0.002891169562044615
0.0030551822721432793
0.0032159497363095134
0.0033735288399251682
0.003527975589621748
0.0036793451247361104
0.00382769172774417
0.003973068833735981
0.004115529038999571
0.004255124108785216
0.004391904984324698
0.00452592178918346
0.004657223835025209
0.004785859626870603
0.004911876867932025
0.005035322464107624
0.005156242528216994
0.005274682384060515
0.005390686570382534
0.005504298844817406
0.005615562187894294
0.00572451880717398
0.005831210141587585
0.005935676866043189
0.006037958896361827
0.006138095394600019
0.006236124774810868
0.006332084709289838
0.006426012135346945
0.00651794326264001
0.006607913581098464
0.0066959578694605545
0.006782110204441023
0.006866403970539569
0.006948871870494577
0.007029545936379934
0.007108457541337125
0.007185637411928235
0.007261115641089986
0.007334921701663351
0.007407084460467454
0.007477632192882283
0.007546592597898413
0.007613992813589616
0.007679859432957879
0.007744218520098761
0.007807095626630224
0.00786851580832611
0.007928503641893396
0.00798708324182874
0.008044278277291277
0.00810011198892525
0.008154607205566527
0.008207786360767962
0.008259671509077282
0.008310284342004358
0.008359646203614549
0.008407778105687571
0.008454700742383353
0.008500434504359968
0.008544999492290681
0.008588415529731549
0.008630702175294712
0.008671878734087292
0.008711964268378806
0.008750977607466475
7.644580245887163E-9
2.2787371829028762E-8
4.5284514458717186E-8
7.499461490281252E-8
1.1177870647844908E-7
1.5550020955134942E-7
2.060248930008122E-7
2.632208366062201E-7
3.269583943099652E-7
3.971101583110257E-7
4.735509239430251E-7
5.5615765529049E-7
6.448094514971822E-7
7.393875137207997E-7
8.397751126890446E-7
9.458575568129805E-7
1.0575221608148224E-6
1.1746582148286964E-6
1.2971569539345887E-6
1.424911528087531E-6
1.5578169724061325E-6
1.6957701777867893E-6
1.8386698618122691E-6
1.9864165399259016E-6
2.1389124968452376E-6
2.2960617581917538E-6
2.4577700623160124E-6
2.623944832300571E-6
2.7944951481257525E-6
2.9693317189864463E-6
3.1483668557508743E-6
3.33151444355526E-6
3.518689914531086E-6
3.7098102206644786E-6
3.904793806789854E-6
4.1035605837226434E-6
4.306031901538287E-6
4.512130523007045E-6
4.721780597196409E-6
4.934907633254784E-6
5.151438474392052E-6
5.3713012720742205E-6
5.594425460450834E-6
5.820741731034989E-6
6.050182007656994E-6
6.282679421713322E-6
6.51816828773326E-6
6.756584079285903E-6
6.997863405250434E-6
7.241943986472429E-6
7.488764632828723E-6
7.738265220722801E-6
7.9903866710321E-6
8.245070927527504E-6
8.502260935784516E-6
8.761900622603916E-6
9.023934875958705E-6
9.288309525482188E-6
9.554971323510495E-6
9.823867926690952E-6
1.0094947878165647E-5
1.0368160590337445E-5
1.0643456328223751E-5
1.0920786193400802E-5
1.1200102108539088E-5
1.148135680252838E-5
1.176450379618816E-5
1.2049497388557227E-5
1.2336292643753824E-5
1.262484537839537E-5
1.2915112149564606E-5
1.3207050243307008E-5
1.3500617663642038E-5
1.3795773122068947E-5
1.4092476027546093E-5
1.4390686476920736E-5
1.4690365245785017E-5
1.4991473779732127E-5
1.5293974185985588E-5
1.559782922537334E-5
