1.2595016742915767E-7
2.527807221749909E-7
3.804765496541863E-7
5.090325577999785E-7
6.384498032096274E-7
7.687327048719344E-7
8.99887250137099E-7
1.031919976005482E-6
1.164837479664739E-6
1.2986462433393926E-6
1.433352616480797E-6
1.5689628577888365E-6
1.7054831865750443E-6
1.842919823523705E-6
1.981279017154616E-6
2.1205670588387903E-6
2.2607902905122255E-6
2.4019551084049654E-6
2.5440679648616347E-6
2.6871353693530865E-6
2.83116388918672E-6
2.9761601501231332E-6
3.1221308369778036E-6
3.26908269424203E-6
3.4170225267517763E-6
3.5659572004495085E-6
3.7158936433228443E-6
3.866838846677062E-6
4.0187998670311175E-6
4.171783829161945E-6
4.32579793122924E-6
4.480849453604296E-6
4.636945774172663E-6
4.794094394736553E-6
4.952302986072021E-6
5.111579463696672E-6
5.27193211311789E-6
5.433369793033893E-6
5.595902258485634E-6
5.759540664055993E-6
5.924298330275338E-6
6.09019188403561E-6
6.257242914295475E-6
6.425480313862953E-6
6.59494349992964E-6
6.765686710252512E-6
6.937784544844686E-6
7.111338848362977E-6
7.2864868889464334E-6
7.463410570932014E-6
7.64234611598592E-6
7.823593269362357E-6
8.007522667181084E-6
8.194579596381157E-6
8.385282079551474E-6
8.580211132763263E-6
8.779991293273892E-6
8.98526019437104E-6
9.196627124018613E-6
9.41462210382162E-6
9.6396389142912E-6
9.871877400962968E-6
1.0111291955403641E-5
1.0357553865936355E-5
1.06100349108958E-5
1.0867817906320249E-5
1.1129736945525389E-5
1.1394446100722143E-5
1.1660511000965023E-5
1.1926513753070163E-5
1.2191158961014406E-5
1.245336778615082E-5
1.2712348385969041E-5
1.2967634519644651E-5
1.3219088996821606E-5
1.3466874016072672E-5
1.3711395221415476E-5
1.3953229578188847E-5
1.4193048386532453E-5
1.4431545858698455E-5
1.4543430940098886E-5
1.4654357155455925E-5
1.4764826202881632E-5
1.4875227064722563E-5
1.4985846543741178E-5
1.5096886192625243E-5
1.5208481385036902E-5
1.5320719410993006E-5
1.543365476152686E-5
1.5547320896690607E-5
1.5661738601547847E-5
1.5776921491623525E-5
1.5892879388854172E-5
1.600962025036719E-5
1.6127151194970264E-5
1.6245479011424467E-5
1.6364610392174394E-5
1.648455203297369E-5
1.6605310672229703E-5
1.6726893105492636E-5
1.6849306190588784E-5
1.6972556849563885E-5
1.709665206966175E-5
1.72215989040718E-5
1.7347404472687516E-5
1.7474075962995685E-5
1.7601620631235758E-5
1.773004580406833E-5
1.7859358881185267E-5
1.798956733963611E-5
1.8120678741235714E-5
1.8252700745415552E-5
1.838564113153057E-5
1.851950783730413E-5
1.865430902431823E-5
1.8790053187974612E-5
1.892674933915082E-5
1.9064407299078544E-5
1.9203038169198507E-5
1.934265506532699E-5
1.9483274241526E-5
1.9624916773849537E-5
1.976761102619339E-5
1.9911396175548496E-5
2.0056327123699774E-5
2.0202481153082608E-5
2.0349966676131314E-5
2.049893435389851E-5
2.0649590690574773E-5
2.0802213915397736E-5
2.0957171519334434E-5
2.1114938215739994E-5
2.1276112367298054E-5
2.1441428134236095E-5
2.1611759871028926E-5
2.1788114802218356E-5
2.197160995236459E-5
2.216342990733449E-5
2.236476341911718E-5
2.257671920549529E-5
2.2800224443745848E-5
2.303591310493251E-5
2.3284014889483532E-5
2.3544258394689438E-5
2.3815803491168783E-5
2.4097217026687928E-5
2.43865025225358E-5
2.4681188557901528E-5
2.4978472696512274E-5
2.527540928361265E-5
2.5569121781855354E-5
2.5857015128532487E-5
2.6136962163658875E-5
2.640744109602737E-5
2.666760793582603E-5
2.6917297613161576E-5
2.7156958238896152E-5
2.738753253089653E-5
2.7610306989897202E-5
2.7826751858484127E-5
2.8038373103963643E-5
2.8246592451696484E-5
2.8452664350057332E-5
2.8657631391473678E-5
2.8862313640297116E-5
2.9067323462041367E-5
2.927309605504479E-5
2.9479926592968718E-5
2.9688006956654255E-5
2.9897457632890606E-5
3.0108352790668488E-5
3.0320738386921103E-5
3.05346442637937E-5
3.075009165654558E-5
3.096709752851888E-5
3.118567689986419E-5
3.140584401027091E-5
3.1627612857614816E-5
3.185099742901405E-5
3.207601179251585E-5
3.23026701309061E-5
3.253098675358902E-5
3.276097610093534E-5
3.299265274631552E-5
3.3226031397523074E-5
3.346112689810465E-5
3.369795422877343E-5
3.393652850903604E-5
3.417686499923783E-5
3.441897910340638E-5
3.466288637360415E-5
3.490860251709378E-5
3.5156143408665185E-5
3.5405525112272564E-5
3.565676391915553E-5
3.590987641459462E-5
3.616487959342566E-5
3.6421791056881765E-5
3.668062934220768E-5
3.6941414464235994E-5
3.720416878751952E-5
3.746891840141964E-5
3.773569524072902E-5
3.8004540280930425E-5
3.82755082362499E-5
3.854867429036001E-5
3.882414347532304E-5
3.9102063354470215E-5
3.9382640617414866E-5
3.966616200726734E-5
3.995301961245415E-5
4.02437399142697E-5
4.0539015053951554E-5
4.083973358124857E-5
4.11470065506191E-5
4.146218341242177E-5
4.178685097637155E-5
4.2122808163557025E-5
4.2472009718166934E-5
4.283647389613288E-5
4.321815262097728E-5
4.3618767671383196E-5
4.403962274626522E-5
4.448140792675777E-5
4.4944018926005784E-5
4.542641717190085E-5
4.5926556845703175E-5
4.6441400550766896E-5
4.6967036121232754E-5
4.74988940180515E-5
4.803204965965077E-5
4.856158056244235E-5
4.908293728464712E-5
4.9592282450172804E-5
5.008675507167969E-5
5.056462791143129E-5
5.102534193264442E-5
5.146942084862064E-5
5.189828657157339E-5
5.2314009485231584E-5
5.271903356347376E-5
5.311591479109019E-5
5.350710324741322E-5
5.389478707264431E-5
5.4280803418834006E-5
5.4666610201547956E-5
5.505330489999468E-5
5.5441673459142104E-5
5.58322530423884E-5
5.6225395727446855E-5
5.662132474119368E-5
5.7020179196973666E-5
5.7422046697701505E-5
5.782698528565839E-5
5.8235037152851624E-5
5.864623660121213E-5
5.906061433968842E-5
5.947819963919906E-5
5.989902133500762E-5
6.032310825846108E-5
6.0750489409165205E-5
6.118119401900995E-5
6.161525157510641E-5
6.205269182858294E-5
6.249354479902128E-5
6.293784077771303E-5
6.338561033065429E-5
6.38368843015109E-5
6.429169381461446E-5
6.47500702780428E-5
6.521204538691487E-5
6.567765112721734E-5
6.614691978086871E-5
6.661988393350826E-5
6.709657648797748E-5
6.757703068918231E-5
6.806128017085487E-5
6.854935904300667E-5
6.904130205259292E-5
6.953714487191172E-5
7.003692460333311E-5
7.054068063978023E-5
7.104845609324594E-5
7.156030010346602E-5
7.207627146872938E-5
7.259644419916838E-5
7.312091577002404E-5
7.3649819025863E-5
7.418333881656408E-5
7.472173447097928E-5
7.5265369051707E-5
7.581474588522461E-5
7.637055202403709E-5
7.693370699197087E-5
7.750541336824493E-5
7.808720355870127E-5
7.868097470387756E-5
7.928900147349498E-5
7.99139150515158E-5
8.05586365952583E-5
8.122625552837629E-5
8.191984770563182E-5
8.264223589940485E-5
8.33957047664217E-5
8.418169332686139E-5
8.50004982173985E-5
8.58510282870798E-5
8.673065315883789E-5
8.763518336448432E-5
8.855900688335537E-5
8.949538727347674E-5
9.043690472821085E-5
9.137599743238672E-5
9.230554135144141E-5
9.32193965043157E-5
9.411284973304929E-5
9.498289841600563E-5
9.582834410648684E-5
9.664969494904143E-5
9.744890486571952E-5
9.822900004967273E-5
9.899365506068563E-5
9.974678028521179E-5
1.0049217110988506E-4
1.01233250598163E-4
1.0197291662956963E-4
1.0271348599342719E-4
1.0345671508140835E-4
1.042038709004661E-4
1.0495582655249107E-4
1.0571316022094764E-4
1.0647624369777176E-4
1.07245313454552E-4
1.0802052280005837E-4
1.0880197719435742E-4
1.0958975641260877E-4
1.1038392746749457E-4
1.1118455161224033E-4
1.1199168786647485E-4
1.1280539466406899E-4
1.1362573056805576E-4
1.1445275455985304E-4
1.1528652615049808E-4
1.161271054238971E-4
1.169745530563796E-4
1.1782893032863535E-4
1.1869029913523116E-4
1.195587219931408E-4
1.2043426204953934E-4
1.2131698308873626E-4
1.2220694953794556E-4
1.231042264714274E-4
1.2400887961235392E-4
1.2492097533156634E-4
1.2584058064232773E-4
1.267677631904521E-4
1.2770259124029733E-4
1.2864513365991518E-4
1.2959545991464975E-4
1.3055364009009873E-4
1.315197449862976E-4
1.3249384636058325E-4
1.334760174539776E-4
1.344663340239116E-4
1.3546487623431283E-4
1.3647173193101128E-4
1.3748700206005015E-4
1.3851080926289915E-4
1.3954331098296003E-4
1.4058471869417573E-4
1.4163532503439654E-4
1.4269554057604592E-4
1.437659415440178E-4
1.4484732882781757E-4
1.4594079697932339E-4
1.470478094529128E-4
1.4817027317690976E-4
1.4931060189253458E-4
1.5047175406510097E-4
1.5165722834147198E-4
1.5287099849589856E-4
1.5411737164456633E-4
1.55400759120602E-4
1.567253592096583E-4
1.5809476457539934E-4
1.595115232427563E-4
1.609766979656084E-4
1.6248948136131174E-4
1.640469297552597E-4
1.6564387421555955E-4
1.6727305124116334E-4
1.6892546875426132E-4
1.7059098884444673E-4
1.722590728785302E-4
1.7391960423011245E-4
1.755636858650882E-4
1.771843091955721E-4
1.7877680835032394E-4
1.803390475073964E-4
1.818713316576757E-4
1.833760745082057E-4
1.8485729164947816E-4
1.8632000702843585E-4
1.8776966263472138E-4
1.892116068068983E-4
1.906507107996702E-4
1.9209113324772205E-4
1.9353622482423766E-4
1.9498854576871158E-4
1.9644995928214923E-4
1.9792176348572456E-4
1.9940483112793552E-4
2.0089973608620587E-4
2.0240685579691657E-4
2.039264469125413E-4
2.0545869678953552E-4
2.0700375593851291E-4
2.0856175700851952E-4
2.1013282510129298E-4
2.1171708297009655E-4
2.1331465344427014E-4
2.149256604694386E-4
2.1655022951215934E-4
2.181884876959071E-4
2.1984056383188036E-4
2.2150658841073545E-4
2.2318669357942165E-4
2.2488101311107176E-4
2.2658968237023632E-4
2.2831283827391544E-4
2.3005061924814282E-4
2.3180316517939072E-4
2.3357061735943804E-4
2.353531184214142E-4
2.371508122633805E-4
2.3896384395393988E-4
2.407923596119581E-4
2.426365062497188E-4
2.4449643156629385E-4
2.463722836769052E-4
2.482642107670396E-4
2.501723606713502E-4
2.520968804036737E-4
2.540379157156659E-4
2.559956108509219E-4
2.57970108805233E-4
2.599615526191006E-4
2.6197008853010316E-4
2.6399587220449775E-4
2.6603907973407696E-4
2.6809992557759086E-4
2.70178690052056E-4
2.722757591878268E-4
2.743916795447996E-4
2.765272296951157E-4
2.7868350825528205E-4
2.8086203540415665E-4
2.8306486071302665E-4
2.8529466506047605E-4
2.875548389850578E-4
2.8984951502622925E-4
2.9218352876821444E-4
2.945622839813259E-4
2.9699150288937167E-4
2.9947685407941333E-4
3.0202346779889506E-4
3.046353698404419E-4
3.073148878276136E-4
3.1006210309289365E-4
3.1287443245442615E-4
3.1574642248903377E-4
3.186698215841946E-4
3.216339623197907E-4
3.24626442407304E-4
3.2763404376388037E-4
3.3064378581348886E-4
3.336439804387901E-4
3.3662514950779244E-4
3.3958068446205726E-4
3.42507168352397E-4
3.454043561131832E-4
3.482748052300627E-4
3.5112326040024694E-4
3.5395590436055E-4
3.56779593401726E-4
3.596011800815674E-4
3.624269935240164E-4
3.652625086034989E-4
3.681121986078484E-4
3.7097953874963444E-4
3.7386711358821805E-4
3.7677677967284397E-4
3.7970984233686274E-4
3.826672181031838E-4
3.8564956737225314E-4
3.886573929783118E-4
3.916911074415394E-4
3.947510753194812E-4
3.9783763782703674E-4
4.0095112598705876E-4
4.0409186699514183E-4
4.0726018690302225E-4
4.1045641147245904E-4
4.136808662007928E-4
4.169338760099874E-4
4.202157648184638E-4
4.235268550841964E-4
4.268674673510156E-4
4.302379198081387E-4
4.3363852786524937E-4
4.3706960374287487E-4
4.4053145607669965E-4
4.440243895334946E-4
4.475487044349706E-4
4.5110469638368625E-4
4.546926558817785E-4
4.5831286792822435E-4
4.619656115730502E-4
4.6565115939681755E-4
4.6936977687065653E-4
4.7312172153640437E-4
4.769072419298633E-4
4.807265761567219E-4
4.845799500277395E-4
4.884675746796099E-4
4.9238964366871E-4
4.963463296514212E-4
5.00337780986874E-4
5.043641189471957E-4
5.08425436721557E-4
5.125218020590438E-4
5.166532661801835E-4
5.208198824082187E-4
5.250217386616317E-4
5.292590082520188E-4
5.335320230069205E-4
5.378413712005129E-4
5.421880197705554E-4
5.465734556181556E-4
5.509998345107206E-4
5.554701187631342E-4
5.59988177531433E-4
5.645588178445038E-4
5.691877124501321E-4
5.738811942421822E-4
5.786458980691728E-4
5.834882495949108E-4
5.884138263889541E-4
5.934266453396247E-4
5.985284576680044E-4
6.037181519432996E-4
6.089913703162054E-4
6.143404292092027E-4
6.197546018293591E-4
6.252207694760718E-4
6.307243896286629E-4
6.362506724828747E-4
6.417858161812342E-4
6.473181345756209E-4
6.528389251269866E-4
6.583453185718134E-4
6.638379061367557E-4
6.693204275628174E-4
6.747991465284816E-4
6.802820378449425E-4
6.857779245682753E-4
6.912956896202575E-4
6.968436520821495E-4
7.024291535271129E-4
7.080583558740867E-4
7.137362182907942E-4
7.194666014531533E-4
7.252524432081298E-4
7.310959570390414E-4
7.369988185698451E-4
7.429623206014794E-4
7.489874901430466E-4
7.550751697482719E-4
7.612260700333775E-4
7.674408014482672E-4
7.737198925041707E-4
7.800637999154913E-4
7.864729143063714E-4
7.929475636746771E-4
7.994880158057195E-4
8.060944802244453E-4
8.127671099501999E-4
8.195060031615257E-4
8.263112048105387E-4
8.331827081999358E-4
8.401204565263223E-4
8.471243443902066E-4
8.541942192714172E-4
8.613298829670001E-4
8.685310929861279E-4
8.757975638924208E-4
8.831289685775574E-4
8.905249394398879E-4
8.979850694264874E-4
9.055089128748327E-4
9.130959860591275E-4
9.207457673045628E-4
9.284576964800045E-4
9.362311736177243E-4
9.440655563439692E-4
9.519601557495447E-4
9.599142303075381E-4
9.679269774900145E-4
9.759975228938693E-4
9.841249070151807E-4
9.923080703717589E-4
0.001000545838514322
0.001008836909603315
0.001017179848612717
0.0010255730937086807
0.001034014981667184
0.001042503799929642
0.0010510378725183199
0.0010596156849641846
0.0010682360491356157
0.0010768983021527754
0.0010856025246560124
0.0010943497534559492
0.0011031421536807104
0.0011119831082982527
0.001120877181063541
0.0011298299150843266
0.001138847444951517
0.0011479359256504804
0.001157100813828484
0.0011663460715106268
0.0011756733921052642
0.0011850815658382707
0.0011945660999934285
0.0012041191849909674
0.001213730051600411
0.001223385704004542
0.0012330719491349923
0.0012427745881643357
0.0012524806038430065
0.001262452973830685
0.001272674300020199
0.0012831306498966558
0.0012938114553933124
0.0013047090637352873
0.0013158180492662582
0.0013271344197030089
0.0013386548460843457
0.001350376017720569
0.00136229418156692
0.0013744048812177263
0.001386702874110902
0.0013991821825668702
0.0014118362262920108
0.0014246579883561835
0.0014376401785993096
0.00145077537282215
0.0014640561190017026
0.001477475010977223
0.001491024735134387
0.001504698097298369
0.0015184880365501305
0.0015323876311779652
0.0015463901003070692
0.0015604888033600827
0.0015746772385296375
0.0015889490408498965
0.0016032979801314665
0.0016177179588672352
0.0016322030101482501
0.001646747295601888
0.0016613451033548371
0.0016759908460198432
0.001690679058702977
0.0017054043970256125
0.001720161635151192
0.0017349456638000693
0.0017497514882246425
0.001764574226099575
0.0017794091052548199
0.001794251461138731
0.0018090967338395506
0.0018239404644108908
0.0018387782901352918
0.0018536059382166402
0.0018684192172190976
0.0018832140053776489
0.0018979862347176808
0.0019127318697815397
0.001927446879736139
0.001942127202820897
0.0019567687026055144
0.0019713671164876745
0.0019859179983815305
0.0020004166596824294
0.002014858115288478
0.0020292370444951074
0.0020435477795204726
0.002057784336595944
0.002071940505093917
0.0020860100080978706
0.002099986742286663
0.002113865095528955
0.002127640327383904
0.002141308981971561
0.0021548692867030357
0.002168321477420047
0.002181667984391572
0.002194913417909901
0.002208064309220226
0.0022211285922351712
0.0022341148509680167
0.002247031400822124
0.0022598853104226226
0.0022726814954712165
0.002285422019535618
0.0022981057149046398
0.002310728191221758
0.0023232822379487096
0.002335758560824744
0.0023800248774558668
0.0024233635958986754
0.002465782070993298
0.0025072886192649326
0.002547892828214942
0.002587605627484246
0.00262643914951126
0.002664406440087627
0.0027015210947507495
0.0027377968944571154
0.0027732474972568077
0.0028078862183912616
0.002841725906550848
0.0028747789046107168
0.002907057071935443
0.0029385718423793087
0.00296933429539793
0.0029993552243042904
0.003028645192910007
0.003057214577726803
0.0030850735967590586
0.0031122323277525685
0.0031387007191158896
0.0031644885962545297
0.00318960566529382
0.0032140615154427027
0.003237865620708018
0.003261027341321331
0.0032835559250451395
0.003305460508427642
0.003326750118031723
0.0033474336716462967
0.0033675199794813084
0.0033870177453448795
0.0034059355677984017
0.003424281941281871
0.0034420652571958313
0.0034592938049162
0.0034759757727019403
0.003492119248429061
0.003507732220043332
0.0035228225755608634
0.003537398102352349
0.0035514664853122245
0.003565035303327338
0.0035781120232104774
0.0035907039899475274
0.003602818411727521
0.0036144623378065836
0.0036256426268506227
0.0036363659030978837
0.003646638497617617
0.0036564663723016506
0.0036658550252385113
0.003674809378026829
0.003683333648592876
0.003691431217285353
0.0036991044993243904
0.0037063548426732513
0.0037131824762852137
0.003719586538244688
0.0037255652150118964
0.0037311160200823004
0.0037362362313611997
0.0037409234905538724
0.0037451765451627034
0.0037489960861328353
0.0037523856054456975
0.0037553521732513286
0.003757907019554913
0.003760065806813489
0.003761848501011719
0.003763278790507035
0.0037643830604371575
0.003765188997523765
0.003765723963946723
0.003766013326556104
0.0037660789476478065
0.003765938029172759
0.003765602453841526
0.007476740611695603
0.007411728800883717
0.007347471733483315
0.007283946362621468
0.007221124205991953
0.007158974038609318
0.007097464358810089
0.007036565373797619
0.006976250366484305
0.006916496423017235
0.006857284597189887
0.006798599649612819
0.006740429522259603
0.00668276469834197
0.00662559756476587
0.006568921852668098
0.00651273219175667
0.006457023783367287
0.006401792177883467
0.006347033133543488
0.006292742532811087
0.006238916336077209
0.006185550557681981
0.006132641254269917
0.006080184519446152
0.006028176481406116
0.0059766133018590495
0.00592549117546916
0.005874806329487112
0.005824555023446025
0.005774733548878119
0.005725338229037808
0.005676365418626905
0.005627811503519366
0.005579672900482935
0.0055319460568928926
0.005484627450429513
0.005437713588744581
0.005391201009071753
0.005345086277738098
0.005299365989506419
0.005254036766634145
0.005209095257467925
0.005164538134293639
0.0051203620900186035
0.005076563833063062
0.005033140079570393
0.004990087541702313
0.004947402910369847
0.004905082830283668
0.004863123864738941
0.00482152244716966
0.004780274816354821
0.0047393769324291495
0.004698824371786151
0.004658612200830236
0.004618734831582426
0.004579185866521946
0.004539957945710072
0.004501042615847298
0.004462430247712014
0.004424110034218311
0.004386070104495811
0.00434829778807122
0.004310780055624392
0.004273504147637594
0.0042364583793609925
0.0041996330812651165
0.004163021601817323
0.004126621269120297
0.004090434186091221
0.004054467727055002
0.004018734617192467
0.003983252512614314
0.003948043056035343
0.00391313045433629
0.003878539698608506
0.00384429461089189
0.0038104159412720696
0.0037769197442855265
