3.511808845497472E-6
7.183481965584278E-6
1.1023697187002255E-5
1.5040402575791764E-5
1.9240345495235925E-5
2.3628955854680164E-5
2.821074116413456E-5
3.299016851675655E-5
3.7972785738925125E-5
4.316619707885882E-5
4.858056477354822E-5
5.422854662717844E-5
6.012484796284003E-5
6.628566878584347E-5
7.272819409534375E-5
7.595823029491676E-5
7.934496453737426E-5
8.289545868122149E-5
8.661474872293938E-5
9.050540386387167E-5
9.456761537449059E-5
9.880003144816081E-5
1.0320132639413866E-4
1.0777218137452319E-4
1.1251708462788001E-4
1.1744531125546927E-4
1.225707272283861E-4
1.2791058543745165E-4
1.3348393689061627E-4
1.3931034295902795E-4
1.4540918274290261E-4
1.5179930244968312E-4
1.5849848166921897E-4
1.6552238512239261E-4
1.7288314502175955E-4
1.8058814321563293E-4
1.886397240851731E-4
1.9703642126803948E-4
2.0577582869087645E-4
2.148585603838312E-4
2.2429208534724274E-4
2.3409301655835952E-4
2.442869757709163E-4
2.5490628425553605E-4
2.659867737386586E-4
2.775652315162307E-4
2.896781933405115E-4
3.0236161079890073E-4
3.156502760680722E-4
3.295762118122653E-4
3.4416616250641677E-4
3.5943917565709214E-4
3.7540562740534777E-4
3.920688461858325E-4
4.094297199798106E-4
4.2749343490216255E-4
4.462762424851979E-4
4.658096806281648E-4
4.8614057037703795E-4
5.07327123759311E-4
5.294335607284136E-4
5.525259046739305E-4
5.766702604124645E-4
6.019327693641737E-4
6.283792429298312E-4
6.5607297112083E-4
6.850707676059978E-4
7.154187754736257E-4
7.471502317015485E-4
7.802871505881103E-4
8.148467252930754E-4
8.50851280794164E-4
8.883385505805227E-4
9.27368181720931E-4
9.680217012573767E-4
0.0010103994859701978
0.0010546141358192002
0.0011007847464932427
0.001149034443845995
0.0011994901816526392
0.001252281827980731
0.0013075382111133404
0.001365380118892731
0.001425912455838602
0.0014892188264157646
0.0015553615640392028
0.0016243886317569712
0.001696346002282684
0.0017712910727806586
0.0018493012660467968
0.0019305447791342122
0.0020152529517993276
0.0021036919237762183
0.0021961393972855865
0.0022928694484891984
0.0023941436259132622
0.0025002037383253
0.002611262545792326
0.002727491736483669
0.0028490096347752883
0.0029758726498747157
0.003108074342107245
0.003245554096521484
0.0033882138307186165
0.0035359371512415846
0.0036902119441167536
0.0038521699750750605
0.00402262677734211
0.00420211200009139
0.0043908984953443895
0.004589034833211117
0.0047963798922507
0.005012634374217475
0.005237364820366966
0.0054700193955895164
0.005709938357439066
0.0059563641027303525
0.0062084558057644386
0.006465311821250236
0.00672599915297495
0.007026003218568535
0.007357981868826508
0.007715341389075818
0.00809217160852098
0.008483179879692092
0.008883632367760701
0.009289307219953106
0.00969645764672849
0.010101778696729938
0.010502371949317586
0.010895705931897853
0.01127957384792261
0.011652052653387729
0.01201146848730362
0.01235637261657255
0.013510064222226587
0.014537717893676158
0.01544818217391603
0.016249773908465312
0.016950308247923485
0.017557124025107416
0.018077109460175465
0.018516731698201064
0.018882069425545264
0.019178844121717758
0.019412444808754297
0.019587943243733374
0.01971009971555611
0.019783362758039425
0.01981186854053832
0.038467565002522415
0.036768397994503335
0.035144590147314435
0.033592674726604016
0.03210933606444187
0.030691426138621372
0.02933596770488819
0.028040147963776657
0.026801309658010503
0.02561694402619224
0.02448468523309003
0.023402302684722844
0.022367687752774326
0.021378834054544153
0.020433813803482737
