5.738826908740169E-7
1.1579683340758678E-6
1.7524474943869514E-6
2.357522786869191E-6
2.9734136849030704E-6
3.6003650477522976E-6
4.238659766244192E-6
4.888636021724759E-6
5.550709098700206E-6
6.225396459682571E-6
6.913342916923594E-6
7.615340420264315E-6
8.332334708136616E-6
9.065409655914384E-6
9.815740651683857E-6
1.0584511731886679E-5
1.1372798009831229E-5
1.2181424602480021E-5
1.3010823908365358E-5
1.3860921520465375E-5
1.4731083494791317E-5
1.56201510995709E-5
1.6526572828272572E-5
1.744862015992394E-5
1.8384649575946223E-5
1.9333356832761967E-5
2.0293967421747085E-5
2.126632207056134E-5
2.225084427252726E-5
2.324840885068764E-5
2.4260155174344824E-5
2.5287297462022174E-5
2.6330975891543804E-5
2.7392171448238478E-5
2.8471684206465928E-5
2.8996275339782324E-5
2.9530160563124754E-5
3.0073630508514392E-5
3.062695697797639E-5
3.1190429901432356E-5
3.176438869402525E-5
3.234925355009931E-5
3.2945560717193194E-5
3.355400308350568E-5
3.41754741167091E-5
3.481110947552391E-5
3.546231662320236E-5
3.6130779041694234E-5
3.681841928383062E-5
3.7527305676786395E-5
3.825949264263049E-5
3.901679539420332E-5
3.9800515888454993E-5
4.0611155998717844E-5
4.1448171238466454E-5
4.230982772220772E-5
4.319322012245875E-5
4.4094485477552813E-5
4.500920825184964E-5
4.593296400686783E-5
4.6861905950726436E-5
4.779327581674957E-5
4.872572923494644E-5
4.9659407523002824E-5
5.059575185451943E-5
5.153712161976414E-5
5.248632400578354E-5
5.3446171415973825E-5
5.441915655422258E-5
5.540728535732569E-5
5.6412056520439595E-5
5.743454161752191E-5
5.847550993065265E-5
5.953555332903967E-5
6.061518781924326E-5
6.17149283912E-5
6.283534601292995E-5
6.397711935750885E-5
6.514109178729683E-5
6.632833933694528E-5
6.754024959279657E-5
6.877860472984988E-5
7.004565440375182E-5
7.134415620292595E-5
7.267735464917337E-5
7.404886720446471E-5
7.546245094251932E-5
7.692163950360345E-5
7.842926755824844E-5
7.998693632921729E-5
8.159451101582095E-5
8.324976725505782E-5
8.494830562863708E-5
8.668382069532406E-5
8.844874314229946E-5
9.023518245955993E-5
9.203600771141306E-5
9.384584641432092E-5
9.566178199190686E-5
9.748359709586627E-5
9.931352704563164E-5
1.011556171258747E-4
1.0301487440433595E-4
1.048964358338505E-4
1.068049332948878E-4
1.0874414581328771E-4
1.1071692957781963E-4
1.1272534517401963E-4
1.1477087718901529E-4
1.1685465901228016E-4
1.1897765477655737E-4
1.2114078879459589E-4
1.233450372619595E-4
1.2559150542559288E-4
1.2788151088319137E-4
1.3021668615627023E-4
1.325991044578631E-4
1.350314220472402E-4
1.3751701804215328E-4
1.4006009828065847E-4
1.42665716165749E-4
1.453396551364974E-4
1.480881208560489E-4
1.5091721254828247E-4
1.5383218528906346E-4
1.568365753898681E-4
1.5993132771336871E-4
1.6311411698321417E-4
1.6637907094000772E-4
1.6971706164169931E-4
1.7311662659332956E-4
1.7656543024452488E-4
1.8005201841881591E-4
1.8356750672028082E-4
1.8710682656763121E-4
1.9066924918939752E-4
1.9425809661420323E-4
1.9787976837466701E-4
2.0154238583963048E-4
2.05254422203358E-4
2.090236294921942E-4
2.1285642782942018E-4
2.1675775487937907E-4
2.2073124943129577E-4
2.247795966738366E-4
2.2890488789623122E-4
2.331089107596375E-4
2.3739335045631712E-4
2.4175992390746757E-4
2.462104846513581E-4
2.507471334290471E-4
2.5537235877193926E-4
2.600892187278177E-4
2.649015597510447E-4
2.698142501029154E-4
2.7483338245039486E-4
2.7996637668467806E-4
2.8522189630284813E-4
2.9060949015083696E-4
2.96138896588262E-4
3.018190060462468E-4
3.076565682223018E-4
3.136548361009325E-4
3.1981243095905777E-4
3.2612275250491074E-4
3.3257421223135497E-4
3.391514220510763E-4
3.4583724454272953E-4
3.52615363456356E-4
3.5947284574409466E-4
3.6640211691451436E-4
3.7340189771035813E-4
3.804769252452925E-4
3.8763661637273997E-4
3.948931059469135E-4
4.02259233382142E-4
4.097469303681333E-4
4.173662772631682E-4
4.251252429019903E-4
4.330299297210026E-4
4.410850687506936E-4
4.492945413010045E-4
4.57661796981057E-4
4.661901341643443E-4
4.7488287322907297E-4
4.837434780090351E-4
4.927756789351734E-4
5.019836376282411E-4
5.113721757593739E-4
5.209470714371024E-4
5.307154011482612E-4
5.406858727282867E-4
5.5086905814426E-4
5.612774033621948E-4
5.719248808617929E-4
5.82826175003173E-4
5.939953637779585E-4
6.054441827115585E-4
6.17180108935188E-4
6.292046456462856E-4
6.415122647566531E-4
6.540904262099956E-4
6.669209097894665E-4
6.799823901610709E-4
6.932538343239187E-4
7.067180175230271E-4
7.203643531294421E-4
7.3419037642917E-4
7.4820158447083E-4
7.624097957121773E-4
7.768317812099479E-4
7.914863862816914E-4
8.063921531064849E-4
8.215658341288256E-4
8.370218405145164E-4
8.527723983733299E-4
8.68828069460043E-4
8.851983290694726E-4
9.018920166106913E-4
9.189176056602248E-4
9.362833296292782E-4
9.539972359673034E-4
9.720672420952359E-4
9.905012510206836E-4
0.0010093073656447333
0.0010284942187081354
0.0010480714051079264
0.0010680499612291566
0.0010884427844770836
0.0011092648363292322
0.0011305329429475812
0.0011522650219119883
0.0011744786416623904
0.0011971889672830276
0.0012204063433434193
0.001244133963557424
0.0012683662074930257
0.001293088213865759
0.001318277064162324
0.001343904584400797
0.0013699413243262214
0.001396360886212866
0.0014231436012107105
0.0014502786828600363
0.001477764406574986
0.0015056678781220207
0.0015340547202715256
0.0015629861831936065
0.001592516738004821
0.001622692670700614
0.0016535517720122077
0.0016851238746096934
0.001717431830901992
0.001750492555393555
0.0017843178985482576
0.0018189152782219062
0.0018542881060118947
0.00189043609454476
0.0019273555366280642
0.0019650396341046174
0.0020034789377936036
0.002042661940408928
0.0020825758343164308
0.0021232073985631775
0.0021645439148480984
0.002206573940490866
0.0022492877094996435
0.002292676919745967
0.0023367337235984543
0.002381448886287113
0.002426809298711182
0.00247279528165092
0.0025193783169691654
0.002566519897984907
0.0026141720394932963
0.0026622796237641974
0.0027107842627706884
0.0027596288831856224
0.00280876196732691
0.0028581404367789874
0.002910894625393124
0.0029667533297543435
0.003025463081897417
0.0030867844496868632
0.003150488719598143
0.0032163555635622873
0.0032841718486969927
0.0033537313700790793
0.003424835097433793
0.003497291539304336
0.003570916967013713
0.003645535404472409
0.003720978409107616
0.0037970847260723685
0.003873699911141839
0.003950676014300535
0.004027871411326829
0.004105150864091648
0.004182385871367353
0.004259455329131951
0.004336246447161699
0.004412655772798963
0.00448859007282117
0.004563966753042379
0.004638713491688428
0.0047127668588785344
0.004786069899022488
0.0048585689353906406
0.004930210143996582
0.00500093663652328
0.005070686793544142
0.005139394352262187
0.0052069903135624675
0.005273406217188436
0.00533857792099813
0.005565380983552253
0.005781343228810016
0.005986801374547482
0.0061820863900285085
0.006367522148286745
0.006543424056103143
0.006710098083998168
0.006867840379306871
0.00701693740053868
0.007157666359331121
0.007290295729076532
0.007415085644267211
0.007532288111601577
0.007642147035107956
0.007744898106585757
0.007840768638620361
0.007929977436703222
0.008012734828258133
0.008089242985506907
0.008159696682139155
0.00822428459327056
0.008283191170437175
0.008336598995556171
0.008384691354546888
0.008427654608167672
0.008465679827626338
0.008498963163712283
0.008527704572735731
0.00855210483303272
0.00857236119862072
0.008588662443530761
0.008601184314896336
0.008610086418190182
0.00861551126029423
0.008617585638875032
0.01700664407991251
0.016676347948020906
0.01635263481343346
0.016035327756963366
0.015724259975515863
0.015419277487821152
0.015120239194479178
0.01482701516127541
0.01453948413398496
0.014257531089907688
0.01398104526790756
0.013709918776771478
0.013444045667522527
0.013183321283904268
0.012927641733153318
0.012676903390662563
0.012431002428985666
0.012189834428235517
0.01195329417798741
0.011721275817152864
0.011493673468885754
0.011270382498590078
0.0110513014419127
0.010836334513016466
0.010625394425423918
0.010418405073830697
0.010215303490094337
0.010016040461996426
0.009820579338126875
0.009628892847953745
0.009440958198796541
0.009256751169238792
0.009076240263518597
0.008899382093239436
0.008726118941480305
