1.8565922570807207E-6
3.773709769968695E-6
5.754119053300787E-6
7.801029808472104E-6
9.918092419771227E-6
1.2109312914210968E-5
1.4378849237357647E-5
1.6730686107410744E-5
1.916823228301797E-5
2.1693934285461937E-5
2.4309035002768896E-5
2.7013600072116533E-5
2.9806873992724658E-5
3.268791956508237E-5
3.565637689959174E-5
3.871310998753959E-5
4.186053745772102E-5
4.510257200008002E-5
4.844426287922191E-5
5.1891357362798135E-5
5.3593409680938615E-5
5.5352985022333456E-5
5.717432777916761E-5
5.906196524907149E-5
6.1020790695323596E-5
6.305595339462834E-5
6.517252586302158E-5
6.737497434288461E-5
6.966651321762695E-5
7.204848194296474E-5
7.451993198775675E-5
7.707762133263166E-5
7.971655428574196E-5
8.243106444627764E-5
8.521624692250842E-5
8.806937341017503E-5
9.099086250652078E-5
9.398449191732863E-5
9.705681193193733E-5
1.0021603566149977E-4
1.0347087853818031E-4
1.068297872725226E-4
1.1030075920820142E-4
1.1389165142563084E-4
1.1761067940361772E-4
1.2146677932921158E-4
1.254696087171191E-4
1.2962909212061566E-4
1.3395452998678364E-4
1.3845339036804697E-4
1.4313002083645194E-4
1.4798463742891045E-4
1.5301300694348525E-4
1.582071630649107E-4
1.6355724574284252E-4
1.6905416647518598E-4
1.746924166864889E-4
1.8047215004320758E-4
1.863998392783927E-4
1.9248732797652894E-4
1.9874974918669095E-4
2.0520322585528624E-4
2.118632561660232E-4
2.1874424164957109E-4
2.2586002031593829E-4
2.3322485783957759E-4
2.4085428116322994E-4
2.4876531986803285E-4
2.569759596155965E-4
2.655038016655013E-4
2.7436408824347284E-4
2.835674565995999E-4
2.9311801214949276E-4
3.0301245507500634E-4
3.1324091203754266E-4
3.2378972635867357E-4
3.3464579523682534E-4
3.4580134019046056E-4
3.5725760983625353E-4
3.690262412297265E-4
3.8112788764274813E-4
3.9358882747015755E-4
4.064370806921934E-4
4.1969959673253973E-4
4.3340135312970905E-4
4.4756619515947494E-4
4.6221853679435964E-4
4.773849081486481E-4
4.930946228724385E-4
5.093792208089914E-4
5.262706306771759E-4
5.437982409750002E-4
5.619853801583535E-4
5.808460841132653E-4
6.003833020107766E-4
6.20589624199299E-4
6.414510461687644E-4
6.629532626918815E-4
6.850888589387923E-4
7.078630881730559E-4
7.31296796498189E-4
7.554249891930507E-4
7.802920512175117E-4
8.059459374837003E-4
8.32433773839504E-4
8.59800245539139E-4
8.880886162905464E-4
9.173431211494744E-4
9.476112448923726E-4
9.789448090669034E-4
0.0010113993386683558
0.0010450315760034176
0.0010798953294313002
0.0011160362780834809
0.0011534869129628048
0.0011922632443999437
0.0012323648945293413
0.001273779462178369
0.0013164906354836377
0.0013604878977000036
0.001405792621038763
0.0014524579740045262
0.0015005634557544282
0.0015502052352361002
0.0016014853674321758
0.001654503237893255
0.0017093511891084685
0.001766114187936595
0.001824871862578982
0.0018857008894825904
0.001948676243196084
0.002013870532612265
0.0020813511343287794
0.00215117520600608
0.002223383200023534
0.0022979922473968305
0.002374991449540259
0.0024543412324574037
0.002535978110708015
0.0026198244738325624
0.00270633836338726
0.0027958968359317444
0.00288881064316971
0.00298533106277354
0.0030856501766109217
0.0031898983676575793
0.0032981433004285743
0.003410393023809834
0.0035266032796263595
0.003646687188239544
0.0037705250031315096
0.003897972217916843
0.00402886510010613
0.004163023216900571
0.0043002488517656385
0.004440323763531324
0.0045830046205222455
0.004728019340677429
0.004875066933378606
0.005023822778674023
0.005189995297348669
0.005371097690746761
0.005564839454078847
0.005769122035528831
0.005982027552190366
0.0062018016033486695
0.006426833923787601
0.006655641298736118
0.006886855614733404
0.007119217346657392
0.0073515728044843765
0.007582872907880594
0.007812171752440665
0.00803862387899164
0.008261479453063323
0.008480076691473794
0.008693831298969307
0.008902223604089819
0.009104785262454975
0.009301088257909493
0.009969785629751017
0.010583300644237476
0.011144562308649953
0.011656362760393828
0.012121368867922684
0.01254213023081639
0.012921082709994341
0.013260548823870798
0.01356273768431065
0.013829746952042622
0.01406356797038743
0.01426609381105365
0.014439129180403888
0.014584400970531798
0.01470356821753246
0.014798230053995071
0.014869930099691538
0.01492015605240354
0.014950334271534102
0.014961820728573154
0.029257992774670442
0.028277073330496148
0.02732940254423065
0.026413834483718687
0.025529223326039966
0.02467444321610784
0.023848406458615353
0.023050074563909576
0.02227846045588278
0.021532623985439994
0.02081166493338462
0.02011471739812498
0.019440947675759445
0.018789555763221888
0.01815977928103898
0.017550897998772165
0.01696223697869098
0.016393166491350475
0.01584309740357607
0.015311471812907138
