1.7724531591660935E-7
3.5604298079880084E-7
5.364061243911626E-7
7.183484441050658E-7
9.018839150103561E-7
1.0870266844336836E-6
1.2737910448473511E-6
1.462191433408202E-6
1.6522424374017964E-6
1.8439587993806593E-6
2.0373554212896846E-6
2.232447368423521E-6
2.4292498744138356E-6
2.6277783488165324E-6
2.8280483897582266E-6
3.0300758058222596E-6
3.2338766543100635E-6
3.4394673078092586E-6
3.646864568483811E-6
3.856085860758659E-6
4.067149549341212E-6
4.2800754519958286E-6
4.4948856459037726E-6
4.711605702431647E-6
4.93026652526817E-6
5.150907005493291E-6
5.373577734027755E-6
5.598346011437777E-6
5.8253023461174985E-6
6.05456850950181E-6
6.286306996592091E-6
6.5207314047375074E-6
6.758116794146099E-6
6.998808560503832E-6
7.243227804154543E-6
7.491870737683435E-6
7.745299490081116E-6
8.004121914573943E-6
8.268958841221056E-6
8.540398712469348E-6
8.818941645858604E-6
9.10493745213959E-6
9.398524581318006E-6
9.6995788112328E-6
1.0007681130258638E-5
1.0322113208638494E-5
1.0641885899473317E-5
1.09658015839154E-5
1.129254557323579E-5
1.1620796290387156E-5
1.1949339827985012E-5
1.2277172814275783E-5
1.260357892147396E-5
1.2928168709725886E-5
1.3250878944557255E-5
1.3571934620175617E-5
1.3891783046058634E-5
1.4211013162457467E-5
1.4530274044363718E-5
1.4850204456429641E-5
1.517138118488166E-5
1.549428896258454E-5
1.581931038707046E-5
1.6146731214582465E-5
1.6476755148203273E-5
1.6632277223973892E-5
1.6789085774020893E-5
1.6947233533400374E-5
1.710675479957597E-5
1.7267673628672285E-5
1.7430008843318324E-5
1.7593776841695754E-5
1.775899304380515E-5
1.7925672573977718E-5
1.8093830555875317E-5
1.8263482230146553E-5
1.843464300002364E-5
1.8607328452849157E-5
1.8781554378674974E-5
1.895733679719775E-5
1.9134692003278695E-5
1.9313636645430306E-5
1.9494187860058178E-5
1.9676363497652357E-5
1.986018249713865E-5
2.0045665493279453E-5
2.0232835781420243E-5
2.0421720815450022E-5
2.0612354478357215E-5
2.0804780436840834E-5
2.0999056963592026E-5
2.1195263667303092E-5
2.1393510586182394E-5
2.1593950040734916E-5
2.179679146235725E-5
2.2002319069372266E-5
2.22109117123328E-5
2.2423063439934745E-5
2.2639402373636175E-5
2.2860704416175473E-5
2.3087897330888408E-5
2.3322050072429914E-5
2.3564342243931193E-5
2.3816009528072965E-5
2.4078263141356384E-5
2.435218486084641E-5
2.4638603751877008E-5
2.493796580752097E-5
2.5250212369145616E-5
2.5574686268464514E-5
2.5910084944885176E-5
2.6254476487990506E-5
2.660538741779489E-5
2.6959960718445658E-5
2.7315170796680945E-5
2.76680709756517E-5
2.8016041417544776E-5
2.8357003120450902E-5
2.868956789290916E-5
2.901310449354255E-5
2.9327715413643964E-5
2.9634133962932982E-5
2.993356399737788E-5
3.0227492067341026E-5
3.05175026484519E-5
3.080512186914798E-5
3.109170570072495E-5
3.1378377690053545E-5
3.16660117056008E-5
3.19552487404049E-5
3.224653427336386E-5
3.254016357860307E-5
3.283632548098999E-5
3.313513895973771E-5
3.3436680531713694E-5
3.3741002838403335E-5
3.4048146171154E-5
3.435814501739488E-5
3.467103146721812E-5
3.498683683528664E-5
3.530559236597756E-5
3.5627329513610946E-5
3.5952080046320264E-5
3.6279876086329766E-5
3.661075013374293E-5
3.6944735094357296E-5
3.7281864324992645E-5
3.7622171712722424E-5
3.7965691814022146E-5
3.831246009660564E-5
3.866251335301881E-5
3.90158903945073E-5
3.937263319052072E-5
3.973278869756794E-5
4.009641172355614E-5
4.0463569298979935E-5
4.0834347165996724E-5
4.120885913084497E-5
4.158726011875406E-5
4.196976376869177E-5
4.23566652335187E-5
4.274836942056931E-5
4.314542412946361E-5
4.3548556354332094E-5
4.39587084141697E-5
4.4377068659484306E-5
4.480508952161458E-5
4.524448403441437E-5
4.5697191226881565E-5
4.616530159699817E-5
4.66509368082684E-5
4.715608312402075E-5
4.7682385764484736E-5
4.823092054738651E-5
4.880196836058058E-5
4.9394825150233035E-5
5.00076829157668E-5
5.063761376214652E-5
5.1280678456962056E-5
5.1932163823773446E-5
5.258693212988716E-5
5.3239844409546696E-5
5.3886203184097286E-5
5.452215264968338E-5
5.514497872467473E-5
5.5753267307794104E-5
5.6346903649657204E-5
5.692692349632802E-5
5.74952512947849E-5
5.805437676132477E-5
5.860702540124425E-5
5.915587122649871E-5
5.970332402040401E-5
6.0251403953390563E-5
6.080169828584065E-5
6.135538214408525E-5
6.191327960358052E-5
6.247594203631284E-5
6.304372581525508E-5
6.361685841274109E-5
6.419548844430148E-5
6.477971995257927E-5
6.536963382559424E-5
6.596530003830312E-5
6.656678405684801E-5
6.717414990143805E-5
6.778746148259983E-5
6.840678313240966E-5
6.903217979841833E-5
6.966371711197495E-5
7.030146141702323E-5
7.094547979244032E-5
7.159584008355767E-5
7.225261095773584E-5
7.291586200769003E-5
7.358566394427533E-5
7.426208895089667E-5
7.494521132028109E-5
7.563510856847075E-5
7.633186332893369E-5
7.703556647928631E-5
7.774632214800609E-5
7.846425548352218E-5
7.91895243221211E-5
7.992233611881251E-5
8.066297162894676E-5
8.141181673329769E-5
8.216940333749146E-5
8.293645928402317E-5
8.371396554773186E-5
8.450321657683325E-5
8.53058765758134E-5
8.612402111604402E-5
8.69601503008196E-5
8.781715768407973E-5
8.86982393225924E-5
8.960673080001284E-5
9.054586755092194E-5
9.151847539550318E-5
9.252661290002544E-5
9.357120282404859E-5
9.465170323598744E-5
9.57658760375225E-5
9.690970811818917E-5
9.807752607744299E-5
9.926231977208941E-5
1.0045625626719093E-4
1.0165133028857502E-4
1.0284006784714523E-4
1.0401618390944746E-4
1.0517509792263766E-4
1.063142334820769E-4
1.074330662917349E-4
1.0853292945385841E-4
1.0961662665843305E-4
1.1068793255866468E-4
1.1175106967967027E-4
1.128102419737396E-4
1.138692810368218E-4
1.1493142981028696E-4
1.1599925879413965E-4
1.1707468800103002E-4
1.1815907728548599E-4
1.1925334779689295E-4
1.2035810496980699E-4
1.2147374446875655E-4
1.2260053311216398E-4
1.2373866468876223E-4
1.248882950221563E-4
1.2604956210972477E-4
1.2722259670834186E-4
1.2840752742485843E-4
1.2960448295506837E-4
1.308135929874803E-4
1.3203498854354843E-4
1.332688021029718E-4
1.34515167652978E-4
1.3577422070966576E-4
1.3704609832594248E-4
1.383309390922377E-4
1.3962888314018832E-4
1.409400721738211E-4
1.4226464958136352E-4
1.436027607317823E-4
1.4495455364508478E-4
1.4632018035890456E-4
1.4769979951174085E-4
1.4909358093852563E-4
1.5050171343053713E-4
1.5192441723239653E-4
1.533619632834646E-4
1.548147015599094E-4
1.5628310097677898E-4
1.577678029439192E-4
1.5926968956831645E-4
1.607899653934834E-4
1.6233024828306213E-4
1.638926606081752E-4
1.6547990663080836E-4
1.6709531666966228E-4
1.6874283454558598E-4
1.704269235677046E-4
1.7215236968819557E-4
1.7392396983187394E-4
1.7574610928149158E-4
1.776222533563572E-4
1.795544025780027E-4
1.8154258238513722E-4
1.83584452412074E-4
1.8567512068856087E-4
1.878072309926797E-4
1.899713566316891E-4
1.921566853476352E-4
1.9435192654082182E-4
1.9654632523220873E-4
1.987306389663915E-4
2.008979327841223E-4
2.0304407590644152E-4
2.0516787677670107E-4
2.0727085883599943E-4
2.0935674247906982E-4
2.1143074442352323E-4
2.1349882459773345E-4
2.1556700062429215E-4
2.176408168197468E-4
2.1972501010869824E-4
2.2182336959455156E-4
2.2393875371608525E-4
2.2607321169378054E-4
2.2822815474028943E-4
2.304045328854785E-4
2.326029890791964E-4
2.3482397786234665E-4
2.370678477368868E-4
2.39334893185101E-4
2.416253846870122E-4
2.4393958456801694E-4
2.462777546493602E-4
2.4864015961758993E-4
2.51027068369633E-4
2.534387544856011E-4
2.558754963499379E-4
2.583375771257497E-4
2.608252846472726E-4
2.633389112391334E-4
2.658787534493172E-4
2.6844511167494167E-4
2.7103828966121843E-4
2.7365859386841926E-4
2.763063327396467E-4
2.7898181598022456E-4
2.8168535410030235E-4
2.844172587035372E-4
2.8717784435510336E-4
2.899674333527599E-4
2.9278636535408554E-4
2.9563501453756753E-4
2.9851381768399796E-4
3.0142331705624827E-4
3.0436422192590756E-4
3.0733749165053227E-4
3.10344440914623E-4
3.1338686374930897E-4
3.164671671074384E-4
3.1958849738423806E-4
3.2275483524066544E-4
3.259710270219781E-4
3.292427172279335E-4
3.3257614847107176E-4
3.3597780547178915E-4
3.394538991044462E-4
3.4300971457769245E-4
3.466488811358668E-4
3.5037265313039276E-4
3.5417931589120066E-4
3.580638361852584E-4
3.620178598812944E-4
3.660301169498215E-4
3.700872305836082E-4
3.7417485399779415E-4
3.7827899105447694E-4
3.823873119861048E-4
3.864902662159148E-4
3.905818256441666E-4
3.946597584967367E-4
3.987254210036065E-4
4.027831411131354E-4
4.0683933463354075E-4
4.109015252759964E-4
4.1497743188352896E-4
4.1907430191698243E-4
4.231984377486594E-4
4.2735497948521333E-4
4.3154790105196834E-4
4.3578015092756133E-4
4.400538652454105E-4
4.443705934982977E-4
4.4873149761296994E-4
4.5313750602391694E-4
4.5758942049858447E-4
4.620879829707334E-4
4.6663391317827127E-4
4.712279274327864E-4
4.758707464782194E-4
4.8056309769029686E-4
4.853057146553244E-4
4.90099335681798E-4
4.949447019434811E-4
4.998425555213E-4
5.04793637416052E-4
5.097986855189164E-4
5.148584324842019E-4
5.199736034184871E-4
5.251449132733445E-4
5.303730638079107E-4
5.356587399844116E-4
5.410026056954623E-4
5.464052988286872E-4
5.518674258954986E-4
5.573895568384402E-4
5.629722212363222E-4
5.686159079808466E-4
5.74321071588847E-4
5.80088149544414E-4
5.859175962166587E-4
5.918099396008192E-4
5.977658668563446E-4
6.037863427315465E-4
6.098727608487761E-4
6.160271210694645E-4
6.222522168401267E-4
6.285518053800111E-4
6.349307226234839E-4
6.413948967724059E-4
6.479512126154528E-4
6.546071868757275E-4
6.613704351232446E-4
6.68247943318967E-4
6.752451986239755E-4
6.82365277806134E-4
6.896080274726123E-4
6.96969487371903E-4
7.04441696839433E-4
7.120129808620642E-4
7.19668739647386E-4
7.273926759723159E-4
7.351683067469415E-4
7.429805405090399E-4
7.508170789551598E-4
7.586694269895234E-4
7.66533368303048E-4
7.744088657983765E-4
7.822994535438333E-4
7.902112734722973E-4
7.981519563366505E-4
8.061349129120462E-4
8.141728046945572E-4
8.22276959271955E-4
8.304570854513714E-4
8.387212448917364E-4
8.470760031497216E-4
8.55526675388482E-4
8.640775946548839E-4
8.727323540020626E-4
8.814939984412863E-4
8.903651623171438E-4
8.993481596062884E-4
9.08445039379429E-4
9.176576184676476E-4
9.269875007485964E-4
9.364360893262919E-4
9.460045952600078E-4
9.556940447208901E-4
9.655052854228793E-4
9.754389926475788E-4
9.854956749370334E-4
9.95675679411593E-4
0.0010059791965974865
0.001016406264580637
0.0010269567722248248
0.0010376304611024114
0.001048426925695008
0.0010593456113530896
0.0010703858094986839
0.0010815466496759678
0.0010928270883839991
0.0011042258952613769
0.001115741638227723
0.001127372670677704
0.0011391171257398524
0.0011509729247780051
0.0011629378093449614
0.0011750094070717557
0.0011871853416448124
0.0011994633941254517
0.001211841716544951
0.0012243190885420127
0.001236895194206244
0.0012495708808474499
0.0012623483470835114
0.0012752311985671726
0.0012882243105094395
0.0013013334509152847
0.0013145646489958092
0.001327923337830197
0.0013414133528002123
0.001355035917125781
0.0013687887799448488
0.00138266567830184
0.0013966562640779188
0.0014107465702580919
0.0014249199978072424
0.0014391587036054684
0.0014534451850996616
0.001467763810876776
0.0014821020522974367
0.00149645123040883
0.0015108066909103332
0.0015251674333576666
0.001539535320730269
0.0015544227830127171
0.001569812878920587
0.001585689140174429
0.0016020348977183597
0.001618832900658743
0.001636065199027416
0.0016537132210092927
0.001671757961831594
0.001690180210287646
0.0017089607604337189
0.0017280805805256186
0.0017475209316228724
0.0017672634412409258
0.0017872901431020636
0.0018075834944832547
0.0018281263803961725
0.001848902110852191
0.0018698944148924502
0.0018910874332827593
0.0019124657107232696
0.0019340141878760346
0.0019557181932467515
0.0019775634348131775
0.001999535991181462
0.0020216223019262785
0.0020438091566091663
0.002066083681763064
0.0020884333248838956
0.0021108458342026567
0.0021333092327705727
0.002155811785255945
0.0021783419559477453
0.002200888356952572
0.0022234396866519916
0.0022459846603449522
0.0022685119377582634
0.0022910100557395714
0.0023134673786717997
0.0023358720833373775
0.002358212198088678
0.002380475716867373
0.0024026508053105896
0.0024247261075218468
0.0024466911473974336
0.0024685367982718474
0.0024902557714048578
0.0025118430517034438
0.0025332961938198456
0.0025546153896751364
0.0025758032346947643
0.002596864156718903
0.0026178035260035278
0.0026386265287237673
0.0026593369468424608
0.002679936028676685
0.0027004216431575426
0.002720787878882354
0.0027410251784584553
0.0027611210019448857
0.0027810609116471403
0.0028008298887064378
0.00282041365077394
0.002839799750284509
0.0028589782912542146
0.0028779421927268875
0.0029449009369237112
0.003010113254922182
0.003073611726719044
0.0031354286663274563
0.003195595703543556
0.0032541435199034364
0.003311101739774679
0.0033664989465703237
0.0034203627791188278
0.003472720063293418
0.0035235969441589463
0.0035730189979622075
0.0036210113161986497
0.0036675985629456807
0.0037128050111426896
0.0037566545644920108
0.0037991707706500895
0.0038403768296821055
0.0038802956001735547
0.003918949604249273
0.003956361032050122
0.003992551745832323
0.004027543283641645
0.004061356862366744
0.0040940133798233426
0.004125533415321256
0.004155937227891724
0.004185244750983553
0.004213475581966694
0.00424064896422372
0.004266783759011816
0.004291898403740571
0.004316010853005716
0.00433913849889955
0.0043612980681192225
0.004382505495596504
0.004402775778141667
0.004422122817158077
0.004440559266777541
0.004458096412248805
0.004474744111904626
0.004490510842650912
0.004505403891170157
0.004519429728147945
0.0045325945884058345
0.004544905254642446
0.004556370007453423
0.004566999663173326
0.004576808580669348
0.0045858154877556
0.004594043967435298
0.004601522462088085
0.004608283703826315
0.004614363558385191
0.004619799366863531
0.004624627966190843
0.004628883643655505
0.004632596313323014
0.004635790180541447
0.004638483085052441
0.004640686597277433
0.004642406811026193
0.004643645658923968
0.004644402500664332
0.004644675714269432
0.009213946741989755
0.009116821378796816
0.009020788840788078
0.008925816306556882
0.008831876028395559
0.008738944993124715
0.008647004198743004
0.008556037778074304
0.008466032145906993
0.008376975276406165
0.008288856153328746
0.008201664388888221
0.008115389981253189
0.008030023172404475
0.007945554371204705
0.007861974114836542
0.007779273050751219
0.007697441928576908
0.0076164715964037915
0.007536352998785662
0.007457077175303869
0.007378635259212946
0.007301018475929867
0.0072242181411661735
0.007148225658433702
0.0070730325155116645
0.006998630279242755
0.006925010587712116
0.006852165138438488
0.006780085670662167
0.006708763939161325
0.006638191676316427
0.006568360538478716
0.00649926203226907
0.006430887416518249
0.006363227576532903
0.006296272869675225
0.006230012945315766
0.006164436548371644
0.00609953132389419
0.006035283650034502
0.005971678537014136
0.0059086996384732915
0.005846329426023946
0.005784549574826137
0.005723341594536576
0.005662687714130927
0.005602571991065582
0.0055429815682418145
0.005483907952960642
0.0054253481503048085
0.005367305460604537
0.005309789757468956
0.005252817105999925
0.005196408660047636
0.005140588883751479
0.005085383258612398
0.005030815739649161
0.004976906288793017
0.004923668822192133
0.004871109853534419
0.0048192280055019176
0.004768014417650207
0.004717453932056197
0.004667526819864137
