9.474687383085448E-8
1.900340370633387E-7
2.8584798230502776E-7
3.821825753604234E-7
4.790363693218283E-7
5.764106201505381E-7
6.743079531699385E-7
7.727315556830717E-7
8.716847475576623E-7
9.711707934505656E-7
1.0711928503158822E-6
1.1717539780640256E-6
1.2728571709872275E-6
1.3745053891280764E-6
1.4767015820449544E-6
1.5794487042256815E-6
1.6827497240209265E-6
1.7866076283799494E-6
1.8910254251980088E-6
1.9960061444450996E-6
2.1015528387320806E-6
2.2076685836412706E-6
2.314356477968026E-6
2.421619643932474E-6
2.529461227383009E-6
2.637884397998569E-6
2.7468923494918763E-6
2.8564882998141538E-6
2.9666754913616293E-6
3.0774571911839997E-6
3.1888366911953576E-6
3.3008173083883963E-6
3.413402385053726E-6
3.5265952890076652E-6
3.6403994138352543E-6
3.7548181791614047E-6
3.869855030974384E-6
3.985513442046974E-6
4.1017969125381294E-6
4.2187089709245645E-6
4.336253175527173E-6
4.454433117094249E-6
4.573252423232878E-6
4.692714766020364E-6
4.812823874995719E-6
4.933583559095971E-6
5.05499774319868E-6
5.177070528074971E-6
5.299806287146025E-6
5.423209819944666E-6
5.547286591125368E-6
5.672043095709822E-6
5.7974874062885064E-6
5.92362997600322E-6
6.050484791490316E-6
6.178070990657951E-6
6.3064150777902934E-6
6.435553877725449E-6
6.565538364375881E-6
6.696438467374141E-6
6.8283488936868104E-6
6.9613958885609944E-6
7.0957446948721875E-6
7.231607250682928E-6
7.369249400459218E-6
7.508996608552793E-6
7.651236893204985E-6
7.79641950080792E-6
7.945047781329797E-6
8.097664878218917E-6
8.254831271043185E-6
8.417093939765076E-6
8.5849479420191E-6
8.75879243262871E-6
8.93888446233075E-6
9.125295063139783E-6
9.317872917214946E-6
9.516221075994117E-6
9.719691567045556E-6
9.927401231389818E-6
1.0138269863287158E-5
1.035107893734415E-5
1.0564546311601579E-5
1.0777409782345116E-5
1.0988510719798043E-5
1.1196868600593919E-5
1.1401738230485507E-5
1.1602643713433279E-5
1.1799386406808812E-5
1.1992027651405826E-5
1.2180850349038932E-5
1.2366305912671567E-5
1.2548954353817275E-5
1.2729405182058452E-5
1.290826552767818E-5
1.2991352958991578E-5
1.3073369036482757E-5
1.3154739267684969E-5
1.3235796602478776E-5
1.3316790251367603E-5
1.3397898907299652E-5
1.34792454908966E-5
1.3560911281349916E-5
1.3642948120907827E-5
1.3725388119115097E-5
1.380825083557322E-5
1.389154825916427E-5
1.3975288051760046E-5
1.4059475537402994E-5
1.414411485128318E-5
1.4229209564694318E-5
1.4314763004860434E-5
1.440077840872668E-5
1.4487258992338459E-5
1.4574207980171349E-5
1.4661628616762741E-5
1.4749524171078577E-5
1.483789793811993E-5
1.492675323956354E-5
1.5016093424092953E-5
1.5105921867640332E-5
1.5196241973605539E-5
1.5287057173071373E-5
1.53783709250193E-5
1.547018671654716E-5
1.5562508063089698E-5
1.5655338508643152E-5
1.574868162599658E-5
1.5842541016974844E-5
1.593692031270269E-5
1.6031823173908354E-5
1.612725329130046E-5
1.6223214386081154E-5
1.6319710210710087E-5
1.6416744550124784E-5
1.6514321223780876E-5
1.661244408914499E-5
1.6711117047723672E-5
1.681034405545334E-5
1.6910129140472935E-5
1.7010476433191867E-5
1.7111390216496342E-5
1.7212875008369886E-5
1.7314935695756283E-5
1.74175777479244E-5
1.7520807550784803E-5
1.762463292147236E-5
1.772906388582485E-5
1.783411383050778E-5
1.7939801175968215E-5
1.8046151754214412E-5
1.8153202112551773E-5
1.8261003993902038E-5
1.8369630255713507E-5
1.847918246846905E-5
1.85898003638098E-5
1.8701673161937833E-5
1.8815052580121902E-5
1.8930266996686275E-5
1.9047735817967452E-5
1.9167982589023243E-5
1.9291644848315064E-5
1.9419478228812174E-5
1.9552351959885768E-5
1.969123285519332E-5
1.9837155215850443E-5
1.999117494834128E-5
2.0154307650218666E-5
2.032745242017475E-5
2.0511305549371958E-5
2.070627076356253E-5
2.0912374909898217E-5
2.1129199449813108E-5
2.1355838373534933E-5
2.1590891850727826E-5
2.1832501952733234E-5
2.2078432301851994E-5
2.232618802800269E-5
2.257316673509455E-5
2.281682625748859E-5
2.3054851765392054E-5
2.3285303979669305E-5
2.350673219910798E-5
2.3718240331038252E-5
2.3919500444273487E-5
2.4110715443238362E-5
2.4292539047197812E-5
2.4465966214197966E-5
2.4632209700006102E-5
2.4792578329059893E-5
2.4948370063483874E-5
2.5100788814707503E-5
2.5250889115196222E-5
2.5399548217782685E-5
2.5547461665799656E-5
2.5695156284030175E-5
2.584301391514853E-5
2.5991299805751035E-5
2.6140190894622826E-5
2.6289800905237545E-5
2.644020070616464E-5
2.659143363060995E-5
2.674352624444069E-5
2.689649544592938E-5
2.7050352866236726E-5
2.7205107435583448E-5
2.7360766791173236E-5
2.751733800339959E-5
2.767482792755581E-5
2.783324336352486E-5
2.799259112366225E-5
2.815287805982348E-5
2.831411107351372E-5
2.847629711958777E-5
2.8639443207680735E-5
2.8803556402908866E-5
2.8968643826358804E-5
2.9134712655523647E-5
2.930177012472981E-5
2.9469823525565692E-5
2.963888020731441E-5
2.980894757739213E-5
2.998003310179234E-5
3.0152144305538058E-5
3.0325288773145792E-5
3.0499474149107805E-5
3.067470813840693E-5
3.085099850709109E-5
3.102835308295995E-5
3.1206779756463E-5
3.138628648199472E-5
3.156688127992663E-5
3.1748572239990766E-5
3.19313675271035E-5
3.211527539152804E-5
3.230030418662372E-5
3.248646239963807E-5
3.267375870452861E-5
3.286220205132401E-5
3.305180181496314E-5
3.324256803908949E-5
3.3434511828410484E-5
3.3627645968659824E-5
3.382198588764314E-5
3.4017551115673784E-5
3.421436745931131E-5
3.441247016722995E-5
3.4611908436716196E-5
3.481275167469351E-5
3.501509797335812E-5
3.521908526560015E-5
3.5424905560429064E-5
3.563282248918162E-5
3.5843192083403086E-5
3.605648622456321E-5
3.627331753964977E-5
3.64944636793714E-5
3.672088796380544E-5
3.69537524241234E-5
3.719441847693518E-5
3.7444430059068926E-5
3.7705474271840556E-5
3.7979315667269684E-5
3.826770241410787E-5
3.85722457300453E-5
3.889427797922267E-5
3.923469929510852E-5
3.9593826850399495E-5
3.9971264143102804E-5
4.036580904592742E-5
4.07754181552216E-5
4.119724078907152E-5
4.16277289371749E-5
4.206282026640737E-5
4.24981812059695E-5
4.2929487832133225E-5
4.335271548809337E-5
4.3764405265494486E-5
4.4161877452932456E-5
4.454336874603419E-5
4.4908080393431574E-5
4.525613673084205E-5
4.558846553614235E-5
4.5906621203753046E-5
4.6212577315073294E-5
4.650851607997674E-5
4.679663863640657E-5
4.707901346379156E-5
4.735747184787617E-5
4.7633551170809706E-5
4.790848021748712E-5
4.818319653248291E-5
4.845838431453005E-5
4.873452201446983E-5
4.901193097429303E-5
4.929081927704249E-5
4.957131775203326E-5
4.9853507320076084E-5
5.0137438362940895E-5
5.042314357835831E-5
5.071064599325912E-5
5.099996366039826E-5
5.129111224682798E-5
5.158410637452421E-5
5.1878960272132766E-5
5.2175688071961835E-5
5.247430393670911E-5
5.277482211016085E-5
5.307725693639138E-5
5.3381622866898476E-5
5.3687934463490904E-5
5.3996206399814757E-5
5.430645346249118E-5
5.461869055216429E-5
5.493293268454063E-5
5.5249194991439654E-5
5.556749272185895E-5
5.588784124305422E-5
5.62102560416316E-5
5.6534752724651894E-5
5.686134702074453E-5
5.719005478122875E-5
5.752089198124134E-5
5.7853874720872906E-5
5.818901922632241E-5
5.852634185110165E-5
5.886585907736409E-5
5.9207587517527525E-5
5.955154391654719E-5
5.9897745155554664E-5
6.0246208258246727E-5
6.059695040261165E-5
6.0949988942685E-5
6.130534144860506E-5
6.166302577914367E-5
6.202306021037096E-5
6.238546365888736E-5
6.27502560603883E-5
6.311745899699995E-5
6.348709671297163E-5
6.385919772098826E-5
6.423379728274789E-5
6.461094114754945E-5
6.499069104747033E-5
6.53731325669775E-5
6.575838610928372E-5
6.614662174092346E-5
6.653807866684168E-5
6.693308991617087E-5
6.733211244231837E-5
6.773576220116557E-5
6.814485282719366E-5
6.856043527675964E-5
6.898383431009405E-5
6.941667608238307E-5
6.986089965044503E-5
7.031874420990147E-5
7.07927037585284E-5
7.128544204076339E-5
7.179966338900669E-5
7.233793956979242E-5
7.290249879607896E-5
7.349499012910047E-5
7.411624361601508E-5
7.476605242383415E-5
7.544300652722665E-5
7.614440691385878E-5
7.686628397019232E-5
7.76035336464403E-5
7.835017106556949E-5
7.909968528519304E-5
7.984546351272124E-5
8.058124105277444E-5
8.13015271450809E-5
8.20019582146289E-5
8.267953910668563E-5
8.333274828110304E-5
8.396150202452056E-5
8.456699205196307E-5
8.515142693333089E-5
8.571771787374932E-5
8.626915212044045E-5
8.680909287160085E-5
8.734073465540308E-5
8.786693028347E-5
8.839009245803991E-5
8.891216230045161E-5
8.943462995957279E-5
8.995858948380871E-5
9.048481079446034E-5
9.101381476805712E-5
9.154594180253698E-5
9.208140863649026E-5
9.262035180972521E-5
9.316285862620045E-5
9.370898780381566E-5
9.425878240122773E-5
9.481227742305661E-5
9.536950402605165E-5
9.593049170504074E-5
9.649526935963974E-5
9.706386578277543E-5
9.763630987091236E-5
9.82126307096743E-5
9.879285760768334E-5
9.937702011047753E-5
9.996514800734357E-5
1.0055727133581088E-4
1.0115342038540167E-4
1.0175362570112434E-4
1.023579180868382E-4
1.0296632860851233E-4
1.0357888859738124E-4
1.0419562965298806E-4
1.0481658364610555E-4
1.0544178272152424E-4
1.0607125930069044E-4
1.0670504608417213E-4
1.0734317605391653E-4
1.0798568247524397E-4
1.086325988984948E-4
1.0928395916019855E-4
1.0993979738357812E-4
1.1060014797813064E-4
1.1126504563796282E-4
1.1193452533853946E-4
1.126086223316409E-4
1.132873721387825E-4
1.1397081054449535E-4
1.1465897359327905E-4
1.1535189759868348E-4
1.1604961918137066E-4
1.1675217536737017E-4
1.1745960380119872E-4
1.1817194316520276E-4
1.1888923395145839E-4
1.1961151981141845E-4
1.2033884981645917E-4
1.210712821027317E-4
1.2180888954490994E-4
1.2255176829614026E-4
1.233000502240818E-4
1.2405392042714615E-4
1.248136410728089E-4
1.255795826826033E-4
1.263522636015811E-4
1.271323976345393E-4
1.2792094862426574E-4
1.2871918905119753E-4
1.2952875759416772E-4
1.303517081725208E-4
1.3119054060230754E-4
1.3204820110828116E-4
1.3292804012730272E-4
1.338337157532077E-4
1.3476903436653753E-4
1.3573772578332805E-4
1.3674315855094116E-4
1.3778801116743142E-4
1.3887392574472716E-4
1.400011801791083E-4
1.4116842113747057E-4
1.4237250110158418E-4
1.4360845688824605E-4
1.4486965407639092E-4
1.4614810259962365E-4
1.4743492583778564E-4
1.487209424836595E-4
1.4999730145878092E-4
1.5125609909799552E-4
1.5249090739386051E-4
1.5369715301926493E-4
1.5487230758561764E-4
1.5601587653774792E-4
1.5712920230238773E-4
1.582151216922766E-4
1.5927753364408737E-4
1.6032093916026904E-4
1.613500105244979E-4
1.6236923363660292E-4
1.6338264924219733E-4
1.64393699982555E-4
1.6540517413088165E-4
1.664192259547148E-4
1.674374476615728E-4
1.684609682572859E-4
1.6949055883879932E-4
1.7052672996058032E-4
1.715698130292274E-4
1.7262002297794334E-4
1.7367750315832814E-4
1.7474235541402094E-4
1.7581465897928213E-4
1.7689448163474948E-4
1.7798188589517223E-4
1.790769322327824E-4
1.8017968065241178E-4
1.8129019141202807E-4
1.8240852533015867E-4
1.835347439071454E-4
1.8466890936807875E-4
1.8581108467473549E-4
1.8696133352566894E-4
1.8811972035158027E-4
1.8928631030841887E-4
1.9046116926899772E-4
1.9164436381337768E-4
1.9283596121811775E-4
1.9403602944444612E-4
1.9524463712539692E-4
1.964618535519501E-4
1.9768774865820227E-4
1.9892239300558557E-4
2.001658577661305E-4
2.0141821470472473E-4
2.0267953616026597E-4
2.0394989502549394E-4
2.0522936472512502E-4
2.0651801919164512E-4
2.0781593283772073E-4
2.0912318052360276E-4
2.1043983751707632E-4
2.1176597944244746E-4
2.1310168221375992E-4
2.14447021946113E-4
2.1580207483800785E-4
2.1716691701795213E-4
2.1854162435165829E-4
2.1992627221456592E-4
2.213209352520418E-4
2.227256871819712E-4
2.241406007489977E-4
2.2556574802545822E-4
2.2700120138099866E-4
2.284470356198472E-4
2.2990333201649288E-4
2.3137018526289872E-4
2.328477146541462E-4
2.343360811432019E-4
2.358355121193677E-4
2.3734633580666878E-4
2.3886902690572825E-4
2.4040426436513728E-4
2.4195300082208623E-4
2.4351654119837915E-4
2.450966251747358E-4
2.4669550494431277E-4
2.483160061188435E-4
2.499615565074337E-4
2.516361654933984E-4
2.533443368027373E-4
2.550909004554935E-4
2.5688075622784133E-4
2.58718531131174E-4
2.606081666072184E-4
2.6255246586219793E-4
2.6455264572520734E-4
2.6660794777999774E-4
2.687153673963899E-4
2.708695543880631E-4
2.730629243404586E-4
2.752859959973699E-4
2.775279403015939E-4
2.7977729534984917E-4
2.820227742493485E-4
2.8425407513035507E-4
2.864625984554915E-4
2.8864198787409184E-4
2.907884357512156E-4
2.9290072880707596E-4
2.9498005525480304E-4
2.9702960214276965E-4
2.990540217276199E-4
3.0105884682444785E-4
3.0304993110204427E-4
3.0503297461236467E-4
3.0701317197430136E-4
3.089949959357518E-4
3.1098210738700094E-4
3.1297736763950373E-4
3.1498292125502783E-4
3.170003173489117E-4
3.1903064219988093E-4
3.2107464371349675E-4
3.2313283649545337E-4
3.2520558331889553E-4
3.2729315375727025E-4
3.2939576357519636E-4
3.315135994940373E-4
3.3364683376485896E-4
3.35795632172553E-4
3.379601581079743E-4
3.4014057445004434E-4
3.4233704431304885E-4
3.4454973124822195E-4
3.467787992033035E-4
3.490244123846976E-4
3.5128673508572604E-4
3.5356593150662256E-4
3.55862165575705E-4
3.58175600774862E-4
3.605063999702336E-4
3.6285472524825334E-4
3.652207377570129E-4
3.676045975528441E-4
3.7000646345201747E-4
3.724264928874338E-4
3.7486484177017785E-4
3.773216643557857E-4
3.7979711311502914E-4
3.822913386089528E-4
3.8480448936776244E-4
3.873367117729502E-4
3.8988814994166354E-4
3.9245894561172894E-4
3.950492380247749E-4
3.976591638034111E-4
4.0028885681617845E-4
4.029384480207141E-4
4.0560806527098E-4
4.082978330682511E-4
4.110078722277572E-4
4.137382994237372E-4
4.164892265663432E-4
4.192607599564631E-4
4.2205299916342703E-4
4.248660355822459E-4
4.276999506614542E-4
4.305548138630825E-4
4.334306805392798E-4
4.3632759010362994E-4
4.392455651554153E-4
4.4218461259051936E-4
4.451447281960856E-4
4.481259067439588E-4
4.511281600995951E-4
4.541515462314165E-4
4.5719621207399177E-4
4.6026245275926104E-4
4.633507885592192E-4
4.6646205878512044E-4
4.6959752875983223E-4
4.7275900189030855E-4
4.759489241346162E-4
4.791704634047621E-4
4.824275426022817E-4
4.857248032101569E-4
4.890674778852669E-4
4.924611563299587E-4
4.959114393598056E-4
4.994234911657251E-4
5.030015178517297E-4
5.066482188620722E-4
5.103642734704074E-4
5.141479333372158E-4
5.179947909572779E-4
5.218977806700022E-4
5.258474439616146E-4
5.29832456744674E-4
5.338403782302349E-4
5.378585455816875E-4
5.41875012708361E-4
5.458794209741185E-4
5.498636971713287E-4
5.538224991156651E-4
5.577545530201744E-4
5.616612842854168E-4
5.655464302953297E-4
5.694154795015323E-4
5.732750273976549E-4
5.771321391951041E-4
5.809937935969087E-4
5.848664569519155E-4
5.887558085154807E-4
5.926666115018191E-4
5.966027054150057E-4
6.005670847912845E-4
6.04562027670009E-4
6.085892418254571E-4
6.126500052185632E-4
6.167452865126975E-4
6.208758397687144E-4
6.250422734616589E-4
6.292450974948512E-4
6.334847532934146E-4
6.377616319980405E-4
6.420760849306102E-4
6.464284294004169E-4
6.508189518947494E-4
6.552479098998137E-4
6.597155330512709E-4
6.642220239765918E-4
6.68767559002494E-4
6.733522888039198E-4
6.779763390257016E-4
6.826398108885842E-4
6.87342781783649E-4
6.92085305856497E-4
6.968674145816584E-4
7.01689117327428E-4
7.065504019112919E-4
7.114512351460348E-4
7.163915633766663E-4
7.213713130082137E-4
7.263903910244374E-4
7.314486854974243E-4
7.365460660878852E-4
7.416823845357443E-4
7.4685747514022E-4
7.52071155227892E-4
7.573232256061342E-4
7.626134709974599E-4
7.67941660447393E-4
7.733075476939743E-4
7.787108714801432E-4
7.841513557801719E-4
7.896287098969392E-4
7.951426283670475E-4
8.006927905845998E-4
8.062788600216459E-4
8.119004828847512E-4
8.175572860061077E-4
8.232488737308314E-4
8.289748235411961E-4
8.347346801713687E-4
8.405279480376765E-4
8.463540819707113E-4
8.52212476521877E-4
8.58102454561132E-4
8.640232565059035E-4
8.699740323186256E-4
8.759538393345718E-4
8.81961649924593E-4
8.879963737771454E-4
8.940568999423819E-4
9.00142163399661E-4
9.062512394517601E-4
9.123834664307621E-4
9.185385928897537E-4
9.24716939781632E-4
9.309195615863903E-4
9.371483838570697E-4
9.434062895224024E-4
9.496971240752938E-4
9.560255920392155E-4
9.623970249966305E-4
9.688170153274989E-4
9.752909288015907E-4
9.81823331081185E-4
9.8841738453276E-4
9.950742882174793E-4
0.0010017928412216553
0.0010085692042998739
0.001015396915850338
0.0010222671869647025
0.0010291694610110485
0.0010360921825514826
0.0010430236860672665
0.0010499530940439425
0.001056871111187168
0.0010639343370781131
0.001071133367736627
0.0010784614608660822
0.0010859143064077268
0.0010934895913056546
0.0011011864414248443
0.0011090048296262989
0.0011169450291896221
0.0011250071702657695
0.0011331909298997686
0.0011414953596234653
0.0011499188336063283
0.0011584590875715517
0.001167113314455554
0.001175878285532426
0.0011847504728209875
0.001193726157285579
0.001202801515429615
0.0012119726830507787
0.0012212357987568003
0.001230587031570597
0.0012400225971694687
0.0012495387666573057
0.001259131870797525
0.0012687983016854514
0.0012785345130799717
0.0012883370200851888
0.0012982023985423528
0.0013081272843053636
0.0013181083724766146
0.0013281424166344364
0.0013382262280637542
0.0013483566749938531
0.0013585306818444188
0.0013687452284800838
0.0013789973494734663
0.001389284133376649
0.001399602722000962
0.0014099503097049632
0.0014203241426904596
0.0014307215183063432
0.0014411397843598936
0.0014515763384350389
0.0014620286272166196
0.0014724941458191306
0.001482970437117252
0.0014934550910736802
0.0015039457440566295
0.0015144400781345354
0.001524935820327553
0.0015354307417833994
0.0015459226568267919
0.0015564094218048015
0.001566888933611965
0.0015773591277256707
0.001587817975511002
0.0015982634804629344
0.0016086936729426612
0.0016191066028388291
0.0016295003294551369
0.0016398729078148319
0.001650222370514881
0.0016605467043069348
0.001670843820792784
0.0016811115210722714
0.0016913474549456967
0.001701549076407609
0.001711713598690372
0.001721837953968908
0.0017319187648649277
0.0017419523368058182
0.001751934681682504
0.0017618615835832516
0.0017717287160803898
0.0017815318170989417
0.0017912669214947025
0.001800930643187015
0.0018105204886310008
0.0018200351727925715
0.0018294748994069773
0.001838841561344821
0.001848138816587904
0.001857372002358081
0.001866547865036721
0.0018756741058465161
0.0018847587692927758
0.0018938095289424562
0.0019028329481193898
0.0019118338063569228
0.0019208145819945108
0.0019297751654626684
0.0019387128479525315
0.0019476225908245345
0.0019564975392079996
0.0019653297067247608
0.0019967159538970256
0.002027546290735612
0.002057822992003044
0.0020875493084876995
0.002116729606017998
0.0021453693425748763
0.0021734749138426846
0.002201053413176398
0.0022281123568425685
0.002254659420297513
0.002280702219054978
0.0023062481522705324
0.0023313043123462398
0.0023558774524547886
0.0023799739972596074
0.002403600080201165
0.0024267615924353746
0.0024494642322912463
0.0024717135484651864
0.0024935149739991037
0.002514873850836158
0.002535795446315734
0.0025562849635651403
0.0025763475477019256
0.00259598828939764
0.0026152122269069997
0.002634024347269821
0.0026524295870987004
0.0026704328331733076
0.0026880389229498335
0.0027052526450346047
0.002722078739642196
0.0027385218990457513
0.0027545867680222073
0.0027702779442932866
0.002785599978962525
0.0028005573769483865
0.002815154597413574
0.0028293960541904556
0.0028432861162026447
0.0028568291078826576
0.0028700293095854775
0.002882890957997727
0.0028954182465418267
0.00290761532577398
0.002919486303773955
0.0029310352465229633
0.0029422661782632746
0.002953183081828687
0.0029637898989275818
0.0029740905303485706
0.002984088836040184
0.0029937886349877966
0.003003193704768615
0.003012307780603652
0.003021134553638034
0.003029677668060412
0.003037940716512143
0.0030459272330334085
0.0030536406825466995
0.003061084445598904
0.003068261796795395
0.0030751758751083047
0.0030818296440957957
0.0030882258401297305
0.003094366907121924
0.003100254917110269
0.003105891477561852
0.003111277628484032
0.003116413735443768
0.0031212993882856815
0.003125933319429285
0.00313031335960488
0.0031344364520044634
0.003138298747125054
0.003141895799023029
0.003145222878325106
0.003148275407542808
0.003151049510020689
0.003153542646093492
0.003155754290628815
0.003157686587957988
0.0031593449067979515
0.00316073821281874
0.0031618791830554517
0.003162784005964234
0.003163471842941233
0.003163963968339741
0.003164282649772119
0.003164449871430691
0.0031644860326043383
0.003164408765074019
0.0031642320030592325
0.0031639654082277445
0.0031636142045645744
0.006284455064681263
0.006238237728284075
0.0061925303627207605
0.006147312103828875
0.006102558630272957
0.006058244203937285
0.006014343454258782
0.005970832763172224
0.005927691185246779
0.005884900910886948
0.0058424473374307645
0.005800318847195421
0.0057585064023016694
0.0057170030574500335
0.005675803470485563
0.005634903463960035
0.005594299665231048
0.005553989232026295
0.005513969656588413
0.005474238634299023
0.005434793980652802
0.005395633581763456
0.005356755366518074
0.005318157291787125
0.005279837335001669
0.005241793490621543
0.005204023768526036
0.005166526193292032
0.005129298803854216
0.005092339653318451
0.005055646808832326
0.005019218351475685
0.00498305237615794
0.004947146991517804
0.004911500319824208
0.004876110496877995
0.0048409756719143835
0.004806094007506092
0.004771463679467147
0.004737082876757316
0.004702949801387144
0.004669062668323449
0.004635419705395051
0.004602019153198465
0.004568859265002728
0.004535938306652283
0.004503254556465523
0.004470806305125329
0.0044385918555546935
0.004406609522766064
0.0043748576336652325
0.004343334526778215
0.004312038551850115
0.0042809680692352465
0.004250121448952914
0.004219497069217873
0.004189093314161251
0.004158908570328793
0.00412894122137119
0.0040991896401202646
0.0040696521769736345
0.004040327143198455
0.004011212787433744
0.00398230726336494
0.003953608586334547
0.003925114576641207
0.003896822787601471
0.003868730417263291
0.003840834204135624
0.0038131303095781176
0.0037856141926537416
0.003758280487233835
0.003731122895719319
0.0037041341184220504
0.0036773058416859385
0.003650628810222299
0.003624093008737217
0.003597687973608119
0.003571403246256871
0.003545228965670377
0.0035191565787979252
0.003493179625943766
0.0034672945365254435
0.003441501352351712
0.0034158042849884644
0.0033902120146185274
0.0033647376526522157
0.0033393983197370033
0.003314214332605145
0.0032892080424498636
0.003264402416997337
0.003239819499740721
0.0032154789049601467
0.0031913965103959256
0.0031675834886669128
