4.4496684539482195E-7
8.967461907894052E-7
1.355417772098971E-6
1.8210804816322214E-6
2.293842325394509E-6
2.773815564016602E-6
3.2611152372192508E-6
3.755859603447625E-6
4.25817173272882E-6
4.768182163979606E-6
5.286033014994297E-6
5.811884216904911E-6
6.3459226758117175E-6
6.888375135548846E-6
7.4395252515067365E-6
7.999734767621019E-6
8.569467607282943E-6
9.149314110741744E-6
9.740010698133399E-6
1.0342448257182656E-5
1.0957661155109019E-5
1.1586788766721169E-5
1.2231003631767969E-5
1.2891405358229678E-5
1.3568887064266678E-5
1.4263990399835669E-5
1.4976773829691941E-5
1.5706723951653523E-5
1.6452738259120226E-5
1.7213198195593014E-5
1.7986134134735112E-5
1.876946244610934E-5
1.956125486651525E-5
2.035998856171643E-5
2.116472648595461E-5
2.1975192991404527E-5
2.2791735247796666E-5
2.3615189067433046E-5
2.4446689186565692E-5
2.5287472317394766E-5
2.5693747957627088E-5
2.6104683233269307E-5
2.652100745935636E-5
2.694323718716946E-5
2.7371725824325376E-5
2.7806717343766447E-5
2.8248392052099584E-5
2.86968999692502E-5
2.915238297086313E-5
2.9614989623673066E-5
3.0084887154718288E-5
3.056227432674134E-5
3.10473980352383E-5
3.154057557823049E-5
3.204222371162777E-5
3.255289450065021E-5
3.307331630676391E-5
3.360443583696083E-5
3.4147454094050214E-5
3.470384570480967E-5
3.527534827369368E-5
3.5863907305877705E-5
3.647156426691456E-5
3.7100281728885914E-5
3.7751710795704486E-5
3.842692125997793E-5
3.912613160117013E-5
3.984848964001301E-5
4.059196010795519E-5
4.1353367841926646E-5
4.212862262686421E-5
4.291311611738166E-5
4.3702240093446524E-5
4.44919397847972E-5
4.52791981296556E-5
4.6062354954373674E-5
4.684119987263903E-5
4.7616830670169456E-5
4.839132436735923E-5
4.916730864466076E-5
4.9947534549226363E-5
5.073453510563575E-5
5.1530417098942336E-5
5.233679003368727E-5
5.315480214099962E-5
5.3985237187674977E-5
5.4828628010046104E-5
5.568535668232951E-5
5.655572829384054E-5
5.74400187331342E-5
5.8338504000718767E-5
5.925148026637225E-5
6.01792826152718E-5
6.112230840768042E-5
6.208104950686747E-5
6.305613633698492E-5
6.404839525301903E-5
6.505891834409168E-5
6.608914102206849E-5
6.71409174143606E-5
6.821657710213668E-5
6.931894031378086E-5
7.045126434578203E-5
7.161709445648615E-5
7.282000055502904E-5
7.406319853166584E-5
7.534908166005492E-5
7.667871941127862E-5
7.805141081464325E-5
7.946439704476897E-5
8.091283301093175E-5
8.239008400821717E-5
8.388835239111478E-5
8.539956221927344E-5
8.691635720648998E-5
8.843302283176755E-5
8.994614589485411E-5
9.145487939028178E-5
9.296077465128362E-5
9.446724820782916E-5
9.59788339698671E-5
9.750040600457607E-5
9.9036535450622E-5
1.0059108023493228E-4
1.0216702586579591E-4
1.0376652892322414E-4
1.0539108059623506E-4
1.0704170809013723E-4
1.0871915580295952E-4
1.1042401949122564E-4
1.1215683206490966E-4
1.1391811355415617E-4
1.1570840141945974E-4
1.1752827526455975E-4
1.1937838643271643E-4
1.2125950016435458E-4
1.2317255618671924E-4
1.2511875184499787E-4
1.2709964888538586E-4
1.2911729966473865E-4
1.3117438031407845E-4
1.3327430753121296E-4
1.3542130381247303E-4
1.3762036620654382E-4
1.3987709065375284E-4
1.421973128074314E-4
1.4458655098506217E-4
1.470492782957514E-4
1.495881042382826E-4
1.5220299974694077E-4
1.5489073690266647E-4
1.5764471703928016E-4
1.604553156178378E-4
1.6331077821112136E-4
1.6619857552523668E-4
1.6910699909011113E-4
1.7202669358226916E-4
1.749518110917727E-4
1.778805502050026E-4
1.8081499148843672E-4
1.8376031640171975E-4
1.8672364149397607E-4
1.8971276798486085E-4
1.927351212023614E-4
1.957970535712857E-4
1.989035534895708E-4
2.020582897939301E-4
2.0526386053488382E-4
2.085221114539162E-4
2.1183442668995493E-4
2.15201944975027E-4
2.1862569666547085E-4
2.2210668044177914E-4
2.2564590499600222E-4
2.2924441786472606E-4
2.3290333792041243E-4
2.3662390380271275E-4
2.4040754830644524E-4
2.442560070066628E-4
2.481714661031928E-4
2.5215674767333683E-4
2.562155189626055E-4
2.6035249597639406E-4
2.6457359234384215E-4
2.688859466055167E-4
2.7329775164245643E-4
2.7781781727353306E-4
2.8245482848186207E-4
2.872163201525353E-4
2.9210746924266426E-4
2.9712989108803526E-4
3.0228069275731526E-4
3.0755205387900656E-4
3.129315512008037E-4
3.184033119856202E-4
3.239498940288535E-4
3.2955459368338346E-4
3.35203739801254E-4
3.408884966177969E-4
3.466057977916325E-4
3.523582572688486E-4
3.581531426815242E-4
3.640007349124469E-4
3.699125133941833E-4
3.758995818228701E-4
3.8197160710058345E-4
3.881363504730264E-4
3.943996987204203E-4
4.007660067273168E-4
4.0723855246042125E-4
4.1381995728130664E-4
4.205124987939515E-4
4.2731830624903903E-4
4.3423946418910827E-4
4.4127806031321614E-4
4.4843620925173603E-4
4.5571607587217426E-4
4.6311991594622816E-4
4.7065014956559935E-4
4.783094816262967E-4
4.86101080933125E-4
4.940288219723508E-4
5.020975788540764E-4
5.10313538558391E-4
5.186844722702534E-4
5.272198747585439E-4
5.359308619232165E-4
5.448297180708142E-4
5.539290190445583E-4
5.632403314480175E-4
5.727725971758805E-4
5.825304365202193E-4
5.925127078487353E-4
6.027117052872495E-4
6.131133220725318E-4
6.236983432002655E-4
6.344447798109287E-4
6.453308810138371E-4
6.563382425395554E-4
6.674543572048479E-4
6.786746825516251E-4
6.900026518157216E-4
7.014484013829565E-4
7.130266192873132E-4
7.247540962352537E-4
7.366475462749569E-4
7.48722084866407E-4
7.609904933736683E-4
7.734631634933191E-4
7.861484767683571E-4
7.990533527662367E-4
8.121837645702966E-4
8.255451185351657E-4
8.391424801766709E-4
8.5298067714875E-4
8.670643250698544E-4
8.813978167980494E-4
8.959853053729482E-4
9.108307037830843E-4
9.259377227760424E-4
9.413099686884975E-4
9.56951122643511E-4
9.728652161279418E-4
9.890570022131825E-4
0.0010055323944388494
0.0010222989077273523
0.0010393659935414524
0.0010567451264311177
0.00107444948742041
0.0010924931186019045
0.0011108895045933362
0.0011296496686406072
0.0011487800330358467
0.0011682804435580603
0.0011881428412904057
0.0012083510315939517
0.0012288818241244302
0.0012497075193414063
0.0012707993666217967
0.0012921313236016127
0.0013137197220777794
0.001335585800986665
0.001357756306514421
0.0013802625012669953
0.0014031380169813575
0.001426416230912645
0.0014501278598221183
0.001474299269557042
0.0014989516920911534
0.0015241012516846232
0.001549759522662565
0.0015759343030704517
0.001602630358588983
0.0016298500059614245
0.0016575935073017412
0.0016858593070508288
0.0017146441625556662
0.0017439432140197453
0.001773750027909186
0.0018040566406206555
0.0018348536290490945
0.0018661302391305946
0.00189787460766878
0.0019300741112521355
0.001962715863417515
0.001995787353247474
0.0020292771743389833
0.0020631757371592997
0.002097475802179436
0.0021321726349438734
0.0021672635901299453
0.0022027469988750194
0.002238620368230265
0.0022748780873851483
0.0023115090301910474
0.0023484945852734343
0.002385807668543412
0.0024234131356402266
0.0024612697186495894
0.0024993332268790787
0.0025396979571576193
0.00258217926945089
0.0026266061876118406
0.0026728222044237393
0.002720684417860455
0.002770061361752255
0.0028208301928096583
0.0028728739562841384
0.002926079483330658
0.0029803361704298656
0.00303553558678579
0.003091571654895145
0.0031483410918852644
0.0032057438573506055
0.0032636834639828013
0.003322067110119298
0.0033808056562909137
0.0034398134894094465
0.0034990083146425512
0.003558310904839418
0.0036176448324286427
0.0036769362127082525
0.0037361134985320877
0.0037951073798343977
0.003853850850909893
0.003912279506519429
0.003970332107344409
0.004027951410886287
0.004085085195844153
0.004141687325191854
0.004197718614745104
0.004253147227511672
0.004307948329110713
0.004362102836950334
0.004415595275733928
0.004468410984513136
0.004520533146440934
0.004571940255254595
0.004622604624131381
0.004672492352784184
0.004847065161231531
0.005014352696433095
0.005174542364416456
0.005327818498904941
0.005474363977694441
0.005614360934527399
0.005747990547080267
0.005875432149186572
0.005996862063539422
0.006112452542972721
0.006222371075134911
0.006326780122958124
0.006425837220994784
0.006519695271880716
0.00660850288927019
0.0066924046827052585
0.006771541437720604
0.006846050185494156
0.006916064174237983
0.0069817127567767985
0.0070431212070735365
0.007100410481812709
0.007153696955592711
0.007203092179582259
0.007248702740175175
0.0072906303197572625
0.007328972076728279
0.00736382145481558
0.007395269491255686
0.007423406613003265
0.00744832479293191
0.007470119801268558
0.007488893163572517
0.007504753368231438
0.007517815895880244
0.00752820179593804
0.007536034804503068
0.007541437334239425
0.0075445259846140455
0.007545407418376048
0.014912658819988763
0.014657766426603859
0.014407489859396003
0.014161730353583042
0.013920375459677812
0.013683306466923902
0.013450405459258994
0.013221560747998112
0.01299667004056383
0.012775641368982057
0.012558392304158832
0.012344848206682387
0.012134940218559206
0.011928603481059456
0.011725775799215861
0.011526396762113002
0.011330407211606096
0.011137748921314241
0.010948364368155288
0.010762196516216497
0.010579188567308748
0.010399283658852376
0.010222424511191059
0.010048553048465629
0.009877610043114013
0.009709534863348543
0.009544265430774124
0.009381738512856326
0.009221890470683204
0.00906465854473918
0.00890998268266058
0.008757807794815612
0.008608086181354004
0.008460779738610055
0.00831586146549888
0.008173315795584654
0.008033137408296285
0.007895328424489607
0.007759894228415635
0.007626838502704284
