2.0395494657295185E-8
4.082303238928574E-8
6.127863670286199E-8
8.175957168529609E-8
1.0226404147987807E-7
1.227909369133524E-7
1.433396303413798E-7
1.6390981604872375E-7
1.845013910971642E-7
2.051143702204351E-7
2.2574882800448488E-7
2.464048619115595E-7
2.670825704613399E-7
2.8778204185663893E-7
3.0850334936683924E-7
3.2924655074248933E-7
3.500116897601876E-7
3.707987986584426E-7
3.91607900721734E-7
4.1243901261902276E-7
4.332921463311094E-7
4.541673106376997E-7
4.7506451220681255E-7
4.959837563587936E-7
5.169250475818822E-7
5.378883898681157E-7
5.588737869251123E-7
5.798812423055086E-7
6.009107594837342E-7
6.21962341900264E-7
6.430359929864249E-7
6.641317161779427E-7
6.85249514922186E-7
7.063893926819535E-7
7.275513529374588E-7
7.487353991873775E-7
7.699415349494393E-7
7.911697637607893E-7
8.124200891782516E-7
8.336925147785444E-7
8.549870441584755E-7
8.763036809351284E-7
8.976424287460436E-7
9.190032912494057E-7
9.403862721242231E-7
9.61791375070509E-7
9.83218603809469E-7
1.0046679620836842E-6
1.0261394536572962E-6
1.0476330823161896E-6
1.0691488518681788E-6
1.0906867661431994E-6
1.1122468289934851E-6
1.133829044293767E-6
1.1554334159414496E-6
1.1770599478568109E-6
1.1987086439831854E-6
1.2203795082871537E-6
1.242072544758739E-6
1.2637877574115892E-6
1.2855251502831724E-6
1.3072847274349768E-6
1.3290664929526888E-6
1.3508704509464033E-6
1.3726966055508015E-6
1.394544960925356E-6
1.4164155212545262E-6
1.4383082907479473E-6
1.4602232736406346E-6
1.4821604741931726E-6
1.50411989669192E-6
1.5261015454492066E-6
1.5481054248035279E-6
1.5701315391197507E-6
1.5921798927893058E-6
1.6142504902303988E-6
1.6363433358882E-6
1.6584584342350583E-6
1.6805957897706972E-6
1.7027554070224112E-6
1.7249372905452886E-6
1.747141444922399E-6
1.7693678747650034E-6
1.7916165847127619E-6
1.813887579433941E-6
1.8361808636256184E-6
1.8584964420138889E-6
1.880834319354072E-6
1.903194500430933E-6
1.925576990058873E-6
1.947981793082158E-6
1.970408914375112E-6
1.992858358842345E-6
2.0153301314189566E-6
2.0378242370707445E-6
2.0603406807944294E-6
2.0828794676178594E-6
2.1054406026002252E-6
2.128024090832284E-6
2.150629937436569E-6
2.173258147567599E-6
2.1959087264121155E-6
2.21858167918928E-6
2.241277011150902E-6
2.2639947275816616E-6
2.286734833799319E-6
2.309497335154944E-6
2.3322822370331397E-6
2.3550895448522514E-6
2.3779192640646004E-6
2.4007714001567E-6
2.4236459586494875E-6
2.4465429450985413E-6
2.46946236509431E-6
2.4924042242623364E-6
2.5153685282634872E-6
2.5383552827941733E-6
2.561364493586583E-6
2.584396166408918E-6
2.6074503070656004E-6
2.630526921397529E-6
2.6536260152822864E-6
2.676747594634389E-6
2.6998916654055106E-6
2.7230582335847113E-6
2.746247305198682E-6
2.7694588863119598E-6
2.7926929830271898E-6
2.815949601485335E-6
2.839228747865921E-6
2.862530428387282E-6
2.8858546493067842E-6
2.9092014169210743E-6
2.932570737566305E-6
2.955962617618403E-6
2.9793770634932685E-6
3.002814081647051E-6
3.0262736785763764E-6
3.0497558608185887E-6
3.073260634951985E-6
3.096788007596088E-6
3.1203379854118635E-6
3.1439105751019735E-6
3.167505783411017E-6
3.1911236171257923E-6
3.214764083075533E-6
3.238427188132147E-6
3.2621129392104895E-6
3.2858213432685865E-6
3.309552407307909E-6
3.333306138373602E-6
3.3570825435547514E-6
3.38088162998463E-6
3.404703404840951E-6
3.4285478753461235E-6
3.4524150487675166E-6
3.4763049324176882E-6
3.500217533654669E-6
3.524152859882204E-6
3.5481109185500166E-6
3.5720917171540562E-6
3.5960952632367775E-6
3.6201215643873805E-6
3.644170628242088E-6
3.6682424624843876E-6
3.6923370748453052E-6
3.7164544731036686E-6
3.740594665086371E-6
3.764757658668632E-6
3.7889434617742655E-6
3.8131520823759405E-6
3.837383528495457E-6
3.861637808204004E-6
3.885914929622431E-6
3.910214900921527E-6
3.934537730322259E-6
3.958883426096094E-6
3.983251996565211E-6
4.007643450102818E-6
4.0320577951334045E-6
4.056495040133028E-6
4.080955193629564E-6
4.1054382642030215E-6
4.129944260485767E-6
4.154473191162843E-6
4.179025064972235E-6
4.2035998907051356E-6
4.22819767720624E-6
4.252818433374028E-6
4.2774621681610185E-6
4.302128890574076E-6
4.326818609674694E-6
4.351531334579267E-6
4.376267074459362E-6
4.40102583854205E-6
4.425807636110128E-6
4.450612476502457E-6
4.475440369114243E-6
4.500291323397288E-6
4.525165348860346E-6
4.550062455069389E-6
4.574982651647906E-6
4.599925948277258E-6
4.6248923546970365E-6
4.64988188070544E-6
4.674894536159786E-6
4.699930330977138E-6
4.724989275135186E-6
4.750071378673526E-6
4.775176651695633E-6
4.8003051043719715E-6
4.825456746944946E-6
4.850631589737006E-6
4.8758296431636205E-6
4.90105091775435E-6
4.926295424186726E-6
4.951563173340555E-6
4.976854176384197E-6
5.002168444910943E-6
5.02750599115292E-6
5.052866828313932E-6
5.07825097108353E-6
5.103658436424494E-6
5.129089244769501E-6
5.154543421824438E-6
5.180021001263181E-6
5.205522028720182E-6
5.23104656765456E-6
5.256594707886895E-6
5.28216657791558E-6
5.307762362523343E-6
5.333382327711687E-6
5.359026855677346E-6
5.384696493398068E-6
5.4103920194519055E-6
5.43611453497607E-6
5.461865586190407E-6
5.487647327662072E-6
5.513462737442985E-6
5.539315897306195E-6
5.565212353431617E-6
5.591159574878752E-6
5.617167528799004E-6
5.643249392272197E-6
5.6694224205116705E-6
5.695708989506897E-6
5.722137827442114E-6
5.7487454428966886E-6
5.775577748370515E-6
5.802691864642478E-6
5.830158074584608E-6
5.8580618743046314E-6
5.88650604522483E-6
5.915612643742929E-6
5.945524776827655E-6
5.976408004245427E-6
6.008451183661323E-6
6.0418665566982515E-6
6.076888865630216E-6
6.113773295298037E-6
6.152792056403396E-6
6.1942294672356465E-6
6.238375452662358E-6
6.2855174618143094E-6
6.3359309072556415E-6
6.389868344189701E-6
6.447547731679057E-6
6.509140240016416E-6
6.574758178609348E-6
6.6444437054215606E-6
6.718159030636366E-6
6.795778833608373E-6
6.877085565849429E-6
6.961768210159242E-6
7.04942490835012E-6
7.139569664068712E-6
7.231643085176118E-6
7.325026869018646E-6
7.419061474254087E-6
7.513066186947671E-6
7.606360598163387E-6
7.698286384127546E-6
7.788228232032468E-6
7.875632791639676E-6
7.960024654084923E-6
8.04101855563706E-6
8.118327259229089E-6
8.191764858260205E-6
8.261245549975685E-6
8.326778213531213E-6
8.388457376652841E-6
8.446451345272515E-6
8.500988389844005E-6
8.552341925003341E-6
8.600815588300625E-6
8.646729028262344E-6
8.690405066754039E-6
8.73215872350158E-6
8.77228840072933E-6
8.811069341110655E-6
8.828353812980894E-6
8.844723268152576E-6
8.860369393560553E-6
8.875453236682252E-6
8.89010745624603E-6
8.904439236969243E-6
8.91853355347448E-6
8.932456522177754E-6
8.946258640059306E-6
8.959977769162008E-6
8.973641780370001E-6
8.98727081623208E-6
9.000879168700525E-6
9.014476793455822E-6
9.028070498818476E-6
9.041664855606584E-6
9.055262876486038E-6
9.068866511201869E-6
9.08247699922045E-6
9.096095115102879E-6
9.109721335380653E-6
9.123355949497837E-6
9.136999131916543E-6
9.15065098793243E-6
9.164311582132837E-6
9.177980955675126E-6
9.191659136539636E-6
9.205346145474542E-6
9.219041999363501E-6
9.232746713088706E-6
9.246460300537414E-6
9.260182775132637E-6
9.273914150106206E-6
9.287654438635988E-6
9.301403653913049E-6
9.315161809173766E-6
9.328928917714861E-6
9.342704992900385E-6
9.356490048164835E-6
9.370284097014634E-6
9.38408715302893E-6
9.397899229860028E-6
9.411720341233677E-6
9.425550500949349E-6
9.439389722880524E-6
9.453238020974869E-6
9.467095409254508E-6
9.480961901816229E-6
9.494837512831785E-6
9.508722256548098E-6
9.522616147287462E-6
9.536519199447812E-6
9.55043142750298E-6
9.564352846002894E-6
9.57828346957386E-6
9.592223312918767E-6
9.606172390817339E-6
9.620130718126386E-6
9.634098309780063E-6
9.648075180790065E-6
9.662061346245881E-6
9.676056821315072E-6
9.690061621243502E-6
9.704075761355559E-6
9.718099257054426E-6
9.732132123822297E-6
9.746174377220657E-6
9.760226032890521E-6
9.774287106552655E-6
9.788357614007892E-6
9.802437571137232E-6
9.816526993902285E-6
9.830625898345384E-6
9.844734300589888E-6
9.85885221684041E-6
9.872979663383073E-6
9.887116656585803E-6
9.90126321289849E-6
9.915419348853335E-6
9.929585081065076E-6
9.943760426231175E-6
9.957945401132156E-6
9.972140022631855E-6
9.986344307677601E-6
1.0000558273300568E-5
1.0014781936615945E-5
1.0029015314823269E-5
1.0043258425206626E-5
1.0057511285134915E-5
1.0071773912062138E-5
1.0086046323527648E-5
1.0100328537156401E-5
1.0114620570659216E-5
1.012892244183303E-5
1.0143234168561177E-5
1.015755576881363E-5
1.0171887260647316E-5
1.0186228662206288E-5
1.0200579991722032E-5
1.0214941267513806E-5
1.0229312507988777E-5
1.0243693731642353E-5
1.0258084957058458E-5
1.0272486202909821E-5
1.028689748795814E-5
1.030131883105445E-5
1.0315750251139345E-5
1.0330191767243298E-5
1.0344643398486852E-5
1.0359105164080947E-5
1.0373577083327189E-5
1.038805917561809E-5
1.0402551460437376E-5
1.0417053957360229E-5
1.0431566686053577E-5
1.0446089666276394E-5
1.0460622917879902E-5
1.0475166460807929E-5
1.0489720315097143E-5
1.0504284500877334E-5
1.0518859038371646E-5
1.0533443947896954E-5
1.0548039249864096E-5
1.056264496477809E-5
1.0577261113238531E-5
1.0591887715939757E-5
1.060652479367122E-5
1.0621172367317714E-5
1.063583045785969E-5
1.0650499086373506E-5
1.066517827403173E-5
1.0679868042103463E-5
1.0694568411954518E-5
1.0709279405047828E-5
1.0724001042943639E-5
1.0738733347299874E-5
1.0753476339872365E-5
1.0768230042515149E-5
1.0782994477180785E-5
1.0797769665920629E-5
1.0812555630885075E-5
1.0827352394323967E-5
1.0842159978586773E-5
1.085697840612295E-5
1.087180769948217E-5
1.0886647881314697E-5
1.0901498974371607E-5
1.0916361001505126E-5
1.0931233985668957E-5
1.0946117949918463E-5
1.0961012917411104E-5
1.0975918911406608E-5
1.0990835955267392E-5
1.1005764072458753E-5
1.1020703286549255E-5
1.1035653621210951E-5
1.1050615100219788E-5
1.1065587747455772E-5
1.1080571586903424E-5
1.1095566642651949E-5
1.1110572938895629E-5
1.1125590499934097E-5
1.1140619350172624E-5
1.1155659514122473E-5
1.1170711016401183E-5
1.1185773881732863E-5
1.1200848134948528E-5
1.121593380098636E-5
1.1231030904892111E-5
1.1246139471819292E-5
1.1261259527029637E-5
1.127639109589325E-5
1.1291534203889043E-5
1.1306688876605009E-5
1.1321855139738521E-5
1.1337033019096665E-5
1.1352222540596552E-5
1.1367423730265654E-5
1.1382636614242108E-5
1.1397861218774983E-5
1.1413097570224736E-5
1.1428345695063378E-5
1.1443605619874886E-5
1.1458877371355538E-5
1.1474160976314156E-5
1.148945646167251E-5
1.150476385446558E-5
1.152008318184193E-5
1.1535414471064033E-5
1.1550757749508527E-5
1.1566113044666646E-5
1.1581480384144476E-5
1.1596859795663308E-5
1.1612251307059979E-5
1.1627654946287163E-5
1.1643070741413782E-5
1.1658498720625223E-5
1.1673938912223778E-5
1.1689391344628967E-5
1.1704856046377775E-5
1.1720333046125185E-5
1.1735822372644312E-5
1.1751324054826973E-5
1.1766838121683956E-5
1.1782364602345552E-5
1.179790352606201E-5
1.1813454922204245E-5
1.182901882026478E-5
1.1844595249859024E-5
1.1860184240727253E-5
1.1875785822737838E-5
1.189140002589233E-5
1.1907026880333642E-5
1.1922666416359625E-5
1.1938318664444822E-5
1.1953983655276075E-5
1.19696614198099E-5
1.1985351989364477E-5
1.200105539576637E-5
1.2016771671582673E-5
1.2032500850485596E-5
1.2048242967820997E-5
1.2063998061487507E-5
1.2079766173285497E-5
1.2095547350970189E-5
1.2111341651350634E-5
1.2127149144928347E-5
1.2142969922781783E-5
1.2158804106695537E-5
1.2174651863933021E-5
1.2190513428589127E-5
1.2206389132172897E-5
1.2222279447004407E-5
1.2238185047212534E-5
1.2254106893644259E-5
1.2270046350890507E-5
1.228600534694313E-5
1.2301986588748734E-5
1.2317993850117239E-5
1.2334032352033356E-5
1.2350109259302757E-5
1.2366234321455692E-5
1.2382420689640085E-5
1.239868594444984E-5
1.241505337169957E-5
1.2431553523370502E-5
1.244822609847161E-5
1.2465122172421709E-5
1.2482306792735974E-5
1.2499861942279612E-5
1.2517889848248847E-5
1.2536516584748314E-5
1.2555895879199588E-5
1.2576212988335547E-5
1.259768845954406E-5
1.2620581540173304E-5
1.2645192944572523E-5
1.2671866640737378E-5
1.2700990281120737E-5
1.2732993881896153E-5
1.276834635849983E-5
1.2807549559118952E-5
1.285112950737034E-5
1.2899624674209879E-5
1.2953571247765536E-5
1.3013485555261988E-5
1.3079844006192922E-5
1.3153061158559512E-5
1.323346674417421E-5
1.3321282705024714E-5
1.3416601468612158E-5
1.3519366803839126E-5
1.362935863026813E-5
1.3746183086777096E-5
1.3869268992147215E-5
1.3997871550254179E-5
1.4131083776884775E-5
1.4267855674881867E-5
1.4407020690040634E-5
1.454732848005553E-5
1.468748256508612E-5
1.4826181043394672E-5
1.4962158286715312E-5
1.5094225406384611E-5
1.5221307319148877E-5
1.5342474442451878E-5
1.545696739876748E-5
1.5564213578476237E-5
1.5663834960421176E-5
1.5755647170590725E-5
1.583965032194114E-5
1.591601267477227E-5
1.598504854789727E-5
1.60471921686214E-5
1.6102969261114376E-5
1.6152968139904034E-5
1.6197811913460066E-5
1.6238133138725938E-5
1.6274551934764074E-5
1.630765819907911E-5
1.633799820901588E-5
1.636606556328372E-5
1.6392296147985538E-5
1.6417066611442997E-5
1.644069570748133E-5
1.6463447814427763E-5
1.648553794730213E-5
1.65071376397879E-5
1.6528381164943428E-5
1.6549371673793563E-5
1.657018694527703E-5
1.6590884548695133E-5
1.6611506313328175E-5
1.6632082075067435E-5
1.6652632725460675E-5
1.667317262544673E-5
1.6693711466738924E-5
1.671425567159683E-5
1.6734809420106728E-5
1.675537538635057E-5
1.6775955253752436E-5
1.6796550067594013E-5
1.681716047067761E-5
1.683778685731296E-5
1.685842947166483E-5
1.6879088469146314E-5
1.689976395387387E-5
1.6920456000997295E-5
1.694116466970627E-5
1.6961890010630474E-5
1.6982632069951498E-5
1.700339089163334E-5
1.702416651860344E-5
1.704495899336274E-5
1.7065768358293227E-5
1.7086594655809083E-5
1.710743792842925E-5
1.7128298218811512E-5
1.7149175569768045E-5
1.717007002427266E-5
1.7190981625464148E-5
1.72119104166478E-5
1.723285644129645E-5
1.7253819743051033E-5
1.7274800365721172E-5
1.7295798353285546E-5
1.7316813749892534E-5
1.7337846599860413E-5
1.7358896947677917E-5
1.737996483800478E-5
1.7401050315672085E-5
1.7422153425682705E-5
1.7443274213211832E-5
1.7464412723607292E-5
1.7485569002390187E-5
1.7506743095255157E-5
1.7527935048070998E-5
1.7549144906880987E-5
1.7570372717903425E-5
1.7591618527532098E-5
1.7612882382336638E-5
1.7634164329063074E-5
1.7655464414634326E-5
1.767678268615055E-5
1.7698119190889714E-5
1.7719473976307957E-5
1.7740847090040168E-5
1.7762238579900356E-5
1.7783648493882203E-5
1.780507688015943E-5
1.7826523787086446E-5
1.784798926319859E-5
1.786947335721275E-5
1.7890976118027834E-5
1.7912497594725238E-5
1.7934037836569254E-5
1.7955596893007643E-5
1.797717481367202E-5
1.7998771648378505E-5
1.802038744712793E-5
1.8042022260106594E-5
1.8063676137686644E-5
1.8085349130426487E-5
1.8107041289071417E-5
1.8128752664554017E-5
1.8150483307994643E-5
1.817223327070194E-5
1.8194002604173424E-5
1.8215791360095784E-5
1.8237599590345562E-5
1.8259427346989507E-5
1.8281274682285235E-5
1.830314164868163E-5
1.8325028298819324E-5
1.8346934685531213E-5
1.836886086184303E-5
1.8390806880973788E-5
1.8412772796336343E-5
1.843475866153786E-5
1.8456764530380302E-5
1.847879045686106E-5
1.8500836495173302E-5
1.852290269970661E-5
1.8544989125047456E-5
1.8567095825979757E-5
1.8589222857485376E-5
1.8611370274744597E-5
1.8633538133136748E-5
1.865572648824061E-5
1.867793539583506E-5
1.8700164911899512E-5
1.872241509261453E-5
1.8744685994362296E-5
1.876697767372711E-5
1.878929018749608E-5
1.8811623592659518E-5
1.883397794641154E-5
1.8856353306150483E-5
1.8878749729479757E-5
1.8901167274208063E-5
1.8923605998350043E-5
1.894606596012693E-5
1.8968547217966997E-5
1.8991049830506076E-5
1.9013573856588265E-5
1.9036119355266287E-5
1.9058686385802195E-5
1.9081275007667882E-5
1.9103885280545597E-5
1.9126517264328615E-5
1.9149171019121708E-5
1.9171846605241705E-5
1.9194544083218122E-5
1.9217263513793688E-5
1.924000495792497E-5
1.9262768476782778E-5
1.9285554131753015E-5
1.9308361984437032E-5
1.9331192096652233E-5
1.9354044530432765E-5
1.9376919348029988E-5
1.9399816611913143E-5
1.9422736384769793E-5
1.9445678729506583E-5
1.9468643709249767E-5
1.9491631387345717E-5
1.9514641827361623E-5
1.953767509308603E-5
1.9560731248529443E-5
1.9583810357924906E-5
1.9606912485728634E-5
1.963003769662057E-5
1.9653186055505075E-5
1.9676357627511378E-5
1.9699552477994318E-5
1.97227706725349E-5
1.9746012276940868E-5
1.9769277357247395E-5
1.9792565979717635E-5
1.981587821084335E-5
1.9839214117345484E-5
1.9862573766174858E-5
1.9885957224512728E-5
1.990936455977142E-5
1.993279583959498E-5
1.9956251131859743E-5
1.9979730504675017E-5
2.0003234026383614E-5
2.002676176556256E-5
2.0050313791023706E-5
2.0073890171814393E-5
2.0097490977217962E-5
2.012111627675454E-5
2.0144766140181565E-5
2.0168440637494443E-5
2.0192139838927268E-5
2.0215863814953326E-5
2.023961263628582E-5
2.0263386373878478E-5
2.0287185098926306E-5
2.0311008882866044E-5
2.033485779737696E-5
2.0358731914381394E-5
2.0382631306045498E-5
2.0406556044779835E-5
2.0430506203240077E-5
2.0454481854327602E-5
2.047848307119012E-5
2.0502509927222512E-5
2.0526562496067218E-5
2.05506408516151E-5
2.0574745068005986E-5
2.0598875219629465E-5
2.062303138112539E-5
2.0647213627384666E-5
2.0671422033549793E-5
2.0695656675015672E-5
2.0719917627430194E-5
2.074420496669491E-5
2.0768518768965646E-5
2.0792859110653362E-5
2.0817226068424662E-5
2.0841619719202546E-5
2.0866040140167025E-5
2.089048740875606E-5
2.0914961602666143E-5
2.0939462799853135E-5
2.0963991078533358E-5
2.098854651718478E-5
2.1013129194548536E-5
2.1037739189631236E-5
2.106237658170838E-5
2.1087041450329703E-5
2.11117338753278E-5
2.113645393683205E-5
2.1161201715291544E-5
2.118597729151239E-5
2.121078074671912E-5
2.1235612162653677E-5
2.1260471621735602E-5
2.128535920731882E-5
2.1310275004099805E-5
2.133521909876209E-5
2.136019158098547E-5
2.1385192545013424E-5
2.141022209206762E-5
2.1435280334035483E-5
2.1460367399054384E-5
2.1485483439894462E-5
2.1510628646431276E-5
2.1535803264038123E-5
2.1561007620461044E-5
2.158624216472463E-5
2.161150752292528E-5
2.1636804577473816E-5
2.1662134578542094E-5
2.1687499299235042E-5
2.1712901249434167E-5
2.1738343967410626E-5
2.17638324132138E-5
2.1789373493485452E-5
2.1814976753617825E-5
2.1840655279841738E-5
2.186642686051524E-5
2.1892315462010162E-5
2.1918353079365017E-5
2.1944582024236016E-5
2.1971057711333986E-5
2.1997851997947507E-5
2.2025057117622342E-5
2.2052790226831082E-5
2.208119855087347E-5
2.2110465070972388E-5
2.2140814637863658E-5
2.217252032834024E-5
2.220590978169583E-5
2.2241371165903455E-5
2.227935833358374E-5
2.2320394642254056E-5
2.236507484078388E-5
2.2414064374777054E-5
2.246809544908613E-5
2.252795921721734E-5
2.2594493555212637E-5
2.2668566029291272E-5
2.27510518855268E-5
2.284280717389067E-5
2.2944637459001776E-5
2.3057262949160777E-5
2.3181281269413194E-5
2.331712948246473E-5
2.346504728748412E-5
2.362504356347751E-5
2.379686853511667E-5
2.397999379475071E-5
2.417360219519278E-5
2.4376589228131966E-5
2.4587576933810876E-5
2.4804940677949206E-5
2.5026848327866803E-5
2.5251310521572007E-5
2.547623992058549E-5
2.569951664138257E-5
2.591905653851136E-5
2.6132878719076117E-5
2.633916863855096E-5
2.6536333372934836E-5
2.6723046166937445E-5
2.6898278081549435E-5
2.706131544468771E-5
2.7211762768101378E-5
2.734953174801068E-5
2.747481783395915E-5
2.758806655911045E-5
2.7689932323102884E-5
2.7781232576226477E-5
2.7862900366911397E-5
2.793593800311434E-5
2.800137418202793E-5
2.806022641554538E-5
2.811346998190781E-5
2.8162014027380242E-5
2.820668487923079E-5
2.824821615458066E-5
2.8287244886102904E-5
2.8324312646984414E-5
2.8359870541783494E-5
2.8394286923081468E-5
2.8427856774493743E-5
2.8460811842976195E-5
2.8493330781265954E-5
2.8525548751023346E-5
2.855756611952904E-5
2.8589456043852008E-5
2.8621270868060887E-5
2.865304735816277E-5
2.868481086691825E-5
2.8716578560193468E-5
2.8748361853369147E-5
2.878016820637569E-5
2.881200241475174E-5
2.884386751654874E-5
2.887576541470958E-5
2.890769729443139E-5
2.8939663896685204E-5
2.897166569340138E-5
2.900370299712532E-5
2.9035776028091992E-5
2.9067884954314376E-5
2.910002991499059E-5
2.913221103385302E-5
2.916442842660203E-5
2.9196682204947633E-5
2.9228972478753865E-5
2.9261299357148797E-5
2.929366294908523E-5
2.9326063363616823E-5
2.93585007100308E-5
2.9390975097910455E-5
2.9423486637163765E-5
2.9456035438036695E-5
2.9488621611119213E-5
2.9521245267348285E-5
2.9553906518009753E-5
2.9586605474739394E-5
2.961934224952393E-5
2.9652116954701894E-5
2.9684929702964522E-5
2.9717780607356542E-5
2.9750669781277124E-5
2.9783597338480694E-5
2.9816563393077796E-5
2.984956805953607E-5
2.9882611452680995E-5
2.9915693687696888E-5
2.9948814880127746E-5
2.9981975145878152E-5
3.001517460121425E-5
3.0048413362764537E-5
3.0081691547520978E-5
3.0115009272839694E-5
3.0148366656442157E-5
3.0181763816415978E-5
3.021520087121586E-5
3.0248677939664665E-5
3.028219514095421E-5
3.0315752594646434E-5
3.0349350420674215E-5
3.0382988739342473E-5
3.041666767132908E-5
3.04503873376859E-5
3.048414785983981E-5
3.05179493595937E-5
3.055179195912741E-5
3.058567578099893E-5
3.061960094814522E-5
3.065356758388352E-5
3.068757581191209E-5
3.0721625756311554E-5
3.0755717541545664E-5
3.0789851292462636E-5
3.082402713429608E-5
3.0858245192666065E-5
3.08925055935803E-5
3.0926808463435136E-5
3.096115392901668E-5
3.0995542117501935E-5
3.102997315645987E-5
3.1064447173852546E-5
3.1098964298036264E-5
3.113352465776266E-5
3.116812838217982E-5
3.120277560083353E-5
3.123746644366823E-5
3.127220104102834E-5
3.1306979523659295E-5
3.13418020227088E-5
3.137666866972792E-5
3.141157959667227E-5
3.144653493590324E-5
3.148153482018914E-5
3.1516579382706384E-5
3.155166875704064E-5
3.158680307718809E-5
3.162198247755666E-5
3.165720709296715E-5
3.169247705865444E-5
3.172779251026877E-5
3.176315358387703E-5
3.1798560415963746E-5
3.183401314343242E-5
3.186951190360695E-5
3.1905056834232626E-5
3.1940648073477386E-5
3.1976285759933254E-5
3.2011970032617364E-5
3.204770103097342E-5
3.2083478894872736E-5
3.211930376461564E-5
3.215517578093278E-5
3.219109508498619E-5
3.22270618183707E-5
3.2263076123115304E-5
3.22991381416843E-5
3.233524801697843E-5
3.237140589233654E-5
3.240761191153653E-5
3.244386621879671E-5
3.248016895877729E-5
3.2516520276581446E-5
3.255292031775667E-5
3.258936922829606E-5
3.262586715463984E-5
3.266241424367615E-5
3.269901064274301E-5
3.273565649962893E-5
3.277235196257485E-5
3.280909718027502E-5
3.2845892301878424E-5
3.288273747699026E-5
3.291963285567288E-5
3.2956578588447614E-5
3.2993574826295505E-5
3.3030621720659066E-5
3.306771942344349E-5
3.3104868087017797E-5
3.314206786421625E-5
3.317931890833981E-5
3.321662137315727E-5
3.325397541290657E-5
3.3291381182296255E-5
3.332883883650669E-5
3.336634853119131E-5
3.340391042247808E-5
3.3441524666970765E-5
3.347919142175015E-5
3.351691084437553E-5
3.355468309288575E-5
3.3592508325800845E-5
3.3630386702123124E-5
3.366831838133842E-5
3.370630352341778E-5
3.374434228881828E-5
3.3782434838484525E-5
3.3820581333850204E-5
3.3858781936838934E-5
3.38970368098659E-5
3.393534611583905E-5
3.397371001816031E-5
3.4012128680726996E-5
3.405060226793297E-5
3.408913094466998E-5
3.412771487632914E-5
3.416635422880192E-5
3.420504916848149E-5
3.424379986226404E-5
3.4282606477550175E-5
3.432146918224593E-5
3.436038814476421E-5
3.439936353402599E-5
3.4438395519461554E-5
3.447748427101179E-5
3.451662995912951E-5
3.455583275478048E-5
3.4595092829444804E-5
3.4634410355118105E-5
3.4673785504312946E-5
3.4713218450059756E-5
3.4752709365908274E-5
3.479225842592858E-5
3.4831865804712564E-5
3.487153167737481E-5
3.491125621955415E-5
3.4951039607414514E-5
3.499088201764646E-5
3.503078362746802E-5
3.507074461462613E-5
3.511076515739774E-5
3.515084543459084E-5
3.519098562554588E-5
3.523118591013663E-5
3.527144646877162E-5
3.531176748239511E-5
3.5352149132488256E-5
3.53925916010702E-5
3.5433095070699446E-5
3.547365972447457E-5
3.5514285746035854E-5
3.5554973319566124E-5
3.559572262979248E-5
3.563653386198743E-5
3.567740720197127E-5
3.5718342836114206E-5
3.5759340951340824E-5
3.5800401735136E-5
3.584152537555482E-5
3.588271206123986E-5
3.592396198144921E-5
3.5965275326104104E-5
3.60066522858686E-5
3.6048093052282504E-5
3.608959781798017E-5
3.6131166777049036E-5
3.617280012561072E-5
3.621449806275453E-5
3.6256260792022966E-5
3.629808852375239E-5
3.633998147872737E-5
3.6381939893828975E-5
3.642396403068308E-5
3.646605418877105E-5
3.650821072511208E-5
3.655043408352039E-5
3.6592724837658846E-5
3.66350837537614E-5
3.667751188107368E-5
3.6720010680916364E-5
3.6762582208927903E-5
3.6805229369650644E-5
3.684795626830195E-5
3.689076869141848E-5
3.693367475610011E-5
3.697668577672963E-5
3.701981740807037E-5
3.706309113409847E-5
3.710653618209783E-5
3.715019195038132E-5
3.719411104408705E-5
3.7238363015003763E-5
3.728303889609719E-5
3.732825660679114E-5
3.737416727837981E-5
3.7420962507493484E-5
3.7468882486937687E-5
3.7518224885831625E-5
3.7569354254359516E-5
3.762271161393158E-5
3.767882376470854E-5
3.773831170557991E-5
3.780189742610383E-5
3.787040820798139E-5
3.794477748042221E-5
3.802604122632105E-5
3.811532895226483E-5
3.821384833180814E-5
3.8322862821813674E-5
3.844366184407431E-5
3.857752351910246E-5
3.872567042606448E-5
3.8889219421055476E-5
3.906912714204796E-5
3.926613341868716E-5
3.948070533582652E-5
3.971298511384962E-5
3.996274520968558E-5
4.0229354060322785E-5
4.0511755649573275E-5
4.080846556272528E-5
4.111758541110056E-5
4.14368364952192E-5
4.176361239404067E-5
4.209504890474969E-5
4.242810851553367E-5
4.275967548255922E-5
4.3086656707458806E-5
4.340608306258665E-5
4.371520565074927E-5
4.401158174156422E-5
4.429314578580964E-5
4.4558261920099544E-5
4.480575564989621E-5
4.503492382613522E-5
4.5245523482644444E-5
4.543774145120783E-5
4.561214780549865E-5
4.576963701680398E-5
4.591136118017515E-5
4.603865977416763E-5
4.6152990172809035E-5
4.625586258920342E-5
4.6348782374178495E-5
4.643320171144935E-5
4.651048183544708E-5
4.658186603324891E-5
4.6648462945418164E-5
4.6711239097917016E-5
4.677101920117761E-5
4.6828492543446946E-5
4.688422376585685E-5
4.69386664054288E-5
4.699217779128513E-5
4.704503413895116E-5
4.709744497106549E-5
4.714956626964487E-5
4.720151201298588E-5
4.7253363955568255E-5
4.730517966603607E-5
4.7356998946931365E-5
4.740884882535434E-5
4.746074733383483E-5
4.751270630418552E-5
4.756473338250668E-5
4.761683344829268E-5
4.766900959069307E-5
4.7721263764694527E-5
4.7773597222092775E-5
4.7826010788098034E-5
4.787850503481908E-5
4.793108038758196E-5
4.798373718859083E-5
4.803647573416356E-5
4.808929629600405E-5
4.814219913306862E-5
4.819518449802811E-5
4.8248252640702395E-5
4.83014038098423E-5
4.8354638254031676E-5
4.840795622213305E-5
4.846135796350358E-5
4.85148437280976E-5
4.8568413766514886E-5
4.862206833002443E-5
4.867580767057628E-5
4.872963204080834E-5
4.87835416940517E-5
4.883753688433454E-5
4.889161786638613E-5
4.894578489564011E-5
4.9000038228238587E-5
4.905437812103542E-5
4.91088048316002E-5
4.9163318618221864E-5
4.921791973991216E-5
4.9272608456409767E-5
4.93273850281839E-5
4.938224971643804E-5
4.943720278311369E-5
4.949224449089459E-5
4.954737510320982E-5
4.9602594884238255E-5
4.965790409891219E-5
4.971330301292125E-5
4.9768791892716116E-5
4.9824371005512596E-5
4.9880040619295345E-5
4.993580100282183E-5
4.9991652425626344E-5
5.004759515802361E-5
5.0103629471112846E-5
5.015975563678176E-5
5.021597392771025E-5
5.027228461737434E-5
5.0328687980050164E-5
5.0385184290817835E-5
5.0441773825565224E-5
5.049845686099188E-5
5.055523367461279E-5
5.0612104544762654E-5
5.0669069750599216E-5
5.072612957210728E-5
5.078328429010264E-5
5.084053418623584E-5
5.089787954299584E-5
5.095532064371411E-5
5.101285777256809E-5
5.107049121458498E-5
5.112822125564566E-5
5.118604818248831E-5
5.124397228271191E-5
5.130199384478029E-5
5.136011315802557E-5
5.141833051265179E-5
5.1476646199738514E-5
5.153506051124461E-5
5.159357374001161E-5
5.1652186179767254E-5
5.171089812512911E-5
5.1769709871608E-5
5.182862171561145E-5
5.188763395444726E-5
5.19467468863268E-5
5.200596081036821E-5
5.206527602660016E-5
5.2124692835964765E-5
5.218421154032108E-5
5.224383244244832E-5
5.2303555846048995E-5
5.236338205575229E-5
5.242331137711708E-5
5.2483344116634865E-5
5.25434805817333E-5
5.260372108077882E-5
5.2664065923079884E-5
5.2724515418889737E-5
5.2785069879409615E-5
5.284572961679144E-5
5.2906494944140866E-5
5.29673661755196E-5
5.302834362594897E-5
5.3089427611411984E-5
5.315061844885631E-5
5.321191645619696E-5
5.327332195231883E-5
5.333483525707921E-5
5.339645669131033E-5
5.3458186576822015E-5
5.3520025236403884E-5
5.3581972993827883E-5
5.364403017385059E-5
5.370619710221556E-5
5.376847410565555E-5
5.383086151189464E-5
5.389335964965056E-5
5.3955968848636756E-5
5.401868943956443E-5
5.40815217541445E-5
5.4144466125089775E-5
5.42075228861166E-5
5.427069237194709E-5
5.433397491831051E-5
5.4397370861945525E-5
5.446088054060156E-5
5.452450429304072E-5
5.458824245903929E-5
5.465209537938938E-5
5.471606339590022E-5
5.478014685140023E-5
5.484434608973768E-5
5.4908661455782606E-5
5.4973093295427946E-5
5.503764195559089E-5
5.5102307784213794E-5
5.5167091130265825E-5
5.523199234374373E-5
5.5297011775672975E-5
5.536214977810871E-5
5.542740670413693E-5
5.549278290787504E-5
5.555827874447295E-5
5.5623894570113745E-5
5.5689630742014406E-5
5.57554876184267E-5
5.582146555863748E-5
5.5887564922969456E-5
5.5953786072781605E-5
5.602012937046981E-5
5.608659517946701E-5
5.615318386424375E-5
5.6219895790308486E-5
5.628673132420744E-5
5.635369083352537E-5
5.6420774686885284E-5
5.64879832539485E-5
5.6555316905414965E-5
5.6622776013022986E-5
5.669036094954908E-5
5.675807208880794E-5
5.682590980565213E-5
5.6893874475971865E-5
5.696196647669491E-5
5.703018618578558E-5
5.7098533982245067E-5
5.7167010246110225E-5
5.723561535845355E-5
5.7304349701382244E-5
5.737321365803779E-5
5.74422076125951E-5
5.751133195026154E-5
5.758058705727653E-5
5.764997332091017E-5
5.7719491129462695E-5
5.778914087226323E-5
5.785892293966873E-5
5.792883772306286E-5
5.799888561485503E-5
5.806906700847875E-5
5.813938229839071E-5
5.820983188006924E-5
5.82804161500129E-5
5.835113550573911E-5
5.8421990345782386E-5
5.8492981069693056E-5
5.8564108078035484E-5
5.86353717723863E-5
5.870677255533267E-5
5.877831083047046E-5
5.884998700240238E-5
5.892180147673564E-5
5.899375466008023E-5
5.906584696004618E-5
5.913807878524133E-5
5.921045054526843E-5
5.9282962650721783E-5
5.935561551318374E-5
5.942840954522027E-5
5.9501345160375865E-5
5.957442277316817E-5
5.964764279908162E-5
5.9721005654562376E-5
5.979451175701651E-5
5.986816152481535E-5
5.99419553773191E-5
6.001589373493392E-5
6.0089977019233624E-5
6.016420565319697E-5
6.023858006164746E-5
6.031310067203772E-5
6.038776791580818E-5
6.0462582230684256E-5
6.053754406448037E-5
6.061265388128281E-5
6.068791217133289E-5
6.076331946657807E-5
6.0838876364786054E-5
6.091458356641233E-5
6.099044193020908E-5
6.1066452556E-5
6.114261690630957E-5
6.12189369828139E-5
6.12954155790989E-5
6.13720566381733E-5
6.144886575177806E-5
6.152585084888311E-5
6.160302313286917E-5
6.168039834058611E-5
6.175799841133558E-5
6.18358536690638E-5
6.191400563547175E-5
6.199251060362832E-5
6.207144410870529E-5
6.21509064317511E-5
6.22310292605321E-5
6.231198360455015E-5
6.239398901537108E-5
6.247732409458393E-5
6.256233817701118E-5
6.2649463954541E-5
6.273923065666015E-5
6.283227723082068E-5
6.29293647762438E-5
6.303138728989387E-5
6.313937959883679E-5
6.325452119892869E-5
6.337813461906447E-5
6.351167690825483E-5
6.365672292448627E-5
6.381493931136825E-5
6.398804839620512E-5
6.41777817365777E-5
6.438582367376968E-5
6.461374599670655E-5
6.486293563882868E-5
6.513451816545671E-5
6.542928058997874E-5
6.574759770406883E-5
6.608936653883064E-5
6.64539537158377E-5
6.684016024139314E-5
6.724620771124944E-5
6.766974892682384E-5
6.810790461561616E-5
6.85573263747248E-5
6.90142842286109E-5
6.947477544871833E-5
6.993464967545047E-5
7.038974406324653E-5
7.083602126996951E-5
7.126970273161208E-5
7.168738985490524E-5
7.208616652169991E-5
7.246367757162403E-5
7.281817960386815E-5
7.314856236536445E-5
7.345434099770603E-5
7.3735621320876E-5
7.399304197515612E-5
7.42276984927129E-5
7.444105514191348E-5
7.463485064731931E-5
7.481100365621926E-5
7.49715231649712E-5
7.511842813708015E-5
7.52536793633803E-5
7.53791253612285E-5
7.549646290372312E-5
7.560721170997112E-5
7.571270198276446E-5
7.581407288797813E-5
7.591227973669644E-5
7.60081075361612E-5
7.610218867924971E-5
7.619502279305024E-5
7.628699711040669E-5
7.63784061124316E-5
7.646946957143066E-5
7.656034846986474E-5
7.665115856112561E-5
7.67419815622769E-5
7.683287412692771E-5
7.692387484414938E-5
7.701500955697986E-5
7.710629530351976E-5
7.719774316673011E-5
7.728936028630692E-5
7.738115124586198E-5
7.74731190072887E-5
7.756526552567952E-5
7.765759214474924E-5
7.775009984529637E-5
7.784278939774275E-5
7.793566145362815E-5
7.802871659922017E-5
7.812195538619525E-5
7.821537834878784E-5
7.830898601315112E-5
7.840277890234757E-5
7.849675753895048E-5
7.859092244637078E-5
7.868527414952255E-5
7.877981317515358E-5
7.887454005201082E-5
7.89694553109264E-5
7.906455948486622E-5
7.9159853108962E-5
7.925533672053371E-5
7.93510108591101E-5
7.944687606644652E-5
7.954293288654124E-5
7.963918186565145E-5
7.973562355230817E-5
7.983225849733116E-5
7.992908725384233E-5
8.002611037727925E-5
8.012332842540759E-5
8.022074195833346E-5
8.0318351538515E-5
8.041615773077272E-5
8.051416110230026E-5
8.06123622226744E-5
8.071076166386325E-5
8.080936000023622E-5
8.090815780857113E-5
8.100715566806243E-5
8.110635416032771E-5
8.12057538694145E-5
8.130535538180609E-5
8.140515928642721E-5
8.150516617464865E-5
8.160537664029204E-5
8.170579127963341E-5
8.180641069140686E-5
8.190723547680766E-5
8.200826623949413E-5
8.210950358559031E-5
8.221094812368697E-5
8.231260046484273E-5
8.241446122258497E-5
8.251653101290939E-5
8.261881045428033E-5
8.272130016762937E-5
8.282400077635411E-5
8.29269129063172E-5
8.303003718584338E-5
8.313337424571748E-5
8.323692471918123E-5
8.334068924193018E-5
8.344466845210958E-5
8.354886299031012E-5
8.365327349956388E-5
8.375790062533862E-5
8.386274501553297E-5
8.396780732047035E-5
8.407308819289318E-5
8.417858828795563E-5
8.428430826321738E-5
8.439024877863616E-5
8.449641049656E-5
8.460279408171938E-5
8.470940020121847E-5
8.481622952452682E-5
8.492328272347044E-5
8.5030560472222E-5
8.5138063447291E-5
8.524579232751419E-5
8.535374779404508E-5
8.546193053034282E-5
8.557034122216113E-5
8.56789805575378E-5
8.578784922678199E-5
8.58969479224627E-5
8.600627733939645E-5
8.611583817463492E-5
8.62256311274515E-5
8.633565689932878E-5
8.644591619394435E-5
8.655640971715783E-5
8.666713817699634E-5
8.67781022836403E-5
8.688930274940889E-5
8.700074028874543E-5
8.711241561820171E-5
8.722432945642349E-5
8.733648252413399E-5
8.744887554411837E-5
8.756150924120783E-5
8.767438434226311E-5
8.778750157615774E-5
8.790086167376115E-5
8.801446536792229E-5
8.8128313393451E-5
8.82424064871017E-5
8.835674538755518E-5
8.847133083540055E-5
8.858616357311704E-5
8.870124434505561E-5
8.88165738974208E-5
8.893215297825107E-5
8.904798233740042E-5
8.916406272651887E-5
8.928039489903304E-5
8.939697961012689E-5
8.951381761672123E-5
8.963090967745464E-5
8.974825655266244E-5
8.986585900435688E-5
8.998371779620642E-5
9.0101833693515E-5
9.022020746320117E-5
9.033883987377715E-5
9.045773169532761E-5
9.057688369948812E-5
9.069629665942412E-5
9.081597134980863E-5
9.093590854680067E-5
9.105610902802348E-5
9.11765735725421E-5
9.129730296084118E-5
9.141829797480279E-5
9.15395593976835E-5
9.166108801409199E-5
9.178288460996626E-5
9.190494997255035E-5
9.202728489037154E-5
9.214989015321735E-5
9.227276655211169E-5
9.239591487929202E-5
9.251933592818501E-5
9.264303049338397E-5
9.27669993706242E-5
9.289124335675936E-5
9.301576324973764E-5
9.314055984857735E-5
9.326563395334339E-5
9.339098636512186E-5
9.351661788599694E-5
9.364252931902562E-5
9.376872146821318E-5
9.389519513848883E-5
9.402195113568071E-5
9.41489902664912E-5
9.427631333847235E-5
9.440392116000038E-5
9.453181454025051E-5
9.465999428917239E-5
9.478846121746476E-5
9.491721613654989E-5
9.504625985854851E-5
9.517559319625425E-5
9.530521696310816E-5
9.543513197317362E-5
9.556533904111008E-5
9.569583898214791E-5
9.582663261206248E-5
9.595772074714854E-5
9.608910420419438E-5
9.622078380045592E-5
9.635276035363104E-5
9.64850346818332E-5
9.661760760356607E-5
9.675047993769738E-5
9.68836525034321E-5
9.701712612028745E-5
9.7150901608066E-5
9.728497978683002E-5
9.741936147687469E-5
9.75540474987023E-5
9.768903867299573E-5
9.782433582059174E-5
9.795993976245469E-5
9.809585131964922E-5
9.823207131331314E-5
9.836860056462908E-5
9.850543989479548E-5
9.86425901249953E-5
9.878005207636254E-5
9.891782656994354E-5
9.905591442665279E-5
9.919431646721716E-5
9.933303351210671E-5
9.947206638144143E-5
9.961141589486636E-5
9.975108287137983E-5
9.989106812909665E-5
1.0003137248492186E-4
1.0017199675410494E-4
1.0031294174963987E-4
1.0045420828147727E-4
1.0059579715551472E-4
1.0073770917236098E-4
1.0087994512590981E-4
1.0102250580185122E-4
1.0116539197640908E-4
1.0130860441586187E-4
1.0145214387783307E-4
1.015960111160135E-4
1.0174020689098908E-4
1.0188473199134251E-4
1.020295872713442E-4
1.0217477371456445E-4
1.0232029253687832E-4
1.0246614534790337E-4
1.0261233439721344E-4
1.027588629410478E-4
1.0290573577695075E-4
1.030529600080404E-4
1.0320054611542061E-4
1.0334850943639024E-4
1.0349687216692802E-4
1.0364566602831493E-4
1.0379493575791532E-4
1.0394474360055164E-4
1.0409517498621856E-4
1.0424634557789455E-4
1.0439840985501112E-4
1.0455157135830383E-4
1.0470609465479044E-4
1.048623189825045E-4
1.0502067339966732E-4
1.0518169309075513E-4
1.0534603627431709E-4
1.0551450092064706E-4
1.0568804023306961E-4
1.0586777559207042E-4
1.0605500543014078E-4
1.0625120832565203E-4
1.0645803850872929E-4
1.0667731199459792E-4
1.0691098173172406E-4
1.0716110049837217E-4
1.0742977081607987E-4
1.077190818705913E-4
1.0803103431917387E-4
1.0836745487532634E-4
1.0872990363285301E-4
1.0911957813641303E-4
1.0953721912567428E-4
1.0998302356936114E-4
1.1045657096225617E-4
1.1095676879733918E-4
1.1148182259005302E-4
1.1202923480489494E-4
1.1259583554597215E-4
1.131778460028109E-4
1.1377097351806491E-4
1.1437053493100027E-4
1.149716027401276E-4
1.1556916681572193E-4
1.161583030577919E-4
1.1673433967980133E-4
1.1729301179051483E-4
1.178305956657376E-4
1.1834401549636364E-4
1.1883091734876321E-4
1.192897074019206E-4
1.1971955402004221E-4
1.20120355653816E-4
1.2049267872466504E-4
1.2083767135621457E-4
1.2115695995153461E-4
1.2145253611405013E-4
1.2172664130831097E-4
1.2198165589256144E-4
1.2221999810944385E-4
1.2244403718027701E-4
1.2265602310553643E-4
1.2285803425657386E-4
1.230519424813749E-4
1.232393943358561E-4
1.234218062474067E-4
1.2360037093494435E-4
1.237760722307315E-4
1.2394970552827517E-4
1.2412190135606917E-4
1.2429314998071354E-4
1.2446382540952621E-4
1.2463420763576347E-4
1.2480450240574998E-4
1.249748581580839E-4
1.2514538007612512E-4
1.2531614140364432E-4
1.2548719230607173E-4
1.256585666281912E-4
1.2583028691791443E-4
1.2600236806972962E-4
1.2617481990388532E-4
1.2634764894920396E-4
1.2652085964671305E-4
1.266944551434463E-4
1.2686843780386803E-4
1.2704280953174576E-4
1.2721757196801242E-4
1.2739272660952942E-4
1.2756827487866106E-4
1.277442181630218E-4
1.2792055783758676E-4
1.280972952766359E-4
1.2827443185998711E-4
1.2845196897610128E-4
1.2862990802351765E-4
1.2880825041142532E-4
1.2898699755979555E-4
1.291661508993009E-4
1.2934571187113152E-4
1.2952568192676643E-4
1.2970606252772488E-4
1.2988685514530972E-4
1.300680612603487E-4
1.302496823629383E-4
1.3043171995218592E-4
1.3061417553595633E-4
1.3079705063061988E-4
1.309803467608015E-4
1.311640654591332E-4
1.3134820826600857E-4
1.3153277672933828E-4
1.317177724043094E-4
1.3190319685314555E-4
1.320890516448689E-4
1.3227533835506565E-4
1.3246205856565224E-4
1.326492138646442E-4
1.3283680584592726E-4
1.3302483610902984E-4
1.3321330625889777E-4
1.3340221790567123E-4
1.335915726644637E-4
1.3378137215514256E-4
1.3397161800211225E-4
1.3416231183409797E-4
1.3435345528393312E-4
1.345450499883478E-4
1.347370975877593E-4
1.3492959972606348E-4
1.3512255805043095E-4
1.353159742111011E-4
1.3550984986118188E-4
1.3570418665644822E-4
1.3589898625514498E-4
1.3609425031778976E-4
1.362899805069783E-4
1.364861784871922E-4
1.366828459246072E-4
1.3687998448690383E-4
1.3707759584308179E-4
1.372756816632715E-4
1.3747424361855245E-4
1.3767328338077007E-4
1.3787280262235487E-4
1.3807280301614508E-4
1.382732862352084E-4
1.3847425395266738E-4
1.386757078415255E-4
1.3887764957449565E-4
1.3908008082382946E-4
1.3928300326114892E-4
1.3948641855727965E-4
1.396903283820855E-4
1.3989473440430468E-4
1.400996382913883E-4
1.4030504170933937E-4
1.4051094632255425E-4
1.407173537936656E-4
1.4092426578338644E-4
1.4113168395035646E-4
1.4133960995098936E-4
1.4154804543932157E-4
1.4175699206686392E-4
1.4196645148245175E-4
1.4217642533210118E-4
1.4238691525886234E-4
1.4259792290267705E-4
1.428094499002364E-4
1.4302149788484046E-4
1.432340684862601E-4
1.434471633305988E-4
1.436607840401572E-4
1.4387493223329848E-4
1.440896095243149E-4
1.4430481752329726E-4
1.4452055783600333E-4
1.447368320637301E-4
1.44953641803186E-4
1.4517098864636523E-4
1.4538887418042234E-4
1.456072999875501E-4
1.4582626764485652E-4
1.4604577872424538E-4
1.4626583479229637E-4
1.4648643741014763E-4
1.4670758813337953E-4
1.469292885118985E-4
1.4715154008982387E-4
1.4737434440537586E-4
1.4759770299076336E-4
1.4782161737207444E-4
1.480460890691676E-4
1.4827111959556466E-4
1.4849671045834439E-4
1.4872286315803724E-4
1.4894957918852234E-4
1.4917686003692473E-4
1.4940470718351456E-4
1.4963312210160683E-4
1.4986210625746288E-4
1.5009166111019243E-4
1.50321788111658E-4
1.505524887063792E-4
1.507837643314388E-4
1.510156164163905E-4
1.5124804638316672E-4
1.5148105564598838E-4
1.5171464561127565E-4
1.5194881767756048E-4
1.5218357323539778E-4
1.5241891366728113E-4
1.5265484034755793E-4
1.5289135464234492E-4
1.5312845790944632E-4
1.5336615149827236E-4
1.5360443674975821E-4
1.5384331499628562E-4
1.5408278756160428E-4
1.5432285576075496E-4
1.545635208999934E-4
1.5480478427671427E-4
1.5504664717937925E-4
1.5528911088744226E-4
1.5553217667127865E-4
1.5577584579211403E-4
1.5602011950195384E-4
1.562649990435157E-4
1.565104856501608E-4
1.567565805458272E-4
1.5700328494496401E-4
1.5725060005246616E-4
1.5749852706361202E-4
1.5774706716399802E-4
1.5799622152947885E-4
1.582459913261057E-4
1.5849637771006588E-4
1.5874738182762482E-4
1.5899900481506653E-4
1.592512477986375E-4
1.595041118944891E-4
1.5975759820862343E-4
1.6001170783683892E-4
1.6026644186467617E-4
1.605218013673648E-4
1.607777874097729E-4
1.6103440104635468E-4
1.6129164332110232E-4
1.615495152674946E-4
1.618080179084509E-4
1.6206715225628197E-4
1.623269193126448E-4
1.6258732006849523E-4
1.6284835550404425E-4
1.6311002658871417E-4
1.6337233428109467E-4
1.6363527952890038E-4
1.638988632689302E-4
1.6416308642702574E-4
1.6442794991803155E-4
1.646934546457555E-4
1.6495960150293118E-4
1.6522639137118E-4
1.6549382512097386E-4
1.657619036115988E-4
1.660306276911201E-4
1.6629999819634583E-4
1.6657001595279247E-4
1.6684068177464894E-4
1.6711199646474119E-4
1.6738396081449327E-4
1.6765657560388622E-4
1.6792984160140975E-4
1.682037595640048E-4
1.684783302369885E-4
1.687535543539539E-4
1.6902943263662703E-4
1.6930596579466247E-4
1.6958315452533877E-4
1.6986099951310973E-4
1.7013950142893514E-4
1.704186609292894E-4
1.7069847865469932E-4
1.7097895522760474E-4
1.7126009124925643E-4
1.7154188729526427E-4
1.7182434390928083E-4
1.7210746159414833E-4
1.7239124079965312E-4
1.7267568190582882E-4
1.7296078520054559E-4
1.7324655084994186E-4
1.735329788601649E-4
1.7382006902894493E-4
1.7410782088587976E-4
1.7439623362110055E-4
1.7468530600345706E-4
1.7497503629181424E-4
1.7526542214682726E-4
1.7555646055614628E-4
1.7584814779385613E-4
1.7614047944565343E-4
1.7643345054529002E-4
1.7672705588562987E-4
1.7702129058947243E-4
1.7731615105102228E-4
1.776116363879E-4
1.7790775057463252E-4
1.7820450545945232E-4
1.7850192489378267E-4
1.7880005022361675E-4
1.790989473985702E-4
1.7939871594112246E-4
1.7969949997812576E-4
1.800015014616233E-4
1.8030499558952548E-4
1.8061034827373195E-4
1.8091803529180539E-4
1.8122866250074545E-4
1.8154298619603383E-4
1.8186193238113694E-4
1.821866133949061E-4
1.825183400571627E-4
1.8285862727300656E-4
1.8320919092502578E-4
1.8357193392131197E-4
1.839489194937185E-4
1.843423302835118E-4
1.847544124235226E-4
1.8518740471954503E-4
1.8564345411655055E-4
1.861245198477156E-4
1.8663226992043534E-4
1.8716797478543677E-4
1.8773240404066193E-4
1.8832573271565848E-4
1.889474639504455E-4
1.8959637463658634E-4
1.9027048977858851E-4
1.9096708996310942E-4
1.9168275445195117E-4
1.9241344016096272E-4
1.931545943206517E-4
1.939012961430164E-4
1.9464842056777343E-4
1.9539081534826865E-4
1.961234815497367E-4
1.9684174710258356E-4
1.9754142344121774E-4
1.9821893644351115E-4
1.988714247646941E-4
1.9949680105906567E-4
2.000937742781386E-4
2.0066183397343096E-4
2.0120120006722285E-4
2.0171274366668487E-4
2.021978860208398E-4
2.026584948974767E-4
2.0309675230817587E-4
2.0351503543462212E-4
2.0391580578698812E-4
2.0430151167263075E-4
2.0467450741468496E-4
2.050369910906902E-4
2.053909610151637E-4
2.05738189885971E-4
2.0608021452825338E-4
2.0641833853264155E-4
2.067536447870151E-4
2.070870149014068E-4
2.0741915276066634E-4
2.077506098359221E-4
2.080818103706726E-4
2.0841307506570518E-4
2.0874464236767478E-4
2.090766868837052E-4
2.0940933477910402E-4
2.0974267626130164E-4
2.1007677541504984E-4
2.1041167774337903E-4
2.107474158010944E-4
2.1108401329875007E-4
2.1142148801992248E-4
2.1175985384560796E-4
2.1209912212606443E-4
2.1243930258885805E-4
2.127804039260606E-4
2.131224341652766E-4
2.1346540089875427E-4
2.1380931142169103E-4
2.1415417281390239E-4
2.144999919870451E-4
2.1484677571142205E-4
2.151945306309827E-4
2.155432632716742E-4
2.158929800461416E-4
2.1624368725647132E-4
2.1659539109591573E-4
2.1694809765009784E-4
2.17301812897959E-4
2.1765654271257892E-4
2.1801229286193749E-4
2.1836906900964565E-4
2.1872687671566128E-4
2.1908572143699719E-4
2.1944560852842383E-4
2.1980654324316737E-4
2.2016853073360344E-4
2.2053157605194862E-4
2.2089568415094703E-4
2.2126085988455484E-4
2.2162710800862083E-4
2.2199443318156306E-4
2.223628399650426E-4
2.2273233282463434E-4
2.231029161304945E-4
2.234745941580227E-4
2.2384737108852465E-4
2.2422125100986763E-4
2.245962379171348E-4
2.2497233571327666E-4
2.2534954820975712E-4
2.257278791271987E-4
2.2610733209602277E-4
2.2648791065708806E-4
2.268696182623244E-4
2.2725245827536416E-4
2.2763643397217048E-4
2.2802154854166282E-4
2.2840780508633803E-4
2.2879520662288976E-4
2.2918375608282316E-4
2.295734563130687E-4
2.2996431007659058E-4
2.3035632005299352E-4
2.3074948883912557E-4
2.3114381894967924E-4
2.3153931281778782E-4
2.319359727956201E-4
2.3233380115497096E-4
2.3273280008785028E-4
2.33132971707068E-4
2.3353431804681502E-4
2.3393684106324443E-4
2.343405426350466E-4
2.3474542456402214E-4
2.3515148857565412E-4
2.3555873631967344E-4
2.3596716937062488E-4
2.363767892284279E-4
2.367875973189369E-4
2.3719959499449506E-4
2.3761278353448935E-4
2.380271641458998E-4
2.3844273796384778E-4
2.388595060521399E-4
2.3927746940381015E-4
2.3969662894165886E-4
2.4011698551878953E-4
2.4053853991914134E-4
2.4096129285802043E-4
2.4138524498262882E-4
2.4181039687258784E-4
2.4223674904046204E-4
2.4266430193227862E-4
2.4309305592804466E-4
2.4352301134226173E-4
2.4395416842443786E-4
2.4438652735959537E-4
2.448200882687791E-4
2.4525485120955936E-4
2.4569081617653317E-4
2.461279831018229E-4
2.465663518555719E-4
2.4700592224643955E-4
2.4744669402208976E-4
2.478886668696807E-4
2.4833184041634965E-4
2.4877621422969744E-4
2.4922178781826683E-4
2.4966856063202316E-4
2.501165320628275E-4
2.5056570144491193E-4
2.510160680553478E-4
2.514676311145157E-4
2.5192038978656976E-4
2.5237434317990174E-4
2.5282949034760073E-4
2.532858302879122E-4
2.53743361944693E-4
2.5420208420786516E-4
2.546619959138678E-4
2.551230958461033E-4
2.555853827353854E-4
2.5604885526038306E-4
2.5651351204806046E-4
2.56979351674117E-4
2.574463726634238E-4
2.5791457349045834E-4
2.5838395257973595E-4
2.5885450830624013E-4
2.5932623899584936E-4
2.597991429257626E-4
2.602732183249218E-4
2.6074846337443316E-4
2.61224876207984E-4
2.6170245491226074E-4
2.621811975273605E-4
2.626611020472038E-4
2.631421664199446E-4
2.6362438854837594E-4
2.64107766290335E-4
2.645922974591062E-4
2.6507797982382235E-4
2.6556481110986144E-4
2.66052788999244E-4
2.665419111310254E-4
2.6703217510169036E-4
2.6752357846553966E-4
2.680161187350809E-4
2.685097933814097E-4
2.6900459983459713E-4
2.6950053548406816E-4
2.699975976789816E-4
2.704957837286082E-4
2.709950909027036E-4
2.7149551643188273E-4
2.7199705750798904E-4
2.7249971128446486E-4
2.7300347487671815E-4
2.735083453624851E-4
2.7401431978219405E-4
2.7452139513932687E-4
2.750295684007777E-4
2.7553883649720666E-4
2.760491963233978E-4
2.7656064473861115E-4
2.770731785669311E-4
2.775867945976182E-4
2.781014895854535E-4
2.7861726025108554E-4
2.7913410328137103E-4
2.796520153297168E-4
2.801709930164198E-4
2.8069103292900285E-4
2.812121316225501E-4
2.817342856200415E-4
2.822574914126827E-4
2.8278174546023484E-4
2.833070441913426E-4
2.838333840038619E-4
2.843607612651803E-4
2.8488917231254225E-4
2.8541861345336716E-4
2.859490809655697E-4
2.864805710978743E-4
2.870130800701336E-4
2.8754660407363705E-4
2.8808113927142516E-4
2.88616681798599E-4
2.891532277626264E-4
2.8969077324364793E-4
2.902293142947821E-4
2.907688469424271E-4
2.913093671865605E-4
2.918508710010399E-4
2.923933543338952E-4
2.9293681310762576E-4
2.9348124321949246E-4
2.940266405418012E-4
2.945730009221902E-4
2.9512032018390267E-4
2.956685941260551E-4
2.962178185238898E-4
2.9676798912900117E-4
2.973191016695305E-4
2.9787115185030225E-4
2.984241353528749E-4
2.989780478354585E-4
2.9953288493262764E-4
3.0008864225471583E-4
3.0064531538673815E-4
3.012028998866002E-4
3.0176139128224044E-4
3.023207850672099E-4
3.028810766939618E-4
3.0344226156384297E-4
3.040043350123612E-4
3.045672922877754E-4
3.051311285203552E-4
3.0569583867873814E-4
3.062614175086863E-4
3.068278594481214E-4
3.0739515851063254E-4
3.079633081276846E-4
3.085323009375419E-4
3.091021285066097E-4
3.0967278096659476E-4
3.10244246548936E-4
3.1081651099672177E-4
3.113895568343895E-4
3.1196336247756604E-4
3.125379011704254E-4
3.131131397468787E-4
3.1368903722598767E-4
3.1426554327235054E-4
3.1484259657986696E-4
3.1542012327303453E-4
3.159980354639004E-4
3.1657623015430403E-4
3.1715458873034414E-4
3.177329773556756E-4
3.183112486273186E-4
3.1888924490524603E-4
3.19466803756275E-4
3.20043765953541E-4
3.2061998643382895E-4
3.2119534852517826E-4
3.217697816068168E-4
3.2234328214609815E-4
3.2291593777127937E-4
3.234879536902004E-4
3.240596803675032E-4
3.246316409509539E-4
3.252045565248803E-4
3.257793669088308E-4
3.263572444620657E-4
3.269395982516783E-4
3.2752806604332776E-4
3.281244919185273E-4
3.2873088793424876E-4
3.293493791191453E-4
3.299821322171115E-4
3.306312698830219E-4
3.3129877341632187E-4
3.319863784685705E-4
3.3269546934672054E-4
3.3342697841601775E-4
3.341812975571349E-4
3.3495820855118695E-4
3.357568385964972E-4
3.3657564590058316E-4
3.3741243850013875E-4
3.38264427263E-4
3.391283115950266E-4
3.4000039392527974E-4
3.4087671680470136E-4
3.417532146469382E-4
3.4262587094994047E-4
3.4349087138993304E-4
3.4434474352700554E-4
3.451844749731681E-4
3.460076036387204E-4
3.468122759136831E-4
3.4759727113427286E-4
3.483619931872681E-4
3.4910643238398106E-4
3.498360216700909E-4
3.5055166918773517E-4
3.5125463401831534E-4
3.5194642847826243E-4
3.526287222884086E-4
3.533032540366107E-4
3.539717540411188E-4
3.5463588127029796E-4
3.5529717553755186E-4
3.5595702489880384E-4
3.566166471278129E-4
3.5727708338538624E-4
3.5793920174568335E-4
3.586037080756671E-4
3.5927116183659397E-4
3.5994199462859825E-4
3.606165296655606E-4
3.612950007859111E-4
3.619775700240318E-4
3.6266434314795185E-4
3.633553828878273E-4
3.6405071982512327E-4
3.647503610840371E-4
3.6545429707185716E-4
3.661625065653768E-4
3.6687496044980324E-4
3.675916243980776E-4
3.683124607437011E-4
3.690374297581414E-4
3.6976649050124595E-4
3.704996013738673E-4
3.712367204683896E-4
3.719778057856926E-4
3.727228153661337E-4
3.7347170736659515E-4
3.742244401045662E-4
3.749809720825828E-4
3.7574126200126825E-4
3.765052687659277E-4
3.7727295148958905E-4
3.7804426949413655E-4
3.788191823104508E-4
3.7959764967804277E-4
3.8037963154444236E-4
3.811650880644633E-4
3.819539795994193E-4
3.8274626671631434E-4
3.835419101870257E-4
3.843408709874843E-4
3.851431102968573E-4
3.8594858949673035E-4
3.8675727017029407E-4
3.875691141015331E-4
3.883840832744184E-4
3.8920213987210034E-4
3.900232462761076E-4
3.9084736506554544E-4
3.916744590163019E-4
3.925044911002495E-4
3.933374244844566E-4
3.9417322253039894E-4
3.9501184879317156E-4
3.9585326702070795E-4
3.9669744115299835E-4
3.975443353213136E-4
3.9839391384742886E-4
3.992461412428517E-4
4.001009822080537E-4
4.009584016317044E-4
4.0181836458990435E-4
4.026808363454278E-4
4.0354578234696054E-4
4.044131682283468E-4
4.0528295980783464E-4
4.061551230873262E-4
4.070296242516292E-4
4.079064296677123E-4
4.087855058839624E-4
4.096668196294435E-4
4.1055033781316175E-4
4.11436027523329E-4
4.1232385602663123E-4
4.132137907674988E-4
4.1410579936738094E-4
4.149998496240187E-4
4.158959095107257E-4
4.1679394717566813E-4
4.1769393094114683E-4
4.1859582930288603E-4
4.194996109293183E-4
4.20405244660879E-4
4.213126995092978E-4
4.222219446568944E-4
4.2313294945587747E-4
4.240456834276482E-4
4.2496011626209766E-4
4.258762178169189E-4
4.267939581169141E-4
4.2771330735330305E-4
4.2863423588303777E-4
4.2955671422811994E-4
4.3048071307491564E-4
4.314062032734808E-4
4.3233315583687945E-4
4.332615419405124E-4
4.3419133292144503E-4
4.351225002777359E-4
4.360550156677716E-4
4.3698885090959894E-4
4.3792397798026627E-4
4.3886036901516007E-4
4.3979799630734984E-4
4.407368323069305E-4
4.4167684962036994E-4
4.426180210098594E-4
4.4356031939266365E-4
4.4450371784047517E-4
4.4544818957877063E-4
4.4639370798617094E-4
4.4734024659379975E-4
4.4828777908464707E-4
4.492362792929362E-4
4.5018572120348953E-4
4.511360789510997E-4
4.5208732681990214E-4
4.5303943924274783E-4
4.539923908005816E-4
4.549461562218214E-4
4.559007103817386E-4
4.568560283018407E-4
4.578120851492591E-4
4.587688562361354E-4
4.5972631701901145E-4
4.60684443098223E-4
4.616432102172935E-4
4.626025942623288E-4
4.635625712614191E-4
4.64523117384038E-4
4.6548420894044676E-4
4.6644582238109845E-4
4.674079342960464E-4
4.683705214143533E-4
4.6933356060350264E-4
4.702970288688143E-4
4.7126090335285664E-4
4.7222516133486945E-4
4.7318978023018135E-4
4.741547375896317E-4
4.751200110989969E-4
4.7608557857841516E-4
4.770514179818154E-4
4.7801750739634853E-4
4.7898382504181996E-4
4.7995034927012333E-4
4.809170585646788E-4
4.8188393153987113E-4
4.828509469404902E-4
4.8381808364117396E-4
4.847853206458538E-4
4.857526370872024E-4
4.8672001222607974E-4
4.876874254509864E-4
4.886548562775174E-4
4.896222843478137E-4
4.905896894300232E-4
4.915570514177557E-4
4.92524350329546E-4
4.93491566308317E-4
4.944586796208437E-4
4.954256706572199E-4
4.963925199303261E-4
4.973592080753027E-4
4.983257158490194E-4
4.992920241295521E-4
5.002581139156583E-4
5.012239663262543E-4
5.021895625998975E-4
5.031548840942679E-4
5.041199122856507E-4
5.050846287684227E-4
5.060490152545446E-4
5.070130535730403E-4
5.079767256694994E-4
5.089400136055657E-4
5.099028995584292E-4
5.108653658203304E-4
5.118273947980541E-4
5.127889690124296E-4
5.137500710978381E-4
5.147106838017129E-4
5.156707899840469E-4
5.166303726169005E-4
5.175894147839116E-4
5.185478996798083E-4
5.195058106099194E-4
5.204631309896929E-4
5.214198443442118E-4
5.223759343077117E-4
5.233313846231036E-4
5.242861791414942E-4
5.252403018217119E-4
5.261937367298305E-4
5.271464680386981E-4
5.280984800274665E-4
5.290497570811216E-4
5.300002836900175E-4
5.30950044449408E-4
5.31899024058987E-4
5.328472073224189E-4
5.337945791468871E-4
5.347411245426259E-4
5.356868286224639E-4
5.366316766013662E-4
5.375756537959718E-4
5.385187456241266E-4
5.394609376044223E-4
5.404022153557026E-4
5.413425645965665E-4
5.422819711448323E-4
5.432204209169411E-4
5.441578999272728E-4
5.450943942873199E-4
5.460298902046277E-4
5.469643739813826E-4
5.478978320124428E-4
5.488302507825291E-4
5.49761616862118E-4
5.506919169014053E-4
5.516211376213618E-4
5.525492658005155E-4
5.534762882554538E-4
5.544021918122207E-4
5.5532696326463E-4
5.562505893139764E-4
5.571730564825371E-4
5.580943509905894E-4
5.590144585831405E-4
5.599333642881678E-4
5.608510520826212E-4
5.617675044357615E-4
5.626827016913805E-4
5.635966212412554E-4
5.645092364318564E-4
5.654205151352919E-4
5.663304179043807E-4
5.67238895621477E-4
5.681458865426857E-4
5.690513126351714E-4
5.699550751076469E-4
5.708570490456353E-4
5.717570770866882E-4
5.726549621097959E-4
5.73550458970685E-4
5.744432653932429E-4
5.753330122284084E-4
5.762192534152561E-4
5.771014561222675E-4
5.779789917042218E-4
5.788511282727378E-4
5.797170258331484E-4
5.805757350702547E-4
5.81426200950355E-4
5.822672723243479E-4
5.830977186437927E-4
5.839162547178135E-4
5.847215741277816E-4
5.855123914714788E-4
5.862874930330459E-4
5.870457947883441E-4
5.877864058924506E-4
5.885086950086551E-4
5.892123560935435E-4
5.898974696282651E-4
5.905645548648481E-4
5.912146085174716E-4
5.91849125537972E-4
5.924700982147831E-4
5.930799908348236E-4
5.936816885183025E-4
5.942784205040345E-4
5.948736600130349E-4
5.954710047019133E-4
5.960740434636224E-4
5.966862167648493E-4
5.973106786642858E-4
5.979501690059221E-4
5.986069039504092E-4
5.992824919847583E-4
5.999778808967702E-4
6.006933390453309E-4
6.014284717882063E-4
6.021822713710659E-4
6.029531961747363E-4
6.037392731881665E-4
6.045382161086583E-4
6.053475506935878E-4
6.061647389492704E-4
6.069872944135532E-4
6.078128820665849E-4
6.086393981280287E-4
6.115994461362174E-4
6.145413934500469E-4
6.174644662034877E-4
6.203681603429864E-4
6.232522178367006E-4
6.261165932132145E-4
6.289614143615801E-4
6.317869412813033E-4
6.345935259495307E-4
6.373815757709695E-4
6.40151522294644E-4
6.429037961115832E-4
6.456388081618521E-4
6.483569371268896E-4
6.510585221886214E-4
6.53743860201854E-4
6.564132062356504E-4
6.590667764648692E-4
6.617047525017334E-4
6.643272864156026E-4
6.66934505867233E-4
6.695265189582966E-4
6.721034185515651E-4
6.746652859429072E-4
6.772121938599905E-4
6.797442088258644E-4
6.822613929626198E-4
6.84763805326839E-4
6.872515028705059E-4
6.897245411136888E-4
6.921829746031055E-4
6.946268572167239E-4
6.970562423610213E-4
6.9947118309561E-4
7.01871732210059E-4
7.042579422701717E-4
7.066298656452425E-4
7.089875545237965E-4
7.113310609225588E-4
7.136604366915168E-4
7.159757335168176E-4
7.18277002922483E-4
7.20564296271496E-4
7.228376647665686E-4
7.250971594507462E-4
7.273428312079328E-4
7.29574730763382E-4
7.317929086841593E-4
7.339974153796072E-4
7.361883011018023E-4
7.383656159460049E-4
7.405294098511121E-4
7.426797326001093E-4
7.448166338205172E-4
7.469401629848389E-4
7.490503694110084E-4
7.511473022628332E-4
7.532310105504382E-4
7.553015431307113E-4
7.57358948707741E-4
7.594032758332587E-4
7.614345729070772E-4
7.634528881775286E-4
7.654582697418995E-4
7.674507655468678E-4
7.694304233889382E-4
7.713972909148709E-4
7.733514156221166E-4
7.752928448592478E-4
7.77221625826385E-4
7.791378055756279E-4
7.810414310114812E-4
7.829325488912783E-4
7.848112058256105E-4
7.866774482787472E-4
7.885313225690589E-4
7.903728748694397E-4
7.922021512077271E-4
7.940191974671182E-4
7.958240593865899E-4
7.976167825613156E-4
7.993974124430802E-4
8.011659943406935E-4
8.029225734204044E-4
8.046671947063133E-4
8.06399903080783E-4
8.08120743284846E-4
8.098297599186137E-4
8.115269974416896E-4
8.132125001735677E-4
8.148863122940435E-4
8.165484778436136E-4
8.181990407238828E-4
8.198380446979653E-4
8.214655333908821E-4
8.230815502899654E-4
8.246861387452535E-4
8.262793419698919E-4
8.278612030405257E-4
8.294317648976985E-4
8.309910703462453E-4
8.325391620556836E-4
8.340760825606078E-4
8.356018742610821E-4
8.37116579423026E-4
8.386202401786063E-4
8.401128985266232E-4
8.415945963328983E-4
8.430653753306598E-4
8.445252771209273E-4
8.459743431728933E-4
8.474126148243081E-4
8.488401332818622E-4
8.502569396215635E-4
8.51663074789117E-4
8.530585796003064E-4
8.544434947413674E-4
8.558178607693665E-4
8.571817181125743E-4
8.585351070708408E-4
8.598780678159694E-4
8.612106403920866E-4
8.62532864716015E-4
8.638447805776408E-4
8.65146427640286E-4
8.664378454410756E-4
8.677190733913008E-4
8.689901507767913E-4
8.702511167582744E-4
8.715020103717435E-4
8.72742870528816E-4
8.739737360171025E-4
8.751946455005584E-4
8.764056375198526E-4
8.776067504927203E-4
8.787980227143245E-4
8.799794923576105E-4
8.811511974736646E-4
8.823131759920649E-4
8.834654657212405E-4
8.8460810434882E-4
8.857411294419868E-4
8.86864578447828E-4
8.879784886936862E-4
8.890828973875057E-4
8.901778416181834E-4
8.912633583559181E-4
8.923394844525512E-4
8.934062566419125E-4
8.944637115401719E-4
8.955118856461747E-4
8.965508153417857E-4
8.975805368922348E-4
8.986010864464525E-4
8.996125000374113E-4
9.006148135824666E-4
9.01608062883692E-4
9.025922836282163E-4
9.035675113885582E-4
9.045337816229648E-4
9.05491129675742E-4
9.064395907775884E-4
9.073792000459291E-4
9.083099924852467E-4
9.092320029874084E-4
9.101452663320013E-4
9.110498171866522E-4
9.119456901073641E-4
9.128329195388389E-4
9.137115398148007E-4
9.145815851583269E-4
9.154430896821652E-4
9.16296087389061E-4
9.171406121720793E-4
9.179766978149259E-4
9.188043779922631E-4
9.196236862700378E-4
9.204346561057924E-4
9.212373208489867E-4
9.220317137413142E-4
9.228178679170166E-4
9.235958164031993E-4
9.24365592120145E-4
9.251272278816313E-4
9.258807563952389E-4
9.266262102626622E-4
9.273636219800233E-4
9.280930239381827E-4
9.288144484230413E-4
9.295279276158574E-4
9.302334935935503E-4
9.30931178329005E-4
9.316210136913785E-4
9.323030314464078E-4
9.329772632567097E-4
9.336437406820858E-4
9.343024951798239E-4
9.349535581050022E-4
9.355969607107838E-4
9.362327341487235E-4
9.368609094690625E-4
9.374815176210264E-4
9.380945894531226E-4
9.387001557134399E-4
9.392982470499381E-4
9.398888940107497E-4
9.404721270444671E-4
9.410479765004389E-4
9.416164726290616E-4
9.42177645582071E-4
9.427315254128286E-4
9.43278142076614E-4
9.438175254309067E-4
9.443497052356708E-4
9.448747111536319E-4
9.453925727505448E-4
9.459033194954518E-4
9.464069807609214E-4
9.469035858232475E-4
9.473931638626043E-4
9.478757439631129E-4
9.483513551127702E-4
9.488200262031634E-4
9.492817860288465E-4
9.49736663286179E-4
9.501846865713421E-4
9.506258843770719E-4
9.510602850874518E-4
9.514879169697418E-4
9.519088081617706E-4
9.52322986652723E-4
9.527304802541615E-4
9.531313165568021E-4
9.53525522866608E-4
9.53913126111255E-4
9.542941527044762E-4
9.546686283511643E-4
9.550365777700133E-4
9.553980243025669E-4
9.557529893675172E-4
9.561014917065331E-4
9.564435463525387E-4
9.567791632329386E-4
9.571083452987986E-4
9.57431086046596E-4
9.577473662725445E-4
9.580571498718142E-4
9.583603784679841E-4
9.586569646346064E-4
9.589467834543306E-4
9.59229662156415E-4
9.595053675862763E-4
9.597735912976294E-4
9.600339321258218E-4
9.602858762074139E-4
9.605287745623339E-4
9.607618185558594E-4
9.609840138100933E-4
9.611941534361337E-4
9.613907918008575E-4
9.615722204110948E-4
9.617364478703735E-4
9.618811862085235E-4
9.620038461637105E-4
9.621015441655985E-4
9.621711237796007E-4
9.622091941790177E-4
9.622121877737292E-4
9.621764384131519E-4
9.62098280588082E-4
9.619741687966634E-4
9.618008147593363E-4
9.615753385436913E-4
9.6129542800142E-4
9.609594993615015E-4
9.605668505198393E-4
9.601177976742874E-4
9.59613785623121E-4
9.590574623933277E-4
9.58452709965223E-4
9.57804624722418E-4
9.571194438195844E-4
9.564044167874466E-4
9.556676251767485E-4
9.549177566153865E-4
9.541638430157342E-4
9.534149755167132E-4
9.526800107983199E-4
9.519672844446679E-4
9.512843469207856E-4
9.506377364395683E-4
9.500328006127715E-4
9.494735754960874E-4
9.489627267353863E-4
9.485015533419123E-4
9.4809005053511E-4
9.477270244435009E-4
9.474102485437185E-4
9.471366497586784E-4
9.469025112377493E-4
0.0018728922062835253
0.0018681966067550786
0.001863594409311157
0.0018590754145759523
0.0018546296204896078
0.0018502475029690687
0.001845920228501728
0.0018416397990981942
0.001837399134239729
0.001833192097602622
0.001829013478342053
0.001824858937611211
0.001820724930914833
0.00181660861605309
0.0018125077550365468
0.0018084206166810533
0.0018043458848336026
0.0018002825755059361
0.0017962299647220374
0.0017921875276885994
0.0017881548889995187
0.001784131782976368
0.0017801180228919035
0.0017761134776747081
0.0017721180546967086
0.0017681316873510659
0.0017641543262920732
0.001760185933396845
0.0017562264776962132
0.0017522759326936471
0.0017483342746379504
0.0017444014814351667
0.0017404775319784255
0.0017365624057444178
0.0017326560825559028
0.0017287585424450936
0.0017248697655768475
0.0017209897322064869
0.0017171184226571407
0.0017132558173078515
0.001709401896587454
0.0017055566409714875
0.0017017200309806379
0.001697892047179948
0.001694072670178411
0.0016902618806287268
0.001686459659227136
0.0016826659867133066
0.0016788808438702191
0.0016751042115240617
0.0016713360705441372
0.0016675764018427635
0.0016638251863751769
0.0016600824051394324
0.0016563480391763154
0.0016526220695692335
0.0016489044774441316
0.001645195243969387
0.0016414943503557232
0.0016378017778561063
0.001634117507765654
0.0016304415214215427
0.0016267738002029076
0.0016231143255307538
0.0016194630788678543
0.0016158200417186672
0.0016121851956292302
0.0016085585221870765
0.0016049400030211341
0.0016013296198016396
0.0015977273542400394
0.0015941331880888975
0.001590547103141807
0.0015869690812332954
0.0015833991042387312
0.0015798371540742327
0.0015762832126965784
0.001572737262103116
0.0015691992843316638
0.0015656692614604284
0.0015621471756079078
0.0015586330089328079
0.0015551267436339387
0.0015516283619501435
0.0015481378461601897
0.0015446551785826895
0.0015411803415760102
0.0015377133175381791
0.0015342540889068017
0.0015308026381589633
0.0015273589478111513
0.001523923000419154
0.0015204947785779851
0.0015170742649217867
0.0015136614421237407
0.0015102562928959906
0.0015068587999895397
0.0015034689461941775
0.0015000867143383806
0.0014967120872892384
0.00149334504795235
0.0014899855792717546
0.0014866336642298322
0.0014832892858472214
0.0014799524271827385
0.0014766230713332794
0.0014733012014337481
0.0014699868006569645
0.0014666798522135762
0.0014633803393519762
0.0014600882453582216
0.001456803553555942
0.00145352624730626
0.0014502563100077044
0.001446993725096127
0.0014437384760446208
0.001440490546363428
0.0014372499195998674
0.0014340165793382451
0.0014307905091997704
0.0014275716928424753
0.0014243601139611308
0.0014211557562871656
0.0014179586035885788
0.001414768639669862
0.0014115858483719195
0.0014084102135719766
0.0014052417191835133
0.0014020803491561647
0.0013989260874756547
0.0013957789181637053
0.0013926388252779635
0.0013895057929119098
0.001386379805194791
0.0013832608462915272
0.0013801489004026397
0.0013770439517641658
0.0013739459846475823
0.0013708549833597288
0.0013677709322427183
0.0013646938156738635
0.0013616236180656021
0.0013585603238654112
0.001355503917555731
0.0013524543836538822
0.001349411706712
0.001346375871316937
0.0013433468620901987
0.001340324663687866
0.001337309260800507
0.0013343006381531088
0.0013312987805049956
0.0013283036726497533
0.0013253152994151538
0.0013223336456630731
0.0013193586962894186
0.0013163904362240532
0.001313428850430716
0.0013104739239069472
0.0013075256416840123
0.0013045839888268273
0.001301648950433879
0.0012987205116371569
0.0012957986576020682
0.0012928833735273717
0.0012899746446450964
0.0012870724562204718
0.0012841767935518474
0.001281287641970622
0.0012784049868411695
0.0012755288135607632
0.001272659107559505
0.0012697958543002425
0.001266939039278508
0.001264088648022437
0.0012612446660926946
0.0012584070790824084
0.0012555758726170885
0.001252751032354556
0.0012499325439848748
0.0012471203932302767
0.0012443145658450863
0.0012415150476156524
0.001238721824360272
0.0012359348819291258
0.0012331542062041978
0.0012303797830992079
0.0012276115985595422
0.0012248496385621796
0.0012220938891156173
0.00121934433625981
0.0012166009660660889
0.001213863764637093
0.0012111327181067047
0.0012084078126399723
0.0012056890344330441
0.001202976369713098
0.00120026980473827
0.0011975693257975885
0.0011948749192108965
0.0011921865713287938
0.001189504268532557
0.0011868279972340786
0.001184157743875792
0.001181493494930608
0.0011788352369018424
0.0011761829563231485
0.0011735366397584506
0.0011708962738018747
0.0011682618450776768
0.001165633340240181
0.0011630107459737022
0.0011603940489924875
0.0011577832360406381
0.0011551782938920383
0.001152579209350276
0.0011499859692485645
0.0011473985604496442
0.0011448169698456715
0.0011422411843580683
0.0011396711909373355
0.00113710697656277
0.001134548528242058
0.001131995833010655
0.0011294488779308278
0.00112690765009018
0.0011243721365993562
0.0011218423245884794
0.001119318201201663
0.00111679975358858
0.0011142869688916023
0.0011117798342263324
0.0011092783366523586
0.0011067824631296598
0.0011042922004541648
0.0011018075351633108
0.001099328453398833
0.001096854940709171
0.0010943869817675125
0.001091924559973165
0.001089467656893304
0.0010870162514887397
0.0010845703190507352
0.0010821298297558754
0.0010796947467221968
0.0010772650234225046
0.0010748406002803453
0.0010724214002415839
0.0010700073230817105
0.0010675982381783433
0.0010651939754538087
0.0010627943141788554
0.0010603989693316017
0.001058007575233049
0.0010556196662398387
0.0010532346543750317
0.0010508518039267245
0.0010484702032490679
0.001046088734265239
0.0010437060404971273
0.0010413204948268005
0.0010389301686172768
0.001036532804263764
0.0010341257936807109
0.0010317061656147926
0.0010292705849612824
0.0010268153673970788
0.0010243365125720493
0.001021829758768739
0.0010192906613062552
0.0010167146960017692
0.0010140973877119852
0.0010114344623871037
0.0010087220192475349
0.0010059567177420857
0.0010031359720036345
0.0010002581437508413
9.973227231743205E-4
9.943304864755424E-4
9.912836185599447E-4
9.881857900459028E-4
9.850421793025576E-4
9.81859432660882E-4
9.786455591574087E-4
9.754097599858966E-4
9.72162196988289E-4
9.689137086928257E-4
9.656754862528157E-4
9.624587248058855E-4
9.592742679516551E-4
9.561322640020842E-4
9.530418522639153E-4
9.500108958605937E-4
9.470457746145116E-4
9.44151247531594E-4
9.413303897976069E-4
9.385846043087679E-4
9.359137030369275E-4
9.333160493649319E-4
9.307887492475266E-4
