2.3938485830009404E-7
4.820520323217676E-7
7.280465251482685E-7
9.774139583464451E-7
1.2302005802774195E-6
1.4864532746091304E-6
1.746219569038607E-6
2.0095476442251905E-6
2.2764863429304267E-6
2.547085179355357E-6
2.8213943486610796E-6
3.0994647366530973E-6
3.3813479296039597E-6
3.6670962241820247E-6
3.956762637447626E-6
4.2504009168716786E-6
4.548065550327917E-6
4.849811776008989E-6
5.1556955922205E-6
5.465773767016784E-6
5.7801038476583005E-6
6.098744169893402E-6
6.421753867095512E-6
6.749192879319153E-6
7.081121962371358E-6
7.417602697025313E-6
7.758697498526832E-6
8.1044696265564E-6
8.454983195807944E-6
8.810303187326646E-6
9.170495460712836E-6
9.535626767248422E-6
9.905764763941015E-6
1.028097802841433E-5
1.0661336074509644E-5
1.1046909368409002E-5
1.1437769345054088E-5
1.1833988424619659E-5
1.223564002881058E-5
1.2642798596785115E-5
1.305553960056152E-5
1.3473939559832787E-5
1.3898076056187969E-5
1.4328027746808996E-5
1.4763874377771184E-5
1.5205696797117694E-5
1.565357696789977E-5
1.6107597981374975E-5
1.656784407053713E-5
1.7034400624119433E-5
1.7267969342871087E-5
1.750474051394381E-5
1.7744758080208208E-5
1.7988066583922303E-5
1.8234711175506243E-5
1.8484737622656817E-5
1.8738192319734556E-5
1.8995122297361982E-5
1.9255575232178447E-5
1.9519599456703874E-5
1.978724396926694E-5
2.0058558443953268E-5
2.0333593240526168E-5
2.06123994142661E-5
2.0895028725668195E-5
2.118153364993246E-5
2.1471967386178655E-5
2.176638386632397E-5
2.2064837763574097E-5
2.236738450050246E-5
2.2674080256725656E-5
2.2984981976227463E-5
2.3300147374433712E-5
2.361963494519455E-5
2.3943503967883146E-5
2.4271814514862436E-5
2.4604627459600794E-5
2.4942004485724817E-5
2.528400809727771E-5
2.5630701630405207E-5
2.5982149266615147E-5
2.6338416047657596E-5
2.6699567891957922E-5
2.7065671612415143E-5
2.743679493526516E-5
2.7813006519617202E-5
2.8194375977212452E-5
2.8580973891935067E-5
2.8972871838632565E-5
2.937014240087175E-5
2.9772859187363463E-5
3.0181096846919445E-5
3.059493108194688E-5
3.10144386606212E-5
3.143969742799251E-5
3.187078631636355E-5
3.2307785355320186E-5
3.27507756817968E-5
3.31998395505238E-5
3.365506034513816E-5
3.4116522590162526E-5
3.458431196397263E-5
3.505851531279282E-5
3.553922066568949E-5
3.602651725048296E-5
3.6520495510466124E-5
3.70212471218072E-5
3.752886501151671E-5
3.804344337587291E-5
3.8565077699215464E-5
3.9093864773035665E-5
3.962990271530033E-5
4.0173290989952196E-5
4.0724130426524214E-5
4.128252323979565E-5
4.184857304940193E-5
4.2422384899297996E-5
4.300406527696428E-5
4.359372213224492E-5
4.41914648957229E-5
4.4797404496567146E-5
4.5411653379837494E-5
4.6034325523301857E-5
4.666553645390227E-5
4.730540326409978E-5
4.7954044628418374E-5
4.8611580820590604E-5
4.92781337317636E-5
4.995382689024993E-5
5.063878548328281E-5
5.1333136381168604E-5
5.203700816410363E-5
5.27505311517579E-5
5.347383743552896E-5
5.420706091315523E-5
5.495033732517336E-5
5.570380429252922E-5
5.646760135453386E-5
5.724187000630122E-5
5.8026753734837E-5
5.8822398053051966E-5
5.962895053115043E-5
6.044656082506751E-5
6.127538070187695E-5
6.211556406233406E-5
6.29672669609285E-5
6.383064762397715E-5
6.470586646637605E-5
6.559308610764415E-5
6.649247138783769E-5
6.740418938434156E-5
6.832840943033259E-5
6.926530313549051E-5
7.02150444093232E-5
7.117780948728702E-5
7.21537769597367E-5
7.314312780363264E-5
7.414604541686344E-5
7.516271565501009E-5
7.619332687036192E-5
7.72380699529988E-5
7.829713837375702E-5
7.93707282288938E-5
8.045903828625842E-5
8.156227003275366E-5
8.2680627722843E-5
8.381431842781902E-5
8.496355208551349E-5
8.612854155010145E-5
8.730950264163292E-5
8.850665419494067E-5
8.972021810760273E-5
9.095041938671108E-5
9.219748619429463E-5
9.346164989137298E-5
9.474314508076187E-5
9.604220964890224E-5
9.735908480712354E-5
9.869401513285833E-5
1.0004724861138549E-4
1.0141903667866436E-4
1.0280963426574173E-4
1.0421929984503788E-4
1.0564829547857989E-4
1.0709688686795042E-4
1.0856534340539193E-4
1.1005393822518688E-4
1.1156294825415358E-4
1.1309265425990234E-4
1.1464334089540043E-4
1.1621529673843382E-4
1.1780881432470716E-4
1.1942419017360039E-4
1.2106172480595087E-4
1.2272172275362903E-4
1.244044925610727E-4
1.261103467792924E-4
1.2783960195313128E-4
1.2959257860272014E-4
1.313696012001183E-4
1.331709981811127E-4
1.3499710198867617E-4
1.3684824914463056E-4
1.387247803460738E-4
1.4062704058313065E-4
1.425553792746176E-4
1.4451015041827247E-4
1.4649171275231843E-4
1.4850042992528863E-4
1.5053667067123886E-4
1.5260080898770186E-4
1.546932243139604E-4
1.568143017074555E-4
1.5896443201633643E-4
1.611440120463545E-4
1.6335344472044431E-4
1.6559313922946228E-4
1.6786351117265618E-4
1.7016498268652115E-4
1.7249798256079648E-4
1.7486294634043732E-4
1.7726031641253495E-4
1.7969054207729016E-4
1.8215407960234839E-4
1.8465139226002175E-4
1.8718295034719423E-4
1.8974923118799173E-4
1.9235071911959245E-4
1.9498790546183497E-4
1.9766128847151094E-4
2.003713732823956E-4
2.031186718321282E-4
2.0590370277700996E-4
2.0872699139560074E-4
2.1158906948171764E-4
2.1449047522705117E-4
2.174317530931769E-4
2.2041345367230906E-4
2.234361335357396E-4
2.2650035506863286E-4
2.2960668628969454E-4
2.3275570065427642E-4
2.35947976839688E-4
2.391840985118675E-4
2.4246465407306753E-4
2.4579023639078007E-4
2.4916144250869784E-4
2.525788733410304E-4
2.5604313335188456E-4
2.59554830221668E-4
2.6311457735857566E-4
2.6672299612773694E-4
2.70380717814714E-4
2.740883853391298E-4
2.7784665473324765E-4
2.8165619639941656E-4
2.8551769615943365E-4
2.8943185610810453E-4
2.93399395282625E-4
2.974210501588318E-4
3.014975749849029E-4
3.0562974196266456E-4
3.098183412863061E-4
3.1406418104794375E-4
3.1836808701914197E-4
3.227309023171257E-4
3.2715348696405963E-4
3.316367173473662E-4
3.361814855886545E-4
3.407886988284235E-4
3.4545927843332463E-4
3.5019415913239033E-4
3.5499428808833587E-4
3.598606239097702E-4
3.647941356099706E-4
3.697958015177504E-4
3.7486660814589856E-4
3.8000754902268286E-4
3.8521962349192775E-4
3.9050383548723717E-4
3.958611922859255E-4
4.0129270324815744E-4
4.0679937854662553E-4
4.123822278917854E-4
4.1804225925720303E-4
4.2378047760897257E-4
4.295978836424426E-4
4.3549547252869314E-4
4.414742326724095E-4
4.4753514448205294E-4
4.5367917915262976E-4
4.5990729746094727E-4
4.6622044857305705E-4
4.726195688636649E-4
4.791055807475767E-4
4.8567939152372754E-4
4.92341892232919E-4
4.99093956531012E-4
5.059364395798594E-4
5.128701769586877E-4
5.198961924730312E-4
5.270156799797231E-4
5.342299860610769E-4
5.415405935207504E-4
5.489491056742512E-4
5.564572314073809E-4
5.640667709762609E-4
5.71779602522956E-4
5.795976692811431E-4
5.875229674468245E-4
5.955575346896772E-4
6.037034392813597E-4
6.119627698178246E-4
6.203376255134738E-4
6.28830107045739E-4
6.374423079294334E-4
6.461763064008672E-4
6.550341577923889E-4
6.640178873785493E-4
6.731294836756297E-4
6.823708921767446E-4
6.9174400950519E-4
7.012506779691831E-4
7.108926805015953E-4
7.20671735968811E-4
7.305894948334097E-4
7.406475351559995E-4
7.508473589222091E-4
7.611903886815989E-4
7.716779644860148E-4
7.823113411156583E-4
7.930916855819023E-4
8.040200748964707E-4
8.150974940971126E-4
8.263248345202432E-4
8.377028923111107E-4
8.492323671620436E-4
8.609138612690339E-4
8.727478784966355E-4
8.847348237406939E-4
8.968750024780717E-4
9.091686204923047E-4
9.21615783764026E-4
9.342164985151926E-4
9.469706713966132E-4
9.598781098089736E-4
9.729385223484749E-4
9.861515193692514E-4
9.995166136558167E-4
0.001013033221199814
0.00102671593803687
0.0010405782208865702
0.0010546324310556966
0.0010688898770623905
0.001083360856014897
0.0010980546937774493
0.0011129797839546018
0.0011281436257241564
0.0011435528605476535
0.0011592133077864251
0.0011751299992502763
0.0011913072127051562
0.0012077485043655435
0.0012244567403967537
0.0012414341274519416
0.001258682242268108
0.001276202060345062
0.0012939939837307692
0.00131205786793609
0.0013303930480013722
0.0013489983637368047
0.0013678721841578435
0.0013870124311364627
0.0014064166022883606
0.0014260817931157192
0.0014460047184245925
0.001466181733035588
0.0014866088518061405
0.0015072817689823913
0.0015281958768985676
0.0015493462840415954
0.0015707278324986367
0.00159233511480524
0.0016141624902116223
0.0016362041003844957
0.0016584538845615315
0.001680905594175064
0.0017035528069610775
0.0017263889405685832
0.0017494072656837087
0.001772600918681685
0.0017959629138189486
0.0018194861549766822
0.0018431634469662592
0.0018669875064065975
0.0018909509721831
0.0019150464154978446
0.0019392663495209426
0.0019636032386533063
0.001988049507411614
0.0020137147525420085
0.002040530240151245
0.0020684293097119255
0.00209734732442897
0.00212722162265327
0.002157991470323915
0.0021895980144203252
0.0022219842374055134
0.0022550949126416385
0.0022888765607587693
0.0023232774069579863
0.002358247339229843
0.002393737867469619
0.0024297020834710167
0.002466094621780412
0.0025028716213942944
0.002539990688282943
0.0025774108587239227
0.002615092563429438
0.0026529975924519285
0.002691089060852702
0.002729331375118586
0.00276769020031189
0.0028061324279390117
0.002844626144523254
0.002883140600867416
0.002921646181991881
0.0029601143777339585
0.0029985177539945014
0.003036829924617886
0.0030750255238919267
0.0031130801796545237
0.003150970486994426
0.003188673982534095
0.00322616911928313
0.0032634352420515054
0.0033004525634123404
0.0033372021402044215
0.003373665850565222
0.0034098263714850683
0.0034456671568733987
0.0034811724161277736
0.0035163270931959844
0.00355111684612135
0.0035855280270608025
0.0036195476627651256
0.00365316343551042
0.0036863636644699524
0.0037191372875156224
0.003751473843438628
0.0038650698625734012
0.0039748580149262394
0.004080921195455978
0.004183340744124324
0.004282196472920028
0.004377566692434604
0.004469528237996784
0.004558156495372789
0.004643525426039381
0.004725707592036612
0.004804774180406973
0.004880795027227601
0.004953838641242001
0.00502397222709782
0.00509126170819696
0.005155771749164412
0.005217565777942176
0.005276706007514702
0.005333253457272134
0.005387267974017916
0.005438808252627117
0.005487931856361831
0.005534695236849921
0.005579153753733127
0.0056213616939903
0.00566137229094118
0.0056992377429355675
0.005735009231732336
0.005768736940572205
0.005800470071947524
0.005830256865071942
0.0058581446130527
0.005884179679767758
0.0059084075164504025
0.005930872677984122
0.005951618838911169
0.005970688809158888
0.005988124549488919
0.006003967186675126
0.006018257028417157
0.006031033577997016
0.006042335548686513
0.006052200877913525
0.006060666741194638
0.00606776956584102
0.0060735450444434885
0.006078028148141504
0.006081253139679573
0.0060832535862534445
0.006084062372147486
0.012059289612659339
0.011894398231999247
0.011731761487702342
0.011571348549561072
0.011413129008927618
0.011257072873015143
0.011103150559260106
0.010951332889744187
0.01080159108567627
0.010653896761935655
0.010508221921678511
0.010364538951009746
0.010222820613722273
0.01008304004610542
0.009945170751823782
0.009809186596867135
0.009675061804571809
0.009542770950713387
0.009412288958670483
0.009283591094659073
0.00915665296303699
0.009031450501678069
0.00890795997741538
0.008786157981553085
0.008666021425446204
0.008547527536147391
0.008430653852119463
0.00831537821901192
0.008201678785499352
0.008089533999178866
0.007978922602523399
0.007869823628887202
0.007762216398559782
0.007656080514864457
0.007551395860298217
0.007448142592710079
0.007346301141516071
0.007245852203950312
0.0071467767413526465
0.007049055975494802
0.006952671384948106
0.006857604701496641
0.006763837906600255
0.0066713532279117915
0.006580133135852614
0.00649016034024934
0.006401417787033668
0.00631388865500558
0.006227556352658662
0.006142404515064906
