9.967053596276974E-5
2.1450319653079335E-4
3.468046438010524E-4
4.992322411249178E-4
5.751767428356918E-4
6.62674020432792E-4
7.634825364290201E-4
8.79626110483746E-4
0.0010134357161739709
0.0011676015172958438
0.0013452262572077591
0.0015498650731487027
0.0017856214562208227
0.0020572583781749173
0.002370259488826933
0.0027307905912785173
0.0031461196058013854
0.0036248152214889452
0.004176519963181208
0.004811336191685417
0.005542891903668005
0.006387262238356693
0.007360286589696291
0.008474720931346451
0.00976453893125873
0.01125993765126568
0.01297539604989024
0.014905876358700162
0.01720779489590217
0.019889554762322757
0.022874929198857405
0.02604625369442161
0.030491660606494005
0.03536540129797783
0.04010286869539724
0.04434727013100224
0.056145126616867776
0.06349068742619189
0.06744175164109031
0.06884077784457203
0.12422796298881461
0.10588030428996184
0.0902424749356225
0.07691425083223619
