3.885220033245397E-7
7.83620767662424E-7
1.1854078525569062E-6
1.5939967259506661E-6
2.009502796953113E-6
2.4320434491666293E-6
2.861738074580659E-6
3.298708108042676E-6
3.74307706231547E-6
4.1949705637303005E-6
4.654516388445956E-6
5.121844499323915E-6
5.597087083430354E-6
6.080378590175989E-6
6.5718557701051735E-6
7.071657714346051E-6
7.580111834698573E-6
8.097552721325894E-6
8.624412327272868E-6
9.161224462194312E-6
9.708593357531287E-6
1.0267092677484829E-5
1.0837046935272483E-5
1.1418141840607867E-5
1.2008897455230286E-5
1.2606543847943875E-5
1.320982261741507E-5
1.3823309184631053E-5
1.4447176950589309E-5
1.5081602284222033E-5
1.5726764573383285E-5
1.638284627672199E-5
1.705003297645497E-5
1.7728513432053556E-5
1.8418479634857055E-5
1.9120126863625738E-5
1.983365374104497E-5
2.055926229119259E-5
2.1297157997979232E-5
2.204754986457206E-5
2.2422128470486558E-5
2.2803055281966435E-5
2.319043866692791E-5
2.3584388851877005E-5
2.3985017953647925E-5
2.4392440011642756E-5
2.4806771020583275E-5
2.5228128963787826E-5
2.565663384698721E-5
2.6092407732697045E-5
2.653557477516396E-5
2.6986261255905936E-5
2.7444595619866894E-5
2.791070851220801E-5
2.8384732815757676E-5
2.8866803689142805E-5
2.9356872665659463E-5
2.985579108193917E-5
3.036419542232598E-5
3.088294076508347E-5
3.141310450506072E-5
3.19559187558849E-5
3.25125725072605E-5
3.308379486949984E-5
3.366904866630488E-5
3.4265004868441626E-5
3.4862774712661954E-5
3.545397394368335E-5
3.6055203452205705E-5
3.666663459468785E-5
3.7288441668676085E-5
3.792080196391002E-5
3.856389581423686E-5
3.921790665031204E-5
3.988302105305974E-5
4.055942880786251E-5
4.1247322959445144E-5
4.194689986741159E-5
4.265835926239277E-5
4.338190430275437E-5
4.4117741631866214E-5
4.4866081435969656E-5
4.5627137502714884E-5
4.640112728046043E-5
4.718827193844652E-5
4.798879642796561E-5
4.880292954465799E-5
4.9630903992065175E-5
5.0472956446569135E-5
5.132932762383995E-5
5.220026234690823E-5
5.3086009615963787E-5
5.398682267997121E-5
5.4902959110176205E-5
5.583468087556043E-5
5.678225442028415E-5
5.77459507431372E-5
5.872514327301168E-5
5.972145010305213E-5
6.073582712176356E-5
6.176962380740222E-5
6.282466488813625E-5
6.390326399202682E-5
6.500808523301604E-5
6.614169621760188E-5
6.73053353003877E-5
6.849540646194815E-5
6.969345357253465E-5
7.087487527806217E-5
7.207639260547697E-5
7.329834950301678E-5
7.454109585889091E-5
7.580498759984328E-5
7.709038678922509E-5
7.839766172429969E-5
7.97271870324959E-5
8.10793437663168E-5
8.245451949660934E-5
8.385310840388797E-5
8.527551136741114E-5
8.672213605478364E-5
8.819339701438926E-5
8.968971577252045E-5
9.12115209366821E-5
9.275924830618495E-5
9.433334099082071E-5
9.593424953812228E-5
9.756243206944406E-5
9.921835442487009E-5
1.0090249031674416E-4
1.0261532149143118E-4
1.0435733789876424E-4
1.0612903786848149E-4
1.0793092829284393E-4
1.0976352481451572E-4
1.11627352018706E-4
1.1352294362849885E-4
1.1545084270223879E-4
1.1740948423401993E-4
1.1940163496807675E-4
1.2142867725971748E-4
1.234926238856059E-4
1.2559633786550972E-4
1.2774371564099475E-4
1.2993972562438602E-4
1.321900558502435E-4
1.344994061652125E-4
1.3686498533233536E-4
1.39254485623095E-4
1.4161737627347185E-4
1.4402055630965285E-4
1.4646471824251832E-4
1.4895056630723807E-4
1.5147881653301942E-4
1.5405019679612432E-4
1.5666544685540422E-4
1.5932531836966265E-4
1.6203057489620623E-4
1.6478199187001548E-4
1.6758035656301156E-4
1.704264682040763E-4
1.7332113823474374E-4
1.7626519067745274E-4
1.792594625950712E-4
1.8230480462215826E-4
1.854020815500652E-4
1.885521729495155E-4
1.9175597381577937E-4
1.9501439522290722E-4
1.983283649747976E-4
2.0169882824207352E-4
2.0512674817487985E-4
2.0861310648279498E-4
2.1215890397403156E-4
2.157651610470539E-4
2.194329181286045E-4
2.2316323605295487E-4
2.2695719637795872E-4
2.3081590163419256E-4
2.3473650498533982E-4
2.3872342924343752E-4
2.4277866076524577E-4
2.469051031759054E-4
2.5110701481579646E-4
2.553904898784703E-4
2.597638624299716E-4
2.642376823119749E-4
2.6882259654601663E-4
2.7351873248933773E-4
2.7827577747176397E-4
2.8300577517136207E-4
2.878167101702732E-4
2.927099629965906E-4
2.9768692999459953E-4
3.0274902241237724E-4
3.0789766542855716E-4
3.1313429712091144E-4
3.184603673795129E-4
3.2387733676732093E-4
3.2938667533113236E-4
3.349898719980479E-4
3.40688442660774E-4
3.464839370411651E-4
3.523779444170614E-4
3.583720982932325E-4
3.644680800932197E-4
3.7066762194498356E-4
3.769725086295396E-4
3.833845787582269E-4
3.899057252407934E-4
3.965378951032603E-4
4.032830887113485E-4
4.101433584522583E-4
4.1712080692473357E-4
4.2421758468455615E-4
4.3143588759000863E-4
4.387779537892967E-4
4.462460603895324E-4
4.5384251984455383E-4
4.61569676096663E-4
4.694233700221054E-4
4.7741040813784844E-4
4.8553375264510066E-4
4.937975479877554E-4
5.022078653647464E-4
5.107736478749169E-4
5.195077511019637E-4
5.284276286699215E-4
5.375530848674482E-4
5.468906142453389E-4
5.563693181028724E-4
5.658523566756081E-4
5.754973554845863E-4
5.853066231286495E-4
5.95282430455877E-4
6.054270060800172E-4
6.157425319917543E-4
6.262311392738138E-4
6.368949039280545E-4
6.4773584282186E-4
6.587565339506051E-4
6.699600488567698E-4
6.813498889880164E-4
6.929299258259732E-4
7.047043446235396E-4
7.166775915942853E-4
7.28854324403156E-4
7.412393658131602E-4
7.538376603479463E-4
7.666542338353423E-4
7.796941557017867E-4
7.929625038924488E-4
8.064643322964034E-4
8.20204640560709E-4
8.341883461815992E-4
8.484202587651561E-4
8.629050563539076E-4
8.776472637196937E-4
8.926512325269566E-4
9.079211232742719E-4
9.234608889254622E-4
9.392645658063809E-4
9.553409203791833E-4
9.716929708845294E-4
9.883248124285904E-4
0.0010052427583450798
0.0010224569488360654
0.0010399833927424314
0.0010578459392508901
0.0010760745652473164
0.0010946844891407215
0.0011135831068445246
0.0011325744744936608
0.0011518632829062637
0.0011714496238301776
0.0011913332880535137
0.001211513766489276
0.0012319902518837314
0.0012527616411066099
0.0012738265379831483
0.0012952199013672016
0.0013169732836441652
0.0013391149944069365
0.0013616702581945239
0.001384661366477254
0.0014081078240674569
0.00143202649012947
0.0014564317139578718
0.0014813354656881847
0.001506747462099557
0.0015326752876645337
0.0015591245109965086
0.0015860987968412807
0.0016136000137549188
0.0016416283376060878
0.0016701823510370361
0.0016992591390136438
0.001728854380591139
0.0017589624370184464
0.0017895764363006414
0.001820688354335477
0.001852289092736582
0.0018843555285425475
0.0019168818651710605
0.0019498543940997606
0.00198325982811266
0.002017086967156605
0.00205132923208913
0.0020859881969544384
0.002121077681961068
0.002156623855305417
0.0021926406260088073
0.00222900761597686
0.0022654580982461084
0.002302211320163203
0.002339249704851477
0.002376555438211679
0.0024141105066230037
0.002451896732810515
0.0024898958099443293
0.0025302406602828445
0.0025727662515740457
0.0026173137546729817
0.002663730358622817
0.0027118690906015176
0.0027615886406157945
0.002812753190826723
0.0028652322493941296
0.0029189004887293325
0.0029736375880485195
0.003029328080121415
0.0030858612021124414
0.003143130750413832
0.0032010349393725664
0.003259476263815314
0.003318361365277666
0.003377600901846231
0.0034371094215242667
0.003496805239033579
0.0035566103159674575
0.003616450144211459
0.0036762536325507206
0.00373595299638441
0.0037954681309488474
0.0038547408036350202
0.003913707944074215
0.00397230993574822
0.004030492542967359
0.004088210266477098
0.0041454315495186985
0.004202145663362173
0.004258366286284635
0.0043141071879071605
0.004369241067101262
0.004423456718179964
0.004476943123553856
0.004529668783099406
0.004581604172857286
0.004632721675076998
0.004682995510271843
0.004858700969384348
0.005027063143694225
0.005188281197358999
0.005342549640530742
0.0054900584301131585
0.005630993068436532
0.005765534699892303
0.005893860205568085
0.006016142295923313
0.006132549601544666
0.006243246762019917
0.006348394512967882
0.006448149771261625
0.006542665718481041
0.006632091882630539
0.006716574218156713
0.006796255184300127
0.006871273821814792
0.0069417658280882455
0.0070078636306943765
0.007069696459410672
0.007127390416730806
0.007181068546902956
0.007230850903523601
0.007276839302004491
0.007319146276800764
0.007357875056986892
0.007393125481596667
0.007424996339886764
0.0074535897042807865
0.007479018013578482
0.0075014141574315405
0.007520940140743766
0.007537770069636201
0.007551956553286622
0.00756334684986185
0.007572158718641822
0.007578476681722977
0.007582383130100173
0.0075839583717402835
0.014998015066645822
0.014742581536828694
0.014491498337053139
0.014244691376012244
0.014002087824267305
0.013763616092756453
0.013529205811669312
0.0132987878096815
0.01307229409354276
0.012849657828012735
0.012630813316138486
0.012415695979867952
0.01220424234099347
0.011996390002420015
0.011792077629752325
0.011591244933195749
0.011393832649765253
0.011199782525797512
0.01100903729976076
0.010821540685357534
0.010637237354915076
0.010456072923058708
0.01027799393066323
0.010102947829077695
0.009930882964618809
0.009761738742488793
0.00959545824789446
0.009431983403348707
0.009271255698763484
0.009113218101510582
0.008957818773277655
0.008805017294235978
0.008654793779693025
0.00850715830557572
0.008362144972456846
0.008219730172604748
0.008079740825602085
0.007942135623701654
0.007806873962669459
0.007673915929803062
