9.108688145327186E-8
1.82949616886618E-7
2.755948274125345E-7
3.6902919114828317E-7
4.6325944370873346E-7
5.582923787034634E-7
6.541348482381382E-7
7.507937634202169E-7
8.482760948690142E-7
9.465888732301407E-7
1.0457391896943887E-6
1.1457341965210558E-6
1.2465811075657808E-6
1.3482871988128967E-6
1.4508598089123661E-6
1.554306339721314E-6
1.6586342568501984E-6
1.7638510902136638E-6
1.8699644345861157E-6
1.9769819501620487E-6
2.084911363121172E-6
2.1937604661983603E-6
2.303537119258506E-6
2.4142492498762653E-6
2.5259048539207697E-6
2.638511996145356E-6
2.752078810782328E-6
2.866613502142802E-6
2.982124345221727E-6
3.0986196863080285E-6
3.216107943600046E-6
3.3345976078261893E-6
3.4540972428709536E-6
3.574615486406302E-6
3.696161050528482E-6
3.8187427224002825E-6
3.942369364898851E-6
4.067049917269092E-6
4.192793395782664E-6
4.3196088944026926E-6
4.4475055854542015E-6
4.576492720300373E-6
4.706579630024612E-6
4.837775726118556E-6
4.970090501176029E-6
5.103533529593018E-6
5.238114468273755E-6
5.373843057342901E-6
5.5107291208639204E-6
5.6487825675638105E-6
5.788013391564001E-6
5.9284316731177154E-6
6.070196803948644E-6
6.2134489038734304E-6
6.358381316111814E-6
6.505236283785497E-6
6.654276964977434E-6
6.805717567482604E-6
6.959587214236072E-6
7.115503678104572E-6
7.272392731510583E-6
7.4285246437590125E-6
7.58321723242088E-6
7.739227266395824E-6
7.896566013505338E-6
8.055244838670475E-6
8.215275204751925E-6
8.376668673397371E-6
8.539436905896167E-6
8.703591664041536E-6
8.869144811000218E-6
9.036108312189648E-6
9.204494236162813E-6
9.374314755500613E-6
9.545582147712044E-6
9.718308796142066E-6
9.892507190887245E-6
1.0068189929719268E-5
1.0245369719016317E-5
1.0424059374702326E-5
1.0513184941740972E-5
1.0603070485470669E-5
1.0693722535055584E-5
1.0785147676038039E-5
1.0877352550825084E-5
1.0970343859178996E-5
1.1064128358711866E-5
1.1158712865383913E-5
1.1254104254005957E-5
1.135030945874587E-5
1.1447335473638861E-5
1.1545189353102136E-5
1.1643878212453414E-5
1.1743409228433667E-5
1.1843789639734075E-5
1.194502674752716E-5
1.2047127916002347E-5
1.2150100572905676E-5
1.2253952210084085E-5
1.2358690384034134E-5
1.2464322716455263E-5
1.257085689480771E-5
1.2678300672875047E-5
1.278666187133164E-5
1.289594837831483E-5
1.300616815000215E-5
1.31173292111935E-5
1.3229439655898588E-5
1.334250764792931E-5
1.3456541421497822E-5
1.357154928181962E-5
1.3687539605722358E-5
1.3804520842260153E-5
1.392250151333353E-5
1.404149021431517E-5
1.4161495614681645E-5
1.4282526458650779E-5
1.4404591565825312E-5
1.4527699831842672E-5
1.465186022903071E-5
1.4777081807070074E-5
1.4903373693662563E-5
1.5030745095206349E-5
1.5159205297477243E-5
1.5288763666316957E-5
1.541942964832777E-5
1.5551212771573903E-5
1.568412264628986E-5
1.5818168965595266E-5
1.59533615062168E-5
1.608971012921705E-5
1.6227224780730005E-5
1.6365766268108932E-5
1.6505747659977158E-5
1.6647435953443936E-5
1.6791215428612082E-5
1.6937592190680733E-5
1.708716166635492E-5
1.7240507631572283E-5
1.7397984488035947E-5
1.755928196530437E-5
1.7722535379272698E-5
1.7882845288812323E-5
1.8035450391041048E-5
1.8189358992824564E-5
1.8344582306183337E-5
1.8501131640047168E-5
1.8659018401100856E-5
1.8818254094635925E-5
1.8978850325408705E-5
1.9140818798504723E-5
1.9304171320208854E-5
1.9468919798881697E-5
1.963507624584153E-5
1.9802652776252016E-5
1.9971661610015098E-5
2.0142115072669737E-5
2.0314025596294997E-5
2.0487405720418852E-5
2.0662268092931132E-5
2.0838625471001472E-5
2.101649072200157E-5
2.119587682443254E-5
2.137679686885677E-5
2.1559264058835295E-5
2.1743291711870122E-5
2.1928893260352592E-5
2.2116082252517758E-5
2.2304872353405304E-5
2.249527734582735E-5
2.2687311131343896E-5
2.2880987731246163E-5
2.3076321287548328E-5
2.327332606398839E-5
2.3472016447038354E-5
2.367240694692483E-5
2.387451219865987E-5
2.4078346963083246E-5
2.4283926127915996E-5
2.449126470882635E-5
2.4700377850508458E-5
2.4911280827773487E-5
2.5123989046655044E-5
2.533851804552809E-5
2.555488349624216E-5
2.5773101205269424E-5
2.5993187114867746E-5
2.6215157304258827E-5
2.6439027990822237E-5
2.6664815531304882E-5
2.6892536423046867E-5
2.7122207305223235E-5
2.735384496010193E-5
2.7587466314318216E-5
2.7823088440165474E-5
2.806072855690206E-5
2.8300404032075334E-5
2.8542132382860573E-5
2.8785931277417293E-5
2.9031818536260714E-5
2.9279812133649283E-5
2.9529930198987574E-5
2.9782191018244246E-5
3.0036613035385423E-5
3.0293214853821545E-5
3.055201523786934E-5
3.08130331142268E-5
3.107628757346125E-5
3.134179787151058E-5
3.1609583431195576E-5
3.187966384374457E-5
3.2152058870328595E-5
3.242678844360617E-5
3.270333985410463E-5
3.298246129220369E-5
3.326451688090409E-5
3.355007790945953E-5
3.383996900878144E-5
3.413527943606582E-5
3.4437294856184305E-5
3.474726557734752E-5
3.506574605701108E-5
3.539059177619876E-5
3.571193857471753E-5
3.601663944431599E-5
3.632394974147178E-5
3.66338919552285E-5
3.6946488769913474E-5
3.726176306672761E-5
3.7579737925328556E-5
3.790043662540732E-5
3.82238826482567E-5
3.855009967832937E-5
3.887911160478686E-5
3.92109425230355E-5
3.954561673625022E-5
3.9883158756883186E-5
4.022359330815827E-5
4.0566945325547195E-5
4.0913239958229433E-5
4.1262502570544445E-5
4.1614758743449734E-5
4.197003427599211E-5
4.232835518680316E-5
4.2689747715625036E-5
4.305423832487573E-5
4.342185370125738E-5
4.3792620757416576E-5
4.4166566633658665E-5
4.4543718699721484E-5
4.4924104556612024E-5
4.5307752038508736E-5
4.569468921473152E-5
4.608494439178159E-5
4.64785461154518E-5
4.687552317300856E-5
4.727590459544557E-5
4.7679719659808866E-5
4.8086997891592546E-5
4.84977690672043E-5
4.89120632164989E-5
4.932991062537886E-5
4.975134183845855E-5
5.017638766179053E-5
5.0605079165651655E-5
5.1037447687384444E-5
5.14735248342924E-5
5.191334248658425E-5
5.235693280036426E-5
5.2804328210665E-5
5.3255561434517404E-5
5.371066547405591E-5
5.416967361965195E-5
5.463261945307333E-5
5.509953685066374E-5
5.557045998653867E-5
5.604542333579164E-5
5.652446167770856E-5
5.7007610098980496E-5
5.749490399691639E-5
5.7986379082644774E-5
5.84820713843033E-5
5.898201725020902E-5
5.9486253352005776E-5
5.9994816687782893E-5
6.0507744585159556E-5
6.102507470433122E-5
6.154684504107264E-5
6.2073093929691E-5
6.260386004592753E-5
6.313918240979825E-5
6.367910038837352E-5
6.422365369848882E-5
6.477288240938246E-5
6.5325659243823E-5
6.588319289874338E-5
6.644593307467273E-5
6.701465633405367E-5
6.75905853016691E-5
6.817548994157637E-5
6.877171377336036E-5
6.938199396715541E-5
7.00085511649369E-5
7.064940521927721E-5
7.12875315687936E-5
7.1896441162637E-5
7.251057840910767E-5
7.312998852099712E-5
7.375471709134359E-5
7.438481009433425E-5
7.502031388606457E-5
7.566127520515885E-5
7.630774117324296E-5
7.695975929526953E-5
7.761737745969428E-5
7.828064393849725E-5
7.894960738705034E-5
7.962431684382529E-5
8.030482172994476E-5
8.099117184856824E-5
8.168341738563298E-5
8.238160891183644E-5
8.308579738576738E-5
8.379603415807767E-5
8.451237097661146E-5
8.523485999239309E-5
8.596355376639406E-5
8.669850527699039E-5
8.743976792803785E-5
8.818739555748357E-5
8.894144244644346E-5
8.97019633286777E-5
9.046901340039686E-5
9.124264833033387E-5
9.202292427002494E-5
9.280989786423869E-5
9.360362626150159E-5
9.440416712466526E-5
9.52115786414682E-5
9.602591953504319E-5
9.684724907432795E-5
9.767562708433397E-5
9.851111395623786E-5
9.935377065725272E-5
1.0020365874024658E-4
1.0106084035307573E-4
1.0192537824759814E-4
1.0279733578833995E-4
1.0367677696078626E-4
1.0456376637927018E-4
1.0545836929443732E-4
1.0636065160026076E-4
1.0727067984058982E-4
1.0818852121520823E-4
1.0911424358538747E-4
1.1004791547891857E-4
1.1098960609460684E-4
1.1193938530621514E-4
1.12897323665848E-4
1.1386349240675653E-4
1.1483796344556664E-4
1.1582080938391101E-4
1.1681210350946434E-4
1.1781191979637237E-4
1.1882033290507069E-4
1.1983741818148946E-4
1.2086325165563811E-4
1.2189791003957102E-4
1.229414707247323E-4
1.2399401177867495E-4
1.2505561194116135E-4
1.2612635061963866E-4
1.2720630788409744E-4
1.2829556446131228E-4
1.2939420172846717E-4
1.305001843273394E-4
1.3161529410527526E-4
1.3274001765348163E-4
1.3387530970371158E-4
1.3502282688901895E-4
1.361851863359755E-4
1.3736618528201102E-4
1.3857079610873592E-4
1.3980404222671512E-4
1.4106500879514694E-4
1.4232733673080682E-4
1.4354528215245748E-4
1.4477371767177854E-4
1.4601273274956014E-4
1.4726241733159173E-4
1.4852286183333774E-4
1.4979415712412057E-4
1.5107639451083957E-4
1.5236966572122125E-4
1.536740628866211E-4
1.5498967852438825E-4
1.5631660551979824E-4
1.576549371075745E-4
1.5900476685300088E-4
1.603661886326482E-4
1.6173929679107923E-4
1.6312418628658797E-4
1.6452095282634094E-4
1.659296929912961E-4
1.6735050435124756E-4
1.6878348557035754E-4
1.7022873650350355E-4
1.7168635828378463E-4
1.7315645340149733E-4
1.7463912577491122E-4
1.7613448081313875E-4
1.7764262547140556E-4
1.7916366829900967E-4
1.8069771948025788E-4
1.8224489086865014E-4
1.8380529601458708E-4
1.8537905018685682E-4
1.8696627038816487E-4
1.8856707536494586E-4
1.901815856117067E-4
1.9180992337013305E-4
1.9345221262318915E-4
1.9510857908443128E-4
1.967791501827581E-4
1.9846405504279972E-4
2.0016342446115533E-4
2.0187739087868133E-4
2.0360608834901487E-4
2.053496525035305E-4
2.0710822051290525E-4
2.0888193104547233E-4
2.1067092422253852E-4
2.124753415708251E-4
2.1429532597220543E-4
2.161310216108854E-4
2.1798257391818785E-4
2.1985012951508475E-4
2.2173383615262614E-4
2.2363384265039674E-4
2.255502988331467E-4
2.2748335546571454E-4
2.2943316418638334E-4
2.3139987743877935E-4
2.33383648402444E-4
2.3538463092218493E-4
2.374029794363248E-4
2.3943884890395244E-4
2.414923947312781E-4
2.4356377269719968E-4
2.4565313887817423E-4
2.4776064957248627E-4
2.498864612240112E-4
2.5203073034555106E-4
2.5419361344183693E-4
2.563752669322776E-4
2.585758470735277E-4
2.607921031186762E-4
2.6302642915945133E-4
2.6527922982579294E-4
2.6755151409195996E-4
2.698452921904392E-4
2.721640803413779E-4
2.74513457749064E-4
2.7690143884323695E-4
2.793372876364084E-4
2.81822699801062E-4
2.843206043745779E-4
2.867601084860266E-4
2.892205141284327E-4
2.917019671943883E-4
2.942046122769671E-4
2.9672859259807565E-4
2.9927404993756296E-4
3.018411245631612E-4
3.044299551612672E-4
3.070406787686089E-4
3.096734307048302E-4
3.1232834450601834E-4
3.150055518592023E-4
3.177051825378576E-4
3.2042738486993527E-4
3.2317232461739204E-4
3.259401838885967E-4
3.287311600829094E-4
3.3154546486673363E-4
3.343833231803589E-4
3.3724497227493195E-4
3.4013066077888827E-4
3.4304064779320473E-4
3.4597520201483476E-4
3.489346008877114E-4
3.51919129780698E-4
3.54929081191888E-4
3.57964753978669E-4
3.61026452612974E-4
3.641144864611425E-4
3.672291690878442E-4
3.7037081758351366E-4
3.7353975191476286E-4
3.7673629429723824E-4
3.7996076859041244E-4
3.832134997137985E-4
3.8649481308409607E-4
3.8980503407276437E-4
3.931444874835667E-4
3.96513497049597E-4
3.9991238494933157E-4
4.033414713412611E-4
4.0680107391664715E-4
4.1029150746997914E-4
4.138130834866945E-4
4.173661097477472E-4
4.209508899506183E-4
4.2456772334635085E-4
4.28216904392239E-4
4.3189872241974913E-4
4.356134613173261E-4
4.3936139922768936E-4
4.4314280825926425E-4
4.469579542113863E-4
4.508070963129276E-4
4.5469048697399796E-4
4.586083715503903E-4
4.625609881204307E-4
4.6654856727391643E-4
4.7057133191281465E-4
4.7462949706342044E-4
4.787232696996615E-4
4.828528485772513E-4
4.870184240783989E-4
4.91220178066787E-4
4.954582837525378E-4
4.997329055668919E-4
5.0404419904632E-4
5.083923107258166E-4
5.127773780411138E-4
5.171995292395489E-4
5.216539141736614E-4
5.261432460058267E-4
5.306674552694086E-4
5.352271484759211E-4
5.398242149901076E-4
5.444626817569831E-4
5.491497977288585E-4
5.538970844876293E-4
5.587194385257775E-4
5.636233620235524E-4
5.685617052787886E-4
5.734344664736825E-4
5.783451066736457E-4
5.832936204499355E-4
5.882799927324615E-4
5.9330419882872E-4
5.983662044477786E-4
6.034659657291888E-4
6.086034292766228E-4
6.13778532196071E-4
6.189912021384681E-4
6.24241357346548E-4
6.295289067058086E-4
6.34856139983582E-4
6.402252350589383E-4
6.456382606298129E-4
6.510971788706478E-4
6.56603848041325E-4
6.621600250481324E-4
6.67767367957543E-4
6.734274384635222E-4
6.791417043091148E-4
6.849115416630111E-4
6.907382374518196E-4
6.966229916487372E-4
7.025669195193111E-4
7.085710538249589E-4
7.146363469849386E-4
7.207636731974152E-4
7.269538305202802E-4
7.332075429123526E-4
7.395254622356235E-4
7.45908170219133E-4
7.5235618038513E-4
7.588699399380795E-4
7.654498316171517E-4
7.720961755127756E-4
7.788092308478008E-4
7.855891977238962E-4
7.924362188337087E-4
7.993503811393444E-4
8.063317175177322E-4
8.133802083733974E-4
8.204957832191869E-4
8.27678322225457E-4
8.349276577382479E-4
8.422435757669679E-4
8.4962581744204E-4
8.570740804430935E-4
8.645880203980746E-4
8.721672522538538E-4
8.798113516187542E-4
8.875198560774659E-4
8.952922664788339E-4
9.031280481969386E-4
9.110266323659322E-4
9.189874170890788E-4
9.270097686224059E-4
9.350930225334188E-4
9.432364848352768E-4
9.514394330968659E-4
9.597011175291526E-4
9.680207620482451E-4
9.763975653155339E-4
9.848307017553191E-4
9.933193225503023E-4
0.00100186255661532
0.0010104595115496922
0.001019109274568542
0.001027810913413493
0.0010365634772430262
0.0010453594331703286
0.0010542002599820354
0.0010630839464627108
0.001072009082607186
0.0010809757038377388
0.0010899865960739626
0.0010990491299068478
0.0011081773961154392
0.0011173922421714385
0.0011267073277851738
0.0011360696965954926
0.001145351400865257
0.0011546703409745691
0.0011640253890955535
0.0011734154099640192
0.00118283926148925
0.001192295795348735
0.001201783857568215
0.001211302289087251
0.0012208499263105716
0.00123042560164551
0.0012400281440257204
0.001249934633777212
0.0012601343347910412
0.0012706167142397186
0.0012813714395227315
0.0012923883752525972
0.0013036575802809257
0.001315169304764015
0.001326913987267501
0.0013388822519095568
0.0013510649055421965
0.0013634529349702002
0.0013760375042071852
0.0013888099517683954
0.0014017617879997322
0.0014148846924425867
0.0014281705112340287
0.0014416112545419324
0.0014551990940345773
0.0014689263603843217
0.0014827855408049203
0.0014967692766220662
0.0015108703608767524
0.0015250817359610208
0.0015393964912857484
0.0015538078609800188
0.0015683092216217112
0.0015828940899989164
0.0015975561209018076
0.0016122891049445563
0.001627086966416948
0.0016419437611653062
0.0016568536745023923
0.0016718110191458596
0.0016868102331849748
0.0017018458780751978
0.001716912636660287
0.0017320053112216368
0.0017471188215543824
0.0017622482030700808
0.0017773886049255367
0.0017925352881774646
0.0018076836239627058
0.0018228290917036115
0.0018379672773383162
0.0018530938715755965
0.0018682046681739659
0.0018832955622447305
0.0018983625485787037
0.0019134017199962498
0.001928409265720403
0.0019433814697727319
0.0019583147093916956
0.0019732054534731705
0.001988050261032893
0.0020028457796905366
0.002017588744175141
0.0020322759748515893
0.0020469043762679634
0.0020614709357233917
0.0020759650581445143
0.002090385204221913
0.0021047261737780778
0.0021189831129595884
0.0021331525698876862
0.002147234300107697
0.0021612340441588707
0.002175167195242595
0.0021890607477553737
0.0022029394938219062
0.0022167571326100685
0.0022303716313800265
0.0022438920582967575
0.002257316420058921
0.0022706427869161015
0.002283869291532117
0.002296994127864731
0.0023100155500616814
0.0023229318713727755
0.0023357414630778162
0.0023484427534302033
0.002393427331570861
0.002437465955654526
0.002480571556409005
0.0025227569122244003
0.00256403465081603
0.002604417250870053
0.002643917043671882
0.002682546214717699
0.0027203168053090768
0.002757240714131034
0.002793329698813563
0.00282859537747692
0.0028630492302606984
0.0028967026008369754
0.0029295666979076624
0.0029616525966861397
0.00299297124036346
0.003023533441559155
0.003053349883756927
0.003082431122725237
0.003110787587923067
0.003138429583890956
0.0031653672916274285
0.0031916107699509963
0.0032171699568479175
0.0032420546708057784
0.0032662746121330972
0.003289839364265056
0.0033127583950555606
0.0033350410580556926
0.00335669659377872
0.003377734130951854
0.003398162687754802
0.0034179911730453107
0.0034372283875717833
0.003455883025173201
0.0034739636739662925
0.0034914788175203363
0.0035084368360194557
0.0035248460074127443
0.00354071450855223
0.0035560504163188096
0.0035708617087363607
0.0035851562660740408
0.0035989418719369467
0.003612226214345283
0.0036250168868020892
0.0036373213893496864
0.003649147129614981
0.003660501423843635
0.0036713914979233744
0.0036818244883963878
0.0036918074434610522
0.003701347323963015
0.0037104510043757593
0.003719125273770813
0.003727376836777621
0.003735212314533226
0.0037426382456219117
0.0037496610870048166
0.0037562798851626883
0.0037624997217538293
0.003768322592546689
0.0037737500309466777
0.0037787842572501147
0.0037834303631852657
0.0037876999431428913
0.0037916163413706182
0.003795219265951624
0.003798555063137985
0.003801611274278591
0.003804271056068207
0.003806604729882515
0.0038086177011340074
0.0038103153064403027
0.003811702814407168
0.0038127854264031107
0.0038135682773256796
0.0038140564363596187
0.0038142549077268078
0.00758522639575109
0.007520079085106004
0.007455491306151999
0.007391458253221231
0.007327975161920598
0.007265037308777292
0.007202640010887306
0.007140778625567017
0.0070794485500077255
0.0070186452209331585
0.006958364114259987
0.0068986007447611455
0.006839350665732157
0.006780609468660209
0.006722372782896175
0.006664636275329405
0.006607395650065308
0.006550646648105701
0.006494385047031917
0.006438606660690642
0.006383307338882422
0.006328482967052871
0.006274129465986524
0.006220242791503316
0.0061668189341576585
0.006113853918940122
0.006061343804981668
0.006009284685260428
0.005957672686310983
0.005906503967936169
0.005855774722921347
0.005805481176751072
0.005755619587328318
0.005706186244695997
0.005657177470760941
0.005608589619020186
0.005560419074289707
0.005512662252435378
0.005465315600106323
0.0054183755944704984
0.005371838742952587
0.005325701582974147
0.005279960681695923
0.005234612635762473
0.005189654071048926
0.005145081642409899
0.005100892033430638
0.0050570819561802155
0.005013648150966917
0.0049705873860957095
0.0049278964576277475
0.004885572189142004
0.004843611431498924
0.004802011062606106
0.004760767987186004
0.004719879136545613
0.004679341468348142
0.004639151966386653
0.0045993076403596286
0.004559805525648486
0.004520642683096968
0.004481811741194352
0.004443306449572975
0.00440511950283557
0.004367242835790857
0.004329668503427956
0.004292390493677496
0.00425540788728098
0.004218729659114845
0.0041823799221721
0.004146394944679746
0.004110783316593158
0.00407547754192495
0.004040474993821231
0.004005773067989219
0.003971369182503501
0.003937260777613905
0.003903445315555048
0.0038699202803575143
0.003836683177660658
