1.7618727274066672E-6
3.583108959406206E-6
5.4662704962498055E-6
7.414245861927309E-6
9.430166408898742E-6
1.1517104532494241E-5
1.3677405407778814E-5
1.591159033884775E-5
1.8217410685347226E-5
2.0593888323761132E-5
2.3049661964882305E-5
2.558738742947929E-5
2.8209810236151525E-5
3.091976864213291E-5
3.372019678854148E-5
3.661412795339332E-5
3.960469791551038E-5
4.2695148432192824E-5
4.5888830833194234E-5
4.918920973313399E-5
5.0839392867971545E-5
5.2546970674651715E-5
5.431524420995206E-5
5.614798832727611E-5
5.8049300432634465E-5
6.002318624200077E-5
6.20727129243236E-5
6.419844886440483E-5
6.63958597780545E-5
6.864981601696822E-5
7.094682052543619E-5
7.332066008786793E-5
7.577392428076235E-5
7.830929037694299E-5
8.092952635774732E-5
8.36374940209285E-5
8.643615217884037E-5
8.93285599394207E-5
9.231788006039822E-5
9.540738236505035E-5
9.859904849792171E-5
1.0189888704147435E-4
1.0531193320810418E-4
1.0884411939519573E-4
1.1250242773389634E-4
1.162949019551731E-4
1.2023035137027677E-4
1.243174406341237E-4
1.2856228187368908E-4
1.329623633200184E-4
1.3748396598349546E-4
1.420806977057983E-4
1.468316199673974E-4
1.517419391783925E-4
1.5681703932337335E-4
1.6206248783030657E-4
1.6748404137304068E-4
1.7308765154066695E-4
1.7887947030379163E-4
1.8486585520563646E-4
1.9105337488317623E-4
1.9744492283655767E-4
2.0405188230281402E-4
2.1088325654307024E-4
2.1794955219087123E-4
2.25263217702759E-4
2.328390046344825E-4
2.4069403659073338E-4
2.488470971276182E-4
2.5731528049911887E-4
2.661026865544067E-4
2.751493642165279E-4
2.8435664659248446E-4
2.9387356232889026E-4
3.037106163998779E-4
3.138786664934868E-4
3.2438892689815464E-4
3.352529703297565E-4
3.4648272753749597E-4
3.5809048455477134E-4
3.700888977428266E-4
3.824910211226066E-4
3.953025108773459E-4
4.0854409813811623E-4
4.2223209526308104E-4
4.3638520767585597E-4
4.5102543952986815E-4
4.661790789022884E-4
4.8187752201114673E-4
4.981572336807385E-4
5.150555749185895E-4
5.325923452169434E-4
5.506761323555597E-4
5.691350002728913E-4
5.882170472271679E-4
6.079433031511335E-4
6.283352666281605E-4
6.494148472974842E-4
6.712043013731061E-4
6.937261609454565E-4
7.170037624155835E-4
7.410616283871778E-4
7.659257227429393E-4
7.916101592427755E-4
8.181535942850274E-4
8.455881894377101E-4
8.739500599387556E-4
9.03280640135959E-4
9.336284103552023E-4
9.650507898625194E-4
9.976152992641442E-4
0.0010313948867571037
0.0010664405872203501
0.0011026302606535856
0.0011396994218699254
0.0011780193720383814
0.0012176251243374622
0.001258550441118887
0.0013008275707449832
0.0013444869975157282
0.001389575257327743
0.0014361510911923617
0.001484282041147359
0.001534041451346559
0.0015854852499386284
0.0016387026421347474
0.0016937697450855973
0.0017507626770480286
0.0018097584405118985
0.0018708369803621713
0.0019340843400252944
0.0019995958846444847
0.0020674723599261057
0.0021377837002118805
0.0022103494884740094
0.0022847593934551243
0.002361464916369523
0.002440463718812538
0.0025217443555518378
0.002605286402193912
0.0026915995346240163
0.002781094645927451
0.0028740932076758625
0.002970835962502692
0.003071490988752636
0.003176132714754786
0.00328481829810799
0.003397537060424224
0.0035142349440232317
0.0036348232144370047
0.003759188501633275
0.0038872044965208514
0.004018744456503868
0.004153685431824372
0.004291870570614261
0.004432826348859138
0.0045757561146163046
0.004720910945227731
0.004868016630934609
0.005016793668471411
0.005183047108789813
0.005364337507457931
0.005558406123942238
0.005763164317765362
0.0059766834936473175
0.006197185569364998
0.006422998925707662
0.006652629356571911
0.006884688745295314
0.007117907275469611
0.007351130272321284
0.007583318357662468
0.007813551782348679
0.008041038557425502
0.008265116292423665
0.008485207570769869
0.008700487607477853
0.008909809173525815
0.009113168904601237
0.009310134620855472
0.009980610800724196
0.010595733572806545
0.011158458611466365
0.01167160569987995
0.01213786451713375
0.012559800190109487
0.012939858619420812
0.01328033530730305
0.013583452057431795
0.013851309315878219
0.014085906348216817
0.014289150526696022
0.014462870584863202
0.014608835268235018
0.014728777598415267
0.014824415376178327
0.014897427742092345
0.014949153057313367
0.01498043587723829
0.014992855755716543
0.029325820949400977
0.02834365664359547
0.027394386451932408
0.02647690870099872
0.02559015861421491
0.02473310707609165
0.023904759437874123
0.0231041543631881
0.02233033723090838
0.02158239384215155
0.020859436528594042
0.02016060539306411
0.019485072095707094
0.01883204722085204
0.01820079220210781
0.017590635859251556
0.017000989410114447
0.01643133348646377
0.015881033450822687
0.015349163462444514
