1.0409156126847498E-7
2.091284451765875E-7
3.1511925311435884E-7
4.220726654269142E-7
5.299974421422728E-7
6.389024237058287E-7
7.487965317215825E-7
8.596887697001821E-7
9.715882238138277E-7
1.0845040636581041E-6
1.1984455430207868E-6
1.3134220006576959E-6
1.429442861075658E-6
1.5465176353226137E-6
1.664655921784964E-6
1.7838674069921935E-6
1.9041618664288535E-6
2.0255491653539466E-6
2.1480392596277944E-6
2.271642196546448E-6
2.396368115683725E-6
2.5222272497409063E-6
2.649229925404202E-6
2.7773865642100174E-6
2.906707683418146E-6
3.0372038968929075E-6
3.1688859159923293E-6
3.30176455046546E-6
3.435850709357877E-6
3.571155401925477E-6
3.7076897385566196E-6
3.84546493170269E-6
3.984492296817262E-6
4.124783253303764E-6
4.266349325471945E-6
4.4092021435030545E-6
4.5533534444239175E-6
4.698815073090006E-6
4.845598983177508E-6
4.993717238184608E-6
5.143182012441963E-6
5.294005592132523E-6
5.4462003763208435E-6
5.599778877991829E-6
5.754753725099219E-6
5.911137661623708E-6
6.068943548640943E-6
6.228184365399441E-6
6.388873210408544E-6
6.551183981047223E-6
6.715270569388776E-6
6.881344913244514E-6
7.049672585738688E-6
7.220542752195029E-6
7.394192611777976E-6
7.5706596350733094E-6
7.74953533064521E-6
7.929658720283985E-6
8.109150284784839E-6
8.287263801216823E-6
8.466994702635062E-6
8.648357738678432E-6
8.831367794506147E-6
9.016039892047964E-6
9.202389191265793E-6
9.390430991427212E-6
9.580180732390589E-6
9.77165399590219E-6
9.96486650690519E-6
1.0159834134860785E-5
1.0356572895081344E-5
1.0555098950075787E-5
1.0755428610907297E-5
1.0957578338563236E-5
1.1161564745337678E-5
1.1263313034957702E-5
1.1365986365156682E-5
1.1469593209178148E-5
1.157414211827224E-5
1.1679641722413463E-5
1.1786100731024552E-5
1.189352793370644E-5
1.2001932200974508E-5
1.2111322485001098E-5
1.2221707820364274E-5
1.2333097324803031E-5
1.2445500199978748E-5
1.2558925732243279E-5
1.267338329341361E-5
1.2788882341553001E-5
1.2905432421759052E-5
1.302304316695851E-5
1.3141724298709024E-5
1.3261485628008009E-5
1.3382337056108606E-5
1.3504288575342934E-5
1.3627350269952977E-5
1.3751532316928702E-5
1.3876844986854188E-5
1.4003298644761315E-5
1.413090375099176E-5
1.425967086206689E-5
1.4389610631566083E-5
1.4520733811013313E-5
1.4653051250772664E-5
1.4786573900952315E-5
1.4921312812317524E-5
1.5057279137212651E-5
1.5194484130492576E-5
1.5332939150463104E-5
1.5472655659831353E-5
1.561364522666541E-5
1.5755919525363944E-5
1.5899490337635764E-5
1.6044369553489377E-5
1.6190569172232792E-5
1.633810130348349E-5
1.6486978168188935E-5
1.6637212099657516E-5
1.6788815544600022E-5
1.6941801064182045E-5
1.709618133508682E-5
1.7251969150588965E-5
1.740917742163932E-5
1.7567658499449518E-5
1.7727856709972103E-5
1.7890059826363867E-5
1.8054681399971516E-5
1.822226601159503E-5
1.8393455137879813E-5
1.856888006549254E-5
1.8748930117764473E-5
1.8933287398053225E-5
1.9119971162983394E-5
1.9303712611894364E-5
1.9479348477025117E-5
1.9656583952926473E-5
1.983543370985247E-5
2.0015912553263444E-5
2.019803542508184E-5
2.0381817404957092E-5
2.0567273711540925E-5
2.075441970377116E-5
2.0943270882165307E-5
2.1133842890122566E-5
2.132615151523483E-5
2.1520212690605763E-5
2.1716042496177936E-5
2.1913657160067752E-5
2.211307305990781E-5
2.2314306724196457E-5
2.2517374833654534E-5
2.2722294222589692E-5
2.2929081880268462E-5
2.313775495229618E-5
2.3348330742005897E-5
2.3560826711856485E-5
2.377526048484062E-5
2.3991649845903205E-5
2.4210012743371676E-5
2.4430367290398248E-5
2.46527317664156E-5
2.487712461860631E-5
2.510356446338711E-5
2.533207008790945E-5
2.556266045157601E-5
2.5795354687575462E-5
2.6030172104435036E-5
2.6267132187592684E-5
2.650625460098918E-5
2.674755918868096E-5
2.6991065976474185E-5
2.7236795173581774E-5
2.7484767174302096E-5
2.7735002559722312E-5
2.798752209944412E-5
2.824234675333517E-5
2.8499497673304395E-5
2.8758996205102753E-5
2.9020863890148666E-5
2.928512246737998E-5
2.9551793875130563E-5
2.9820900253032927E-5
3.009246394394655E-5
3.0366507495911635E-5
3.064305366412818E-5
3.0922125412960215E-5
3.1203745917964974E-5
3.148793856794598E-5
3.177472696703093E-5
3.2064134936771985E-5
3.235618651826979E-5
3.265090597431887E-5
3.294831779157477E-5
3.324844668274175E-5
3.355131758877985E-5
3.3856955681131056E-5
3.416538636396305E-5
3.447663527642887E-5
3.479072829494318E-5
3.510711980738198E-5
3.542661486129627E-5
3.574960701716755E-5
3.6076711699915606E-5
3.640881612177241E-5
3.6747092297986866E-5
3.7092925574290344E-5
3.744766875441947E-5
3.781193714471752E-5
3.818346612338059E-5
3.855166919775883E-5
3.8902382809699075E-5
3.925629886440429E-5
3.961344679071982E-5
3.997385628973775E-5
4.033755733711932E-5
4.07045801854044E-5
4.107495536630847E-5
4.144871369300209E-5
4.1825886262373765E-5
4.220650445727228E-5
4.2590599948727305E-5
4.2978204698146014E-5
4.3369350959483274E-5
4.3764071281384E-5
4.416239850931728E-5
4.456436578771905E-5
4.497000656216036E-5
4.537935458155602E-5
4.5792443900425076E-5
4.620930888121621E-5
4.662998419670666E-5
4.705450483248508E-5
4.748290608952382E-5
4.791522358684809E-5
4.835149326430681E-5
4.8791751385449365E-5
4.92360345405113E-5
4.9684379649510364E-5
5.013682396545449E-5
5.0593405077663044E-5
5.105416091519862E-5
5.1519129750410556E-5
5.198835020258639E-5
5.246186124170958E-5
5.293970219232078E-5
5.342191273747726E-5
5.3908532922807405E-5
5.439960316065635E-5
5.489516423431473E-5
5.5395257302328926E-5
5.589992390288145E-5
5.640920595824125E-5
5.6923145779272216E-5
5.74417860699959E-5
5.7965169932198844E-5
5.849334087008039E-5
5.902634279492976E-5
5.9564220029826737E-5
6.010701731435741E-5
6.065477980933682E-5
6.120755310153061E-5
6.176538320836652E-5
6.232831658262894E-5
6.289640011712584E-5
6.346968114932284E-5
6.404820746593207E-5
6.463202730745151E-5
6.522118937264268E-5
6.581574282294095E-5
6.641573728678924E-5
6.702122286388633E-5
6.763225012934277E-5
6.824887013773618E-5
6.887113442705561E-5
6.949909502253096E-5
7.013155277315561E-5
7.076980966636194E-5
7.141435472356075E-5
7.206602661442716E-5
7.272614178940774E-5
7.339660408599795E-5
7.407993499410453E-5
7.477908455972818E-5
7.54964614937317E-5
7.62300017509896E-5
7.696146052060292E-5
7.766237761582243E-5
7.836971100939853E-5
7.908351984659511E-5
7.980386379839648E-5
8.053080306252562E-5
8.126439836423467E-5
8.200471095686767E-5
8.27518026221863E-5
8.350573567045925E-5
8.426657294030708E-5
8.503437779830151E-5
8.580921413831482E-5
8.659114638061466E-5
8.738023947307277E-5
8.817655889430996E-5
8.898017065860719E-5
8.979114132242302E-5
9.060953799236099E-5
9.143542833443833E-5
9.22688805845156E-5
9.3109963559751E-5
9.395874667094961E-5
9.481529993568553E-5
9.567969399207765E-5
9.655200011310772E-5
9.743229022137533E-5
9.83206369041865E-5
9.921711342888053E-5
1.0012179375830252E-4
1.0103475256633788E-4
1.0195606525342178E-4
1.0288580796195213E-4
1.0382405759152628E-4
1.0477089181393637E-4
1.0572638908785812E-4
1.0669062867316886E-4
1.0766369064483897E-4
1.0864565590634451E-4
1.096366062025468E-4
1.106366241319954E-4
1.1164579315860611E-4
1.1266419762267971E-4
1.1369192275121746E-4
1.1472905466750283E-4
1.1577568039991287E-4
1.1683188788993683E-4
1.1789776599936828E-4
1.1897340451665039E-4
1.2005889416235108E-4
1.2115432659374991E-4
1.2225979440851824E-4
1.233753911474772E-4
1.245012112964227E-4
1.2563735028700096E-4
1.2678390449663468E-4
1.2794097124748036E-4
1.291086488044231E-4
1.302870363720941E-4
1.3147623409091695E-4
1.3267634303217653E-4
1.3388746519211255E-4
1.3510970348503976E-4
1.3634316173549997E-4
1.3758794466944358E-4
1.388441579044545E-4
1.401096398586737E-4
1.4138631421071936E-4
1.4267471767880576E-4
1.4397588711773115E-4
1.4529161014692092E-4
1.4662470325803683E-4
1.4797924971051178E-4
1.4936059921076122E-4
1.5077417267084575E-4
1.5221908253001287E-4
1.5366711954791878E-4
1.5506922633546383E-4
1.564842069282894E-4
1.5791217785711523E-4
1.593532562893233E-4
1.6080756000535844E-4
1.6227520737439243E-4
1.6375631732927728E-4
1.65251009340803E-4
1.6675940339128115E-4
1.6828161994747356E-4
1.69817779932883E-4
1.7136800469943296E-4
1.7293241625727715E-4
1.745111374874519E-4
1.76104292338003E-4
1.7771200600419127E-4
1.7933440509337796E-4
1.809716177751672E-4
1.8262377391736786E-4
1.842910052083275E-4
1.8597344526616932E-4
1.8767122973545135E-4
1.8938449637175526E-4
1.911133851146951E-4
1.9285803814982096E-4
1.9461859995988906E-4
1.9639521736594247E-4
1.981880395586468E-4
1.999972181203016E-4
2.0182290703794981E-4
2.0366526270797883E-4
2.0552444393261425E-4
2.0740061190867477E-4
2.0929393020896575E-4
2.1120456475666696E-4
2.1313268379305903E-4
2.1507845783892712E-4
2.1704205964997262E-4
2.1902366416654212E-4
2.2102344845799057E-4
2.230415916619661E-4
2.2507827491891562E-4
2.2713368130208435E-4
2.2920799574328567E-4
2.313014049546941E-4
2.3341409734693288E-4
2.35546262943685E-4
2.3769809329307688E-4
2.3986978137605832E-4
2.4206152151201092E-4
2.4427350926178984E-4
2.465059413284148E-4
2.487590154556112E-4
2.5103293032438783E-4
2.533278854478551E-4
2.556440810644468E-4
2.579817180297357E-4
2.6034099770700053E-4
2.627221218567153E-4
2.651252925251135E-4
2.675507119319797E-4
2.69998582357813E-4
2.7246910603050914E-4
2.7496248501167857E-4
2.7747892108275423E-4
2.8001496871223936E-4
2.825732198717232E-4
2.851541365355681E-4
2.877588247703561E-4
2.903894595086248E-4
2.9304982582254016E-4
2.957459182067855E-4
2.9848634550813934E-4
3.012810750617865E-4
3.0413205637100745E-4
3.0699967344618285E-4
3.0980801714631915E-4
3.1264195612182684E-4
3.155016763897301E-4
3.1838736202624275E-4
3.2129919506323573E-4
3.242373553860068E-4
3.2720202063242444E-4
3.3019336609348387E-4
3.332115646153416E-4
3.362567865028672E-4
3.393291994247536E-4
3.4242899657384844E-4
3.455563950233555E-4
3.487116341344613E-4
3.518949740142118E-4
3.551066940224721E-4
3.583470913268398E-4
3.616164795044021E-4
3.649151871892351E-4
3.682435567645872E-4
3.7160194309868844E-4
3.749907123231561E-4
3.784102406529938E-4
3.818609132471891E-4
3.853431231089359E-4
3.8885727002454476E-4
3.9240375954008956E-4
3.9598300197489505E-4
3.995954114709479E-4
4.0324140507737825E-4
4.069214018691232E-4
4.1063582209895886E-4
4.143850863820419E-4
4.18169614912175E-4
4.2198982670899315E-4
4.258461388952862E-4
4.2973896600370583E-4
4.3366871931210604E-4
4.3763580620677817E-4
4.4164062957287856E-4
4.4568358721132676E-4
4.4976507128150454E-4
4.5388546776906877E-4
4.58045155978227E-4
4.622445080478151E-4
4.66483888490567E-4
4.7076365375493096E-4
4.7508415180884514E-4
4.794457217448583E-4
4.8384869340603956E-4
4.882933870320778E-4
4.927801129250355E-4
4.973091711342023E-4
5.018808511595036E-4
5.064954316729678E-4
5.11153180257708E-4
5.158543531639368E-4
5.205991950815224E-4
5.253879389285971E-4
5.302208056557543E-4
5.35098004065382E-4
5.400197306456591E-4
5.449861694188159E-4
5.499974918031725E-4
5.550538564885924E-4
5.601500937659107E-4
5.65289114583807E-4
5.704708495918333E-4
5.756959451824062E-4
5.809664119599883E-4
5.862865396151965E-4
5.916640601849919E-4
5.971112800045212E-4
6.026441388985825E-4
6.082697215218141E-4
6.139376810101983E-4
6.195410637128945E-4
6.251903469542489E-4
6.308855047629312E-4
6.366264979209696E-4
6.424132740032532E-4
6.482457674245469E-4
6.541238994937572E-4
6.600475784751643E-4
6.660166996563725E-4
6.720311454227061E-4
6.780938706871353E-4
6.842076763771808E-4
6.903752134070725E-4
6.965989865724974E-4
7.028813583692276E-4
7.0922455273689E-4
7.156306587291257E-4
7.221016341113921E-4
7.286393088875901E-4
7.352453887567373E-4
7.419214585008525E-4
7.486689853052122E-4
7.554893220121138E-4
7.623837103092927E-4
7.6935328385406E-4
7.763990713343031E-4
7.83521999467372E-4
7.907228959379481E-4
7.980024922759067E-4
8.053614266752282E-4
8.128002467549283E-4
8.203194122630565E-4
8.279192977246768E-4
8.356001950348506E-4
8.433623159975416E-4
8.512057948113803E-4
8.591306905032122E-4
8.671369893103386E-4
8.75224607012333E-4
8.833933912133277E-4
8.916431235756065E-4
8.999735220053854E-4
9.083842427916035E-4
9.168748826985497E-4
9.254449810131357E-4
9.340940215476307E-4
9.428214345986139E-4
9.516265988629611E-4
9.605088433115763E-4
9.694674490216817E-4
9.785016509683397E-4
9.87610639775983E-4
9.96793563430654E-4
0.0010060495289536326
0.0010153776040372103
0.0010247768186432047
0.0010342461665649651
0.0010437846069534943
0.0010533910658083257
0.0010630644374338305
0.0010728035858615641
0.0010826073462392566
0.0010924745261871151
0.0011024039071219492
0.0011123942455497973
0.0011224372591554868
0.0011325342816215405
0.0011426829115220318
0.0011528813792585225
0.0011631294479461619
0.0011734298082156124
0.0011837900417550644
0.00119422491338229
0.0012047564372311918
0.0012153991224304727
0.0012260963278412681
0.0012367112591965964
0.001247369241428392
0.001258068802013291
0.0012688084594970124
0.0012795867243553293
0.001290402099832206
0.0013012530827555655
0.0013121381643310971
0.001323055830914565
0.0013343414909920005
0.0013459812835045879
0.0013579616272007915
0.0013702692161541431
0.001382891015344414
0.0013958142563013645
0.001409026432810201
0.0014225152966779854
0.0014362688535601849
0.0014502753588465347
0.0014645233136054976
0.0014790014605865105
0.0014936987802792714
0.0015086044870292914
0.001523708025209048
0.001538999065443885
0.001554467500892065
0.0015701034435781725
0.001585897220779199
0.0016018393714626155
0.0016179206427757269
0.0016341319865856507
0.0016504645560692435
0.0016669097023523005
0.0016834589711973954
0.0017001040997397013
0.0017168370132701711
0.0017336498220654137
0.0017505348182636949
0.0017674844727863987
0.0017844914323044065
0.0018015485162487018
0.0018186487138647169
0.0018357851813097582
0.0018529512387929767
0.0018701403677572838
0.0018873462081027029
0.0019045625554505192
0.001921783358447782
0.0019390027161115184
0.0019562148752122134
0.0019734142276959577
0.0019905953081447905
0.0020077527912746966
0.0020248814894707682
0.00204197635035903
0.002059032454414406
0.0020760450126043606
0.0020930093640677723
0.0021099209738284544
0.002126775430542983
0.0021435684442822627
0.002160295844346452
0.002176953577112736
0.002193537703915517
0.002210044398958604
0.002226461769576678
0.0022427875950622195
0.0022590157706769776
0.0022751405750006306
0.0022911577935867716
0.0023070666438567964
0.002322872740238854
0.002338592015376215
0.002354252827817163
0.002369881418610321
0.0023854283601976527
0.002400742203161076
0.002415938281507139
0.002431014147735628
0.002445967439436281
0.0024607958776575035
0.002475497265300312
0.002490069485537276
0.0025045105002559818
0.002555611356803327
0.0026055664883383772
0.0026543925915488093
0.0027021061534202575
0.0027487234536766837
0.002794260567193621
0.002838733366384615
0.0028821575235611456
0.0029245485132662562
0.002965921614582297
0.0030062919134129272
0.003045674304739746
0.003084083494853795
0.0031215340035621866
0.003158040166370142
0.0031936161366387466
0.003228275887718563
0.003262033215059529
0.0032949017382972443
0.003326894903316008
0.003358025984288799
0.0033883080856944607
0.0034177541443123492
0.0034463769311946883
0.003474189053616856
0.0035012029570058397
0.003527430926847133
0.003552885090570278
0.0035775774194132387
0.003601519730265967
0.003624723687493222
0.0036472008047370172
0.00366896244669879
0.003690019830901616
0.0037103840294325993
0.0037300659706657495
0.0037490764409654257
0.0037674260863707165
0.0037851254142608104
0.003802184795001683
0.00381861446357422
0.0038344245211840403
0.0038496249368531674
0.003864225548993783
0.003878236066964226
0.0038916660726074684
0.003904525021772232
0.003916822245816924
0.003928566953096602
0.00393976823043318
0.003950435044568956
0.003960576243603771
0.003970200558415886
0.003979316604066797
0.003987932881190168
0.003996057777364977
0.0040036995684731855
0.004010858619766562
0.004017541683538434
0.004023752209185548
0.004029493128461726
0.0040347680773331965
0.004039583717736581
0.004043953595619814
0.00404790371431295
0.004051477442047488
0.004054725320566033
0.004057635537335908
0.004060085527241215
0.0040621504995436205
0.004063837299230348
0.004065152678220543
0.0040661032964956975
0.004066695723217201
0.004066936437831103
0.008084700852715712
0.008010676938275143
0.007937330790797321
0.007864656204598865
0.007792647030816302
0.007721297176885846
0.007650600606027907
0.007580551336736285
0.007511143442272141
0.007442371050162481
0.007374228341703324
0.00730670955146735
0.007239808966816109
0.007173520927416697
0.007107839824762788
0.007042760101700141
0.006978276251956406
0.006914382819675225
0.006851074398954633
0.006788345633389636
0.006726191215619052
0.0066646058868764235
0.006603584436545104
0.006543121701717353
0.006483212566757539
0.006423851962869304
0.006365034867666661
0.006306756304749113
0.00624901134328056
0.006191795097572097
0.00613510272666868
0.0060789294339394905
0.006023270466672133
0.00596812111567049
0.005913476714856283
0.005859332640874284
0.005805684312701131
0.0057525271912577435
0.005699856779025252
0.005647668619664484
0.005595958297638925
0.005544721437841095
0.00549395370522239
0.0054436508044263055
0.005393808479424999
0.005344422513159187
0.005295488727181357
0.005247002981302228
0.005198961173240434
0.005151359238275462
0.005104193148903734
0.0050574589144978185
0.005011152580968817
0.004965270230431808
0.0049198079808743305
0.004874761985827974
0.00483012843404289
0.004785903549165362
0.004742078869212918
0.004698647140136802
0.004655600010575614
0.004612928347768819
0.004570623169172285
0.004528677553555991
0.004487089962934033
0.004445869277609292
0.004405040276046664
0.0043646404971819895
0.004324678260172932
0.00428508191392777
0.004245848108374329
0.004206973524113624
0.004168454872139022
0.004130288893557988
0.004092472359316327
