6.173729276572799E-9
1.236154695411025E-8
1.8563485238308135E-8
2.477957640915735E-8
3.100985282111645E-8
3.725434690328395E-8
4.351309115957108E-8
4.9786118168875656E-8
5.6073460585255036E-8
6.237515113810146E-8
6.869122263231558E-8
7.502170794848139E-8
8.13666400430429E-8
8.772605194847854E-8
9.409997677347745E-8
1.0048844770311689E-7
1.0689149799903868E-7
1.1330916099962698E-7
1.1974147012018487E-7
1.2618845885311468E-7
1.3265016076809502E-7
1.3912660951225994E-7
1.4561783881038019E-7
1.521238824650409E-7
1.586447743568212E-7
1.6518054844447887E-7
1.7173123876512857E-7
1.7829687943442203E-7
1.8487750464673459E-7
1.9147314867534283E-7
1.980838458726102E-7
2.0470963067016992E-7
2.113505375791073E-7
2.1800660119014586E-7
2.2467785617382985E-7
2.313643372807116E-7
2.3806607934153282E-7
2.447831172674155E-7
2.5151548605004356E-7
2.582632207618539E-7
2.650263565562193E-7
2.7180492866763965E-7
2.7859897241192377E-7
2.854085231863875E-7
2.9223361647003357E-7
2.990742878237457E-7
3.059305728904769E-7
3.1280250739543853E-7
3.1969012714629414E-7
3.265934680333457E-7
3.3351256602973013E-7
3.4044745719160626E-7
3.4739817765835213E-7
3.543647636527541E-7
3.6134725148119965E-7
3.683456775338748E-7
3.7536007828495587E-7
3.8239049029280267E-7
3.894369502001557E-7
3.9649949473433236E-7
4.0357816070741885E-7
4.1067298501646917E-7
4.177840046437035E-7
4.2491125665670476E-7
4.320547782086111E-7
4.392146065383217E-7
4.4639077897069116E-7
4.5358333291672743E-7
4.607923058737972E-7
4.680177354258161E-7
4.752596592434627E-7
4.825181150843629E-7
4.897931407933041E-7
4.970847743024377E-7
5.043930536314692E-7
5.117180168878727E-7
5.190597022670863E-7
5.264181480527227E-7
5.337933926167705E-7
5.411854744197942E-7
5.485944320111468E-7
5.560203040291695E-7
5.634631292014039E-7
5.709229463447924E-7
5.783997943658858E-7
5.858937122610556E-7
5.934047391166981E-7
6.009329141094403E-7
6.084782765063579E-7
6.160408656651745E-7
6.236207210344763E-7
6.312178821539224E-7
6.388323886544553E-7
6.464642802585126E-7
6.541135967802354E-7
6.617803781256872E-7
6.694646642930612E-7
6.771664953728933E-7
6.848859115482791E-7
6.926229530950875E-7
7.003776603821704E-7
7.081500738715899E-7
7.15940234118815E-7
7.237481817729623E-7
7.315739575769871E-7
7.394176023679204E-7
7.472791570770755E-7
7.551586627302684E-7
7.630561604480438E-7
7.70971691445882E-7
7.789052970344307E-7
7.868570186197103E-7
7.948268977033492E-7
8.028149758828026E-7
8.108212948515641E-7
8.188458963993993E-7
8.268888224125623E-7
8.349501148740204E-7
8.430298158636794E-7
8.511279675586028E-7
8.592446122332486E-7
8.673797922596765E-7
8.755335501077917E-7
8.837059283455567E-7
8.918969696392271E-7
9.001067167535797E-7
9.083352125521289E-7
9.165824999973732E-7
9.248486221510076E-7
9.331336221741611E-7
9.414375433276225E-7
9.497604289720809E-7
9.5810232256835E-7
9.664632676775876E-7
9.748433079615489E-7
9.83242487182807E-7
9.916608492049925E-7
1.000098437993018E-6
1.0085552976133235E-6
1.0170314722340987E-6
1.0255270061255319E-6
1.034041943660035E-6
1.0425763293124853E-6
1.0511302076604659E-6
1.0597036233844878E-6
1.068296621268254E-6
1.0769092461988718E-6
1.0855415431671055E-6
1.0941935572676167E-6
1.1028653336991935E-6
1.1115569177650154E-6
1.1202683548728646E-6
1.1289996905353831E-6
1.137750970370325E-6
1.1465222401007827E-6
1.1553135455554311E-6
1.164124932668787E-6
1.1729564474814424E-6
1.1818081361403029E-6
1.1906800448988573E-6
1.199572220117397E-6
1.2084847082632807E-6
1.2174175559111792E-6
1.2263708097433088E-6
1.2353445165497095E-6
1.2443387232284618E-6
1.2533534767859716E-6
1.2623888243371774E-6
1.271444813105842E-6
1.28052149042478E-6
1.2896189037361195E-6
1.2987371005915507E-6
1.3078761286525855E-6
1.3170360356908037E-6
1.3262168695881096E-6
1.3354186783369986E-6
1.3446415100407925E-6
1.3538854129139133E-6
1.363150435282129E-6
1.3724366255828224E-6
1.381744032365236E-6
1.3910727042907335E-6
1.4004226901330775E-6
1.4097940387786634E-6
1.4191867992268009E-6
1.4286010205899505E-6
1.438036752094018E-6
1.4474940430785905E-6
1.4569729429972139E-6
1.466473501417648E-6
1.4759957680221332E-6
1.4855397926076571E-6
1.495105625086222E-6
1.5046933154851008E-6
1.5143029139471236E-6
1.52393447073092E-6
1.5335880362112043E-6
1.5432636608790493E-6
1.552961395342128E-6
1.5626812903250194E-6
1.5724233966694437E-6
1.582187765334568E-6
1.5919744473972382E-6
1.6017834940522974E-6
1.611614956612828E-6
1.6214688865104223E-6
1.631345335295484E-6
1.6412443546374666E-6
1.6511659963251923E-6
1.661110312267091E-6
1.6710773544914864E-6
1.6810671751468894E-6
1.6910798265022654E-6
1.7011153609473072E-6
1.71117383099272E-6
1.7212552892705043E-6
1.7313597885342322E-6
1.741487381659336E-6
1.7516381216433793E-6
1.761812061606349E-6
1.7720092547909429E-6
1.7822297545628246E-6
1.7924736144109562E-6
1.8027408879478448E-6
1.8130316289098339E-6
1.8233458911574165E-6
1.8336837286754912E-6
1.8440451955736643E-6
1.8544303460865474E-6
1.8648392345740244E-6
1.875271915521565E-6
1.8857284435404927E-6
1.896208873368298E-6
1.9067132598689245E-6
1.917241658033042E-6
1.9277941229783735E-6
1.938370709949969E-6
1.9489714743204944E-6
1.959596471590546E-6
1.9702457573889377E-6
1.980919387473E-6
1.99161741772887E-6
2.0023399041717937E-6
2.0130869029464322E-6
2.0238584703271696E-6
2.034654662718373E-6
2.0454755366547365E-6
2.0563211488015674E-6
2.067191555955099E-6
2.078086815042762E-6
2.0890069831235307E-6
2.099952117388194E-6
2.1109222751596865E-6
2.121917513893387E-6
2.132937891177405E-6
2.1439834647329138E-6
2.155054292414454E-6
2.1661504322102385E-6
2.1773252164219985E-6
2.1886219216287635E-6
2.2000996924059143E-6
2.211830936437735E-6
2.2238909646932595E-6
2.23633454556535E-6
2.2491525586245886E-6
2.262202771362348E-6
2.2751287485736553E-6
2.287393292003411E-6
2.2988101623372815E-6
2.3102530899745755E-6
2.321722134656781E-6
2.333217356263349E-6
2.344738814812066E-6
2.3562865704593354E-6
2.367860683500517E-6
2.379461214370279E-6
2.391088223642859E-6
2.4027417720324373E-6
2.414421920393454E-6
2.4261287297209024E-6
2.4378622611506874E-6
2.4496225759599493E-6
2.4614097355673796E-6
2.473223801533544E-6
2.485064835561256E-6
2.496932899495816E-6
2.5088280553254616E-6
2.520750365181593E-6
2.5326998913391584E-6
2.54467669621697E-6
2.556680842378073E-6
2.5687123925300124E-6
2.5807714095252323E-6
2.592857956361369E-6
2.6049720961816132E-6
2.6171138922750476E-6
2.629283408076964E-6
2.641480707169225E-6
2.6537058532805628E-6
2.665958910287008E-6
2.6720662129355462E-6
2.6781874662732953E-6
2.684322702414324E-6
2.6904719535470348E-6
2.6966352519342907E-6
2.702812629913644E-6
2.7090041198974746E-6
2.7152097543731497E-6
2.7214295659032402E-6
2.7276635871256433E-6
2.733911850753824E-6
2.74017438957693E-6
2.7464512364599753E-6
2.7527424243440695E-6
2.759047986246526E-6
2.765367955261066E-6
2.7717023645580005E-6
2.7780512473844094E-6
2.784414637064313E-6
2.7907925669988297E-6
2.7971850706663984E-6
2.803592181622925E-6
2.8100139335019575E-6
2.816450360014916E-6
2.822901494951207E-6
2.8293673721784107E-6
2.8358480256425233E-6
2.8423434893680917E-6
2.8488537974583706E-6
2.855378984095574E-6
2.86191908354099E-6
2.868474130135204E-6
2.8750441582982724E-6
2.8816292025298893E-6
2.888229297409604E-6
2.8948444775969724E-6
2.9014747778317736E-6
2.9081202329341366E-6
2.9147808778048134E-6
2.9214567474252785E-6
2.9281478768579864E-6
2.9348543012465046E-6
2.9415760558157406E-6
2.948313175872069E-6
2.955065696803615E-6
2.961833654080354E-6
2.9686170832543454E-6
2.9754160199599154E-6
2.9822304999138255E-6
2.989060558915508E-6
2.9959062328472012E-6
3.002767557674176E-6
3.009644569444914E-6
3.016537304291315E-6
3.0234457984288672E-6
3.0303700881568414E-6
3.037310209858496E-6
3.0442662000012795E-6
3.0512380951369927E-6
3.058225931901994E-6
3.0652297470174335E-6
3.0722495772893763E-6
3.0792854596090427E-6
3.0863374309530082E-6
3.0934055283834027E-6
3.100489789048052E-6
3.107590250180742E-6
3.1147069491013934E-6
3.1218399232162293E-6
3.1289892100180325E-6
3.1361548470862736E-6
3.143336872087397E-6
3.150535322774918E-6
3.157750236989685E-6
3.1649816526601323E-6
3.1722296078023425E-6
3.1794941405203664E-6
3.1867752890063555E-6
3.194073091540818E-6
3.2013875864927924E-6
3.2087188123200395E-6
3.216066807569263E-6
3.223431610876309E-6
3.230813260966391E-6
3.238211796654258E-6
3.2456272568444195E-6
3.2530596805313515E-6
3.2605091067996996E-6
3.2679755748244866E-6
3.2754591238713177E-6
3.2829597932966067E-6
3.2904776225477415E-6
3.2980126511633383E-6
3.3055649187734255E-6
3.3131344650996586E-6
3.320721329955536E-6
3.328325553246601E-6
3.3359471749706675E-6
3.343586235218008E-6
3.3512427741715718E-6
3.3589168321072265E-6
3.3666084493939175E-6
3.3743176664939603E-6
3.382044523963152E-6
3.389789062451084E-6
3.3975513227012913E-6
3.405331345551501E-6
3.413129171933828E-6
3.4209448428750083E-6
3.4287783994966084E-6
3.436629883015246E-6
3.4444993347428167E-6
3.4523867960866787E-6
3.4602923085498906E-6
3.4682159137314736E-6
3.4761576533265573E-6
3.484117569126655E-6
3.4920957030198627E-6
3.500092096991086E-6
3.5081067931222644E-6
3.516139833592568E-6
3.5241912606786882E-6
3.5322611167549834E-6
3.540349444293754E-6
3.5484562858654387E-6
3.556581684138856E-6
3.5647256818814477E-6
3.5728883219594435E-6
3.5810696473381796E-6
3.589269701082246E-6
3.597488526355746E-6
3.605726166422522E-6
3.6139826646464067E-6
3.6222580644914442E-6
3.630552409522075E-6
3.6388657434034134E-6
3.6471981099014805E-6
3.655549552883435E-6
3.6639201163177605E-6
3.672309844274588E-6
3.680718780925831E-6
3.689146970545482E-6
3.6975944575098394E-6
3.706061286297729E-6
3.7145475014907675E-6
3.7230531477735325E-6
3.7315782699339134E-6
3.7401229128632444E-6
3.748687121556584E-6
3.7572709411129713E-6
3.76587441673562E-6
3.774497593732236E-6
3.7831405175151707E-6
3.79180323360171E-6
3.800485787614324E-6
3.8091882252809065E-6
3.817910592434974E-6
3.826652935015984E-6
3.835415299069526E-6
3.844197730747561E-6
3.853000276308733E-6
3.86182298211854E-6
3.87066589464964E-6
3.879529060482067E-6
3.888412526303447E-6
3.897316338909352E-6
3.906240545203441E-6
3.915185192197818E-6
3.924150327013127E-6
3.933135996878983E-6
3.9421422491340906E-6
3.951169131226575E-6
3.960216690714196E-6
3.9692849752646195E-6
3.97837403265568E-6
3.987483910775587E-6
3.996614657623298E-6
4.005766321308629E-6
4.014938950052607E-6
4.024132592187701E-6
4.033347296158114E-6
4.042583110519968E-6
4.051840083941621E-6
4.061118265203955E-6
4.070417703200572E-6
4.0797384469381E-6
4.08908054553641E-6
4.0984440482289675E-6
4.107829004362998E-6
4.117235463399833E-6
4.126663474915112E-6
4.136113088599112E-6
4.145584354256933E-6
4.15507732180886E-6
4.1645920412905655E-6
4.174128562853417E-6
4.183686936764699E-6
4.193267213407947E-6
4.202869443283195E-6
4.212493677007198E-6
4.222139965313798E-6
4.231808359054123E-6
4.241498909196895E-6
4.25121166682867E-6
4.2609466831541805E-6
4.2707040094965435E-6
4.280483697297605E-6
4.290285798118125E-6
4.300110363638133E-6
4.309957445657212E-6
4.3198270960947344E-6
4.329719366990116E-6
4.339634310503211E-6
4.3495719789144886E-6
4.359532424625366E-6
4.369515700158456E-6
4.379521858157892E-6
4.389550951389583E-6
4.399603032741489E-6
4.409678155223986E-6
4.419776371970049E-6
4.429897736235603E-6
4.440042301399767E-6
4.450210120965192E-6
4.460401248558363E-6
4.470615737929774E-6
4.480853642954377E-6
4.491115017631748E-6
4.501399916086418E-6
4.51170839256826E-6
4.522040501452596E-6
4.532396297240691E-6
4.542775834559853E-6
4.553179168163893E-6
4.563606352933353E-6
4.57405744387577E-6
4.5845324961260496E-6
4.59503156494671E-6
4.60555470572819E-6
4.6161019739891625E-6
4.626673425376824E-6
4.637269115667215E-6
4.647889100765519E-6
4.658533436706291E-6
4.669202179653871E-6
4.679895385902655E-6
4.690613111877366E-6
4.701355414133342E-6
4.7121223493569336E-6
4.722913974365739E-6
4.733730346108911E-6
4.744571521667506E-6
4.755437558254723E-6
4.7663285132163026E-6
4.777244444030803E-6
4.788185408309863E-6
4.799151463798531E-6
4.810142668375671E-6
4.821105805874576E-6
4.832159423449144E-6
4.843374337260867E-6
4.854854940135526E-6
4.866741210440835E-6
4.879200582204381E-6
4.892400827362366E-6
4.9064500798717886E-6
4.921272977254426E-6
4.936339418524783E-6
4.950239010395176E-6
4.9615574971173695E-6
4.972901898682791E-6
4.984272274842761E-6
4.99566868548691E-6
5.007091190643729E-6
5.0185398504807435E-6
5.030014725304919E-6
5.041515875562983E-6
5.0530433618416964E-6
5.064597244868196E-6
5.07617758551041E-6
5.087784444777232E-6
5.0994178838189254E-6
5.1110779639274704E-6
5.1227647465368665E-6
5.134478293223418E-6
5.146218665706217E-6
5.15798592584721E-6
5.16978013565179E-6
5.1816013572689976E-6
5.193449652991833E-6
5.205325085257621E-6
5.21722771664839E-6
5.229157609891165E-6
5.241114827858202E-6
5.253099433567552E-6
5.265111490183096E-6
5.277151061015191E-6
5.289218209520774E-6
5.3013129993038026E-6
5.3134354941155125E-6
5.325585757854884E-6
5.337763854568858E-6
5.349969848452713E-6
5.362203803850407E-6
5.374465785254936E-6
5.386755857308597E-6
5.399074084803448E-6
5.4114205326815565E-6
5.423795266035349E-6
5.436198350107961E-6
5.448629850293574E-6
5.461089832137803E-6
5.4735783613379765E-6
5.486095503743465E-6
5.498641325356132E-6
5.51121589233058E-6
5.523819270974505E-6
5.536451527749033E-6
5.549112729269125E-6
5.561802942303924E-6
5.574522233776944E-6
5.5872706707666186E-6
5.6000483205065415E-6
5.612855250385836E-6
5.625691527949523E-6
5.63855722089885E-6
5.651452397091538E-6
5.664377124542339E-6
5.677331471423307E-6
5.69031550606397E-6
5.703329296951996E-6
5.7163729127332705E-6
5.729446422212393E-6
5.7425498943530124E-6
5.7556833982781384E-6
5.768847003270535E-6
5.7820407787730524E-6
5.795264794389052E-6
5.808519119882582E-6
5.821803825178993E-6
5.83511898036505E-6
5.848464655689486E-6
5.861840921563199E-6
5.875247848559813E-6
5.888685507415744E-6
5.902153969030863E-6
5.915653304468683E-6
5.929183584956785E-6
5.942744881887177E-6
5.9563372668166045E-6
5.9699608114670055E-6
5.9836155877257875E-6
5.997301667646298E-6
6.011019123448077E-6
6.024768027517362E-6
6.038548452407264E-6
6.052360470838386E-6
6.0662041556989855E-6
6.080079580045449E-6
6.0939868171026286E-6
6.1079259402642515E-6
6.121897023093323E-6
6.135900139322381E-6
6.1499353628539815E-6
6.164002767761045E-6
6.178102428287308E-6
6.19223441884756E-6
6.206398814028096E-6
6.220595688587193E-6
6.234825117455331E-6
6.249087175735723E-6
6.2633819387045505E-6
6.277709481811563E-6
6.292069880680229E-6
6.306463211108273E-6
6.320889549068093E-6
6.3353489707070715E-6
6.349841552347939E-6
6.364367370489289E-6
6.378926501805869E-6
6.393519023149098E-6
6.408145011547284E-6
6.422804544206204E-6
6.4374976985094E-6
6.452224552018634E-6
6.466985182474285E-6
6.481779667795678E-6
6.496608086081653E-6
6.51147051561078E-6
6.52636703484196E-6
6.541297722414644E-6
6.556262657149439E-6
6.57126191804836E-6
6.586295584295353E-6
6.601363735256632E-6
6.61646645048117E-6
6.631603809701079E-6
6.6467758928320615E-6
6.661982779973753E-6
6.677224551410295E-6
6.692501287610564E-6
6.707813069228761E-6
6.723159977104764E-6
6.738542092264672E-6
6.753959495920932E-6
6.769412269473211E-6
6.78490049450847E-6
6.800424252801572E-6
6.815983626315667E-6
6.8315786972026646E-6
6.847209547803625E-6
6.862876260649265E-6
6.878578918460371E-6
6.894317604148215E-6
6.9100924008150215E-6
6.925903391754448E-6
6.941750660452029E-6
6.957634290585546E-6
6.973554366025609E-6
6.9895109708360354E-6
7.005504189274289E-6
7.02153410579197E-6
7.037600805035325E-6
7.0537043718455995E-6
7.069844891259591E-6
7.0860224485100465E-6
7.102237129026206E-6
7.118489018434205E-6
7.134778202557545E-6
7.151104767417631E-6
7.167468799234186E-6
7.183870384425703E-6
7.200309609609989E-6
7.2167865616045926E-6
7.233301327427347E-6
7.249853994296767E-6
7.266444649632542E-6
7.283073381056084E-6
7.299740276390988E-6
7.316445423663469E-6
7.333188911102939E-6
7.349970827142406E-6
7.366791260419017E-6
7.3836502997745536E-6
7.400548034255911E-6
7.417484553115643E-6
7.4344599458122966E-6
7.451474302011195E-6
7.468527711584664E-6
7.4856202646126985E-6
7.502752051383401E-6
7.519923162393498E-6
7.537133688348894E-6
7.55438372016511E-6
7.5716733489678175E-6
7.589002666093373E-6
7.6063717630893695E-6
7.623780731715008E-6
7.641229663941788E-6
7.658718651953968E-6
7.676247788148922E-6
7.693817165137954E-6
7.711426875746629E-6
7.729077013015323E-6
7.746767670199801E-6
7.764498940771625E-6
7.782270918418888E-6
7.800083697046508E-6
7.817937370777056E-6
7.835832033950898E-6
7.853767781127096E-6
7.871744707083672E-6
7.889762906818406E-6
7.907822475549129E-6
7.925923508714382E-6
7.94406610197401E-6
7.962250351209503E-6
7.980476352524891E-6
7.998744202246857E-6
8.017053996925666E-6
8.035405833335425E-6
8.053799808474903E-6
8.07223601956781E-6
8.090714564063473E-6
8.109235539637509E-6
8.127799044192192E-6
8.146405175857087E-6
8.165054032989589E-6
8.183745714175486E-6
8.20248031822958E-6
8.221257944196165E-6
8.2400786913496E-6
8.258942659194922E-6
8.27784994746833E-6
8.296800656137842E-6
8.315794885403787E-6
8.334832735699475E-6
8.353914307691542E-6
8.3730397022808E-6
8.392209020602672E-6
8.411422364027673E-6
8.430679834162171E-6
8.449981532848808E-6
8.469327562167208E-6
8.488718024434364E-6
8.508153022205401E-6
8.527632658274012E-6
8.547157035673239E-6
8.566726257675749E-6
8.586340427794661E-6
8.605999649784027E-6
8.62570402763944E-6
8.645453665598558E-6
8.665248668141777E-6
8.685089139992748E-6
8.704975186119E-6
8.724906911732488E-6
8.744884422290181E-6
8.764907823494656E-6
8.784977221294664E-6
8.805092721885813E-6
8.825254431711061E-6
8.845462457461297E-6
8.86571690607592E-6
8.886017884743522E-6
8.906365500902443E-6
8.926759862241256E-6
8.947201076699473E-6
8.967689252468086E-6
8.988224497990162E-6
9.00880692196149E-6
9.029436633331089E-6
9.050113741301886E-6
9.070838355331048E-6
9.091610585131075E-6
9.112430540669902E-6
9.133298332171701E-6
9.15421407011752E-6
9.175177865245808E-6
9.19618982855291E-6
9.217250071293871E-6
9.238358704982892E-6
9.259515841393932E-6
9.280721592561348E-6
9.301976070780395E-6
9.323279388607878E-6
9.344631658862855E-6
9.366032994627043E-6
9.387483509245435E-6
9.408983316327023E-6
9.43053252974526E-6
9.452131263638753E-6
9.473779632411773E-6
9.495477750734772E-6
9.517225733545258E-6
9.539023696048073E-6
9.560871753716208E-6
9.582770022291134E-6
9.604718617783721E-6
9.626555949145382E-6
9.648489917816762E-6
9.670614110484928E-6
9.693080482715898E-6
9.716113183278532E-6
9.740012998428297E-6
9.765139927471212E-6
9.791850060270423E-6
9.82030913335941E-6
9.849895765364285E-6
9.877840986036538E-6
9.900426741261894E-6
9.92306434452331E-6
9.945753915607598E-6
9.968495574579246E-6
9.991289441781435E-6
1.0014135637836293E-5
1.003703428364571E-5
1.0059985500391745E-5
1.0082989409537308E-5
1.010604613282663E-5
1.0129155792285984E-5
1.0152318510224162E-5
1.0175534409232919E-5
1.0198803612187763E-5
1.0222126242248425E-5
1.0245502422859358E-5
1.0268932277750493E-5
1.0292415930937526E-5
1.0315953506722682E-5
1.0339545129695331E-5
1.0363190924732267E-5
1.0386891016998438E-5
1.0410645531947597E-5
1.0434454595322788E-5
1.0458318333156622E-5
1.0482236871772368E-5
1.0506210337783919E-5
1.053023885809683E-5
1.0554322559908582E-5
1.0578461570709147E-5
1.0602656018281608E-5
1.0626906030702726E-5
1.0651211736343352E-5
1.0675573263869036E-5
1.0699990742240606E-5
1.0724464300714691E-5
1.0748994068844104E-5
1.0773580176478713E-5
1.0798222753765632E-5
1.0822921931150056E-5
1.0847677839375525E-5
1.0872490609484606E-5
1.0897360372819594E-5
1.0922287261022769E-5
1.094727140603712E-5
1.0972312940106899E-5
1.0997411995778222E-5
1.1022568705899373E-5
1.1047783203621597E-5
1.1073055622399758E-5
1.1098386095992679E-5
1.1123774758463671E-5
1.1149221744181437E-5
1.1174727187820351E-5
1.120029122436113E-5
1.1225913989091585E-5
1.1251595617607001E-5
1.127733624581069E-5
1.1303136009914821E-5
1.1328995046441033E-5
1.135491349222068E-5
1.1380891484395962E-5
1.140692916042015E-5
1.1433026658058369E-5
1.1459184115388293E-5
1.1485401670800691E-5
1.1511679463000031E-5
1.15380176310053E-5
1.1564416314150643E-5
1.1590875652085695E-5
1.1617395784776784E-5
1.1643976852507125E-5
1.1670618995877882E-5
1.1697322355808576E-5
1.1724087073538006E-5
1.1750913290624689E-5
1.177780114894782E-5
1.1804750790707923E-5
1.1831762358427482E-5
1.1858835994951778E-5
1.1885971843449534E-5
1.1913170047413751E-5
1.194043075066235E-5
1.1967754097339065E-5
1.1995140231914063E-5
1.2022589299184953E-5
1.2050101444277074E-5
1.207767681264498E-5
1.2105315550072612E-5
1.2133017802674464E-5
1.216078371689612E-5
1.218861343951539E-5
1.2216507117642878E-5
1.2244464898722917E-5
1.2272486930534304E-5
1.230057336119124E-5
1.2328724339144294E-5
1.2356940013180901E-5
1.2385220532426514E-5
1.2413566046345538E-5
1.244197670474191E-5
1.2470452657760166E-5
1.2498994055886343E-5
1.2527601049948873E-5
1.255627379111941E-5
1.2585012430913721E-5
1.2613817121192826E-5
1.2642688014163696E-5
1.2671625262380237E-5
1.2700629018744234E-5
1.2729699436506319E-5
1.2758836669266999E-5
1.2788040870977418E-5
1.281731219594049E-5
1.2846650798811738E-5
1.2876056834600472E-5
1.2905530458670595E-5
1.2935071826741524E-5
1.296468109488947E-5
1.2994358419548169E-5
1.3024103957510077E-5
1.3053917865927195E-5
1.3083800302312313E-5
1.311375142453979E-5
1.314377139084682E-5
1.31738603598343E-5
1.320401849046795E-5
1.3234245942079303E-5
1.3264542874366947E-5
1.3294909447397219E-5
1.3325345821605724E-5
1.3355852157797934E-5
1.3386428617150587E-5
1.341707536121273E-5
1.3447792551906724E-5
1.34785803515292E-5
1.3509438922752513E-5
1.3540368428625535E-5
1.3571369032574868E-5
1.3602440898405887E-5
1.3633584190303992E-5
1.3664799072835522E-5
1.3696085710949086E-5
1.3727444269976574E-5
1.3758874915634176E-5
1.3790377814023724E-5
1.3821953131633728E-5
1.3853601035340512E-5
1.3885321692409266E-5
1.3917115270495468E-5
1.394898193764568E-5
1.3980921862298974E-5
1.4012935213287828E-5
1.4045022159839647E-5
1.407718287157754E-5
1.41094175185217E-5
1.4141726271090511E-5
1.4174109300101744E-5
1.4206566776773696E-5
1.423909887272631E-5
1.4271705759982443E-5
1.430438761096907E-5
1.4337144598518272E-5
1.436997689586858E-5
1.440288467666612E-5
1.4435868114965847E-5
1.4468927385232595E-5
1.4502062662342276E-5
1.4535274121583206E-5
1.4568561938657194E-5
1.4601926289680661E-5
1.463536735118605E-5
1.4668885300122728E-5
1.4702480313858345E-5
1.473615257018E-5
1.4769902247295461E-5
1.4803729523834334E-5
1.4837634578848989E-5
1.4871617591816326E-5
1.4905678742638344E-5
1.4939818211643797E-5
1.4974036179589145E-5
1.5008332827659568E-5
1.5042708337470756E-5
1.5077162891069422E-5
1.5111696670934811E-5
1.5146309859979826E-5
1.5181002641552324E-5
1.5215775199436012E-5
1.525062771785198E-5
1.528556038145972E-5
1.532057337535785E-5
1.5355666885086204E-5
1.5390841096626273E-5
1.5426096196402634E-5
1.5461432371284084E-5
1.5496849808584673E-5
1.553234869606518E-5
1.556792922193384E-5
1.5603591574848074E-5
1.5639335943914902E-5
1.5675162518692685E-5
1.5711071489191946E-5
1.5747063045876774E-5
1.578313737966564E-5
1.5819294681932758E-5
1.5855535144509174E-5
1.5891858959683672E-5
1.592826632020445E-5
1.596475741927942E-5
1.6001332450578126E-5
1.603799160823221E-5
1.607473508683699E-5
1.611156308145222E-5
1.6148475787603277E-5
1.618547340128239E-5
1.6222556118949578E-5
1.6259724137533704E-5
1.6296977654433593E-5
1.63343168675191E-5
1.6371741975132206E-5
1.6409253176088026E-5
1.644685066967576E-5
1.6484534655659948E-5
1.652230533428124E-5
1.6560162906257647E-5
1.659810757278549E-5
1.663613953554041E-5
1.6674258996678223E-5
1.6712466158836157E-5
1.6750761225133882E-5
1.6789144399174073E-5
1.682761588504392E-5
1.6866175887315682E-5
1.6904824611047986E-5
1.694356226178654E-5
1.6982389045565025E-5
1.7021305168906253E-5
1.7060310838823203E-5
1.7099406262819528E-5
1.7138591648890685E-5
1.7177867205525006E-5
1.7217233141704365E-5
1.7256689666905035E-5
1.729623699109888E-5
1.7335875324753922E-5
1.7375604878835295E-5
1.7415425864806173E-5
1.7455338494628463E-5
1.7495342980763837E-5
1.7535439536174266E-5
1.75756283743232E-5
1.7615909709176248E-5
1.7656283755201744E-5
1.7696750727371786E-5
1.7737310841162925E-5
1.7777964312557058E-5
1.7818711358041944E-5
1.7859552194612074E-5
1.7900487039769488E-5
1.7941516111524378E-5
1.7982639628396006E-5
1.802385780941303E-5
1.8065170874114643E-5
1.810657904255068E-5
1.8148082535283143E-5
1.818968157338601E-5
1.8231376378446268E-5
1.8273167172564646E-5
1.8315054178356107E-5
1.8357037618950273E-5
1.839911771799249E-5
1.8441294699643996E-5
1.8483568788582693E-5
1.852594021000385E-5
1.8568409189620175E-5
1.861097595366275E-5
1.865364072888183E-5
1.869640374254663E-5
1.8739265222446396E-5
1.878222539689068E-5
1.8825284494709803E-5
1.8868442745255585E-5
1.8911700378401436E-5
1.8955057624542867E-5
1.8998514714598366E-5
1.9042071880009135E-5
1.9085729352740076E-5
1.9129487365279667E-5
1.9173346150640873E-5
1.9216968313407532E-5
1.9260680514907424E-5
1.9304592356601355E-5
1.9348904509786015E-5
1.939394304211944E-5
1.9440189289274827E-5
1.948828936124015E-5
1.9539006454593608E-5
1.9592965608961586E-5
1.9649567973122338E-5
1.970410171234878E-5
1.9749210541137594E-5
1.979442318462646E-5
1.9839739883117177E-5
1.988516087743952E-5
1.9930686408951797E-5
1.997631671954078E-5
2.0022052051621703E-5
2.006789264813876E-5
2.0113838752564892E-5
2.0159890608901773E-5
2.020604846168034E-5
2.025231255596049E-5
2.0298683137330993E-5
2.034516045190984E-5
2.03917447463442E-5
2.0438436267810092E-5
2.0485235264012872E-5
2.0532141983186644E-5
2.0579156674094614E-5
2.0626279586029033E-5
2.0673510968810652E-5
2.0720851072788942E-5
2.0768300148842218E-5
2.081585844837718E-5
2.0863526223328607E-5
2.091130372615967E-5
2.095919120986125E-5
2.1007188927952226E-5
2.1055297134478918E-5
2.1103516084015117E-5
2.1151846031662087E-5
2.1200287233048947E-5
2.1248839944332725E-5
2.129750442219902E-5
2.1346280923862354E-5
2.1395169707067143E-5
2.1444171030088143E-5
2.1493285151731677E-5
2.1542512331336645E-5
2.159185282877543E-5
2.16413069044553E-5
2.1690874819319606E-5
2.1740556834849625E-5
2.1790353213065773E-5
2.1840264216529106E-5
2.1890290108343553E-5
2.194043115215756E-5
2.1990687612165677E-5
2.2041059753110857E-5
2.209154784028681E-5
2.2142152139539694E-5
2.219287291727038E-5
2.2243710440437447E-5
2.2294664976558745E-5
2.2345736793714446E-5
2.239692616054953E-5
2.244823334627624E-5
2.249965862067668E-5
2.2551202254105914E-5
2.2602864517494713E-5
2.2654645682352156E-5
2.2706546020768878E-5
2.2758565805419933E-5
2.2810705309567884E-5
2.2862964807065822E-5
2.291534457236079E-5
2.2967844880496482E-5
2.302046600711722E-5
2.3073208228470644E-5
2.3126071821411084E-5
2.3179057063403634E-5
2.3232164232526525E-5
2.3285393607475414E-5
2.3338745467566592E-5
2.3392220092740588E-5
2.3445817763565465E-5
2.3499538761240756E-5
2.3553383367601146E-5
2.3607351865119543E-5
2.366144453691159E-5
2.371566166673874E-5
2.3770003539012143E-5
2.382447043879653E-5
2.387906265181391E-5
2.3933780464447308E-5
2.3988624163744826E-5
2.4043594037422757E-5
2.4098690373870463E-5
2.415391346215339E-5
2.4209263592017305E-5
2.426474105389192E-5
2.432034613889507E-5
2.437607913883639E-5
2.44319403462214E-5
2.448793005425499E-5
2.4544048556845696E-5
2.460029614860977E-5
2.4656673124874256E-5
2.4713179781681738E-5
2.4769816415794022E-5
2.4826583324695664E-5
2.4883480806598154E-5
2.4940509160443955E-5
2.499766868590999E-5
2.50549596834118E-5
2.5112382454106914E-5
2.5169937299899647E-5
2.5227624523444086E-5
2.528544442814798E-5
2.5343397318177058E-5
2.5401483498458097E-5
2.5459703274683594E-5
2.5518056953314642E-5
2.5576544841585264E-5
2.5635167247505658E-5
2.5693924479866517E-5
2.575281684824209E-5
2.5811844662994168E-5
2.5871008235275546E-5
2.5930307877033872E-5
2.5989743901015194E-5
2.6049316620766996E-5
2.6109026350642605E-5
2.6168873405803875E-5
2.6228858102225314E-5
2.6288980756696965E-5
2.634924168682831E-5
2.640964121105133E-5
2.647017964862418E-5
2.653085731963383E-5
2.6591674545000477E-5
2.6652631646479626E-5
2.671372894666594E-5
2.6774966768996487E-5
2.6836345437753633E-5
2.6897865278068102E-5
2.6959526615922348E-5
2.7021329778153344E-5
2.708327509245578E-5
2.714536288738463E-5
2.7207593492358688E-5
2.72699672376627E-5
2.73324844544509E-5
2.7395145474749462E-5
2.745795063145906E-5
2.7520900258357893E-5
2.75839946901043E-5
2.76472342622394E-5
2.7710619311189175E-5
2.7774150174267914E-5
2.7837827189679893E-5
2.790165069652213E-5
2.7965621034786643E-5
2.8029738545363086E-5
2.8094003570040753E-5
2.8158416451510782E-5
2.8222977533368598E-5
2.828768716011592E-5
2.8352545677162773E-5
2.841755343082956E-5
2.8482710768349284E-5
2.8548018037869235E-5
2.8613475588452943E-5
2.8679083770081815E-5
2.87448429336575E-5
2.8810753431003093E-5
2.8876815614864976E-5
2.894302983891425E-5
2.900939645774864E-5
2.9075915826893863E-5
2.9142588302805075E-5
2.9209414242868344E-5
2.927639400540185E-5
2.9343527949657198E-5
2.9410816435820854E-5
2.9478259825015298E-5
2.9545858479299956E-5
2.9613612761672087E-5
2.968152303606866E-5
2.974958966736619E-5
2.9817813021382615E-5
2.9886193464877495E-5
2.9954731365552777E-5
3.002342709205422E-5
3.009228101397131E-5
3.016129350183814E-5
3.0230464927134E-5
3.0299795662283834E-5
3.0369286080658535E-5
3.04389365565759E-5
3.0508747465300314E-5
3.0578719183042544E-5
3.064885208696139E-5
3.071914655516272E-5
3.0789602966699824E-5
3.0860221701573474E-5
3.09310031407316E-5
3.100194766606981E-5
3.107305566043038E-5
3.114432750760312E-5
3.121576359232372E-5
3.128736430027466E-5
3.135913001808386E-5
3.1431061133325E-5
3.150315803451634E-5
3.1575421111120484E-5
3.164785075354363E-5
3.1720447353134694E-5
3.179321130218513E-5
3.186614299392709E-5
3.193924282253364E-5
3.201251118311677E-5
3.208594847172733E-5
3.215955508535296E-5
3.2233331421917865E-5
3.230727788028109E-5
3.2381394860235445E-5
3.2455682762505814E-5
3.253014198874849E-5
3.2604772941548793E-5
3.267957602442045E-5
3.2754551641803646E-5
3.282970019906304E-5
3.2905022102486844E-5
3.2980517759284203E-5
3.305618757758391E-5
3.3132031966432736E-5
3.3208051335792914E-5
3.3284246096540304E-5
3.3360616660462595E-5
3.343716344025725E-5
3.3513886849528556E-5
3.359078730278639E-5
3.3667865215443224E-5
3.3745121003812164E-5
3.3822555085104274E-5
3.3900167877426056E-5
3.3977959799777033E-5
3.405593127204754E-5
3.413408271501522E-5
3.4212414550342815E-5
3.4290927200575465E-5
3.436962108913779E-5
3.44484966403305E-5
3.452755427932836E-5
3.4606794432176436E-5
3.4686217525787164E-5
3.476582398793761E-5
3.48456142472656E-5
3.49255887332671E-5
3.500574787629247E-5
3.508609210754342E-5
3.516662185906935E-5
3.5247337563763986E-5
3.532823965536186E-5
3.540932856843436E-5
3.549060473838689E-5
3.5572068601454234E-5
3.5653720594697206E-5
3.5735561155998956E-5
3.5817590724060704E-5
3.5899809738398806E-5
3.5982218639338814E-5
3.6064817868013656E-5
3.6147607866357514E-5
3.623058907710373E-5
3.6313761943778616E-5
3.6397126910698365E-5
3.648068442296435E-5
3.656443492645901E-5
3.6648378867840806E-5
3.673251669454069E-5
3.68168488547565E-5
3.690137579744919E-5
3.698609797233792E-5
3.707101582989505E-5
3.715612982134157E-5
3.724144039864287E-5
3.732694801450304E-5
3.741265312236014E-5
3.7498556176381696E-5
3.7584657631459E-5
3.767095794320292E-5
3.7757457567938025E-5
3.784415696269733E-5
3.793105658521798E-5
3.801815689393513E-5
3.810545834797706E-5
3.8192961407159405E-5
3.8280666531980196E-5
3.83679776029167E-5
3.845536143884876E-5
3.854292354848705E-5
3.863089869379616E-5
3.871971715889553E-5
3.8810078700517595E-5
3.890301651724899E-5
3.8999899452856065E-5
3.910211879477051E-5
3.9209334611480935E-5
3.931432099021934E-5
3.9404497967715685E-5
3.9494882983898406E-5
3.958547650810974E-5
3.967627901028663E-5
3.976729096095559E-5
3.9858512831225724E-5
3.994994509278243E-5
4.004158821788181E-5
4.013344267934389E-5
4.0225508950545515E-5
4.03177875054155E-5
4.041027881842683E-5
4.0502983364590555E-5
4.059590161944921E-5
4.0689034059070623E-5
4.078238116004027E-5
4.0875943399455734E-5
4.0969721254919206E-5
4.106371520453088E-5
4.1157925726882695E-5
4.125235330105053E-5
4.1346998406587656E-5
4.144186152351845E-5
4.153694313233072E-5
4.163224371396884E-5
4.172776374982674E-5
4.182350372174098E-5
4.1919464111983196E-5
4.2015645403319936E-5
4.211204807906999E-5
4.220867262316152E-5
4.230551952018827E-5
4.2402589255463866E-5
4.249988231507544E-5
4.259739918593667E-5
4.269514035583933E-5
4.2793106313503264E-5
4.289129754862676E-5
4.298971455193443E-5
4.3088357815225215E-5
4.3187227831418064E-5
4.3286325094598274E-5
4.3385650100061917E-5
4.34852033443588E-5
4.3584985325335586E-5
4.3684996542177585E-5
4.3785237495449205E-5
4.388570868713339E-5
4.398641062067107E-5
4.40873438009988E-5
4.418850873458608E-5
4.4289905929470454E-5
4.439153589529469E-5
4.4493399143338846E-5
4.45954961865556E-5
4.469782753960214E-5
4.48003937188721E-5
4.49031952425256E-5
4.50062326305209E-5
4.510950640464273E-5
4.5213017088530585E-5
4.531676520770694E-5
4.5420751289603556E-5
4.552497586358782E-5
4.56294394609878E-5
4.573414261511708E-5
4.58390858612975E-5
4.594426973688344E-5
4.604969478128308E-5
4.615536153597978E-5
4.626127054455325E-5
4.6367422352699104E-5
4.647381750824831E-5
4.658045656118538E-5
4.6687340063666844E-5
4.679446857003732E-5
4.6901842636846784E-5
4.700946282286591E-5
4.711732968910095E-5
4.7225443798808564E-5
4.733380571750908E-5
4.744241601299932E-5
4.7551275255365775E-5
4.766038401699574E-5
4.7769742872588066E-5
4.787935239916509E-5
4.798921317608026E-5
4.8099325785029096E-5
4.820969081005755E-5
4.832030883756943E-5
4.843118045633376E-5
4.854230625749232E-5
4.865368683456539E-5
4.876532278345781E-5
4.887721470246309E-5
4.89893631922689E-5
4.910176885596147E-5
4.921443229902697E-5
4.932735412935651E-5
4.9440534957247785E-5
4.9553975395406234E-5
4.966767605894688E-5
4.978163756539565E-5
4.9895860534688316E-5
5.001034558917121E-5
5.012509335359976E-5
5.024010445513824E-5
5.03553795233572E-5
5.047091919023106E-5
5.058672409013639E-5
5.07027948598474E-5
5.0819132138533516E-5
5.0935736567754705E-5
5.105260879145662E-5
5.116974945596606E-5
5.128715920998558E-5
5.140483870458721E-5
5.1522788593206183E-5
5.164100953163422E-5
5.175950217801254E-5
5.1878267192824744E-5
5.199730523888676E-5
5.211661698134141E-5
5.223620308764687E-5
5.235606422756953E-5
5.247620107317278E-5
5.2596614298808235E-5
5.2717304581105024E-5
5.283827259895851E-5
5.295951903351982E-5
5.3081044568184364E-5
5.320284988857948E-5
5.332493568255266E-5
5.344730264015901E-5
5.356995145364856E-5
5.369288281745224E-5
5.381609742816917E-5
5.393959598455248E-5
5.4063379187495206E-5
5.418744774001528E-5
5.431180234724172E-5
5.443644371639794E-5
5.456137255678786E-5
5.46865895797791E-5
5.4812095498787544E-5
5.493789102925997E-5
5.506397688865875E-5
5.519035379644436E-5
5.5317022474057255E-5
5.544398364490204E-5
5.557123803432853E-5
5.569878636961395E-5
5.5826629379944636E-5
5.595476779639777E-5
5.6083202351922455E-5
5.621193378132001E-5
5.634096282122597E-5
5.647029021008928E-5
5.659991668815291E-5
5.6729842997433915E-5
5.686006988170327E-5
5.699059808646569E-5
5.712142835893767E-5
5.7252561448027576E-5
5.738399810431477E-5
5.751573908002737E-5
5.76477851290212E-5
5.77801370067576E-5
5.791279547028226E-5
5.80457612782018E-5
5.817903519066305E-5
5.831261796932902E-5
5.844651037735675E-5
5.8580713179374163E-5
5.8715227141457684E-5
5.8850053031108036E-5
5.898519161722734E-5
5.91206436700947E-5
5.925640996134414E-5
5.939249126393866E-5
5.9528888352147394E-5
5.966560200152099E-5
5.980263298886648E-5
5.993998209222472E-5
6.007765009084312E-5
6.021563776515263E-5
6.035394589674179E-5
6.0492575268332166E-5
6.0631526663752536E-5
6.07708008679147E-5
6.091039866678646E-5
6.105032084736577E-5
6.119056819765699E-5
6.133114150664348E-5
6.147204156426171E-5
6.161326916137537E-5
6.175482508974898E-5
6.189671014202207E-5
6.203892511168208E-5
6.218147079303828E-5
6.232434798119457E-5
6.246755747202386E-5
6.261110006213966E-5
6.275497654887088E-5
6.289918773023332E-5
6.304373440490375E-5
6.318861737219215E-5
6.333383743201411E-5
6.347939538486486E-5
6.362529203179003E-5
6.377152817436004E-5
6.391810461464111E-5
6.406502215516838E-5
6.421228159891785E-5
6.435988374927927E-5
6.450782941002784E-5
6.465611938529668E-5
6.480475447954825E-5
6.495373549754744E-5
6.510306324433264E-5
6.525273852518834E-5
6.540276214561726E-5
6.555313491131053E-5
6.570385762812262E-5
6.585493110203896E-5
6.600635613915177E-5
6.61581335456296E-5
6.631026412768911E-5
6.646274869156715E-5
6.661558804349264E-5
6.676878298965755E-5
6.692233433618879E-5
6.707624288911992E-5
6.723050945436235E-5
6.738513483767742E-5
6.754011984464717E-5
6.769546528064631E-5
6.785117195081372E-5
6.800724066002408E-5
6.816367221285856E-5
6.832046741357762E-5
6.847762706609094E-5
6.863515197393029E-5
6.879304294022E-5
6.895130076764893E-5
6.910992625844206E-5
6.926892021433094E-5
6.942828343652729E-5
6.95880167256921E-5
6.97481208819087E-5
6.990859670465357E-5
7.006944499276827E-5
7.023066654443106E-5
7.039226215712802E-5
7.0554232627625E-5
7.071657875193907E-5
7.087930132531073E-5
7.104240114217405E-5
7.120587899613037E-5
7.136973567991842E-5
7.153397198538696E-5
7.169858870346668E-5
7.186358662414084E-5
7.20289665364187E-5
7.219472922830579E-5
7.236087548677758E-5
7.252740609774996E-5
7.269432184605197E-5
7.286162351539736E-5
7.302931188835762E-5
7.319738774633246E-5
7.33658518695244E-5
7.353470503690825E-5
7.370394802620556E-5
7.387358161385621E-5
7.404360657498997E-5
7.421402368339976E-5
7.438483371151489E-5
7.455603743037196E-5
7.472763560958826E-5
7.48996290173341E-5
7.50720184203062E-5
7.524480458370023E-5
7.541798827118306E-5
7.55915702448655E-5
7.576555126527673E-5
7.593993209133577E-5
7.611471348032552E-5
7.628989618786509E-5
7.646548096788372E-5
7.664052583809086E-5
7.681563432807907E-5
7.69908660221053E-5
7.716644628335207E-5
7.73428777959486E-5
7.752108313893282E-5
7.770256317599264E-5
7.788950557689238E-5
7.808445730716584E-5
7.828775369263768E-5
7.848931232413735E-5
7.866976249938156E-5
7.885062425463605E-5
7.903189831729739E-5
7.921358541267827E-5
7.93956862639843E-5
7.957820159228769E-5
7.97611321165014E-5
7.994447855335534E-5
8.012824161736949E-5
8.031242202082917E-5
8.049702047376118E-5
8.068203768390768E-5
8.086747435670162E-5
8.105333119524168E-5
8.123960890026892E-5
8.142630817013983E-5
8.161342970080461E-5
8.18009741857807E-5
8.19889423161292E-5
8.217733478043122E-5
8.23661522647629E-5
8.255539545267131E-5
8.27450650251521E-5
8.293516166062382E-5
8.31256860349051E-5
8.33166388211911E-5
8.35080206900299E-5
8.369983233805299E-5
8.389207448755592E-5
8.408474788607869E-5
8.427785330599222E-5
8.447139154408838E-5
8.466536342117039E-5
8.485976978164912E-5
8.50546114931413E-5
8.524988944607236E-5
8.544560455327999E-5
8.564175774962325E-5
8.583834999159406E-5
8.603538225693121E-5
8.623285554423718E-5
8.643077087260022E-5
8.662912928121656E-5
8.682793182901913E-5
8.702717959430447E-5
8.722687367436863E-5
8.74270151851412E-5
8.762760526082363E-5
8.782864505353272E-5
8.803013573294344E-5
8.823207848593833E-5
8.843447451625558E-5
8.863732504414575E-5
8.884063130602456E-5
8.904439455413471E-5
8.924861605620713E-5
8.945329709512525E-5
8.965843896859185E-5
8.986404298880222E-5
9.007011048211513E-5
9.02766427887288E-5
9.048364126236089E-5
9.069110726992843E-5
9.089904219123362E-5
9.110744741864882E-5
9.131632435680782E-5
9.152567442229591E-5
9.173549904334724E-5
9.19457996595407E-5
9.215657772149945E-5
9.23678346905956E-5
9.257957203865293E-5
9.279179124765725E-5
9.300449380946425E-5
9.321768122551485E-5
9.343135500654817E-5
9.364551667232186E-5
9.386016775133065E-5
9.407530978053016E-5
9.429094430506195E-5
9.45070728779816E-5
9.472369705998828E-5
9.494081841915848E-5
9.51584385306798E-5
9.537655897658894E-5
9.55951813455132E-5
9.581430723240853E-5
9.603393823830795E-5
9.625407597006709E-5
9.647472204011277E-5
9.66958780661945E-5
9.691754567113903E-5
9.713972648260589E-5
9.736242213284633E-5
9.758563425846177E-5
9.780936450016827E-5
9.803361450256334E-5
9.825838591388704E-5
9.848368038579841E-5
9.870949957314278E-5
9.89358451337258E-5
9.916271872809047E-5
9.939012201929531E-5
9.961805667269229E-5
9.98465243557115E-5
1.0007552673764345E-4
1.003050654894274E-4
1.0053514228343827E-4
1.0076575879327724E-4
1.0099691669356598E-4
1.0122861765973824E-4
1.0146086336783933E-4
1.0169365549432367E-4
1.0192699571585409E-4
1.021608857091067E-4
1.0239532715057358E-4
1.0263032171637043E-4
1.0286587108204432E-4
1.0310197692238384E-4
1.0333864091123225E-4
1.0357586472130192E-4
1.0381365002398789E-4
1.0405199848918985E-4
1.042909117851272E-4
1.0453039157816595E-4
1.0477043953263722E-4
1.0501105731066602E-4
1.0525224657199847E-4
1.0549400897382723E-4
1.057363461706269E-4
1.0597925981398352E-4
1.0622275155243021E-4
1.0646682303128187E-4
1.0671147589247522E-4
1.0695671177440744E-4
1.0720253231177636E-4
1.074489391354248E-4
1.0769593387218553E-4
1.0794351814472689E-4
1.0819169357140076E-4
1.0844046176609415E-4
1.0868982433807816E-4
1.0893978289186257E-4
1.0919033902705078E-4
1.0944149433819626E-4
1.0969325041465842E-4
1.099456088404655E-4
1.1019857119417402E-4
1.104521390487305E-4
1.1070631397133906E-4
1.1096109752332406E-4
1.1121649125999946E-4
1.1147249673053708E-4
1.1172911547783808E-4
1.119863490384042E-4
1.1224419894221141E-4
1.1250266671258617E-4
1.1276175386608033E-4
1.1302146191235048E-4
1.1328179235403693E-4
1.1354274668664506E-4
1.1380432639842883E-4
1.1406653297027223E-4
1.143293678755762E-4
1.145928325801465E-4
1.1485692854207966E-4
1.1512165721165439E-4
1.153870200312212E-4
1.1565301843509671E-4
1.1591965384945437E-4
1.1618692769222395E-4
1.1645484137298424E-4
1.1672339629286201E-4
1.1699259384443209E-4
1.1726243541161752E-4
1.1753292236959075E-4
1.1780405608467773E-4
1.1807583791426095E-4
1.1834826920668746E-4
1.1862135130117388E-4
1.1889508552771584E-4
1.1916947320699695E-4
1.1944451565029951E-4
1.1972021415941855E-4
1.1999657002657169E-4
1.2027358453431767E-4
1.2055125895546824E-4
1.2082959455300785E-4
1.2110859258001149E-4
1.2138825427956402E-4
1.2166858088468015E-4
1.2194957361822527E-4
1.2223123369284103E-4
1.2251356231086824E-4
1.2279656066427214E-4
1.2308022993456747E-4
1.2336457129274864E-4
1.2364958589921663E-4
1.2393527490370937E-4
1.2422163944523224E-4
1.2450868065199064E-4
1.247963996413234E-4
1.250847975196357E-4
1.253738753823361E-4
1.256636343137715E-4
1.259540753871656E-4
1.2624519966455717E-4
1.2653700819673796E-4
1.2682950202319747E-4
1.2712268217205912E-4
1.2741654966002796E-4
1.277111054923309E-4
1.2800635066266333E-4
1.2830228615313377E-4
1.2859891293421112E-4
1.2889623196467274E-4
1.2919424419155243E-4
1.2949295055009007E-4
1.2979235196368294E-4
1.30092449343836E-4
1.30393243590117E-4
1.3069473559010832E-4
1.30996926219359E-4
1.3129981634134652E-4
1.3160340680742493E-4
1.3190769845678984E-4
1.3221269211643164E-4
1.3251838860109594E-4
1.328247887132433E-4
1.331318932430116E-4
1.3343970296817568E-4
1.3374821865411006E-4
1.340574410537545E-4
1.3436737090757636E-4
1.346780089435362E-4
1.3498935587705468E-4
1.3530141241097776E-4
1.3561417923554635E-4
1.3592765702836432E-4
1.362418464543663E-4
1.365567481657907E-4
1.3687236280214807E-4
1.371886909901943E-4
1.375057333439041E-4
1.3782349046444184E-4
1.3814196294013864E-4
1.3846115134646356E-4
1.387810562460063E-4
1.3910167818844462E-4
1.3942301771052915E-4
1.3974507533605655E-4
1.400678515758525E-4
1.403913469277476E-4
1.4071556187655938E-4
1.410404968940737E-4
1.4136615243902492E-4
1.416925289570811E-4
1.4201962688082287E-4
1.4234744662973195E-4
1.4267598861017304E-4
1.4300525321537917E-4
1.4333524082543907E-4
1.4366595180728272E-4
1.4399738651467022E-4
1.4432954528817595E-4
1.4466242845518262E-4
1.4499603632986657E-4
1.4533036921318972E-4
1.4566542739288924E-4
1.4600121114347064E-4
1.4633772072619521E-4
1.4667495638908014E-4
1.4701291836688408E-4
1.4735160688110637E-4
1.4769102213997858E-4
1.480311643384608E-4
1.4837203365823632E-4
1.487136302677107E-4
1.4905595432200476E-4
1.4939900596295453E-4
1.4974278531910872E-4
1.5008729250572708E-4
1.50432527624782E-4
1.5077849076495405E-4
1.5112518200163498E-4
1.5147260139692972E-4
1.5182074899965548E-4
1.5216962484534554E-4
1.525192289562499E-4
1.5286956134134182E-4
1.5321926761847283E-4
1.535690314026867E-4
1.5391879155819877E-4
1.5426867283699255E-4
1.5461915540323056E-4
1.549713146122237E-4
1.5532712642904846E-4
1.5568976605733167E-4
1.5606336489425057E-4
1.564495890939007E-4
1.5683576828200125E-4
1.5719476346201086E-4
1.5755448564141425E-4
1.5791493464409277E-4
1.5827611028075922E-4
1.5863801234897098E-4
1.59000640633143E-4
1.593639949045566E-4
1.597280749213762E-4
1.6009288042865955E-4
1.604584111583711E-4
1.6082466682939824E-4
1.6119164714756384E-4
1.615593518056414E-4
1.619277804833707E-4
1.622969328474737E-4
1.626668085516686E-4
1.630374072366901E-4
1.6340872853030269E-4
1.637807720473207E-4
1.6415353738962452E-4
1.645270241461785E-4
1.6490123189305121E-4
1.6527616019343302E-4
1.6565180859765574E-4
1.6602817664321246E-4
1.6640526385477755E-4
1.6678308221815927E-4
1.6716164356263234E-4
1.6754095956195822E-4
1.6792104173539018E-4
1.6830190144868063E-4
1.686835499150839E-4
1.6906599819634777E-4
1.6944925720370577E-4
1.6983333769886284E-4
1.702182502949769E-4
1.7060400545763408E-4
1.7099061350581908E-4
1.7137808461288324E-4
1.7176642880750506E-4
1.7215565597464755E-4
1.7254577585651003E-4
1.7293679805347478E-4
1.7332873202505347E-4
1.7372158709081818E-4
1.741153724313433E-4
1.7451009708912768E-4
1.7490576996952186E-4
1.7530239984164686E-4
1.7569999533930867E-4
1.7609856496191164E-4
1.764981170753577E-4
1.76898659912956E-4
1.7730020157631396E-4
1.7770275003623103E-4
1.7810631313358848E-4
1.7851089858023216E-4
1.7891651395984717E-4
1.7932316672884097E-4
1.7973086421720628E-4
1.801396136293898E-4
1.8054942204515486E-4
1.8096029642043646E-4
1.8137224358819555E-4
1.8178527025926701E-4
1.8219938302320535E-4
1.8261458834912224E-4
1.8303089258652456E-4
1.834483019661465E-4
1.8386682260077423E-4
1.842864604860716E-4
1.8470722150139887E-4
1.8512911141062605E-4
1.8555213586294613E-4
1.8597630039367982E-4
1.8640161042507894E-4
1.86828071267125E-4
1.8725568811832357E-4
1.8768446606649475E-4
1.8811441008955885E-4
1.8854552505632004E-4
1.889778157272438E-4
1.89411286755232E-4
1.8984594268639215E-4
1.902817879608043E-4
1.907188269132878E-4
1.9115706377415063E-4
1.9159650266995385E-4
1.9203714762425762E-4
1.9247900255836854E-4
1.9292207129208275E-4
1.9336635754442787E-4
1.9381186493439524E-4
1.942585969816755E-4
1.947065571073808E-4
1.9515574863477418E-4
1.9560617478999188E-4
1.9605783870275048E-4
1.9651074340707188E-4
1.9696489184198437E-4
1.974202868522308E-4
1.978769311889723E-4
1.9833482751048555E-4
1.9879397838285597E-4
1.9925438628067073E-4
1.9971605358770622E-4
2.001789825976111E-4
2.0064317551458824E-4
2.01108634454069E-4
2.0157536144339036E-4
2.0204335842245936E-4
2.0251262724442596E-4
2.0298316967634107E-4
2.0345498739981514E-4
2.0392808201168065E-4
2.044024550246353E-4
2.048781078678992E-4
2.0535504188785544E-4
2.0583325834869266E-4
2.0631275843304743E-4
2.0679354324263624E-4
2.0727561379888768E-4
2.0775897104357354E-4
2.0824361583942987E-4
2.0872954897078566E-4
2.0921677114417434E-4
2.0970528298895424E-4
2.101950850579208E-4
2.1068617782791068E-4
2.1117856170041387E-4
2.116722370021715E-4
2.121672039857783E-4
2.1266346283027425E-4
2.1316101364174313E-4
2.1365985645390012E-4
2.1415999122867475E-4
2.1466141785679964E-4
2.151641361583878E-4
2.1566814588351135E-4
2.1617344671277336E-4
2.1668003825788267E-4
2.1718792006221677E-4
2.176970916013906E-4
2.182075522838177E-4
2.1871930145126809E-4
2.192323383794237E-4
2.197466622784324E-4
2.202622722934577E-4
2.2077916750522285E-4
2.212973469305597E-4
2.2181680952294518E-4
2.2233755417304016E-4
2.2285957970922542E-4
2.2338288489813466E-4
2.2390746844518016E-4
2.2443332899508235E-4
2.2496046513239269E-4
2.2548887538201254E-4
2.26018558209712E-4
2.265495120226448E-4
2.2708173516986006E-4
2.2761522594281325E-4
2.281499825758696E-4
2.2868600324680793E-4
2.2922328607732575E-4
2.2976182913353186E-4
2.3030163042644542E-4
2.3084268791248664E-4
2.3138499949396769E-4
2.3192856301957823E-4
2.3247337628487438E-4
2.3301943703275455E-4
2.3356674295393957E-4
2.341152916874553E-4
2.3466508082109846E-4
2.352161078919122E-4
2.3576837038665353E-4
2.3632186574225892E-4
2.3687659134630825E-4
2.3743254453748505E-4
2.379897226060342E-4
2.3854812279421858E-4
2.391077422967698E-4
2.396685782613429E-4
2.402306277889589E-4
2.407938879344549E-4
2.4135835570692242E-4
2.419240280701507E-4
2.424909019430653E-4
2.4305897420016175E-4
2.436282416719385E-4
2.4419870114532604E-4
2.4477034936411755E-4
2.453431830293949E-4
2.4591719879994874E-4
2.4649239329269974E-4
2.470687630831207E-4
2.4764630470564664E-4
2.482250146540947E-4
2.488048893820676E-4
2.493859253033703E-4
2.4996811879241166E-4
2.5055146618460997E-4
2.511359637767955E-4
2.517216078276072E-4
2.5230839455789376E-4
2.528963201511056E-4
2.5348538075368836E-4
2.5407557247547315E-4
2.546668913900649E-4
2.552593335352281E-4
2.5585289491327065E-4
2.5644757149142345E-4
2.5704335920222085E-4
2.5764025394387895E-4
2.582382515806676E-4
2.5883734794328496E-4
2.594375388292259E-4
2.600388200031517E-4
2.6064118719725486E-4
2.612446361116246E-4
2.6184916241460735E-4
2.6245476174316444E-4
2.630614297032369E-4
2.636691618700871E-4
2.6427795378866756E-4
2.648878009739605E-4
2.6549869891133394E-4
2.661106430568819E-4
2.667236288377786E-4
2.673376516526105E-4
2.6795270687172653E-4
2.685687898375705E-4
2.6918589586502015E-4
2.698040202417237E-4
2.704231582284283E-4
2.710433050593145E-4
2.716644559423224E-4
2.7228660605948146E-4
2.7290975056723076E-4
2.7353388459674705E-4
2.741590032542609E-4
2.7478510162137683E-4
2.754121747553944E-4
2.7604021768961614E-4
2.76669225433668E-4
2.772991929738015E-4
2.7793011527321666E-4
2.785619872723539E-4
2.7919480388921043E-4
2.798285600196388E-4
2.804632505376522E-4
2.810988702957215E-4
2.81735414125074E-4
2.823728768359923E-4
2.8301125321810263E-4
2.836505380406762E-4
2.8429072605291167E-4
2.8493181198422897E-4
2.8557379054455474E-4
2.862166564246096E-4
2.86860404296188E-4
2.8750502881244556E-4
2.881505246081745E-4
2.88796886300084E-4
2.894441084870758E-4
2.900921857505212E-4
2.907411126545332E-4
2.913908837462354E-4
2.9204149355603636E-4
2.926929365978917E-4
2.933452073695783E-4
2.939983003529508E-4
2.946522100142112E-4
2.9530693080416623E-4
2.95962457158487E-4
2.9661878349796856E-4
2.9727590422878625E-4
2.9793381374275087E-4
2.9859250641755885E-4
2.9925197661704494E-4
2.9991221869143437E-4
3.0057322697758874E-4
3.012349957992537E-4
3.0189751946730096E-4
3.025607922799771E-4
3.0322480852314226E-4
3.038895624705096E-4
3.045550483838846E-4
3.0522126051340387E-4
3.0588643129641433E-4
3.0655117222249724E-4
3.072151809104673E-4
3.078783189682565E-4
3.0854084641419296E-4
3.0920378575410385E-4
3.098694353733795E-4
3.1054197064301557E-4
3.112274664875194E-4
3.1192985158166555E-4
3.1263534289928174E-4
3.133096595600678E-4
3.13984626602602E-4
3.1466023813900756E-4
3.153364882731144E-4
3.160133711006659E-4
3.166908807095474E-4
3.1736901117997705E-4
3.18047756584728E-4
3.187271109893318E-4
3.1940706845228297E-4
3.200876230252479E-4
3.207687687532626E-4
3.214504996749422E-4
3.22132809822672E-4
3.2281569322281726E-4
3.23499143895909E-4
3.241831558568533E-4
3.248677231151177E-4
3.255528396749284E-4
3.2623849953546114E-4
3.2692469669103465E-4
3.2761142513129703E-4
3.2829867884141963E-4
3.289864518022771E-4
3.2967473799064024E-4
3.3036894267491945E-4
3.310690099343949E-4
3.3177488413225776E-4
3.3248650991447523E-4
3.3320383220864256E-4
3.3392679622284874E-4
3.3465534744454574E-4
3.3538943163942105E-4
3.361289948502685E-4
3.368739833958744E-4
3.3762434386989693E-4
3.3838002313975703E-4
3.3914096834552777E-4
3.3990712689883126E-4
3.406784464817365E-4
3.4145487504566694E-4
3.4223636081030453E-4
3.4302285226250065E-4
3.438142981551985E-4
3.4461064750633584E-4
3.4541184959779094E-4
3.462178539742892E-4
3.470286104423461E-4
3.4784406906919696E-4
3.4866418018173547E-4
3.4948889436545763E-4
3.503181624634032E-4
3.511519355751136E-4
3.519901650555777E-4
3.528328025141911E-4
3.5367979981372005E-4
3.5453110906926604E-4
3.553866826472242E-4
3.562464731642743E-4
3.5711043348633683E-4
3.5797851672756694E-4
3.588506762493292E-4
3.5972686565918793E-4
3.606070388098967E-4
3.6149114979839447E-4
3.62379152964799E-4
3.632710028914113E-4
3.64166654401719E-4
3.6506606255940947E-4
3.6596918266737353E-4
3.668759702667284E-4
3.677863811358322E-4
3.6870037128930775E-4
3.696178969770729E-4
3.7053891468336356E-4
3.7146338112576906E-4
3.723912532542742E-4
3.7332248825029153E-4
3.742570435257086E-4
3.751948767219365E-4
3.761359457089572E-4
3.7708020858438025E-4
3.7802762367249816E-4
3.7897814952334876E-4
3.799317449117742E-4
3.8088836883650237E-4
3.818479805191979E-4
3.828105394035532E-4
3.837760051543576E-4
3.847443376565808E-4
3.857154970144554E-4
3.8668944355056716E-4
3.8766613780494427E-4
3.8864554053415386E-4
3.8962761271039357E-4
3.906123155205974E-4
3.915996103655446E-4
3.9258945885894915E-4
3.935818228265952E-4
3.9457666430542826E-4
3.955739455426835E-4
3.965736289950069E-4
3.9757567732757554E-4
3.985800534132204E-4
3.9958672033156404E-4
4.005956413681478E-4
4.0160678001356734E-4
4.0262009996262137E-4
4.036355651134385E-4
4.046531395666352E-4
4.056727876244573E-4
4.0669447378993825E-4
4.0771816276604804E-4
4.087438194548487E-4
4.097714089566696E-4
4.1080089656925147E-4
4.118322477869282E-4
4.128654282997913E-4
4.139004039928616E-4
4.149371409452721E-4
4.159756054294371E-4
4.170157639102441E-4
4.180575830442333E-4
4.191010296787822E-4
4.201460708513102E-4
4.211926737884563E-4
4.222408059052864E-4
4.23290434804492E-4
4.243415282755862E-4
4.253940542941213E-4
4.264479810208866E-4
4.275032768011272E-4
4.2855991016375146E-4
4.296178498205558E-4
4.306770646654419E-4
4.3173752377363646E-4
4.3279919640092166E-4
4.3386205198286325E-4
4.349260601340413E-4
4.3599119064728154E-4
4.370574134929019E-4
4.3812469881794055E-4
4.3919301694540677E-4
4.4026233837352545E-4
4.413326337749838E-4
4.424038739961826E-4
4.434760300564924E-4
4.445490731475074E-4
4.4562297463230483E-4
4.4669770604471187E-4
4.477732390885649E-4
4.488495456369806E-4
4.4992659773161986E-4
4.51004367581975E-4
4.520828275646273E-4
4.5316195022254154E-4
4.542417082643354E-4
4.553220745635695E-4
4.564030221580317E-4
4.574845242490247E-4
4.585665542006601E-4
4.596490855391526E-4
4.6073209195211725E-4
4.618155472878623E-4
4.6289942555470347E-4
4.6398370092025647E-4
4.650683477107519E-4
4.661533404103404E-4
4.67238653660409E-4
4.683242622588939E-4
4.6941014115959825E-4
4.704962654715138E-4
4.715826104581344E-4
4.7266915153679727E-4
4.7375586427799603E-4
4.748427244047175E-4
4.7592970779177413E-4
4.7701679046513673E-4
4.78103948601272E-4
4.7919115852648514E-4
4.802783967162614E-4
4.813656397946061E-4
4.824528645333985E-4
4.835400478517412E-4
4.8462716681530675E-4
4.8571419863569924E-4
4.868011206698015E-4
4.878879104191457E-4
4.889745455292681E-4
4.900610037890767E-4
4.911472631302157E-4
4.922333016264337E-4
4.933190974929556E-4
4.944046290858586E-4
4.954898749014495E-4
4.965748135756317E-4
4.976594238833021E-4
4.987436847377217E-4
4.998275751899066E-4
5.009110744280132E-4
5.019941617767297E-4
5.030768166966685E-4
5.041590187837567E-4
5.052407477686404E-4
5.063219835160745E-4
5.074027060243329E-4
5.084828954246048E-4
5.095625319804051E-4
5.10641596086977E-4
5.117200682707115E-4
5.127979291885478E-4
5.138751596274009E-4
5.149517405035666E-4
5.160276528621481E-4
5.171028778764725E-4
5.181773968475218E-4
5.19251191203348E-4
5.203242424985081E-4
5.213965324134928E-4
5.224680427541557E-4
5.235387554511513E-4
5.246086525593699E-4
5.256777162573735E-4
5.267459288468446E-4
5.278132727520139E-4
5.288797305191231E-4
5.299452848158566E-4
5.310099184308026E-4
5.320736142728926E-4
5.331363553708674E-4
5.341981248727181E-4
5.352589060451576E-4
5.3631868227307E-4
5.373774370589744E-4
5.384351540224936E-4
5.394918168998105E-4
5.405474095431442E-4
5.416019159202128E-4
5.426553201137114E-4
5.437076063207801E-4
5.447587588524836E-4
5.45808762133288E-4
5.468576007005339E-4
5.479052592039322E-4
5.489517224050339E-4
5.499969751767214E-4
5.510410025026953E-4
5.520837894769693E-4
5.531253213033479E-4
5.541655832949354E-4
5.55204560873619E-4
5.562422395695761E-4
5.572786050207621E-4
5.583136429724228E-4
5.59347339276592E-4
5.603796798915939E-4
5.614106508815553E-4
5.624402384159102E-4
5.634684287689135E-4
5.644952083191457E-4
5.655205635490435E-4
5.665444810443951E-4
5.675669474938755E-4
5.685879496885559E-4
5.696074745214317E-4
5.706255089869418E-4
5.716420401804949E-4
5.726570552980012E-4
5.736705416353902E-4
5.74682486588159E-4
5.756928776508829E-4
5.767017024167707E-4
5.777089485771893E-4
5.787146039212043E-4
5.797186563351207E-4
5.8072109380202E-4
5.81721904401311E-4
5.827210763082719E-4
5.837185977935924E-4
5.847144572229315E-4
5.857086430564557E-4
5.86701143848406E-4
5.876919482466351E-4
5.886810449921807E-4
5.896684229188064E-4
5.906540709525705E-4
5.91637978111388E-4
5.926201335045832E-4
5.93600526332465E-4
5.945791458858814E-4
5.955539641877703E-4
5.965252445835517E-4
5.974922926562969E-4
5.984544792023508E-4
5.99411531205796E-4
6.003640319151498E-4
6.013141929006052E-4
6.022668786827161E-4
6.032301669543786E-4
6.042113524164278E-4
6.051989224890289E-4
6.06155231880227E-4
6.07109637240229E-4
6.080621290845645E-4
6.090126980129702E-4
6.099613347089923E-4
6.109080299395821E-4
6.118527745546774E-4
6.127955594868155E-4
6.137363757507218E-4
6.146752144429155E-4
6.156120667413032E-4
6.165469239047891E-4
6.174797772728856E-4
6.184106182653006E-4
6.193394383815686E-4
6.202662292006358E-4
6.211909823804927E-4
6.221136896577744E-4
6.230343428473791E-4
6.239529338420812E-4
6.248694546121496E-4
6.257838972049621E-4
6.266962537446391E-4
6.276065164316447E-4
6.30862142767699E-4
6.340994276970548E-4
6.373184384729227E-4
6.405192421359287E-4
6.437019055147392E-4
6.468664952266904E-4
6.500130776783925E-4
6.531417190663551E-4
6.562524853776055E-4
6.593454423902956E-4
6.624206556743211E-4
6.654781905919278E-4
6.685181122983233E-4
6.71540485742282E-4
6.745453756667498E-4
6.775328466094505E-4
6.805029629034853E-4
6.834557886779399E-4
6.863913878584656E-4
6.89309824167909E-4
6.922111611268624E-4
6.950954620543032E-4
6.979627900681505E-4
7.008132080858767E-4
7.036467788250922E-4
7.064635648041224E-4
7.092636283426043E-4
7.120470315620667E-4
7.148138363865073E-4
7.175641045429876E-4
7.202978975621898E-4
7.230152767790165E-4
7.257163033331523E-4
7.284010381696389E-4
7.310695420394599E-4
7.337218755000906E-4
7.363580989160892E-4
7.389782724596462E-4
7.41582456111163E-4
7.441707096598093E-4
7.467430927040891E-4
7.492996646524023E-4
7.518404847236019E-4
7.54365611947553E-4
7.568751051656953E-4
7.593690230315834E-4
7.618474240114624E-4
7.643103663847943E-4
7.667579082448274E-4
7.691901074991401E-4
7.716070218701848E-4
7.74008708895837E-4
7.763952259299372E-4
7.787666301428366E-4
7.811229785219325E-4
7.834643278722143E-4
7.857907348168031E-4
7.881022557974778E-4
7.903989470752202E-4
7.926808647307457E-4
7.949480646650274E-4
7.972006025998508E-4
7.994385340783089E-4
8.016619144653551E-4
8.038707989483241E-4
8.060652425374478E-4
8.082453000663874E-4
8.104110261927528E-4
8.125624753986198E-4
8.146997019910586E-4
8.168227601026344E-4
8.189317036919382E-4
8.210265865440984E-4
8.231074622712825E-4
8.251743843132306E-4
8.272274059377407E-4
8.292665802411924E-4
8.312919601490485E-4
8.333035984163742E-4
8.353015476283141E-4
8.372858602006236E-4
8.392565883801541E-4
8.412137842453523E-4
8.431574997067752E-4
8.450877865075647E-4
8.470046962239626E-4
8.489082802657914E-4
8.50798589876958E-4
8.526756761359378E-4
8.545395899562698E-4
8.563903820870457E-4
8.58228103113394E-4
8.600528034569628E-4
8.618645333764194E-4
8.636633429679133E-4
8.654492821655818E-4
8.672224007420062E-4
8.689827483087124E-4
8.707303743166338E-4
8.724653280565921E-4
8.741876586597828E-4
8.758974150982348E-4
8.775946461852873E-4
8.792794005760703E-4
8.809517267679551E-4
8.826116731010526E-4
8.842592877586462E-4
8.858946187676886E-4
8.875177139992403E-4
8.891286211689552E-4
8.907273878375312E-4
8.923140614111689E-4
8.938886891420374E-4
8.95451318128732E-4
8.970019953167254E-4
8.985407674988327E-4
9.000676813156555E-4
9.015827832560415E-4
9.030861196575351E-4
9.045777367068237E-4
9.060576804401976E-4
9.075259967439886E-4
9.089827313550128E-4
9.104279298610292E-4
9.118616377011748E-4
9.132839001664092E-4
9.146947623999556E-4
9.160942693977487E-4
9.174824660088559E-4
9.188593969359368E-4
9.202251067356654E-4
9.215796398191711E-4
9.229230404524738E-4
9.242553527569126E-4
9.255766207095835E-4
9.268868881437584E-4
9.281861987493275E-4
9.294745960732248E-4
9.30752123519851E-4
9.32018824351498E-4
9.332747416887792E-4
9.34519918511048E-4
9.357543976568233E-4
9.369782218242053E-4
9.38191433571302E-4
9.393940753166437E-4
9.405861893395992E-4
9.417678177807996E-4
9.429390026425353E-4
9.440997857891934E-4
9.452502089476544E-4
9.46390313707705E-4
9.47520141522459E-4
9.486397337087516E-4
9.497491314475604E-4
9.508483757843974E-4
9.51937507629737E-4
9.530165677593943E-4
9.540855968149454E-4
9.551446353041303E-4
9.561937236012409E-4
9.572329019475445E-4
9.582622104516435E-4
9.59281689089916E-4
9.602913777068854E-4
9.612913160156244E-4
9.622815435981525E-4
9.632620999058199E-4
9.642330242597047E-4
9.651943558510041E-4
9.661461337414329E-4
9.670883968635898E-4
9.680211840213686E-4
9.689445338903281E-4
9.69858485018089E-4
9.707630758247105E-4
9.716583446030744E-4
9.725443295192774E-4
9.734210686129916E-4
9.742885997978698E-4
9.751469608618988E-4
9.759961894678028E-4
9.768363231533984E-4
9.776673993319802E-4
9.784894552926932E-4
9.793025282009136E-4
9.801066550986063E-4
9.809018729047148E-4
9.81688218415513E-4
9.824657283049858E-4
9.832344391251973E-4
9.839943873066555E-4
9.84745609158676E-4
9.85488140869751E-4
9.862220185079139E-4
9.86947278021095E-4
9.87663955237496E-4
9.883720858659367E-4
9.890717054962246E-4
9.897628495995228E-4
9.904455535286764E-4
9.911198525186027E-4
9.917857816866302E-4
9.92443376032861E-4
9.930926704405125E-4
9.937336996762875E-4
9.943664983907104E-4
9.949911011184883E-4
9.95607542278859E-4
9.962158561759307E-4
9.968160769990428E-4
9.974082388231112E-4
9.979923756089615E-4
9.985685212036818E-4
9.99136709340976E-4
9.996969736414925E-4
0.0010002493476131702
0.0010007938646515882
0.0010013305580402836
0.0010018594609511198
0.0010023806064446057
0.001002894027470234
0.0010033997568668217
0.0010038978273628478
0.0010043882715767764
0.0010048711220174064
0.0010053464110841832
0.0010058141710675523
0.0010062744341492707
0.0010067272324027472
0.0010071725977933727
0.0010076105621788331
0.001008041157309457
0.001008464414828524
0.0010088803662725966
0.0010092890430718443
0.001009690476550363
0.0010100846979265038
0.0010104717383131866
0.0010108516287182226
0.0010112244000446428
0.0010115900830909943
0.0010119487085516782
0.001012300307017262
0.0010126449089747902
0.001012982544808101
0.0010133132447981395
0.001013637039123269
0.001013953957859589
0.0010142640309812434
0.001014567288360728
0.0010148637597691991
0.0010151534748767909
0.0010154364632529132
0.001015712754366562
0.0010159823775866244
0.001016245362182184
0.0010165017373228325
0.001016751532078946
0.001016994775422031
0.0010172314962249844
0.0010174617232624169
0.00101768548521095
0.0010179028106495059
0.0010181137280596184
0.001018318265825716
0.0010185145790019884
0.0010187023022421898
0.0010188803182223925
0.0010190473913682494
0.0010192024734413966
0.0010193452928752068
0.0010194773447377923
0.001019603336708154
0.0010197324898011276
0.0010198757489265815
0.0010200287264677233
0.0010201588170964233
0.0010202828895552155
0.0010204009708944365
0.0010205130880716967
0.0010206192679521728
0.0010207195373088834
0.0010208139228229678
0.0010209024510839824
0.0010209851485901652
0.0010210620417487313
0.001021133156876122
0.0010211985201983229
0.0010212581578511214
0.001021312095880367
0.0010213603602422779
0.0010214029768036968
0.0010214399713423656
0.00102147136954721
0.0010214971970185984
0.0010215174792686228
0.0010215322417213648
0.0010215415097131657
0.001021545308492911
0.0020398936901306376
0.002035192064644281
0.0020305012756532724
0.002025821298181168
0.002021152107309085
0.002016493678175574
0.0020118459859764996
0.002007209005964893
0.0020025827134508138
0.0019979670838012357
0.001993362092439911
0.0019887677148472255
0.0019841839265600874
0.0019796107031717896
0.00197504802033188
0.001970495853746021
0.0019659541791758857
0.0019614229724389896
0.0019569022094086167
0.0019523918660136258
0.001947891918238388
0.0019434023421226068
0.0019389231137612118
0.0019344542093042384
0.0019299956049566816
0.001925547276978398
0.001921109201683949
0.0019166813554424864
0.001912263714677636
0.001907856255867355
0.001903458955543821
0.0018990717902932974
0.0018946947367560177
0.001890327771626052
0.0018859708716511905
0.0018816240136328149
0.0018772871744257718
0.0018729603309382678
0.0018686434601317189
0.0018643365390206474
0.0018600395446725496
0.0018557524542077847
0.0018514752447994426
0.0018472078936732264
0.001842950378107319
0.001838702675432301
0.001834464763030975
0.0018302366183382938
0.0018260182188412038
0.0018218095420785487
0.00181761056564094
0.0018134212671706345
0.0018092416243614344
0.0018050716149585386
0.001800911216758458
0.0017967604076088558
0.0017926191654084659
0.0017884874681069701
0.0017843652937048612
0.0017802526202533417
0.0017761494258542066
0.0017720556886597091
0.0017679713868724762
0.001763896498745363
0.0017598310025813528
0.0017557748767334394
0.0017517280996045103
0.001747690649647218
0.001743662505363894
0.001739643645306415
0.001735634048076089
0.001731633692323547
0.0017276425567486235
0.0017236606201002545
0.0017196878611763517
0.0017157242588236913
0.0017117697919378156
0.0017078244394628966
0.0017038881803916402
0.0016999609937651755
0.0016960428586729405
0.0016921337542525603
0.0016882336596897517
0.0016843425542182008
0.0016804604171194626
0.0016765872277228386
0.0016727229654052828
0.0016688676095912704
0.0016650211397527049
0.0016611835354088038
0.0016573547761259918
0.0016535348415177935
0.0016497237112447103
0.0016459213650141325
0.0016421277825802202
0.0016383429437437926
0.001634566828352228
0.0016307994162993585
0.0016270406875253498
0.0016232906220166095
0.001619549199805665
0.0016158164009710747
0.0016120922056373083
0.001608376593974647
0.0016046695461990762
0.0016009710425721711
0.001597281063401027
0.001593599589038098
0.001589926599881147
0.001586262076373099
0.0015826059990019649
0.0015789583483007282
0.001575319104847239
0.0015716882492641077
0.001568065762218618
0.0015644516244225995
0.001560845816632347
0.0015572483196485097
0.00155365911431598
0.0015500781815238089
0.0015465055022050901
0.001542941057336868
0.0015393848279400286
0.001535836795079201
0.0015322969398626663
0.001528765243442234
0.0015252416870131667
0.0015217262518140617
0.0015182189191267675
0.0015147196702762703
0.0015112284866305936
0.0015077453496007143
0.0015042702406404473
0.0015008031412463588
0.001497344032957661
0.0014938928973561238
0.0014904497160659448
0.001487014470753693
0.0014835871431281952
0.0014801677149404334
0.0014767561679834432
0.0014733524840922307
0.0014699566451436745
0.0014665686330564154
0.001463188429790772
0.0014598160173486443
0.0014564513777734153
0.0014530944931498478
0.0014497453456040097
0.0014464039173031505
0.0014430701904556305
0.0014397441473108226
0.001436425770158993
0.0014331150413312505
0.0014298119431994075
0.0014265164581759215
0.0014232285687137722
0.0014199482573064022
0.0014166755064875837
0.0014134102988313559
0.0014101526169519255
0.0014069024435035592
0.0014036597611805206
0.0014004245527169399
0.0013971968008867615
0.0013939764885036164
0.0013907635984207597
0.0013875581135309643
0.001384360016766433
0.0013811692910987005
0.0013779859195385557
0.0013748098851359505
0.0013716411709798905
0.0013684797601983727
0.0013653256359582712
0.0013621787814652637
0.0013590391799637319
0.001355906814736678
0.0013527816691056413
0.0013496637264305872
0.0013465529701098525
0.0013434493835800193
0.0013403529503158635
0.0013372636538302406
0.0013341814776740048
0.0013311064054359236
0.001328038420742597
0.0013249775072583492
0.0013219236486851753
0.0013188768287626187
0.0013158370312677016
0.001312804240014848
0.001309778438855778
0.0013067596116794376
0.0013037477424119007
0.0013007428150162911
0.0012977448134926974
0.0012947537218780847
0.0012917695242462054
0.0012887922047075241
0.0012858217474091295
0.0012828581365346503
0.0012799013563041597
0.0012769513909741163
0.0012740082248372502
0.001271071842222503
0.0012681422274949349
0.001265219365055638
0.0012623032393416632
0.001259393834825928
0.001256491136017139
0.0012535951274597113
0.001250705793733673
0.0012478231194546058
0.0012449470892735334
0.0012420776878768745
0.0012392148999863302
0.0012363587103588274
0.0012335091037864124
0.001230666065096193
0.001227829579150242
0.0012249996308455328
0.0012221762051138369
0.0012193592869216648
0.0012165488612701733
0.0012137449131950884
0.0012109474277666296
0.0012081563900894212
0.001205371785302428
0.0012025935985788602
0.0011998218151261003
0.0011970564201856336
0.0011942973990329555
0.0011915447369775
0.00118879841936256
0.001186058431565214
0.0011833247589962401
0.0011805973871000426
0.0011778763013545713
0.001175161487271256
0.0011724529303949128
0.0011697506163036793
0.001167054530608926
0.0011643646589551953
0.0011616809870201123
0.0011590035005143154
0.0011563321851813801
0.0011536670267977352
0.0011510080111725922
0.0011483551241478727
0.0011457083515981317
0.001143067679430482
0.0011404330935845153
0.001137804580032225
0.001135182124777955
0.0011325657138582853
0.0011299553333419968
0.0011273509693299677
0.0011247526079551239
0.0011221602353823342
0.0011195738378083759
0.001116993401461823
0.001114418912603002
0.0011118503575239052
0.00110928772254812
0.0011067309940307486
0.0011041801583583563
0.001101634116110525
0.0010990920017080932
0.0010965526546600484
0.001094014682142302
0.0010914766728224534
0.0010889376594408397
0.0010863979511068745
0.0010838604331403592
0.0010813320414040139
0.0010788229822644812
0.001076336508797638
0.001073855766165285
0.0010713807411589402
0.0010689114206005516
0.00106644779134245
0.0010639898402672783
0.0010615375542878946
0.0010590909203473259
0.0010566499254187026
0.0010542145565051685
0.0010517848006398349
0.001049360644885681
0.0010469420763355173
0.0010445290821119078
0.0010421216493670799
0.0010397197652828889
0.0010373234170707219
0.0010349325919714505
0.0010325472772553447
0.001030167460222022
0.0010277931282003676
0.0010254242685484754
0.0010230608686535687
