3.0267610490086614E-7
6.099129137578628E-7
9.217792862009351E-7
1.2383451304446306E-6
1.5596814193171936E-6
1.8858602065333193E-6
2.216954643214025E-6
2.553038994657081E-6
2.894188657361646E-6
3.2404801763106923E-6
3.5919912625150354E-6
3.948800810822784E-6
4.310988917998227E-6
4.678636901074239E-6
5.0518273159824665E-6
5.430643976465532E-6
5.81517197327597E-6
6.205497693666309E-6
6.601708841175252E-6
7.003894455714657E-6
7.412144933962583E-6
7.826743987409199E-6
8.247971713181682E-6
8.676197705909481E-6
9.111882282844583E-6
9.555542849764393E-6
1.0007654473718082E-5
1.0468441178266674E-5
1.0937510980447274E-5
1.1413373190617654E-5
1.1893365532721148E-5
1.23763156860106E-5
1.2866540463953253E-5
1.3364149884916955E-5
1.3869255643719349E-5
1.438197113727099E-5
1.490241149061463E-5
1.5430693583366023E-5
1.5966936076561763E-5
1.6511259439918962E-5
1.7063785979511875E-5
1.7624639865869978E-5
1.8193947162502052E-5
1.8771835854850304E-5
1.935843587967858E-5
1.965120304999716E-5
1.9948386696077167E-5
2.025005392974386E-5
2.0556272887531742E-5
2.0867112746276838E-5
2.118264373892809E-5
2.1502937170581304E-5
2.1828065434740175E-5
2.2158102029808817E-5
2.2493121575822092E-5
2.2833199831419583E-5
2.317841371107027E-5
2.352884130255552E-5
2.3884561884718068E-5
2.424565594548558E-5
2.461220520017732E-5
2.4984292610102333E-5
2.5362002401458825E-5
2.5745420084542976E-5
2.6134632473276403E-5
2.652972770506038E-5
2.6930603323623856E-5
2.733800535174132E-5
2.7752470389339392E-5
2.8174733279852124E-5
2.8605731955668454E-5
2.904654836552076E-5
2.9498232177481296E-5
2.996142645519848E-5
3.0435635568965573E-5
3.091780807346388E-5
3.139978523164385E-5
3.1873767468545466E-5
3.2354908974100133E-5
3.284331863731586E-5
3.333910701126655E-5
3.384238633880339E-5
3.4353270578617E-5
3.4871875431641484E-5
3.539831836778858E-5
3.593271865299896E-5
3.647519737659688E-5
3.702587747893129E-5
3.758488377928644E-5
3.815234300404292E-5
3.8728383815086666E-5
3.93131368384778E-5
3.990673469340428E-5
4.050931202145167E-5
4.112100551623057E-5
4.174195395340675E-5
4.237229822118284E-5
4.3012181351282496E-5
4.366174855048954E-5
4.4321147232791034E-5
4.4990527052175416E-5
4.5670039936130224E-5
4.6359840119883066E-5
4.7060084181423436E-5
4.77709310773389E-5
4.849254217949337E-5
4.9225081312569305E-5
4.996871479248821E-5
5.072361146571944E-5
5.14899427494786E-5
5.226788267281082E-5
5.3057607918545436E-5
5.38584557641156E-5
5.467182662780823E-5
5.5498505906171044E-5
5.633963381132307E-5
5.719678092221766E-5
5.807196313971589E-5
5.896752016660337E-5
5.98857155344514E-5
6.082762051679151E-5
6.178988280852694E-5
6.275572447144328E-5
6.370274134473759E-5
6.46640993497395E-5
6.564001702640404E-5
6.663071627286089E-5
6.763642239428121E-5
6.865736415144842E-5
6.969377380892535E-5
7.074588718270206E-5
7.18139436872099E-5
7.289818638158433E-5
7.399886201505639E-5
7.511622107135396E-5
7.62505178132138E-5
7.740201032793838E-5
7.857096057477683E-5
7.975763443476949E-5
8.096230176356019E-5
8.218523644756468E-5
8.342671646377334E-5
8.468702394336435E-5
8.596644523921652E-5
8.726527099732689E-5
8.858379623206347E-5
8.992232040512097E-5
9.12811475079848E-5
9.266058614765661E-5
9.406094963535189E-5
9.548255607783484E-5
9.692572847102638E-5
9.839079479548728E-5
9.987808811335505E-5
1.0138794666629406E-4
1.0292071397400004E-4
1.0447673893279074E-4
1.0605637591379875E-4
1.0765804718992632E-4
1.0928411139100739E-4
1.1093566158202666E-4
1.1261435629568496E-4
1.1432261993531899E-4
1.1606381128953142E-4
1.1784226286369124E-4
1.1966296832831711E-4
1.2153003981076913E-4
1.2344073369130608E-4
1.253658097786223E-4
1.2725955968429783E-4
1.2918205801295993E-4
1.3113374457844295E-4
1.3311506577288768E-4
1.351264745961962E-4
1.3716843067789134E-4
1.3924140029110434E-4
1.4134585635842286E-4
1.4348227844936015E-4
1.45651152769222E-4
1.478529721391721E-4
1.5008823604793485E-4
1.5235745076519299E-4
1.5466112950742882E-4
1.569997926476093E-4
1.5937396796074124E-4
1.6178419089790745E-4
1.642310048819603E-4
1.6671496161858087E-4
1.692366214169123E-4
1.7179655351445586E-4
1.7439533640137406E-4
1.770335581397656E-4
1.7971181667388953E-4
1.8243072012769497E-4
1.8519088708637122E-4
1.879929468589812E-4
1.9083753971955192E-4
1.9372531712431144E-4
1.9665694190303243E-4
1.9963308842272002E-4
2.0265444272212773E-4
2.05721702615821E-4
2.0883557776673578E-4
2.1199678972636996E-4
2.1520247294119622E-4
2.1845631867028407E-4
2.2175980879931935E-4
2.251152428594735E-4
2.2852613474123737E-4
2.3199765046430718E-4
2.3553697840175176E-4
2.3915331533980083E-4
2.4285595725995367E-4
2.466445656713211E-4
2.5047368809659877E-4
2.54263997928409E-4
2.5811204359416296E-4
2.620186983748364E-4
2.6598484406974474E-4
2.7001137052555567E-4
2.740991751390335E-4
2.782491623345878E-4
2.8246224301771883E-4
2.8673933400548976E-4
2.910813574351834E-4
2.954892454667617E-4
2.999639444016247E-4
3.0450641825310773E-4
3.0911765180260785E-4
3.137986531737319E-4
3.1855045595543787E-4
3.2337412090372326E-4
3.2827073725011103E-4
3.3324142364387304E-4
3.3828732875370167E-4
3.4340963155333847E-4
3.4860954131453155E-4
3.538882973295687E-4
3.592471683845819E-4
3.6468745200379034E-4
3.7021047348385477E-4
3.758175847365819E-4
3.8151016295728525E-4
3.8728960913525723E-4
3.9315734642193887E-4
3.9911481837157884E-4
4.0516348706839386E-4
4.113048311534806E-4
4.1754034376404516E-4
4.2387153039677986E-4
4.302940238186429E-4
4.368132894955999E-4
4.434313297532616E-4
4.5015119772092886E-4
4.5697767226738695E-4
4.6391811599210705E-4
4.709834220947008E-4
4.7818864472795434E-4
4.855509817483284E-4
4.930754379004498E-4
5.006979869857874E-4
5.082954067673642E-4
5.160081124756664E-4
5.238375386397145E-4
5.317850972576942E-4
5.398521755947418E-4
5.480401340245694E-4
5.56350303918346E-4
5.647839855839141E-4
5.733424462581586E-4
5.820272684892971E-4
5.908403163604174E-4
5.997837034655842E-4
6.08859762571865E-4
6.180710169027634E-4
6.274201529805599E-4
6.36909994967125E-4
6.465434804446451E-4
6.563236375796386E-4
6.662535636154323E-4
6.763364046400982E-4
6.865753365785159E-4
6.969735473589755E-4
7.075342202063105E-4
7.182605180151763E-4
7.291555687585939E-4
7.402224518884142E-4
7.514641856857614E-4
7.628837155209671E-4
7.744839029838438E-4
7.862675158464937E-4
7.982372188221216E-4
8.103955650845866E-4
8.227449885146218E-4
8.3528779663986E-4
8.480261642369118E-4
8.609534381045958E-4
8.740761859820337E-4
8.873959162987078E-4
9.009151778713682E-4
9.146385943842825E-4
9.285743220924692E-4
9.427359011097136E-4
9.571440487797868E-4
9.718251344340898E-4
9.867920752169772E-4
0.001001961906934575
0.0010171590990839428
0.0010325661060575923
0.0010481828767577538
0.0010640091923893973
0.0010800446671490292
0.0010962887491810839
0.0011127407217857623
0.0011293997048627442
0.0011462877509995297
0.0011634250014665253
0.0011808297679770752
0.0011985186118065652
0.0012165064203435107
0.0012348064811436791
0.0012534305535565134
0.0012723889379914514
0.001291690542889977
0.0013113429494676168
0.0013313524742884857
0.001351724229733402
0.0013724621824210217
0.0013935692096400147
0.0014150471538487371
0.001436896875297508
0.0014591183028271396
0.0014817104828960324
0.0015046716268867979
0.001527999156742076
0.0015516897489779233
0.001575739377121939
0.0016001433526220494
0.0016248963642706946
0.001649992516188009
0.0016754253644064776
0.001701187952098399
0.0017272612256549005
0.0017536418821366515
0.0017803199476369757
0.0018072861429959078
0.001834533356906847
0.001862058905391699
0.0018898676968122498
0.0019179759114701497
0.0019464110983556057
0.0019751896555272046
0.0020042088353754085
0.002033234891198022
0.002062467331709424
0.002091895051048876
0.0021215068210980455
0.002151291309810841
0.0021812370987440164
0.0022113326998140395
0.002243088981586986
0.002276401997096557
0.002311171278077657
0.002347299742621874
0.0023846936049967526
0.0024232622875819533
0.0024629183348764466
0.0025035773295316766
0.0025451578103667946
0.0025875811923227366
0.0026307716883129163
0.002674656232929213
0.0027191644079626715
0.0027642283696992617
0.002809782777951838
0.0028557647267902215
0.002902113676932136
0.0029487713897585156
0.002995681862917405
0.0030427912674814714
0.003090047886624861
0.0031374020557857775
0.0031848061042820076
0.003232214298347122
0.0032795827855559003
0.0033268695406080827
0.003374034312440267
0.003421038572636352
0.003467831705298895
0.0035143812163519663
0.0035606493030703877
0.0036066001767960944
0.003652201835221261
0.0036974291212270964
0.0037422684497803874
0.0037867240549102833
0.0038308212833461893
0.003874584405267212
0.003917911863745494
0.0039605366776203155
0.004002635704379596
0.004044189781037895
0.0040851808307001344
0.004125591828202158
0.00416540676663199
0.004304969615982765
0.004439340559823894
0.004568644987834085
0.0046930056804040795
0.004812542858943378
0.004927374235261156
0.005037615060037943
0.005143378170404233
0.005244774036641982
0.005341910808024629
0.005434894357811103
0.005523828327408807
0.005608814169720615
0.005689951191690288
0.00576733659606077
0.005841065522359446
0.005911231087124168
0.00597792442338363
0.006041234719405562
0.006101249256725768
0.006158053447470924
0.006211730870987896
0.0062623633097918935
0.006310030784845813
0.006354811590182729
0.006396782326883374
0.0064360179364201615
0.0064725917333792226
0.00650657543757155
0.0065380257568297545
0.006567009595174089
0.006593586702502562
0.006617814749007432
0.006639751381860952
0.006659458066914494
0.006677006400855394
0.006692487134619904
0.006706017975318371
0.006717728048802203
0.006727640018761742
0.006735594055802916
0.006741759144245912
0.006746187721237945
0.006748931044807524
0.006750039217569694
0.013365338342865074
0.013162619505531086
0.012962975408622492
0.01276635941589275
0.012572725598455282
0.012382028724054408
0.012194224246499071
0.012009268295256784
0.01182711766520547
0.0116477298065407
0.011471062814836036
0.011297075421254152
0.011125726982906361
0.010956977473358501
0.010790787473280689
0.010627118161238958
0.01046593130462657
0.010307189250732906
0.010150854917947733
0.00999689178709897
0.00984526389292181
0.009695935815657232
0.009548872672777953
0.009404040110839902
0.009261404297457202
0.009120931913398998
0.008982590144806063
0.00884634667552551
0.008712169679561791
0.00858002781364206
0.008449881729751724
0.008321694902952115
0.008195429463408278
0.008071046816139436
0.00794850930031031
0.007827783454781185
0.007708845532751414
0.007591689643996949
0.007476336279452925
0.0073628270672945265
0.007251153075760653
0.0071411728750433905
0.007032860774883085
0.006926191474674253
0.006821140057555477
