8.037908482063364E-8
1.6140278324532783E-7
2.43076274631158E-7
3.254047803200365E-7
4.083935639804868E-7
4.920479319521951E-7
5.763732335933596E-7
6.613748616308588E-7
7.470582525132636E-7
8.334288867667048E-7
9.204922893536297E-7
1.0082540300344599E-6
1.096719723732184E-6
1.185895030899882E-6
1.2757856578912401E-6
1.3663973573340435E-6
1.4577359285066974E-6
1.5498072177177708E-6
1.6426171186886228E-6
1.7361715729391014E-6
1.8304765701763476E-6
1.925538148686752E-6
2.021362395731043E-6
2.1179554479425924E-6
2.2153234917288913E-6
2.3134727636762884E-6
2.4124095509579867E-6
2.5121401917453046E-6
2.6126710756222814E-6
2.7140086440036022E-6
2.816159390555905E-6
2.9191298616224883E-6
3.0229266566514175E-6
3.1275564286271286E-6
3.233025884505507E-6
3.3393417856524337E-6
3.4465109482859556E-6
3.554540243921997E-6
3.6634365998236576E-6
3.7732069994541903E-6
3.883858482933655E-6
3.995398147499217E-6
4.107833147969279E-6
4.221170697211328E-6
4.335418066613595E-6
4.450582586560579E-6
4.56667164691244E-6
4.683692697488282E-6
4.801653248553428E-6
4.920560871310662E-6
5.040423198395451E-6
5.16124792437532E-6
5.283042806253211E-6
5.405815663975046E-6
5.529574380941445E-6
5.6543269045236065E-6
5.780081246583509E-6
5.906990595376632E-6
6.035188455240348E-6
6.164859153566631E-6
6.296233324082338E-6
6.429560586257691E-6
6.565042051296258E-6
6.702699498322572E-6
6.842158770305968E-6
6.982382498434028E-6
7.121711172805852E-6
7.2594973068588735E-6
7.398388320280271E-6
7.538393110843028E-6
7.679520648516017E-6
7.821779976052145E-6
7.965180209581211E-6
8.109730539207778E-6
8.25544022961373E-6
8.402318620666003E-6
8.55037512802907E-6
8.699619243782534E-6
8.850060537043658E-6
9.001708654595086E-6
9.154573321517422E-6
9.308664341827145E-6
9.463991599119555E-6
9.6205650572168E-6
9.778394760821266E-6
9.857111751353413E-6
9.936460708473403E-6
1.0016446744139151E-5
1.0097075011869603E-5
1.017835070708243E-5
1.0260279067434485E-5
1.0342865373164788E-5
1.0426114947440089E-5
1.0510033156703024E-5
1.0594625411022895E-5
1.067989716444908E-5
1.0765853915367047E-5
1.0852501206857112E-5
1.0939844627055884E-5
1.1027889809520304E-5
1.1116642433594635E-5
1.1206108224780033E-5
1.1296292955107093E-5
1.138720244351109E-5
1.14788425562103E-5
1.1571219207087032E-5
1.1664338358071794E-5
1.1758206019530398E-5
1.1852828250654123E-5
1.1948211159853068E-5
1.2044360905152506E-5
1.2141283694592592E-5
1.2238985786631289E-5
1.2337473490550595E-5
1.2436753166866123E-5
1.2536831227740144E-5
1.2637714137398098E-5
1.2739408412548692E-5
1.2841920622807427E-5
1.2945257391123993E-5
1.3049425394213297E-5
1.3154431362990137E-5
1.3260282083007789E-5
1.3366984394900696E-5
1.3474545194830586E-5
1.3582971434937055E-5
1.3692270123792007E-5
1.3802448326858E-5
1.3913513166951079E-5
1.4025471824707655E-5
1.413833153905546E-5
1.4252099607689029E-5
1.4366783387549393E-5
1.4482390295308032E-5
1.4598927807855406E-5
1.4716403462793927E-5
1.4834824858935076E-5
1.49541996568015E-5
1.5074535579133184E-5
1.5195840411398438E-5
1.5318122002309335E-5
1.544138826434164E-5
1.5565502062881253E-5
1.569085456874386E-5
1.5817696435464217E-5
1.594638954542051E-5
1.6077411602027593E-5
1.621132578649623E-5
1.6348685742413323E-5
1.6489830083876744E-5
1.6634470007133016E-5
1.6780840055107326E-5
1.6924286957260145E-5
1.706026794257841E-5
1.7197342574055665E-5
1.7335519709081813E-5
1.7474808277133808E-5
1.7615217280367387E-5
1.7756755794212833E-5
1.789943296797514E-5
1.8043258025437516E-5
1.818824026546961E-5
1.8334389062639108E-5
1.8481713867827168E-5
1.8630224208847495E-5
1.8779929691069278E-5
1.8930839998042962E-5
1.9082964892130057E-5
1.9236314215135753E-5
1.9390897888944642E-5
1.954672591615985E-5
1.9703808380744648E-5
1.986215544866777E-5
2.0021777368551258E-5
2.01826844723223E-5
2.034488717586791E-5
2.0508395979693555E-5
2.067322146958576E-5
2.0839374317278574E-5
2.1006865281124643E-5
2.117570520677101E-5
2.1345905027839583E-5
2.151747576661327E-5
2.1690428534727368E-5
2.186477453386747E-5
2.2040525056472756E-5
2.221769148644683E-5
2.2396285299874678E-5
2.257631806574743E-5
2.275780144669432E-5
2.2940747199722902E-5
2.312516717696692E-5
2.331107332644301E-5
2.349847769281623E-5
2.3687392418174133E-5
2.3877829742810662E-5
2.4069802006018938E-5
2.4263321646894362E-5
2.4458401205147015E-5
2.465505332192464E-5
2.485329074064555E-5
2.5053126307841887E-5
2.525457297401378E-5
2.5457643794493478E-5
2.566235193032062E-5
2.586871064912783E-5
2.6076733326037754E-5
2.6286433444569596E-5
2.6497824597557548E-5
2.6710920488079585E-5
2.6925734930396295E-5
2.714228185090085E-5
2.7360575289079394E-5
2.75806293984809E-5
2.7802458447698013E-5
2.8026076821357712E-5
2.8251499021120756E-5
2.847873966669181E-5
2.8707813496837928E-5
2.893873537041615E-5
2.917152026740989E-5
2.9406183289973473E-5
2.964273966348467E-5
2.9881204737604573E-5
3.012159398734504E-5
3.0363923014142684E-5
3.0608207546939035E-5
3.085446344326687E-5
3.110219819919163E-5
3.1352117962453594E-5
3.160456312394378E-5
3.1860070192480514E-5
3.2119415844408884E-5
3.23836281517888E-5
3.265392280605086E-5
3.293148473042523E-5
3.3216842972021846E-5
3.350796431182926E-5
3.379550675383788E-5
3.406700316598419E-5
3.4340688815335716E-5
3.461658146758369E-5
3.4894699033621774E-5
3.5175059570651256E-5
3.5457681283281346E-5
3.5742582524625045E-5
3.6029781797387994E-5
3.631929775495285E-5
3.661114920245454E-5
3.6905355097848634E-5
3.7201934552970714E-5
3.7500906834586505E-5
3.780229136543113E-5
3.810610772523837E-5
3.841237565175741E-5
3.872111504176516E-5
3.9032345952081315E-5
3.934608860059111E-5
3.966236336728254E-5
3.998119079530196E-5
4.0302591592034164E-5
4.062658663020909E-5
4.095319694904017E-5
4.128244375539792E-5
4.161434842501937E-5
4.19489325037587E-5
4.228621770887892E-5
4.262622593038651E-5
4.296897923241187E-5
4.331449985463416E-5
4.366281021375433E-5
4.401393290501327E-5
4.436789070375796E-5
4.47247065670542E-5
4.508440363534575E-5
4.544700523415956E-5
4.58125348758557E-5
4.61810162614217E-5
4.6552473282308924E-5
4.6926930022311724E-5
4.730441075948447E-5
4.7684939968098094E-5
4.8068542320632224E-5
4.845524268980141E-5
4.8845066150612864E-5
4.923803798245508E-5
4.96341836712123E-5
5.003352891140442E-5
5.043609960834959E-5
5.084192188034518E-5
5.125102206086665E-5
5.1663426700779375E-5
5.207916257056329E-5
5.2498256662543E-5
5.292073619312598E-5
5.334662860504163E-5
5.3775961569579175E-5
5.4208762988822655E-5
5.464506099787883E-5
5.5084883967093835E-5
5.552826050425837E-5
5.597521945679645E-5
5.642578991393264E-5
5.6880001208840303E-5
5.733788292076122E-5
5.779946487709803E-5
5.826477715547493E-5
5.873385008576321E-5
5.9206714252069424E-5
5.9683400494682046E-5
6.0163939911975406E-5
6.06483638622664E-5
6.113670396562172E-5
6.162899210561229E-5
6.212415173577301E-5
6.262332007161369E-5
6.312691446313594E-5
6.363566128437173E-5
6.41507090981479E-5
6.467372514095139E-5
6.520692114765053E-5
6.575288450871713E-5
6.631371762271418E-5
6.688753648533002E-5
6.745824330182327E-5
6.800077495189576E-5
6.854769231509362E-5
6.909903110021474E-5
6.965482729779436E-5
7.021511718067806E-5
7.077993730450149E-5
7.134932450807595E-5
7.192331591367682E-5
7.250194892723741E-5
7.308526123844011E-5
7.367329082070921E-5
7.426607593110024E-5
7.486365511008702E-5
7.546606718124242E-5
7.607335125081474E-5
7.66855467081906E-5
7.730269322718034E-5
7.79248307680641E-5
7.85519995803348E-5
7.918424020608235E-5
7.982159348396187E-5
8.04641005536917E-5
8.111180286102966E-5
8.176474216317674E-5
8.242296053456326E-5
8.30865003729666E-5
8.375540440592217E-5
8.442971569738138E-5
8.510947765457627E-5
8.579473403505613E-5
8.648552895385332E-5
8.718190689074885E-5
8.788391269759858E-5
8.859159160569176E-5
8.930498923311004E-5
9.00241515920557E-5
9.074912509612605E-5
9.147995656750133E-5
9.221669324402688E-5
9.295938278616166E-5
9.370807328377295E-5
9.44628132627543E-5
9.522365169144765E-5
9.599063798685129E-5
9.676382202059261E-5
9.754325412465259E-5
9.832898509682457E-5
9.912106620589216E-5
9.991954919651275E-5
1.0072448629379518E-4
1.0153593020755684E-4
1.0235393413625214E-4
1.0317855177055947E-4
1.0400983729662117E-4
1.0484784539892108E-4
1.0569263126280066E-4
1.0654425057660017E-4
1.0740275953341992E-4
1.0826821483249802E-4
1.0914067368019818E-4
1.1002019379060163E-4
1.1090683338570375E-4
1.1180065119520943E-4
1.1270170645592106E-4
1.1361005891072851E-4
1.1452576880718455E-4
1.1544889689567825E-4
1.1637950442719764E-4
1.1731765315068432E-4
1.1826340530998238E-4
1.1921682364037826E-4
1.2017797136473737E-4
1.2114691218923666E-4
1.2212371029869608E-4
1.2310843035151007E-4
1.2409913246511236E-4
1.25097486670706E-4
1.2610393757568218E-4
1.271193718760779E-4
1.2814533984937512E-4
1.291843007073643E-4
1.30239831594576E-4
1.3131662477584735E-4
1.3241942573527014E-4
1.3354734624901392E-4
1.3467548897738447E-4
1.3576062560378103E-4
1.3685456172135807E-4
1.3795736785514662E-4
1.3906911488259177E-4
1.4018987402269562E-4
1.41319716824845E-4
1.4245871515733365E-4
1.4360694119558193E-4
1.4476446741006776E-4
1.459313665539678E-4
1.4710771165052207E-4
1.4829357598012633E-4
1.494890330671623E-4
1.5069415666656822E-4
1.5190902087318226E-4
1.5313370022387846E-4
1.5436826979272893E-4
1.5561280527942231E-4
1.5686738309115777E-4
1.5813208041823287E-4
1.5940697530353773E-4
1.6069214670616036E-4
1.6198767455930665E-4
1.6329363982273257E-4
1.6461012452987907E-4
1.659372118298987E-4
1.6727498602475685E-4
1.6862353260158763E-4
1.6998293826047336E-4
1.7135329093782799E-4
1.7273467982553865E-4
1.7412719538603433E-4
1.7553092936343833E-4
1.769459747909569E-4
1.7837242599465466E-4
1.7981037859375989E-4
1.8125992949765055E-4
1.8272117689964806E-4
1.8419422026776303E-4
1.8567916033252076E-4
1.871760990719949E-4
1.886851396941741E-4
1.9020638661678378E-4
1.917399454446831E-4
1.9328592294494496E-4
1.9484442701974238E-4
1.9641556667713902E-4
1.979994519998986E-4
1.995961941124104E-4
2.012059051458354E-4
2.0282869820156666E-4
2.0446468731310157E-4
2.0611398740641676E-4
2.077767142589373E-4
2.0945298445718198E-4
2.1114291535317457E-4
2.1284662501970232E-4
2.1456423220449558E-4
2.1629585628341435E-4
2.1804161721270947E-4
2.1980163548043416E-4
2.2157603205707918E-4
2.2336492834549391E-4
2.2516844613016082E-4
2.269867075258966E-4
2.2881983492602638E-4
2.3066795095010576E-4
2.3253117839123862E-4
2.3440964016305357E-4
2.3630345924639275E-4
2.3821275863575967E-4
2.401376612855863E-4
2.420782900563607E-4
2.440347676606705E-4
2.460072166091967E-4
2.479925391810068E-4
2.499929668812564E-4
2.5200885286842873E-4
2.5404112059118476E-4
2.5609163945427806E-4
2.5816370292251897E-4
2.6026255675782754E-4
2.6239575354791185E-4
2.6457203430815996E-4
2.667929614046894E-4
2.6902355146481876E-4
2.7119686775518105E-4
2.73387699798172E-4
2.7559616166402594E-4
2.778223664329639E-4
2.8006642614557015E-4
2.8232845175369504E-4
2.846085530718985E-4
2.869068387294591E-4
2.8922341612297155E-4
2.9155839136954634E-4
2.9391186926063477E-4
2.962839532164904E-4
2.986747452412939E-4
3.0108436108760016E-4
3.035129294748069E-4
3.059605913292111E-4
3.0842749904522155E-4
3.109138157672966E-4
3.1341971469218104E-4
3.159453783910322E-4
3.18490998151019E-4
3.2105677333600234E-4
3.236429107658897E-4
3.262496241142899E-4
3.2887713332407497E-4
3.31525664040482E-4
3.3419544706137855E-4
3.368867178043464E-4
3.395997157901999E-4
3.423346841426233E-4
3.4509186910355584E-4
3.478715195639988E-4
3.50673886609915E-4
3.534992230828935E-4
3.5634778315525166E-4
3.5921982191927155E-4
3.621155949902548E-4
3.650353581230971E-4
3.6797936684207597E-4
3.709478760835709E-4
3.7394113985141824E-4
3.7695941088462283E-4
3.800029403371487E-4
3.83071977469519E-4
3.8616676935194583E-4
3.892875605787478E-4
3.9243459299377566E-4
3.956081054266065E-4
3.988083334392553E-4
4.0203550908315597E-4
4.052898606661728E-4
4.085716125294104E-4
4.1188098483358815E-4
4.1521819335475286E-4
4.185834492891076E-4
4.2197695906673425E-4
4.253989241740048E-4
4.288495409844553E-4
4.323290005979349E-4
4.3583748868781006E-4
4.3937518535603227E-4
4.4294226499587804E-4
4.465388961621632E-4
4.501652414487398E-4
4.538214573731065E-4
4.5750769426793417E-4
4.612240961793409E-4
4.649708007717332E-4
4.6874793923905203E-4
4.725556362222504E-4
4.763940097328377E-4
4.8026317108233177E-4
4.841632248174593E-4
4.880942686609548E-4
4.920563934577922E-4
4.960449938482291E-4
5.0006259428523E-4
5.041090986151655E-4
5.081850494995174E-4
5.122922023145165E-4
5.164343339834015E-4
5.206182699247513E-4
5.248548805836206E-4
5.291582376726492E-4
5.3353445337719E-4
5.379391044799313E-4
5.422778676134533E-4
5.466482432883892E-4
5.510502231509835E-4
5.554837917230858E-4
5.599489264170646E-4
5.644455975539971E-4
5.689737683850233E-4
5.735333951157721E-4
5.781244269337476E-4
5.827468060385849E-4
5.874004676750756E-4
5.920853401688597E-4
5.968032251944177E-4
6.015558415523992E-4
6.063448270575898E-4
6.11171740394386E-4
6.160380629402428E-4
6.20945200557577E-4
6.258944853545903E-4
6.30887177415461E-4
6.35924466500368E-4
6.410074737157972E-4
6.461372531555568E-4
6.513147935129462E-4
6.565410196645176E-4
6.618167942258242E-4
6.671429190796101E-4
6.725201368768291E-4
6.779491325109024E-4
6.834305345656226E-4
6.889649167371063E-4
6.945527992301634E-4
7.001946501294919E-4
7.058908867460642E-4
7.11641876939093E-4
7.174479404139216E-4
7.233093499962393E-4
7.292263328829507E-4
7.351990718700692E-4
7.412277065579836E-4
7.473123345344386E-4
7.534530125355781E-4
7.596497575853763E-4
7.659025481138028E-4
7.722113250540263E-4
7.785759929190107E-4
7.849964208577957E-4
7.91472443691779E-4
7.980038629313308E-4
8.045904477730162E-4
8.112319360777515E-4
8.179280353301676E-4
8.246784235795041E-4
8.3148275036229E-4
8.383406376071223E-4
8.452516805218023E-4
8.522154484631264E-4
8.592314857895863E-4
8.66299312697265E-4
8.734184260391812E-4
8.805883001283445E-4
8.878083875247949E-4
8.950781198068643E-4
9.023969083269099E-4
9.097641449517937E-4
9.171792027883114E-4
9.246414368938553E-4
9.321501849725036E-4
9.397047680568127E-4
9.473044911755175E-4
9.549486440073666E-4
9.626365015213369E-4
9.703673246034238E-4
9.7814036067025E-4
9.859548442696787E-4
9.93803813057678E-4
0.0010016887833728728
0.0010096079932507271
0.001017560249418009
0.0010255457248213714
0.0010335671924716226
0.0010416317606073003
0.0010497528948974588
0.0010579504606942824
0.001066237507654344
0.0010745643923836337
0.0010828107023995812
0.0010910875828615144
0.0010993941446371216
0.0011077294933148766
0.0011160927296237804
0.0011244829498433674
0.0011328992462041002
0.0011413407072783455
0.0011498064183620884
0.0011582954618475374
0.0011668069175867673
0.0011755723140169279
0.0011845832069312862
0.001193831302670201
0.0012033084559910803
0.0012130066679649529
0.0012229180838993125
0.0012330349912869887
0.0012433498177806986
0.001253855129192989
0.0012645436275212916
0.001275408148997792
0.0012864416621638202
0.0012976372659684768
0.0013089881878912335
0.0013204877820882008
0.001332129527561806
0.001343907026353607
0.0013558140017599768
0.0013678442965703668
0.0013799918713279303
0.0013922508026122037
0.0014046152813436135
0.0014170796111095377
0.0014296382065116975
0.0014422855915345821
0.0014550163979347133
0.0014678253636504724
0.001480707331232258
0.0014936572462927362
0.0015066701559769517
0.001519741207452063
0.0015328656464164616
0.0015460388156280746
0.0015592561534515863
0.0015725131924243976
0.0015858055578410718
0.001599128966356054
0.0016124792246044707
0.0016258522278407676
0.0016392439585949878
0.0016526504853464784
0.0016660679612148413
0.0016794926226678785
0.001692920788246372
0.0017063488573054847
0.0017197733087725795
0.001733190699921262
0.0017465976651614785
0.0017599909148454335
0.0017733672340891804
0.0017867234816096782
0.0018000565885771347
0.0018133635574824369
0.0018266414610195493
0.0018398874409825978
0.0018530987071775761
0.0018662725363484036
0.0018794062711172358
0.0018924973189388238
0.0019055431510687387
0.0019185413015453301
0.0019314893661852314
0.0019443850015922587
0.0019572259241795367
0.0019700027037870345
0.0019827143809903443
0.0019953565466255437
0.0020079250975506627
0.002020417233389962
0.0020328331621890547
0.002045178725642343
0.002057468867921512
0.002069729487208349
0.0020819843653938084
0.002094190435568192
0.002106214329817961
0.0021181588628700052
0.0021300224931070904
0.0021418037255271872
0.0021535011109569454
0.0021651132452759356
0.002176638768651496
0.002188076364784063
0.002199424760162904
0.0022106827233320395
0.002250586702153209
0.0022897006296056714
0.002328034674822944
0.0023655988941273737
0.0024024032321897084
0.0024384575231773445
0.0024737714918912296
0.002508354754891682
0.0025422168216131
0.002575367095467743
0.0026078148749386506
0.002639569354661841
0.0026706396264978465
0.002701034680592714
0.002730763406428576
0.0027598345938638805
0.002788256934163354
0.0028160390210178556
0.002843189351554168
0.0028697163273348277
0.0028956282553481215
0.0029209333489882906
0.002945639729026098
0.00296975542456979
0.0029932883740166048
0.003016246425994844
0.003038637340296664
0.0030604687888016666
0.003081748356391327
0.0031024835418543982
0.0031226817587833603
0.0031423503364620096
0.0031614965207442374
0.003180127474924131
0.0031982502805974543
0.0032158719385145932
0.00323299936942504
0.0032496394149135075
0.003265798838227779
0.003281484325098289
0.0032967024845496342
0.0033114598497039852
0.0033257628785765374
0.003339617954863047
0.003353031388719579
0.003366009417534433
0.00337855820669247
0.003390683850331786
0.0034023923720928827
0.003413689725860347
0.003424581796497191
0.0034350744005718307
0.003445173287077861
0.003454884138146618
0.0034642125697526695
0.0034731641324122426
0.003481744311874691
0.0034899585298070546
0.0034978121444717873
0.0035053104513977236
0.0035124586840443177
0.0035192620144592576
0.0035257255539294886
0.0035318543536257325
0.0035376534052405846
0.0035431207726037196
0.003548260160878132
0.0035530724072702457
0.0035575579251409684
0.003561717784769856
0.0035655557703830436
0.003569081802589156
0.0035723168885993064
0.003575297485303666
0.003578066305437693
0.0035806108976487727
0.003582820533640157
0.0035847602325961877
0.0035864342161977918
0.003587846655496251
0.0035890016714559578
0.0035899033354918203
0.0035905556700011336
0.0035909626488901275
0.0035911281980952822
0.007143859380526816
0.007086082863514676
0.007028773618845678
0.0069719278674086034
0.0069155418606563195
0.006859611880358551
0.0068041342383567205
0.0067491052763207025
0.006694521365507611
0.006640378906522492
0.006586674329080972
0.006533404091773809
0.006480564681833392
0.006428152614902041
0.006376164434802275
0.006324596713308898
0.006273446049922928
0.006222709071647349
0.006172382432764681
0.006122462814616357
0.006072946925383885
0.006023831499871767
0.005975113299292172
0.005926789111051383
0.005878855748537923
0.00583131005091244
0.005784148882899251
0.00573736913457959
0.005690967721186559
0.005644941582901683
0.005599287684653123
0.005554003015915574
0.005509084590511708
0.005464529446415251
0.005420334645555685
0.0053764972736244886
0.00533301443988295
0.005289883276971543
0.005247100940720864
0.00520466460996406
0.005162571486350785
0.005120818794162666
0.005079403780130318
0.005038323713251697
0.004997575884612072
0.004957157607205374
0.004917066215756988
0.004877299066548014
0.004837853537240947
0.004798727026706725
0.00475991695485319
0.0047214207624550015
0.004683235910984806
0.004645359882445913
0.004607790179206176
0.0045705243238333354
0.004533559858931648
0.004496894346979823
0.004460525370170283
0.004424450530249735
0.004388667448361033
0.00435317376488628
0.004317967139291259
0.004283045249971066
0.004248405794097022
0.004214046487464835
0.004179960909892476
0.004146143670996407
0.0041125883826419116
0.00407928793149471
0.004046235299252028
0.004013425258667823
0.003980857337312171
0.003948540330804675
0.003916497247452406
0.0038847625119443063
0.0038533446848146784
0.0038221809480331317
0.003791269246649636
0.0037606075423335956
0.0037301938132394638
0.0037000260538733983
0.0036701022749610394
0.003640420503316311
0.0036109787817112915
