2.423771982478189E-7
4.880450688473464E-7
7.370483785838242E-7
9.89432508505704E-7
1.2452434623862179E-6
1.5045278753009497E-6
1.767333022322876E-6
2.033706827336384E-6
2.3036978719717633E-6
2.577355404661736E-6
2.8547293498215885E-6
3.13587031715453E-6
3.4208296110839544E-6
3.70965924031426E-6
4.002411927522047E-6
4.299141119179379E-6
4.599900995511108E-6
4.904746480587998E-6
5.213733252557732E-6
5.5269177540157135E-6
5.84435720251781E-6
6.166109601237043E-6
6.492233749766484E-6
6.822789255070566E-6
7.158012740485866E-6
7.498133304685451E-6
7.84345801230505E-6
8.194371724569567E-6
8.551305755386916E-6
8.914648364619687E-6
9.284559445682484E-6
9.660649338352928E-6
1.0041558603061323E-5
1.0424915685510412E-5
1.080968957643749E-5
1.1199685533481167E-5
1.1594974714540739E-5
1.1995629254525649E-5
1.2401722278819208E-5
1.2813327916930067E-5
1.3230521316333743E-5
1.3653378656506705E-5
1.4081977163155151E-5
1.4516395122640852E-5
1.4956711896606312E-5
1.5403007936800917E-5
1.5855364800110723E-5
1.6313865163793147E-5
1.6778592840918966E-5
1.724963279602258E-5
1.74846939627152E-5
1.772295018214935E-5
1.7964445202480434E-5
1.8209223373787594E-5
1.8457329656332793E-5
1.8708809628924952E-5
1.8963709497389707E-5
1.9222076103146778E-5
1.948395693189686E-5
1.974940012241989E-5
2.0018454475487433E-5
2.0291169462891578E-5
2.0567595236593418E-5
2.0847782637994348E-5
2.1131783207333198E-5
2.1419649193213218E-5
2.1711433562261755E-5
2.2007190008927505E-5
2.2306972965418007E-5
2.2610837611782003E-5
2.2918839886140294E-5
2.3231036495068915E-5
2.3547484924138357E-5
2.386824344861247E-5
2.4193194946412037E-5
2.4522991582843057E-5
2.4858093763167256E-5
2.5199139481942513E-5
2.5546948083454425E-5
2.5902466045658242E-5
2.6266606694778433E-5
2.66399111886915E-5
2.7021887994970627E-5
2.7409737220989934E-5
2.7796146936212187E-5
2.817420955122451E-5
2.8557417305171265E-5
2.894584070902291E-5
2.9339551244539705E-5
2.973862137780554E-5
3.0143124572935388E-5
3.055313530595353E-5
3.096872907883826E-5
3.138998243372806E-5
3.1816972967284914E-5
3.22497793452083E-5
3.268848131689279E-5
3.3133159730224255E-5
3.358389654650414E-5
3.404077485549666E-5
3.4503878890594185E-5
3.497329404410766E-5
3.544910688268912E-5
3.59314051629E-5
3.642027784694142E-5
3.691581511856346E-5
3.741810839917588E-5
3.7927250364180123E-5
3.8443334959544996E-5
3.896645741864914E-5
3.9496714279411174E-5
4.0034203401730344E-5
4.057902398525657E-5
4.1131276587510175E-5
4.1691063142368725E-5
4.225848697893534E-5
4.283365284080484E-5
4.3416666905735286E-5
4.400763680573881E-5
4.460667164759342E-5
4.521388203378381E-5
4.5829380083869825E-5
4.6453279456283056E-5
4.708569537054634E-5
4.772674462990922E-5
4.837578552298235E-5
4.9034036572874E-5
4.9702159966820924E-5
5.0381135948317204E-5
5.1072329924872444E-5
5.1777504245662995E-5
5.249870604509921E-5
5.323790328973862E-5
5.3995976107074435E-5
5.476979159152002E-5
5.554429838220808E-5
5.629952787630756E-5
5.706506209807035E-5
5.784104252703185E-5
5.8627612602829324E-5
5.942491775145547E-5
6.0233105411433445E-5
6.105232505986743E-5
6.1882728238321E-5
6.272446857847441E-5
6.357770182751188E-5
6.444258587318885E-5
6.531928076852502E-5
6.620794875607706E-5
6.71087542917323E-5
6.802186406851107E-5
6.894744704078646E-5
6.988567444928124E-5
7.083671984713485E-5
7.180075912728654E-5
7.277797055137088E-5
7.376853478027282E-5
7.47726349064547E-5
7.579045648812453E-5
7.68221875852798E-5
7.786801879763331E-5
7.892814330439309E-5
8.000275690584708E-5
8.109205806667487E-5
8.219624796089095E-5
8.33155305183033E-5
8.445011247235282E-5
8.56002034091884E-5
8.676601581781086E-5
8.794776514112163E-5
8.914566982768461E-5
9.035995138401801E-5
9.159083442721491E-5
9.283854673769291E-5
9.410331931186516E-5
9.538538641452261E-5
9.6683242484433E-5
9.799892281685684E-5
9.933332226501556E-5
1.0068784269778202E-4
1.0206457220864413E-4
1.0346643434864157E-4
1.0489721915776759E-4
1.0636129513405605E-4
1.0786221205945969E-4
1.0939727567213129E-4
1.1094021561028896E-4
1.124501713151558E-4
1.1398077953320222E-4
1.1553232502979957E-4
1.171050964497611E-4
1.1869938633786596E-4
1.2031549115591823E-4
1.2195371129620334E-4
1.2361435109121824E-4
1.2529771881955416E-4
1.2700412670782352E-4
1.2873389092852997E-4
1.3048733159377957E-4
1.3226477274475931E-4
1.34066542375922E-4
1.3589297248955116E-4
1.377443991766251E-4
1.3962116272018467E-4
1.4152360771762967E-4
1.4345208321862635E-4
1.454069428755223E-4
1.4738854510338027E-4
1.4939725324695157E-4
1.514334357521039E-4
1.5349746633939958E-4
1.5558972417770395E-4
1.5771059405586725E-4
1.5986046655068657E-4
1.620397381895035E-4
1.6424881160594052E-4
1.6648809568741682E-4
1.6875800571320866E-4
1.71058963481955E-4
1.7339139742760632E-4
1.757557427229513E-4
1.781524413699342E-4
1.8058194227609444E-4
1.83044701316541E-4
1.8554118138097128E-4
1.8807185240531975E-4
1.9063719138770021E-4
1.9323444919420654E-4
1.958667667046002E-4
1.9853529723713587E-4
2.0124192727419624E-4
2.0398963239888276E-4
2.067828683169263E-4
2.0962789800212E-4
2.1253276886928514E-4
2.1550557845520388E-4
2.1854561224687134E-4
2.2161194254944868E-4
2.2463347814490682E-4
2.276964885112127E-4
2.3080154201632347E-4
2.3394921240778638E-4
2.3714007857972784E-4
2.403747243265623E-4
2.4365373808384478E-4
2.469777126567299E-4
2.5034724493649887E-4
2.537629356056377E-4
2.572253888319661E-4
2.6073521195229795E-4
2.642930180006294E-4
2.6789942795371065E-4
2.7155507270948886E-4
2.75260594813247E-4
2.790166499457275E-4
2.8282390818691453E-4
2.866830550686231E-4
2.9059479242850636E-4
2.9455983907756775E-4
2.9857893129277285E-4
3.0265282314587686E-4
3.067822866791062E-4
3.109681119378965E-4
3.152111068704378E-4
3.195120971033773E-4
3.2387192560260193E-4
3.2829145222764745E-4
3.327715531878941E-4
3.373131204083405E-4
3.419170608124129E-4
3.465842955288828E-4
3.513157590297008E-4
3.561123982051747E-4
3.60975171382655E-4
3.659050472945738E-4
3.7090300400141894E-4
3.759700277749239E-4
3.811071119465119E-4
3.863099741514938E-4
3.9158316175026724E-4
3.9692811436843134E-4
4.0234721965910585E-4
4.078444209961043E-4
4.134259874427007E-4
4.1910135918901773E-4
4.248837011832028E-4
4.307880611870969E-4
4.368182820611399E-4
4.4291657054532064E-4
4.4897225508192315E-4
4.551109691636805E-4
4.6133367440208867E-4
4.6764132074657766E-4
4.740348452798449E-4
4.8051517103182145E-4
4.870832058139069E-4
4.937398410750333E-4
5.004859507809702E-4
5.073223903181778E-4
5.142499954234207E-4
5.212697898997362E-4
5.283829674762176E-4
5.355908745159327E-4
5.428949935429386E-4
5.502969275601272E-4
5.577983851305129E-4
5.654011661953018E-4
5.731071486028894E-4
5.809182753236737E-4
5.888365423263049E-4
5.968639870916859E-4
6.050026777417766E-4
6.132547027608668E-4
6.216221612877098E-4
6.301071539574893E-4
6.387117742732685E-4
6.474381004871357E-4
6.562881879718857E-4
6.652640620646347E-4
6.743677113643305E-4
6.836010814656921E-4
6.929660691125832E-4
7.024645167544353E-4
7.120982074897476E-4
7.218688603812503E-4
7.317781261277521E-4
7.418275830782065E-4
7.520187335739158E-4
7.6235300060531E-4
7.728239249392555E-4
7.834369632278729E-4
7.941930830278262E-4
8.050942426984846E-4
8.161443247488616E-4
8.273504470697028E-4
8.387246222500772E-4
8.502853541421504E-4
8.620562230142237E-4
8.740483862832444E-4
8.861872404222001E-4
8.983152886398332E-4
9.105966668499603E-4
9.230314835152E-4
9.356197473372555E-4
9.483613674139969E-4
9.612561535369519E-4
9.743038166217038E-4
9.87503969264077E-4
0.001000856126415165
0.0010143597061685187
0.0010280292981969558
0.0010418783535339029
0.001055919228465086
0.0010701632271424835
0.0010846206429523195
0.0010993007986681445
0.0011142120854194227
0.001129362000505247
0.0011447571840822403
0.0011604034547549782
0.0011763058440966711
0.0011924686301271492
0.0012088953697746783
0.0012255889303474296
0.0012425515200399058
0.001259784717499014
0.0012772895004739364
0.0012950662735733685
0.0013131148951531688
0.0013314347033569443
0.0013500245413315454
0.0013688827816389867
0.0013880073498857392
0.0014073957475899425
0.0014270450743065412
0.0014469520490299021
0.0014671130308930307
0.0014875240391820465
0.0015081807726841315
0.001529078628386765
0.0015502022888486745
0.0015715507157504634
0.0015931170168668506
0.001614895052195681
0.0016368807539577789
0.001659074152417627
0.001681482210547472
0.001704122108492871
0.0017270212624948306
0.0017501965877726683
0.0017735580757691554
0.001796897992934156
0.0018203991273182335
0.0018440542913988678
0.001867856209402028
0.0018917975277253352
0.0019158708249580447
0.0019400686215093209
0.0019643833888560846
0.0019888075584213677
0.0020144501157363793
0.002041242374297088
0.0020691177191434675
0.0020980115572972607
0.0021278612692464437
0.002158606161455982
0.0021901874198847846
0.002222548064489257
0.002255632904694028
0.0022893884958109477
0.0023237630963877545
0.0023587066264681203
0.002394170626745149
0.0024301082185907525
0.0024664740649436197
0.0025032243320388635
0.0025403166519626756
0.002577710086015715
0.0026153650888691756
0.002653243473497858
0.0026913083768747886
0.0027295242264122775
0.0027678567071345644
0.0028062727295674423
0.002844740398330637
0.002883228981418845
0.002921708880157677
0.0029601515998210386
0.0029985297208966265
0.0030368168709866174
0.003074987697330725
0.003113005476559509
0.0031508492760972907
0.00318849293524162
0.0032259116645107075
0.0032630836660388104
0.003299992911895324
0.0033366334208037333
0.00337301489326866
0.0034091656359043357
0.0034451120017457756
0.003480766480267921
0.0035158918603990954
0.0035506527544428316
0.003585035522084745
0.0036190271970702845
0.0036526154681385484
0.0036857886603949798
0.003718535717113902
0.003750846181962042
0.0038643712207314263
0.003974091077746588
0.0040800885791235884
0.004182444997487666
0.004281240078969456
0.004376552069753395
0.004468457742185518
0.004557032420447747
0.004642350005805644
0.0047244830014364966
0.0048035025368444425
0.004879478391869359
0.004952479020296043
0.005022571573070043
0.0050898219211266355
0.005154294677839006
0.005216053221091958
0.005275159714987073
0.005331675131185276
0.005385659269892753
0.005437170780495893
0.005486267181850978
0.005533004882234168
0.005577439198957337
0.005619624377655075
0.005659613611248279
0.005697459058589525
0.00573321186279534
0.005766922169270548
0.005798639143429583
0.005828410988119734
0.005856284960751184
0.005882295283947795
0.005906485811272222
0.005928894413324359
0.005949557530910448
0.0059685120249560785
0.005985798646756281
0.006001467755004843
0.006015587505468247
0.006028250930203196
0.006039561401464576
0.006049526049174914
0.006057986435618851
0.006065084814537882
0.0060708568454254
0.006075337467315922
0.006078560911819519
0.006080560715934419
0.006081369734641512
0.012053267200937513
0.011888481090165676
0.011725947851951411
0.011565636686102524
0.011407517213513978
0.011251559470410899
0.011097733902670296
0.010946011360220479
0.010796363091516985
0.010648760738094022
0.010503176329190456
0.010359582276449253
0.01021795136868936
0.010078256766749097
0.009940471998400004
0.009804570953330328
0.009670527878196954
0.009538317371745073
0.00940791437999458
0.00927929419149224
0.00915243243262877
0.00902730506301999
0.00890388837095106
0.008782158968883048
0.008662093789020915
0.008543670078942087
0.008426865397284808
0.0083116576094954
0.008198024883633762
0.008085945686236086
0.00797539877823424
0.007866363210930876
0.007758818322029645
0.007652736066947796
0.007548090752914148
0.007444855279604217
0.007343001689517339
0.0072425026729441766
0.007143334558673252
0.007045482399910689
0.006948947532370184
0.006853755565960384
0.006759951557807103
0.006667534384503529
0.00657638067291073
0.006486473149840957
0.0063977947782548755
0.006310328754033064
0.00622405850279164
0.006138967676741463
