2.3087164104613586E-6
4.617473139763866E-6
6.9262651162716995E-6
9.235087254109905E-6
1.1543934471796424E-5
1.3852801710243686E-5
1.6161683950043102E-5
1.847057622795372E-5
2.0779473652524404E-5
2.3088371418787148E-5
2.5397264821968365E-5
2.770614927017358E-5
3.0015020296009536E-5
3.23238735671174E-5
3.4632704895599034E-5
3.694151024632694E-5
3.925028574413695E-5
4.1559027679911314E-5
4.386773251556579E-5
4.6176396887964096E-5
4.848501761178762E-5
5.0793591681395156E-5
5.310211627171379E-5
5.541058873820591E-5
5.771900661596262E-5
6.00273676179772E-5
6.233566963265512E-5
6.464391072062088E-5
6.695208911088171E-5
6.926020319641232E-5
7.15682515292225E-5
7.387623281497209E-5
7.618414590719659E-5
7.849198980120418E-5
8.079976362770782E-5
8.310746664624862E-5
8.541509823847075E-5
8.772265790129987E-5
9.003014524007938E-5
9.23375599617124E-5
9.464490186785612E-5
9.695217084821077E-5
9.925936687394356E-5
1.0156648999128225E-4
1.038735403153122E-4
1.061805180240055E-4
1.0848742335250723E-4
1.1079425658770274E-4
1.1310101806308354E-4
1.1540770815392954E-4
1.1771432727281919E-4
1.2002087586547966E-4
1.2232735440698427E-4
1.246337633983018E-4
1.2694010336320382E-4
1.292463748455282E-4
1.315525784068013E-4
1.3385871462421583E-4
1.3616478408896176E-4
1.3847078740490565E-4
1.4077672518761472E-4
1.430825980637173E-4
1.4538840667059763E-4
1.4769415165641347E-4
1.4999983368043257E-4
1.523054534136811E-4
1.5461101153989494E-4
1.5691650875676805E-4
1.5922194577749161E-4
1.615273233325756E-4
1.6383264217194782E-4
1.661379030673226E-4
1.6844310681483522E-4
1.7074825423793336E-4
1.7305334619052316E-4
1.7535838356036096E-4
1.7766336727268847E-4
1.799682982941032E-4
1.8227317763665904E-4
1.8457800636219226E-4
1.8688278558686545E-4
1.891875164859213E-4
1.9149220029864147E-4
1.937968383334995E-4
1.961014319734989E-4
1.9840598268168792E-4
2.0071049200683428E-4
2.0301496158925313E-4
2.0531939316676624E-4
2.07623788580781E-4
2.0992814978246645E-4
2.122324788390093E-4
2.1453677793992283E-4
2.1684104940338533E-4
2.1914529568258016E-4
2.2144951937200618E-4
2.237537232137249E-4
2.26057910103509E-4
2.2836208309685597E-4
2.306662454148175E-4
2.329704004496123E-4
2.352745517699663E-4
2.375787031261335E-4
2.3988285845454762E-4
2.4218702188204955E-4
2.444911977296325E-4
2.467953905156504E-4
2.490996049584267E-4
2.51403845978205E-4
2.5370811869837866E-4
2.5601242844593743E-4
2.5831678075106734E-4
2.606211813458436E-4
2.629256361619559E-4
2.6523015132739997E-4
2.6753473316208675E-4
2.6983938817230383E-4
2.7214412304398525E-4
2.744489446347333E-4
2.767538599645515E-4
2.7905887620525223E-4
2.813640006684961E-4
2.8366924079244546E-4
2.859746041270041E-4
2.882800983176357E-4
2.9058573108774904E-4
2.9289151021966403E-4
2.9519744353415946E-4
2.975035388686383E-4
2.998098040539321E-4
3.0211624688979827E-4
3.0442287511915774E-4
3.0672969640114427E-4
3.090367182830393E-4
3.113439481711842E-4
3.1365139330096956E-4
3.159590607060074E-4
3.182669571866234E-4
3.20575089277786E-4
3.2288346321662645E-4
3.25192084909702E-4
3.2750095990016195E-4
3.29810093334988E-4
3.32119489932496E-4
3.3442915395026705E-4
3.3673908915371524E-4
3.390492987854765E-4
3.413597855358192E-4
3.436705515142768E-4
3.459815982226954E-4
3.4829292652990515E-4
3.506045366481947E-4
3.5291642811179866E-4
3.5522859975755907E-4
3.5754104970795884E-4
3.598537753566806E-4
3.6216677335685276E-4
3.6448003961212373E-4
3.667935692707E-4
3.691073567224533E-4
3.714213955992056E-4
3.737356787782655E-4
3.7605019838927675E-4
3.7836494582442644E-4
3.8067991175202656E-4
3.8299508613347477E-4
3.8531045824356975E-4
3.876260166941303E-4
3.899417494608634E-4
3.922576439133838E-4
3.9457368684827563E-4
3.9688986452506345E-4
3.9920616270494195E-4
4.015225666920875E-4
4.038390613773599E-4
4.061556312841853E-4
4.0847226061639305E-4
4.107889333077622E-4
4.1310563307302487E-4
4.154223434600635E-4
4.177390479030138E-4
4.20055729776008E-4
4.2237237244725144E-4
4.2468895933315447E-4
4.270054739522151E-4
4.2932189997837045E-4
4.316382212935212E-4
4.339544220389494E-4
4.3627048666535157E-4
4.3858639998122954E-4
4.4090214719937244E-4
4.432177139812022E-4
4.455330864787527E-4
4.4784825137407486E-4
4.501631959158809E-4
4.5247790795325865E-4
4.547923759663068E-4
4.571065890935665E-4
4.5942053715614594E-4
4.617342106784535E-4
4.6173888449503207E-4
4.617432266769093E-4
4.6174723501985913E-4
4.617509080854708E-4
4.617542451859274E-4
4.6175724636602803E-4
4.617599123826243E-4
4.617622446816472E-4
4.617642453729091E-4
4.617659172028836E-4
4.6176726352565694E-4
4.6176828827227214E-4
4.617689959186706E-4
4.617693914524496E-4
4.617694803386502E-4
4.6176926848479316E-4
4.617687622053704E-4
4.6176796818600286E-4
4.617668934474674E-4
4.6176554530978474E-4
4.617639313565624E-4
4.6176205939976256E-4
4.6175993744507226E-4
4.617575736580252E-4
4.6175497633102816E-4
4.6175215385142206E-4
4.617491146707002E-4
4.617458672749919E-4
4.61742420156909E-4
4.617387817888329E-4
4.6173496059771617E-4
4.617309649414553E-4
4.6172680308687074E-4
4.617224831893394E-4
4.617180132740803E-4
4.617134012191234E-4
4.6170865473993714E-4
4.6170378137572E-4
4.61698788477322E-4
4.6169368319677086E-4
4.616884724783627E-4
4.6168316305127106E-4
4.616777614236248E-4
4.616722738779911E-4
4.6166670646820957E-4
4.616610650175053E-4
4.6165535511781433E-4
4.6164958213024924E-4
4.6164375118663343E-4
4.616378671920276E-4
4.6163193482818036E-4
4.6162595855781874E-4
4.6161994262971736E-4
4.6161389108446965E-4
4.616078077608888E-4
4.6160169630298095E-4
4.615955601674131E-4
4.6158940263142884E-4
4.615832268011426E-4
4.615770356201626E-4
4.6157083187849134E-4
4.615646182216567E-4
4.615583971600263E-4
4.61552171078271E-4
4.6154594224493415E-4
4.615397128220801E-4
4.615334848749917E-4
4.6152726038188396E-4
4.6152104124362175E-4
4.6151482929341465E-4
4.6150862630647116E-4
4.6150243400960573E-4
4.614962540907747E-4
4.614900882085414E-4
4.6148393800145456E-4
4.614778050973359E-4
4.61471691122471E-4
4.614655977106955E-4
4.614595265123784E-4
4.614534792032834E-4
4.614474574933235E-4
4.614414631351866E-4
4.614354979328348E-4
4.6142956374987145E-4
4.614236625177614E-4
4.614177962439032E-4
4.6141196701953785E-4
4.614061770274832E-4
4.6140042854967886E-4
4.613947239745247E-4
4.6138906580399635E-4
4.6138345666051333E-4
4.613778992935387E-4
4.613723965858831E-4
4.613669515596836E-4
4.613615673820294E-4
4.613562473701971E-4
4.613509949964621E-4
4.613458138924434E-4
4.6134070785295255E-4
4.6133568083928713E-4
4.6133073698194105E-4
4.613258805826764E-4
4.6132111611591007E-4
4.6131644822937286E-4
4.6131188174398626E-4
4.6130742165291093E-4
4.6130307311971713E-4
4.6129884147563E-4
4.6129473221580216E-4
4.612907509945652E-4
4.612869036196198E-4
4.6128319604512365E-4
4.6127963436363436E-4
4.612762247968806E-4
4.612729736853213E-4
4.612698874764789E-4
4.6126697271201624E-4
4.612642360135509E-4
4.612616840671938E-4
4.612593236068121E-4
4.612571613960303E-4
4.612552042089717E-4
4.6125345880977333E-4
4.612519319309039E-4
4.612506302503236E-4
4.6124956036753737E-4
4.612487287786034E-4
4.6124814185016403E-4
4.612478057925831E-4
4.6124772663227385E-4
4.6124791018332093E-4
4.6124836201850836E-4
4.6124908743986384E-4
4.612500914488565E-4
4.6125137871637974E-4
4.6125295355266434E-4
4.6125481987727596E-4
4.6125698118935427E-4
4.612594405382605E-4
4.6126220049480055E-4
4.612652631232045E-4
4.6126862995403016E-4
4.612723019581798E-4
4.612762795222019E-4
4.612805624250663E-4
4.612851498165775E-4
4.612900401976136E-4
4.61295231402352E-4
4.613007205826479E-4
4.6130650419472143E-4
4.613125779883011E-4
4.6131893699836014E-4
4.6132557553956886E-4
4.6133248720358087E-4
4.613396648592451E-4
4.6134710065583016E-4
4.613547860293271E-4
4.613627117118803E-4
4.613708677443761E-4
4.6137924349220436E-4
4.613878276641799E-4
4.6139660833460647E-4
4.6140557296842473E-4
4.6141470844938655E-4
4.6142400111115917E-4
4.6143343677125845E-4
4.6144300076768173E-4
4.614526779980881E-4
4.6146245296136963E-4
4.614723098014253E-4
4.614822323529393E-4
4.61492204188952E-4
4.615022086699927E-4
4.6151222899453326E-4
4.6152224825051635E-4
4.6153224946768925E-4
4.615422156704861E-4
4.6155212993117655E-4
4.6156197542300716E-4
4.6157173547306345E-4
4.6158139361456534E-4
4.615909336383294E-4
4.616003396431279E-4
4.6160959608467563E-4
4.616186878229946E-4
4.6162760016791557E-4
4.6163631892247564E-4
4.6164483042400337E-4
4.6165312158268475E-4
4.616611799174233E-4
4.6166899358883153E-4
4.6167655142920384E-4
4.6168384296934044E-4
4.616908584621214E-4
4.6169758890274147E-4
4.617040260455453E-4
4.6171016241742196E-4
4.6171599132773845E-4
4.6172150687482044E-4
4.6172670394900096E-4
4.617315782322878E-4
4.6173612619471475E-4
4.6174034508746255E-4
4.617442329328613E-4
4.617477885113875E-4
4.617510113458052E-4
4.617539016825979E-4
4.6175646047086767E-4
4.6175868933886804E-4
4.6176059056837304E-4
4.6176216706707366E-4
4.617634223392094E-4
4.617643604546406E-4
4.61764986016584E-4
4.617653041282167E-4
4.617653203583712E-4
4.6176504070653146E-4
4.617644715673436E-4
4.6176361969484217E-4
4.617624921666032E-4
4.6176109634800335E-4
4.6175943985678127E-4
4.6175753052807354E-4
4.617553763800876E-4
4.6175298558057126E-4
4.617503664142185E-4
4.6174752725114187E-4
4.617444765165307E-4
4.617412226616014E-4
4.617377741359268E-4
4.6173413936122866E-4
4.6173032670669586E-4
4.6172634446588206E-4
4.61722200835223E-4
4.6171790389419956E-4
4.6171346158716686E-4
4.617088817068479E-4
4.617041718794954E-4
4.6169933955169697E-4
4.6169439197880127E-4
4.616893362149385E-4
4.61684179104584E-4
4.6167892727562627E-4
4.616735871338774E-4
4.616681648589749E-4
4.616626664016067E-4
4.616570974819898E-4
4.616514635895406E-4
4.6164576998365843E-4
4.6164002169554925E-4
4.616342235310182E-4
4.616283800741567E-4
4.6162249569184767E-4
4.6161657453902116E-4
4.616106205645819E-4
4.616046375179516E-4
4.61598628956147E-4
4.6159259825134054E-4
4.615865485988355E-4
4.615804830254068E-4
4.6157440439794246E-4
4.615683154323469E-4
4.615622187026525E-4
4.615561166503005E-4
4.6155001159355123E-4
4.6154390573698343E-4
4.615378011810646E-4
4.6153169993174407E-4
4.6152560391006395E-4
4.6151951496175333E-4
4.615134348667898E-4
4.6150736534891356E-4
4.6150130808508073E-4
4.6149526471484285E-4
4.6148923684964096E-4
4.6148322608201194E-4
4.614772339946939E-4
4.614712621696313E-4
4.614653121968685E-4
4.6145938568333174E-4
4.6145348426149463E-4
4.6144760959792143E-4
4.614417634016847E-4
4.6143594743264867E-4
4.6143016350961853E-4
4.614244135183402E-4
4.614186994193485E-4
4.614130232556468E-4
4.614073871602137E-4
4.614017933633133E-4
4.6139624419960003E-4
4.6139074211499695E-4
4.613852896733251E-4
4.6137988956266196E-4
4.6137454460140457E-4
4.6136925774400707E-4
4.613640320863609E-4
4.6135887087078964E-4
4.6135377749061677E-4
4.613487554942735E-4
4.613438085889038E-4
4.6133894064342697E-4
4.613341556910144E-4
4.613294579309341E-4
4.6132485172971805E-4
4.613203416216054E-4
4.6131593230821615E-4
4.6131162865740294E-4
4.613074357012356E-4
4.6130335863307895E-4
4.612994028037023E-4
4.6129557371639624E-4
4.612918770210355E-4
4.612883185070662E-4
4.6128490409536786E-4
4.612816398289633E-4
4.6127853186255337E-4
4.6127558645084007E-4
4.612728099356341E-4
4.612702087317259E-4
4.61267789311517E-4
4.612655581884139E-4
4.6126352189899397E-4
4.612616869839536E-4
4.6126005996787627E-4
4.6125864733783804E-4
4.61257455520907E-4
4.612564908605808E-4
4.612557595922264E-4
4.612552678175926E-4
4.612550214784743E-4
4.612550263296221E-4
4.612552879109956E-4
4.6125581151946815E-4
4.6125660218010407E-4
4.612576646171346E-4
4.612590032247662E-4
4.612606220379702E-4
4.6126252470339704E-4
4.612647144505786E-4
4.612671940635753E-4
4.6126996585323934E-4
4.612730316302664E-4
4.612763926792012E-4
4.6128004973358336E-4
4.6128400295240027E-4
4.6128825189802416E-4
4.612927955158058E-4
4.612976321154949E-4
4.61302759354647E-4
4.6130817422417665E-4
4.61313873036207E-4
4.613198514143538E-4
4.613261042865755E-4
4.6133262588070697E-4
4.613394097227818E-4
4.6134644863823774E-4
4.613537347560738E-4
4.6136125951602534E-4
4.613690136787955E-4
4.6137698733937144E-4
4.613851699434259E-4
4.613935503067925E-4
4.6140211663798516E-4
4.614108565637032E-4
4.614197571572537E-4
4.6142880496979563E-4
4.6143798606429866E-4
4.614472860520776E-4
4.61456690131763E-4
4.6146618313053017E-4
4.614757495474143E-4
4.6148537359850096E-4
4.614950392637851E-4
4.615047303354708E-4
4.615144304674685E-4
4.61524123225848E-4
4.615337921399848E-4
4.615434207541389E-4
4.61552992679198E-4
4.615624916443157E-4
4.6157190154816926E-4
4.615812065095759E-4
4.6159039091718936E-4
4.6159943947802893E-4
4.6160833726457284E-4
4.6161706976018655E-4
4.616256229026362E-4
4.6163398312548014E-4
4.616421373971219E-4
4.616500732573366E-4
4.6165777885109904E-4
4.616652429595526E-4
4.616724550279825E-4
4.616794051906832E-4
4.616860842926153E-4
4.616924839077841E-4
4.616985963542815E-4
4.617044147059667E-4
4.6170993280076846E-4
4.6171514524562636E-4
4.617200474181065E-4
4.617246354647377E-4
4.6172890629614713E-4
4.6173285757908757E-4
4.617364877254651E-4
4.6173979587849507E-4
4.6174278189612723E-4
4.617454463318983E-4
4.6174779041337796E-4
4.6174981601839127E-4
4.617515256492024E-4
4.617529224048617E-4
4.617540099519105E-4
4.617547924936587E-4
4.6175527473824176E-4
4.6175546186566426E-4
4.617553594940459E-4
4.6175497364527344E-4
4.617543107102638E-4
4.617533774140409E-4
4.6175218078081264E-4
4.6175072809924076E-4
4.617490268880765E-4
4.6174708486232873E-4
4.6174490990012816E-4
4.6174251001042393E-4
4.6173989330165673E-4
4.617370679515212E-4
4.6173404217793773E-4
4.6173082421132206E-4
4.617274222682379E-4
4.617238445265088E-4
4.61720099101846E-4
4.6171619402603063E-4
4.6171213722669683E-4
4.617079365087267E-4
4.6170359953727496E-4
4.616991338224208E-4
4.6169454670543343E-4
4.6168984534663974E-4
4.61685036714858E-4
4.616801275783666E-4
4.61675124497361E-4
4.616700338178533E-4
4.616648616669542E-4
4.6165961394948246E-4
4.6165429634583387E-4
4.616489143110439E-4
4.6164347307497765E-4
4.616379776435701E-4
4.6163243280104567E-4
4.616268431130533E-4
4.616212129306284E-4
4.6161554639492536E-4
4.616098474426421E-4
4.616041198120689E-4
4.6159836704969876E-4
4.615925925173303E-4
4.6158679939960873E-4
4.6158099071194045E-4
4.615751693087334E-4
4.6156933789190537E-4
4.6156349901961774E-4
4.6155765511519075E-4
4.6155180847615835E-4
4.615459612834247E-4
4.6154011561049565E-4
4.6153427343274795E-4
4.615284366367162E-4
4.615226070293707E-4
4.615167863473693E-4
4.6151097626626373E-4
4.615051784096457E-4
4.6149939435822504E-4
4.614936256588224E-4
4.614878738332726E-4
4.614821403872339E-4
4.6147642681888785E-4
4.614707346275367E-4
4.6146506532208963E-4
4.614594204294271E-4
4.6145380150265034E-4
4.614482101292069E-4
4.614426479388842E-4
4.614371166116758E-4
4.614316178855035E-4
4.6142615356379376E-4
4.6142072552290134E-4
4.6141533571936167E-4
4.614099861969724E-4
4.6140467909367816E-4
4.613994166482484E-4
4.613942012067307E-4
4.613890352286568E-4
4.61383921292978E-4
4.613788621037097E-4
4.6137386049524955E-4
4.613689194373464E-4
4.613640420396859E-4
4.613592315560571E-4
4.6135449138806563E-4
4.613498250883504E-4
4.613452363632729E-4
4.613407290750299E-4
4.6133630724314647E-4
4.6133197504530995E-4
4.613277368175004E-4
4.6132359705336413E-4
4.6131956040279624E-4
4.6131563166968093E-4
4.613118158087464E-4
4.6130811792149343E-4
4.613045432511541E-4
4.6130109717664673E-4
4.6129778520548326E-4
4.61294612965605E-4
4.6129158619611076E-4
4.612887107368546E-4
4.6128599251689547E-4
4.61283437541781E-4
4.6128105187965684E-4
4.612788416462009E-4
4.612768129883843E-4
4.6127497206707236E-4
4.6127332503848376E-4
4.6127187803453524E-4
4.61270637142108E-4
4.612696083812789E-4
4.612687976825692E-4
4.61268210863279E-4
4.6126785360296746E-4
4.612677314181723E-4
4.612678496364492E-4
4.6126821336983333E-4
4.6126882748783246E-4
4.612696965900652E-4
4.6127082497866937E-4
4.6127221663061697E-4
4.612738751700681E-4
4.6127580384091454E-4
4.612780054796661E-4
4.612804824888294E-4
4.6128323681095046E-4
4.6128626990347396E-4
4.612895827145916E-4
4.6129317566024773E-4
4.6129704860246065E-4
4.613012008291343E-4
4.6130563103551585E-4
4.61310337307461E-4
4.6131531710665827E-4
4.613205672579598E-4
4.6132608393895444E-4
4.613318626719165E-4
4.6133789831824545E-4
4.6134418507550145E-4
4.6135071647713773E-4
4.6135748539500313E-4
4.6136448404468023E-4
4.6137170399371166E-4
4.6137913617274505E-4
4.613867708896093E-4
4.613945978463188E-4
4.614026061589912E-4
4.6141078438062544E-4
4.614191205266921E-4
4.614276021034518E-4
4.61436216138906E-4
4.614449492162625E-4
4.6145378750978917E-4
4.614627168228942E-4
4.6147172262827766E-4
4.6148079010996206E-4
4.6148990420701274E-4
4.614990496587291E-4
4.6150821105109637E-4
4.615173728642538E-4
4.61526519520746E-4
4.6153563543430934E-4
4.615447050589359E-4
4.615537129379631E-4
4.6156264375292656E-4
4.6157148237192466E-4
4.615802138972319E-4
4.615888237119155E-4
4.615972975252083E-4
4.616056214163979E-4
4.616137818770083E-4
4.616217658510539E-4
4.616295607731652E-4
4.616371546043908E-4
4.6164453586551216E-4
4.616516936677007E-4
4.61658617740391E-4
4.616652984562408E-4
4.616717268530799E-4
4.616778946527712E-4
4.6168379427691947E-4
4.6168941885939583E-4
4.6169476225565504E-4
4.6169981904884994E-4
4.6170458455276124E-4
4.6170905481159367E-4
4.617132265966877E-4
4.617170974002372E-4
4.617206654261048E-4
4.617239295778507E-4
4.61726889444103E-4
4.617295452814125E-4
4.6173189799474936E-4
4.6173394911580443E-4
4.6173570077927495E-4
4.617371556973164E-4
4.6173831713235516E-4
4.6173918886844917E-4
4.617397751814062E-4
4.617400808078494E-4
4.617401109134407E-4
4.6173987106045116E-4
4.6173936717488443E-4
4.6173860551333734E-4
4.6173759262978665E-4
4.617363353424887E-4
4.617348407011522E-4
4.617331159545558E-4
4.6173116851876654E-4
4.617290059460951E-4
4.6172663589492626E-4
4.6172406610054377E-4
4.617213043470626E-4
4.6171835844056E-4
4.617152361834951E-4
4.617119453504896E-4
4.6170849366552856E-4
4.6170488878063097E-4
4.6170113825602616E-4
4.6169724954186244E-4
4.6169322996146144E-4
4.61689086696125E-4
4.6168482677148365E-4
4.616804570453742E-4
4.6167598419722604E-4
4.616714147189174E-4
4.616667549070684E-4
4.6166201085672426E-4
4.6165718845637754E-4
4.616522933842704E-4
4.6164733110592716E-4
4.6164230687283976E-4
4.6163722572225256E-4
4.6163209247797543E-4
4.6162691175215015E-4
4.616216879479109E-4
4.6161642526286033E-4
4.6161112769329903E-4
4.6160579903913745E-4
4.616004429094225E-4
4.615950627284194E-4
4.615896617421802E-4
4.615842430255495E-4
4.61578809489536E-4
4.615733638890142E-4
4.615679088306909E-4
4.6156244678129935E-4
4.6155698007597563E-4
4.6155151092677163E-4
4.6154604143128057E-4
4.615405735813278E-4
4.615351092717115E-4
4.6152965030895655E-4
4.6152419842006407E-4
4.615187552612327E-4
4.6151332242654037E-4
4.6150790145656353E-4
4.6150249384693066E-4
4.6149710105679006E-4
4.614917245171917E-4
4.6148636563937077E-4
4.614810258229287E-4
4.61475706463909E-4
4.614704089627607E-4
4.6146513473218715E-4
4.6145988520488005E-4
4.614546618411292E-4
4.614494661363104E-4
4.614442996282451E-4
4.614391639044248E-4
4.6143406060909797E-4
4.614289914502115E-4
4.6142395820619606E-4
4.6141896273258767E-4
4.614140069684741E-4
4.614090929427493E-4
4.614042227801647E-4
4.6139939870715733E-4
4.613946230574335E-4
4.6138989827729205E-4
4.613852269306543E-4
4.613806117037818E-4
4.6137605540965315E-4
4.6137156099196244E-4
4.613671315287155E-4
4.6136277023538545E-4
4.613584804675882E-4
4.6135426572324975E-4
4.6135012964421617E-4
4.613460760172727E-4
4.613421087745276E-4
4.613382319931236E-4
4.6133444989423193E-4
4.613307668412843E-4
4.613271873374157E-4
4.6132371602205743E-4
4.613203576666631E-4
4.6131711716951285E-4
4.613139995495774E-4
4.6131100993939377E-4
4.613081535769424E-4
4.613054357964828E-4
4.613028620183409E-4
4.6130043773762717E-4
4.6129816851187217E-4
4.6129605994758036E-4
4.6129411768569924E-4
4.6129234738601083E-4
4.612907547104666E-4
4.612893453054768E-4
4.612881247831954E-4
4.612870987018291E-4
4.6128627254502104E-4
4.612856517003614E-4
4.612852414370885E-4
4.6128504688304955E-4
4.612850730010014E-4
4.612853245643414E-4
4.6128580613235935E-4
4.612865220251203E-4
4.61287476298091E-4
4.612886727166185E-4
4.6129011473040345E-4
4.6129180544808677E-4
4.612937476120965E-4
4.6129594357389086E-4
4.612983952697539E-4
4.613011041972836E-4
4.6130407139273255E-4
4.6130729740935343E-4
4.6131078229690134E-4
4.613145255824471E-4
4.6131852625265723E-4
4.613227827376801E-4
4.6132729289678943E-4
4.613320540059167E-4
4.61337062747212E-4
4.613423152007443E-4
4.6134780683846504E-4
4.6135353252053387E-4
4.6135948649409734E-4
4.613656623946004E-4
4.6137205324969777E-4
4.6137865148581443E-4
4.613854489373903E-4
4.6139243685882914E-4
4.613996059391594E-4
4.61406946319384E-4
4.6141444761250094E-4
4.6142209892613195E-4
4.614298888877045E-4
4.6143780567209933E-4
4.6144583703166083E-4
4.6145397032846007E-4
4.614621925686674E-4
4.614704904388927E-4
4.6147885034432553E-4
4.6148725844850387E-4
4.614957007145105E-4
4.6150416294740574E-4
4.6151263083767997E-4
4.6152109000550674E-4
4.615295260455692E-4
4.61537924572229E-4
4.6154627126479683E-4
4.6155455191267017E-4
4.6156275246009987E-4
4.6157085905034346E-4
4.6157885806897593E-4
4.6158673618612676E-4
4.615944803974216E-4
4.6160207806341E-4
4.616095169472845E-4
4.6161678525068683E-4
4.616238716474293E-4
4.616307653149614E-4
4.6163745596343377E-4
4.6164393386221957E-4
4.616501898637837E-4
4.616562154247938E-4
4.6166200262509675E-4
4.6166754418377136E-4
4.616728334722144E-4
4.616778645242438E-4
4.616826320432047E-4
4.616871314061034E-4
4.61691358664796E-4
4.6169531054428693E-4
4.616989844382073E-4
4.6170237840155513E-4
4.6170549114080226E-4
4.617083220014796E-4
4.617108709533756E-4
4.6171313857348444E-4
4.617151260268527E-4
4.6171683504549654E-4
4.617182679055465E-4
4.617194274028005E-4
4.61720316826869E-4
4.61720939934088E-4
4.617213009193923E-4
4.617214043873327E-4
4.617212553224229E-4
4.617208590589983E-4
4.6172022125077E-4
4.6171934784024513E-4
4.6171824502818444E-4
4.6171691924325837E-4
4.617153771120589E-4
4.6171362542960924E-4
4.6171167113051364E-4
4.617095212608622E-4
4.6170718295102293E-4
4.617046633894111E-4
4.617019697973407E-4
4.616991094050311E-4
4.616960894288511E-4
4.6169291704984875E-4
4.616895993936219E-4
4.616861435115675E-4
4.61682556363532E-4
4.616788448018843E-4
4.6167501555701324E-4
4.616710752242494E-4
4.616670302522015E-4
4.616628869324821E-4
4.6165865139080034E-4
4.616543295793853E-4
4.616499272707012E-4
4.616454500524081E-4
4.6164090332351666E-4
4.61636292291684E-4
4.6163162197159234E-4
4.6162689718435125E-4
4.61622122557861E-4
4.6161730252806986E-4
4.61612441341068E-4
4.6160754305594814E-4
4.6160261154836997E-4
4.615976505147674E-4
4.6159266347713346E-4
4.6158765378832725E-4
4.6158262463783965E-4
4.615775790579651E-4
4.6157251993032703E-4
4.615674499927069E-4
4.615623718461243E-4
4.615572879621313E-4
4.61552200690278E-4
4.6154711226570615E-4
4.615420248168461E-4
4.615369403731771E-4
4.615318608730288E-4
4.6152678817139677E-4
4.6152172404774873E-4
4.615166702138037E-4
4.615116283212695E-4
4.6150659996952115E-4
4.6150158671320863E-4
4.61496590069787E-4
4.614916115269559E-4
4.6148665255000827E-4
4.6148171458907674E-4
4.6147679908627555E-4
4.61471907482738E-4
4.6146704122554253E-4
4.614622017745239E-4
4.6145739060897065E-4
4.614526092342082E-4
4.614478591880547E-4
4.6144314204715525E-4
4.614384594331901E-4
4.614338130189437E-4
4.6142920453423386E-4
4.6142463577169624E-4
4.6142010859240334E-4
4.614156249313191E-4
4.614111868025709E-4
4.614067963045213E-4
4.6140245562463104E-4
4.613981670440852E-4
4.613939329421693E-4
4.613897558003737E-4
4.613856382061935E-4
4.613815828566055E-4
4.6137759256119446E-4
4.613736702448909E-4
4.613698189503002E-4
4.6136604183958025E-4
4.613623421958386E-4
4.6135872342401604E-4
4.613551890512132E-4
4.6135174272643275E-4
4.6134838821969244E-4
4.6134512942047726E-4
4.6134197033549515E-4
4.6133891508569325E-4
4.6133596790250906E-4
4.613331331233177E-4
4.613304151860491E-4
4.613278186229366E-4
4.6132534805338527E-4
4.6132300817592313E-4
4.613208037592245E-4
4.613187396321869E-4
4.6131682067305076E-4
4.613150517975591E-4
4.613134379461513E-4
4.613119840702011E-4
4.6131069511730653E-4
4.6130957601565317E-4
4.613086316574724E-4
4.6130786688162393E-4
4.6130728645534777E-4
4.6130689505522783E-4
4.6130669724741885E-4
4.6130669746720116E-4
4.613068999979323E-4
4.613073089494694E-4
4.61307928236148E-4
4.61308761554407E-4
4.613098123601628E-4
4.6131108384602843E-4
4.613125789184976E-4
4.6131430017520543E-4
4.613162498823902E-4
4.613184299526799E-4
4.61320841923338E-4
4.613234869350993E-4
4.6132636571173213E-4
4.613294785404653E-4
4.613328252534147E-4
4.613364052101513E-4
4.6134021728154055E-4
4.613442598349906E-4
4.6134853072123686E-4
4.6135302726278715E-4
4.613577462441461E-4
4.613626839039301E-4
4.613678359289772E-4
4.613731974505466E-4
4.613787630426892E-4
4.613845267228681E-4
4.613904819548841E-4
4.6139662165415777E-4
4.614029381954079E-4
4.614094234227371E-4
4.6141606866214083E-4
4.6142286473642387E-4
4.614298019825083E-4
4.6143687027108487E-4
4.614440590285562E-4
4.614513572612012E-4
4.614587535814779E-4
4.6146623623634933E-4
4.614737931375374E-4
4.614814118935544E-4
4.614890798433817E-4
4.6149678409163536E-4
4.615045115450483E-4
4.6151224895009434E-4
4.6151998293156884E-4
4.61527700031924E-4
4.615353867511645E-4
4.615430295870875E-4
4.615506150756678E-4
4.6155812983136207E-4
4.6156556058713123E-4
4.615728942339561E-4
4.61580117859646E-4
4.615872187867331E-4
4.6159418460923926E-4
4.616010032281438E-4
4.6160766288534904E-4
4.616141521959793E-4
4.6162046017884234E-4
4.6162657628491175E-4
4.616324904236807E-4
4.6163819298727514E-4
4.616436748722098E-4
4.6164892763937064E-4
4.6165394352660485E-4
4.616587154588048E-4
4.6166323705544327E-4
4.616675026355335E-4
4.6167150722000534E-4
4.616752465315115E-4
4.616787169916816E-4
4.616819157158732E-4
4.616848405054752E-4
4.6168748983783616E-4
4.616898628539013E-4
4.616919593436664E-4
4.616937797295515E-4
4.6169532504782327E-4
4.6169659692819816E-4
4.616975975717658E-4
4.616983297273848E-4
4.616987966667033E-4
4.616990021579665E-4
4.6169895043877057E-4
4.616986461879317E-4
4.6169809449663455E-4
4.6169730083902465E-4
4.616962710424099E-4
4.616950112572291E-4
4.6169352792694787E-4
4.616918277580275E-4
4.616899176901207E-4
4.616878048666233E-4
4.6168549660571996E-4
4.616830003720443E-4
4.6168032374906435E-4
4.616774744123017E-4
4.6167446010347916E-4
4.616712886056757E-4
4.616679677195725E-4
4.6166450524084556E-4
4.616609089387638E-4
4.6165718653603675E-4
4.6165334568994403E-4
4.6164939397477176E-4
4.616453388655705E-4
4.616411877232404E-4
4.616369477809469E-4
4.616326261318478E-4
4.6162822971812067E-4
4.6162376532126164E-4
4.616192395536305E-4
4.616146588511996E-4
4.6161002946747056E-4
4.61605357468512E-4
4.616006487290643E-4
4.615959089296656E-4
4.615911435547419E-4
4.6158635789160616E-4
4.615815570303012E-4
4.6157674586424173E-4
4.615719290915835E-4
4.615671112172702E-4
4.615622965556948E-4
4.61557489233921E-4
4.6155269319541156E-4
4.615479122042084E-4
4.6154314984951254E-4
4.615384095506152E-4
4.615336945621402E-4
4.6152900797954207E-4
4.6152435274482954E-4
4.6151973165247154E-4
4.615151473554565E-4
4.615106023714602E-4
4.6150609908910995E-4
4.615016397743053E-4
4.614972265765807E-4
4.6149286153548285E-4
4.6148854658694766E-4
4.6148428356966467E-4
4.614800742314053E-4
4.614759202353146E-4
4.614718231661517E-4
4.6146778453646625E-4
4.614638057927166E-4
4.614598883213124E-4
4.6145603345458064E-4
4.614522424766588E-4
4.6144851662930275E-4
4.6144485711760967E-4
4.614412651156591E-4
4.6143774177205977E-4
4.614342882154098E-4
4.6143090555965973E-4
4.614275949093802E-4
4.614243573649218E-4
4.6142119402747166E-4
4.614181060039934E-4
4.614150944120434E-4
4.614121603844566E-4
4.6140930507388914E-4
4.6140652965720664E-4
4.614038353397032E-4
4.6140122335913605E-4
4.6139869498956006E-4
4.613962515449424E-4
4.6139389438253666E-4
4.6139162490599155E-4
4.6138944456817756E-4
4.613873548736991E-4
4.6138535738107143E-4
4.6138345370452794E-4
4.6138164551543377E-4
4.613799345432791E-4
4.613783225762105E-4
4.6137681146107986E-4
4.6137540310297367E-4
4.613740994641935E-4
4.613729025626576E-4
4.6137181446968893E-4
4.6137083730716236E-4
4.6136997324398355E-4
4.613692244918731E-4
4.613685933004244E-4
4.6136808195142306E-4
4.6136769275239827E-4
4.613674280293941E-4
4.6136729011894646E-4
4.6136728135925324E-4
4.613674040805373E-4
4.6136766059459537E-4
4.613680531835384E-4
4.6136858408773546E-4
4.6136925549297025E-4
4.6137006951683474E-4
4.613710281943805E-4
4.6137213346306724E-4
4.6137338714704023E-4
4.613747909407836E-4
4.6137634639220577E-4
4.613780548852052E-4
4.613799176217895E-4
4.6138193560381314E-4
4.6138410961441483E-4
4.6138644019923746E-4
4.6138892764751E-4
4.613915719731019E-4
4.6139437289563533E-4
4.613973298217646E-4
4.6140044182672776E-4
4.614037076362852E-4
4.6140712560915746E-4
4.6141069372007134E-4
4.6141440954354404E-4
4.6141827023851007E-4
4.614222725339165E-4
4.6142641271539807E-4
4.614306866131454E-4
4.614350895910823E-4
4.6143961653744925E-4
4.61444261856906E-4
4.614490194642356E-4
4.6145388277975285E-4
4.614588447264872E-4
4.6146389772921937E-4
4.614690337154305E-4
4.614742441182201E-4
4.61479519881234E-4
4.614848514656331E-4
4.6149022885911943E-4
4.6149564158703255E-4
4.6150107872549987E-4
4.615065289166282E-4
4.615119803857043E-4
4.615174209603486E-4
4.61522838091574E-4
4.615282188766695E-4
4.6153355008382113E-4
4.61538818178377E-4
4.6154400935064416E-4
4.61549109545089E-4
4.6155410449081875E-4
4.6155897973318904E-4
4.615637206663967E-4
4.6156831256689146E-4
4.615727406274402E-4
4.615769899916738E-4
4.6158104578893604E-4
4.6158489316925694E-4
4.6158851733826654E-4
4.6159190359186905E-4
4.615950373504871E-4
4.6159790419270937E-4
4.616004898881523E-4
4.6160278042937003E-4
4.6160476206264737E-4
4.616064213175141E-4
4.616077450348332E-4
4.6160872039332113E-4
4.6160933493437145E-4
4.6160957658506006E-4
4.61609433679233E-4
4.6160892325111186E-4
4.6160806207434866E-4
4.616068666873336E-4
4.61605353416175E-4
4.616035383953121E-4
4.616014375857401E-4
4.615990667908452E-4
4.6159644166985714E-4
4.6159357774894157E-4
4.6159049042997414E-4
4.6158719499704267E-4
4.6158370662074575E-4
4.615800403603573E-4
4.6157621116395324E-4
4.6157223386659156E-4
4.6156812318665417E-4
4.615638937204665E-4
4.615595599353213E-4
4.615551361610314E-4
4.6155063658014545E-4
4.6154607521697166E-4
4.6154146592554434E-4
4.6153682237667904E-4
4.6153215804426134E-4
4.615274861909097E-4
4.6152281985315733E-4
4.6151817182628997E-4
4.61513554648977E-4
4.615089805878267E-4
4.6150446162199205E-4
4.615000094279476E-4
4.6149563536455E-4
4.614913504584947E-4
4.614871653902558E-4
4.6148309048061616E-4
4.6147913567785615E-4
4.6147531054568144E-4
4.614716242519584E-4
4.614680855583076E-4
4.6146470281060363E-4
4.614614839304254E-4
4.6145843640748517E-4
4.614555672930534E-4
4.6145288319440124E-4
4.6145039027026345E-4
4.6144809422732054E-4
4.6144600031769407E-4
4.6144411333744103E-4
4.614424376260246E-4
4.6144097706674134E-4
4.614397350880695E-4
4.614387146659081E-4
4.6143791832666545E-4
4.614373481511587E-4
4.6143700577927813E-4
4.6143689241537317E-4
4.6143700883430984E-4
4.614373553881509E-4
4.6143793201341304E-4
4.6143873823884733E-4
4.614397731936966E-4
4.614410356163815E-4
4.6144252386356223E-4
4.6144423591953676E-4
4.6144616940593E-4
4.6144832159162436E-4
4.614506894028947E-4
4.614532694337152E-4
4.6145605795618847E-4
4.614590509310741E-4
4.6146224401838026E-4
4.614656325879882E-4
4.6146921173028575E-4
4.614729762667861E-4
4.614769207607033E-4
4.6148103952747935E-4
4.6148532664522853E-4
4.614897759650978E-4
4.6149438112152373E-4
4.614991355423774E-4
4.615040324589896E-4
4.615090649160435E-4
4.6151422578133774E-4
4.6151950775540394E-4
4.6152490338098996E-4
4.61530405052387E-4
4.6153600502461914E-4
4.61541695422478E-4
4.6154746824940787E-4
4.6155331539624587E-4
4.615592286498004E-4
4.615651997012875E-4
4.615712201546059E-4
4.6157728153445885E-4
4.6158337529431814E-4
4.6158949282422483E-4
4.6159562545842716E-4
4.616017644828439E-4
4.616079011423532E-4
4.616140266478979E-4
4.616201321833946E-4
4.616262089124427E-4
4.616322479848196E-4
4.616382405427477E-4
4.6164417772691927E-4
4.6165005068227096E-4
4.616558505634786E-4
4.616615685401668E-4
4.6166719580180833E-4
4.6167272356228945E-4
4.6167814306412953E-4
4.6168344558232343E-4
4.616886224277903E-4
4.616936649503995E-4
4.616985645415565E-4
4.6170331263631765E-4
4.617079007150128E-4
4.617123203043556E-4
4.617165629780087E-4
4.617206203565903E-4
4.617244841070929E-4
4.617281459417001E-4
4.617315976159768E-4
4.6173483092642196E-4
4.617378377073581E-4
4.6174060982715685E-4
4.617431391837859E-4
4.6174541769966604E-4
4.6174743731584324E-4
4.617491899854686E-4
4.617506676665946E-4
4.6175186231429337E-4
4.6175276587211253E-4
4.6175337026288114E-4
4.6175366737889463E-4
4.6175364907149406E-4
4.617533071400878E-4
4.617526333206369E-4
4.6175161927365844E-4
4.617502565717867E-4
4.617485366869479E-4
4.6174645097720905E-4
4.617439906733559E-4
4.617411468652779E-4
4.617379104882236E-4
4.6173427230900796E-4
4.6173022291224735E-4
4.617257526867143E-4
4.6172085181188946E-4
4.6171551024480726E-4
4.6170971770728085E-4
4.6170346367361116E-4
4.616967373588576E-4
4.616895277077809E-4
4.6168182338454124E-4
4.616736127632511E-4
4.616648839194702E-4
4.6165562462273304E-4
4.616458223301937E-4
4.6163546418146953E-4
4.6162453699475985E-4
4.616130272643107E-4
4.616009211592857E-4
4.615882045241108E-4
4.615748628803327E-4
4.615608814300362E-4
4.6154624506085574E-4
4.615309383525989E-4
4.6151494558550253E-4
4.6149825075011947E-4
4.6148083755883404E-4
4.6146268945898165E-4
4.614437896475541E-4
4.614241210874415E-4
4.6140366652517255E-4
4.613824085100804E-4
4.61360329414831E-4
4.613374114572339E-4
4.61313636723242E-4
4.612889871910391E-4
4.612634447561111E-4
4.612369912571847E-4
4.6120960850290596E-4
4.611812782991361E-4
4.611519824767232E-4
4.6112170291961297E-4
4.6109042159315784E-4
4.6105812057247814E-4
4.610247820707246E-4
4.6099038846710147E-4
4.609549223344998E-4
4.609183664666003E-4
4.608807039042982E-4
4.6084191796132065E-4
4.6080199224890006E-4
4.6076091069937583E-4
4.6071865758861045E-4
4.606752175571008E-4
4.6063057562969377E-4
4.605847172337977E-4
4.6054331139950893E-4
4.605062313033478E-4
4.6047335197539147E-4
4.604445502968509E-4
4.604197049959751E-4
4.603986966422463E-4
4.603814076388531E-4
4.6036772221343895E-4
4.6035752640713126E-4
4.603507080618709E-4
4.603471568060746E-4
4.6034676403866956E-4
4.603494229115524E-4
4.603550283105343E-4
4.6036347683484357E-4
4.603746667752608E-4
4.6038849809097927E-4
4.604048723852739E-4
4.60423692880091E-4
4.604448643896477E-4
4.6046829329316255E-4
4.604938875068167E-4
4.6052155645506836E-4
4.6055121104142724E-4
4.6058276361880904E-4
4.6061612795958337E-4
4.6065121922542337E-4
4.606879539370754E-4
4.607262499441508E-4
4.607660263950443E-4
4.608072037070848E-4
4.608497035370044E-4
4.608934487518218E-4
4.609383634002234E-4
4.6098437268451715E-4
4.6103140293323196E-4
4.610793815744254E-4
4.611282371097592E-4
4.6117789908939056E-4
4.6122829808772263E-4
4.6127936568005014E-4
4.6133103442013085E-4
4.613832378187046E-4
4.614359103229683E-4
4.614889872970275E-4
4.615424050033185E-4
4.615961005850018E-4
4.616500120493134E-4
4.6170407825187087E-4
4.61758238881902E-4
4.618124344483842E-4
4.6186660626706304E-4
4.619206964483218E-4
4.619746478858699E-4
4.6202840424621063E-4
4.620819099588569E-4
4.6213511020725534E-4
4.621879509203702E-4
4.6224037876490024E-4
4.622923411380755E-4
4.6234378616099637E-4
4.6239466267247785E-4
4.6244492022335103E-4
4.6249450907118693E-4
4.6254338017540574E-4
4.6259148519272697E-4
4.626387764729317E-4
4.6268520705490025E-4
4.6273073066289175E-4
4.627753017030359E-4
4.6281887526001E-4
4.6286140709387067E-4
4.6290285363702105E-4
4.629431719912873E-4
4.6298231992508514E-4
4.6302025587065704E-4
4.63056938921367E-4
4.6309232882903596E-4
4.6312638600129935E-4
4.631590714989907E-4
4.631903470335262E-4
4.632201749642882E-4
4.632485182960049E-4
4.632753406761156E-4
4.633006063921156E-4
4.633242803688831E-4
4.633463281659804E-4
4.633667159749281E-4
4.633854106164532E-4
4.6340237953770353E-4
4.6341759080943706E-4
4.634310131231718E-4
4.634426157883065E-4
4.634523687292064E-4
4.6346024248224876E-4
4.6346620819283173E-4
4.634702376123378E-4
4.6347230309505663E-4
4.6347237759505156E-4
4.6347043466297505E-4
4.634664484428213E-4
4.634603936686145E-4
4.634522456610161E-4
4.634419803238521E-4
4.634295741405478E-4
4.634150041704532E-4
4.6339824804505765E-4
4.633792839640718E-4
4.6335809069137117E-4
4.633346475507806E-4
4.633089344216897E-4
4.6328093173447836E-4
4.6325062046574113E-4
4.632179821332881E-4
4.631829987909107E-4
4.631456530228904E-4
4.63105927938231E-4
4.6306380716460674E-4
4.630192748419933E-4
4.629723156159808E-4
4.629229146307387E-4
4.6287105752162565E-4
4.628167304074268E-4
4.6275991988220375E-4
4.6270061300674646E-4
4.62638797299618E-4
4.625744607277804E-4
4.6250759169679694E-4
4.624381790406079E-4
4.623662120108767E-4
4.6229168026590555E-4
4.622145738591293E-4
4.621348832271888E-4
4.6205259917760083E-4
4.61967712876032E-4
4.6188021583319785E-4
4.6179009989140245E-4
4.6169735721075377E-4
4.6160198025507195E-4
4.615039617775266E-4
4.6140329480604263E-4
4.6129997262850636E-4
4.6119398877782523E-4
4.610853370168757E-4
4.609740113234028E-4
4.608600058749106E-4
4.6074331503361546E-4
4.606239333315031E-4
4.6050185545556954E-4
4.6037707623329473E-4
4.602495906184211E-4
4.601193936771041E-4
4.5998648057449953E-4
4.5985084656185467E-4
4.5971248696417404E-4
4.595713971685274E-4
4.5942757261306107E-4
4.592810087767859E-4
4.591317011701925E-4
4.5897964532676597E-4
4.588248367954462E-4
4.5866727113409505E-4
4.585069439040125E-4
4.583438506655438E-4
4.581779869748276E-4
4.5800934838170315E-4
4.578379304288085E-4
4.5766372865189617E-4
4.574867385813645E-4
4.5730695574502516E-4
4.571243756720928E-4
4.569389938983977E-4
4.5675080597279124E-4
4.5655980746473564E-4
4.563659939730268E-4
4.561693611356233E-4
4.559699046405273E-4
4.557676202376583E-4
4.5556250375166507E-4
4.5535455109559775E-4
4.5514375828536655E-4
4.5493012145490677E-4
4.547136368719595E-4
4.544943009543763E-4
4.542721102868498E-4
4.540470616379754E-4
4.5381915197752865E-4
4.5358837849386764E-4
4.533547386113419E-4
4.53118230007606E-4
4.528788506307309E-4
4.5263659871600247E-4
4.5239147280230687E-4
4.5214347174800065E-4
4.518925947461667E-4
4.516388413391601E-4
4.5138221143235525E-4
4.511227053070138E-4
4.5086032363218716E-4
4.505950674755915E-4
4.514692584861699E-4
4.5232352795764275E-4
4.531580477794897E-4
4.539729888719948E-4
4.547685212017994E-4
4.5554481379604797E-4
4.5630203475511286E-4
4.5704035126389446E-4
4.577599296016974E-4
4.5846093515069966E-4
4.591435324030345E-4
4.598078849665113E-4
4.6045415556902013E-4
4.6108250606165485E-4
4.616930974206162E-4
4.6228608974794856E-4
4.628616422711728E-4
4.6341991334188825E-4
4.639610604334172E-4
4.6448524013756705E-4
4.6499260816059486E-4
4.654833193184554E-4
4.6595752753141923E-4
4.6641538581814883E-4
4.668570462893186E-4
4.6728266014086305E-4
4.676923776469479E-4
4.680863481527381E-4
4.684647200670531E-4
4.68827640854986E-4
4.6917525703056714E-4
4.6950771414953826E-4
4.69825156802315E-4
4.701277286071975E-4
4.704155722038933E-4
4.7068882924740444E-4
4.7094764040233147E-4
4.7119214533763954E-4
4.714224827219259E-4
4.716387902192239E-4
4.718412044853728E-4
4.7202986116497505E-4
4.722048948889648E-4
4.7236643927279495E-4
4.725146269152537E-4
4.726495893979191E-4
4.727714572852403E-4
4.7288036012525537E-4
4.729764264509192E-4
4.730597837820468E-4
4.7313055862784206E-4
4.73188876490003E-4
4.7323486186637623E-4
4.7326863825513933E-4
4.732903281594847E-4
4.7330005309277926E-4
4.732979335841672E-4
4.7328408918459344E-4
4.7325863847320616E-4
4.7322169906412214E-4
4.7317338761351124E-4
4.731138198269744E-4
4.7304311046718746E-4
4.7296137336177323E-4
4.728687214113828E-4
4.727652665979502E-4
4.726511199930942E-4
4.725263917666445E-4
4.723911911952663E-4
4.7224562667115886E-4
4.720898057108089E-4
4.71923834963775E-4
4.7174782022148666E-4
4.7156186642604333E-4
4.7136607767899076E-4
4.711605572500706E-4
4.709454075859195E-4
4.707207303187175E-4
4.704866262747664E-4
4.702431954829966E-4
4.699905371833924E-4
4.6972874983532907E-4
4.694579311258196E-4
4.691781779776616E-4
4.68889586557489E-4
4.685922522837189E-4
4.6828626983439484E-4
4.679717331549282E-4
4.6764873546572953E-4
4.67317369269737E-4
4.6697772635983733E-4
4.6662989782618176E-4
4.662739740633932E-4
4.659100447776703E-4
4.6553819899378205E-4
4.651585250619588E-4
4.647711106646733E-4
4.643760428233154E-4
4.6397340790475637E-4
4.6356329162780286E-4
4.63145779069537E-4
4.6272095467153775E-4
4.622889022459898E-4
4.61849704981661E-4
4.6140344544975595E-4
4.609502056096368E-4
4.6049006681440473E-4
4.6002310981633706E-4
4.5954941477217E-4
4.590690612482271E-4
4.58582128225377E-4
4.5808869410381863E-4
4.5758883670767855E-4
4.570826332894208E-4
4.565701605340513E-4
4.5605149456311156E-4
4.5552671093845225E-4
4.5499588466577404E-4
4.5445909019793104E-4
4.5391640143798426E-4
4.533678917419982E-4
4.528136339215677E-4
4.5225370024607684E-4
4.5168816244467306E-4
4.511170917079524E-4
4.505405586893571E-4
4.49958633506272E-4
4.493713857408259E-4
4.487788844403863E-4
4.4818119811775877E-4
4.475783947510826E-4
4.469705417834315E-4
4.463577061221239E-4
4.457399541377454E-4
4.451173516629013E-4
4.4448996399069977E-4
4.438578558729879E-4
4.4322109151834866E-4
4.425797345898814E-4
4.419338482027844E-4
4.4128349492176183E-4
4.4062873675827563E-4
4.3996963516767444E-4
4.3930625104622486E-4
4.3863864472807484E-4
4.379668759821839E-4
4.3729100400925167E-4
4.366110874386798E-4
4.359271843256096E-4
4.352393521480665E-4
4.345476478042541E-4
4.338521276100389E-4
4.331528472966591E-4
4.324498620087125E-4
4.3174322630244353E-4
4.310329941443867E-4
4.303192189103984E-4
4.2960195338511434E-4
4.288812497618745E-4
4.281571596431436E-4
4.2742973404146905E-4
4.266990233809964E-4
4.259650774995833E-4
4.252279456515288E-4
4.2448767651093704E-4
4.237443181757462E-4
4.2299791817242735E-4
4.222485234613639E-4
4.2149618044292833E-4
4.2074093496424477E-4
4.199828323266476E-4
4.192219172938231E-4
4.1845823410061994E-4
4.176918264625235E-4
4.169227375857616E-4
4.161510101780222E-4
4.1537668645975163E-4
4.145998081760027E-4
4.138204166087875E-4
4.130385525898987E-4
4.122542565141497E-4
4.114675683529835E-4
4.106785276684013E-4
4.0988717362714933E-4
4.090935450151105E-4
4.0829768025183735E-4
4.074996174051663E-4
4.066993942058498E-4
4.0589704806214043E-4
4.0509261607426654E-4
4.0428613504873187E-4
4.0347764151237963E-4
4.026671717261548E-4
4.0185476169850905E-4
4.010404471983846E-4
4.002242637677288E-4
3.99406246733478E-4
3.985864312189675E-4
3.9776485215472053E-4
3.969415442885742E-4
6.257229523990037E-4
6.226115391936456E-4
6.195155420214871E-4
6.164348824249527E-4
6.133694825181438E-4
6.103192649860647E-4
6.07284153083044E-4
6.042640706303674E-4
6.012589420131291E-4
5.982686921763265E-4
5.952932466202222E-4
5.923325313949997E-4
5.89386473094748E-4
5.864549988508046E-4
5.835380363245088E-4
5.806355136993895E-4
5.777473596728547E-4
5.748735034474091E-4
5.720138747214627E-4
5.691684036797762E-4
5.663370209835931E-4
5.635196577605139E-4
5.607162455941611E-4
5.579267165136914E-4
5.551510029832031E-4
5.523890378910892E-4
5.496407545393835E-4
5.469060866331572E-4
5.44184968269999E-4
5.414773339296263E-4
5.387831184636708E-4
5.361022570856801E-4
5.334346853613553E-4
5.30780339199077E-4
5.281391548407381E-4
5.255110688529057E-4
5.228960181183486E-4
5.202939398279376E-4
5.177047714729369E-4
5.151284508377106E-4
5.125649159928369E-4
5.100141052886532E-4
5.074759573492246E-4
5.049504110667444E-4
5.024374055963616E-4
4.99936880351426E-4
4.974487749991628E-4
4.949730294567377E-4
4.925095838877372E-4
4.900583786990175E-4
4.8761935453793857E-4
4.851924522899384E-4
4.827776130764595E-4
4.803747782531862E-4
4.7798388940858695E-4
4.75604888362742E-4
4.7323771716643013E-4
4.7088231810046025E-4
4.6853863367522894E-4
4.6620660663047983E-4
4.638861799352463E-4
4.615772967879603E-4
4.592799006167109E-4
4.5699393507962305E-4
4.547193440653556E-4
4.524560716936867E-4
4.50204062316183E-4
4.479632605169277E-4
4.457336111132991E-4
4.435150591567866E-4
4.4130754993382796E-4
4.391110289666603E-4
4.3692544201417446E-4
4.3475073507276136E-4
4.325868543771442E-4
4.304337464011883E-4
4.282913578586816E-4
4.2615963570408064E-4
4.2403852713321903E-4
4.2192797958397253E-4
4.1982794073687556E-4
4.177383585156917E-4
4.1565918108793233E-4
4.1359035686532215E-4
4.1153183450421294E-4
4.0948356290594146E-4
4.074454912171362E-4
4.054175688299667E-4
4.0339974538234415E-4
4.0139197075806467E-4
3.993941950869031E-4
3.974063687446554E-4
3.954284423531314E-4
3.9346036678009684E-4
3.915020931391687E-4
3.895535727896625E-4
3.87614757336392E-4
3.8568559862942606E-4
3.8376604876379537E-4
3.8185606007915766E-4
3.7995558515941595E-4
3.780645768322919E-4
3.761829881688519E-4
3.7431077248298913E-4
3.7244788333085706E-4
3.70594274510254E-4
3.6874990005995775E-4
3.669147142590108E-4
3.6508867162594904E-4
3.6327172691797744E-4
3.6146383513008663E-4
3.5966495149411103E-4
3.5787503147772305E-4
3.5609403078335985E-4
3.5432190534708636E-4
3.525586113373852E-4
3.508041051538695E-4
3.490583434259228E-4
3.4732128301125917E-4
3.4559288099439677E-4
3.4387309468505154E-4
3.421618816164395E-4
3.404591995434929E-4
3.387650064409801E-4
3.3707926050153793E-4
3.3540192013360715E-4
3.3373294395927104E-4
3.320722908120049E-4
3.3041991973432406E-4
3.287757899753426E-4
3.271398609882377E-4
3.255120924276262E-4
3.2389244414684885E-4
3.222808761951764E-4
3.2067734881493154E-4
3.190818224385394E-4
3.1749425768550784E-4
3.159146153593462E-4
3.143428564444283E-4
3.127789421028105E-4
3.1122283367101107E-4
3.096744926567632E-4
3.081338807357478E-4
3.066009597483233E-4
3.050756916962595E-4
3.035580387394886E-4
3.020479631928906E-4
3.005454275231189E-4
2.990503943454859E-4
2.975628264209225E-4
2.9608268665302174E-4
2.9460993808518666E-4
2.9314454389789163E-4
2.9168646740607547E-4
2.9023567205667985E-4
2.8879212142634485E-4
2.8735577921927774E-4
2.859266092653103E-4
2.845045755181489E-4
2.830896420538395E-4
2.816817730694496E-4
2.8028093288198503E-4
2.7888708592754065E-4
2.7750019676070394E-4
2.76120230054208E-4
2.7474715059884426E-4
2.7338092330363606E-4
2.720215131962767E-4
2.7066888542383246E-4
2.6932300525370445E-4
2.6798383807485454E-4
2.6665134939928296E-4
2.6532550486375693E-4
2.6400627023177647E-4
2.626936113957737E-4
2.613874943795298E-4
2.600878853407979E-4
2.5879475057411823E-4
2.5750805651380757E-4
2.562277697371067E-4
2.549538569674677E-4
2.5368628507795965E-4
2.5242502109477455E-4
2.51170032200806E-4
2.4992128573928717E-4
2.4867874921745664E-4
2.474423903102324E-4
2.4621217686387104E-4
2.4498807689958514E-4
2.4377005861710038E-4
2.4255809039812326E-4
2.4135214080970053E-4
2.401521786074477E-4
2.389581727386211E-4
2.3777009234502146E-4
2.3658790676569938E-4
2.3541158553945306E-4
2.3424109840709706E-4
2.3307641531348817E-4
2.31917506409296E-4
0.0463816632756423
