6.05969304651312E-8
1.2276141788239242E-7
1.8642547651228599E-7
2.5147531118619463E-7
3.177588348914624E-7
3.8509594034273835E-7
4.532905054027508E-7
5.221429327877235E-7
5.914620042454364E-7
6.610749693037453E-7
7.308350631472031E-7
8.006260099745193E-7
8.703634577692914E-7
9.3999364739959E-7
1.009489893301577E-6
1.0788476133812777E-6
1.1480786835530337E-6
1.2172058205647991E-6
1.286257544879078E-6
1.355264081317686E-6
1.4242543569135707E-6
1.4932540839008487E-6
1.5622847906162715E-6
1.6313635913677878E-6
1.7005034642643572E-6
1.7697138224128105E-6
1.8390012042958623E-6
1.9083699594471845E-6
1.9778228545388705E-6
2.0473615655692454E-6
2.116987050881894E-6
2.1866998173202918E-6
2.2565000999458414E-6
2.326387977242285E-6
2.3963634413546378E-6
2.4664264388605653E-6
2.5365768933113413E-6
2.6068147171003913E-6
2.6771398174122544E-6
2.74755209905922E-6
2.818051465767039E-6
2.888637820728492E-6
2.9593110668299804E-6
3.0300711067400637E-6
3.100917842943061E-6
3.1718511777520605E-6
3.2428710133146953E-6
3.3139772516165634E-6
3.385169794483891E-6
3.456448543586064E-6
3.527813400438044E-6
3.5992642664028643E-6
3.670801042694075E-6
3.7424236303782518E-6
3.8141319303774807E-6
3.8859258434718916E-6
3.957805270302203E-6
4.0297701113722604E-6
4.1018202670516E-6
4.173955637578077E-6
4.2461761230604316E-6
4.318481623480922E-6
4.390872038697972E-6
4.463347268448815E-6
4.535907212352184E-6
4.608551769910982E-6
4.681280840515013E-6
4.754094323443692E-6
4.8269921178687905E-6
4.8999741228572105E-6
4.973040237373755E-6
5.046190360283926E-6
5.119424390356739E-6
5.192742226267566E-6
5.266143766600976E-6
5.339628909853604E-6
5.413197554437077E-6
5.486849598680856E-6
5.5605849408352225E-6
5.634403479074179E-6
5.708305111498468E-6
5.7822897361384845E-6
5.856357250957324E-6
5.930507553853821E-6
6.0047405426655165E-6
6.079056115171797E-6
6.15345416909693E-6
6.227934602113178E-6
6.302497311843896E-6
6.377142195866707E-6
6.451869151716613E-6
6.526678076889236E-6
6.601568868843942E-6
6.676541425007117E-6
6.751595642775365E-6
6.8267314195188085E-6
6.901948652584335E-6
6.977247239298904E-6
7.052627076972871E-6
7.1280880629033374E-6
7.203630094377485E-6
7.279253068675994E-6
7.354956883076425E-6
7.430741434856644E-6
7.5066066212982806E-6
7.582552339690186E-6
7.658578487331927E-6
7.734684961537292E-6
7.810871659637832E-6
7.8871384789864E-6
7.963485316960755E-6
8.03991207096711E-6
8.116418638443815E-6
8.193004916864958E-6
8.26967080374401E-6
8.346416196637588E-6
8.423240993149102E-6
8.50014509093246E-6
8.5771283876959E-6
8.654190781205733E-6
8.731332169290129E-6
8.808552449842913E-6
8.885851520827522E-6
8.963229280280744E-6
9.040685626316665E-6
9.118220457130598E-6
9.195833671002995E-6
9.273525166303432E-6
9.351294841494551E-6
9.429142595136144E-6
9.507068325889104E-6
9.585071932519529E-6
9.663153313902808E-6
9.741312369027692E-6
9.819548997000506E-6
9.89786309704926E-6
9.976254568527962E-6
1.0054723310920889E-5
1.0133269223847081E-5
1.02118922070651E-5
1.0290592160478145E-5
1.0369368984140205E-5
1.0448222578263563E-5
1.0527152843229287E-5
1.060615967960282E-5
1.0685242988158974E-5
1.076440266992358E-5
1.0843638626244978E-5
1.0922950758917482E-5
1.1002338970395983E-5
1.108180316416693E-5
1.1161343245386572E-5
1.1240959121970341E-5
1.1320650706435561E-5
1.1400417918989225E-5
1.148026069265021E-5
1.1560178981657968E-5
1.1640172775129112E-5
1.1720242118994048E-5
1.1800387150836706E-5
1.1880608154590021E-5
1.1960905645387038E-5
1.2041280499596395E-5
1.212173415161712E-5
1.2202268887882584E-5
1.2282888280275626E-5
1.2363597816318077E-5
1.2444405802483118E-5
1.2525324639930718E-5
1.2606372598543725E-5
1.2687576244241801E-5
1.2768973703974631E-5
1.2850618978888789E-5
1.2932587533486902E-5
1.3014983389694082E-5
1.3097947930150395E-5
1.3181670553638389E-5
1.3266401215444988E-5
1.3352464715524822E-5
1.3440276359477154E-5
1.3530358309443465E-5
1.3623355571343487E-5
1.3720050151535286E-5
1.3821371495881277E-5
1.3928400950285749E-5
1.404236772294757E-5
1.4164633765104087E-5
1.4296665201873307E-5
1.44399885107487E-5
1.459613060898042E-5
1.476654337543813E-5
1.4952514841043753E-5
1.5155071208025177E-5
1.5374875804712842E-5
1.5612132792980075E-5
1.586650463065748E-5
1.6137052669630354E-5
1.6422209616918322E-5
1.671979078402025E-5
1.7027048133784696E-5
1.7280170384197437E-5
1.7534642114873234E-5
1.7786822296025917E-5
1.803313581509948E-5
1.827025356196984E-5
1.8495257204040176E-5
1.8705774685931802E-5
1.8900075320603475E-5
1.9077117512049137E-5
1.9236547115343305E-5
1.93786495219227E-5
1.950426306663107E-5
1.961466470095057E-5
1.9711440676779205E-5
1.979635510789968E-5
1.987122785834171E-5
1.9937830607726346E-5
1.999780666491117E-5
2.005261668579047E-5
2.0103509385742124E-5
2.0151513977580007E-5
2.0197449596582935E-5
2.024194640738845E-5
2.0285473294202563E-5
2.0328367797356918E-5
2.0370865025493716E-5
2.041312341219211E-5
2.0455246220820476E-5
2.0497298522987915E-5
2.0539319942537786E-5
2.0581333780135097E-5
2.062335325826013E-5
2.0665385612040928E-5
2.0707434655789175E-5
2.0749502325565872E-5
2.0791589567269104E-5
2.0833696826204796E-5
2.087582430534053E-5
2.091797209555566E-5
2.096014023838108E-5
2.1002328754826296E-5
2.104453765799501E-5
2.108676695833584E-5
2.1129016665717113E-5
2.1171286790204816E-5
2.1213577342339574E-5
2.1255888333231355E-5
2.1298219774591628E-5
2.134057167874549E-5
2.138294405863785E-5
2.1425336927837974E-5
2.1467750300543476E-5
2.151018419158441E-5
2.1552638616427213E-5
2.1595113591178743E-5
2.1637609132590342E-5
2.168012525806184E-5
2.1722661985645733E-5
2.1765219334051154E-5
2.180779732264807E-5
2.1850395971471543E-5
2.189301530122573E-5
2.1935655333288086E-5
2.1978316089713738E-5
2.2020997593239603E-5
2.2063699867288647E-5
2.210642293597422E-5
2.214916682410435E-5
2.219193155718611E-5
2.2234717161429927E-5
2.227752366375401E-5
2.23203510917887E-5
2.2363199473880995E-5
2.2406068839098913E-5
2.2448959217236005E-5
2.2491870638815933E-5
2.2534803135096867E-5
2.2577756738076208E-5
2.2620731480495018E-5
2.266372739584266E-5
2.2706744518361488E-5
2.274978288305154E-5
2.279284252567509E-5
2.283592348276139E-5
2.287902579161156E-5
2.2922149490303066E-5
2.2965294617694798E-5
2.300846121343174E-5
2.3051649317949743E-5
2.309485897248046E-5
2.313809021905631E-5
2.318134310051532E-5
2.3224617660505987E-5
2.3267913943492406E-5
2.331123199475915E-5
2.3354571860416236E-5
2.339793358740438E-5
2.344131722349984E-5
2.3484722817319674E-5
2.3528150418326736E-5
2.3571600076834894E-5
2.3615071844014187E-5
2.365856577189603E-5
2.3702081913378432E-5
2.3745620322231218E-5
2.378918105310136E-5
2.383276416151815E-5
2.387636970389873E-5
2.3919997737553268E-5
2.396364832069038E-5
2.4007321512422506E-5
2.4051017372771442E-5
2.409473596267366E-5
2.4138477343985792E-5
2.4182241579490214E-5
2.4226028732900446E-5
2.426983886886691E-5
2.4313672052982108E-5
2.4357528351786673E-5
2.4401407832774658E-5
2.444531056439926E-5
2.44892366160786E-5
2.45331860582012E-5
2.4577158962131786E-5
2.4621155400217133E-5
2.466517544579163E-5
2.4709219173183176E-5
2.4753286657718872E-5
2.4797377975730935E-5
2.4841493204562458E-5
2.4885632422573403E-5
2.492979570914626E-5
2.4973983144692155E-5
2.5018194810656678E-5
2.506243078952585E-5
2.5106691164832093E-5
2.5150976021160338E-5
2.519528544415408E-5
2.5239619520521512E-5
2.5283978338042173E-5
2.5328361985573537E-5
2.53727705530587E-5
2.5417204131535183E-5
2.546166281314618E-5
2.5506146691156336E-5
2.5550655859975552E-5
2.5595190415197585E-5
2.5639750453664658E-5
2.568433607357891E-5
2.572894737469537E-5
2.577358445865761E-5
2.5818247429578558E-5
2.5862936395040244E-5
2.590765146780083E-5
2.5952392768683647E-5
2.599716043142107E-5
2.6041954610695535E-5
2.6086775495351373E-5
2.6131623329875005E-5
2.6176498448940368E-5
2.6221401332351597E-5
2.626633269143642E-5
2.631129360331141E-5
2.6356285717054843E-5
2.640131156641178E-5
2.6446375038085234E-5
2.6491482063888578E-5
2.653664162999935E-5
2.6581867228067606E-5
2.6627178911398254E-5
2.6672606164516305E-5
2.6718191844605706E-5
2.6763997505292695E-5
2.6810110461338436E-5
2.6856652988319627E-5
2.690379406213386E-5
2.6951764013378313E-5
2.700087238232373E-5
2.7051529090444876E-5
2.7104268773804746E-5
2.7159777735663006E-5
2.721892246310558E-5
2.728277802282584E-5
2.735265393317684E-5
2.7430114358807204E-5
2.751698877633798E-5
2.761536873007114E-5
2.772758607453305E-5
2.7856168334785878E-5
2.800376764421955E-5
2.817306124317392E-5
2.8366623771161845E-5
2.8586774492264186E-5
2.883540596725014E-5
2.9113804207587674E-5
2.9422473580856148E-5
2.976098217373881E-5
3.0127844437406157E-5
3.052045729599852E-5
3.0935103216748375E-5
3.136702899894014E-5
3.181060252800732E-5
3.225954207110934E-5
3.270720474485052E-5
3.314691361297198E-5
3.357229752995286E-5
3.397761522367433E-5
3.4358035755075426E-5
3.4709851489783084E-5
3.503060663920479E-5
3.531913338333779E-5
3.5575497350648937E-5
3.580086345046622E-5
3.5997300483252275E-5
3.61675476637404E-5
3.631476771794574E-5
3.64423096179936E-5
3.655349983764381E-5
3.6651475131119804E-5
3.673906330140836E-5
3.681871223416235E-5
3.6892462424285494E-5
3.6961954795430836E-5
3.7028463946199165E-5
3.7092946886646196E-5
3.715609847889543E-5
3.721840669090915E-5
3.728020294431436E-5
3.734170490340696E-5
3.740305075956988E-5
3.746432529480522E-5
3.752557875488864E-5
3.758683989895561E-5
3.7648124628140174E-5
3.7709441446258536E-5
3.777079476857634E-5
3.783218684132862E-5
3.7893618807544144E-5
3.795509127314461E-5
3.801660459432469E-5
3.80781590168451E-5
3.8139754740416196E-5
3.820139194703617E-5
3.8263070812850026E-5
3.832479151286099E-5
3.838655422270565E-5
3.844835911928926E-5
3.8510206381003896E-5
3.857209618780276E-5
3.863402872122876E-5
3.869600416442836E-5
3.8758022702162636E-5
3.882008452081649E-5
3.8882189808408253E-5
3.8944338754599145E-5
3.9006531550702914E-5
3.906876838969518E-5
3.913104946622339E-5
3.9193374976616566E-5
3.9255745118895E-5
3.9318160092780374E-5
3.93806200997058E-5
3.944312534282568E-5
3.950567602702607E-5
3.9568272358934896E-5
3.9630914546932175E-5
3.9693602801160436E-5
3.975633733353519E-5
3.981911835775549E-5
3.988194608931429E-5
3.9944820745509434E-5
4.0007742545454024E-5
4.007071171008743E-5
4.013372846218602E-5
4.0196793026374074E-5
4.025990562913462E-5
4.032306649882062E-5
4.0386275865665966E-5
4.044953396179635E-5
4.05128410212409E-5
4.0576197279942835E-5
4.0639602975771095E-5
4.070305834853152E-5
4.076656363997818E-5
4.083011909382467E-5
4.089372495575574E-5
4.095738147343842E-5
4.102108889653391E-5
4.108484747670882E-5
4.114865746764669E-5
4.1212519125059825E-5
4.127643270670065E-5
4.134039847237365E-5
4.14044166839466E-5
4.1468487605362605E-5
4.1532611502651726E-5
4.159678864394252E-5
4.166101929947411E-5
4.172530374160747E-5
4.1789642244837854E-5
4.185403508580575E-5
4.191848254330936E-5
4.198298489831598E-5
4.204754243397398E-5
4.211215543562449E-5
4.2176824190813285E-5
4.224154898930248E-5
4.2306330123082406E-5
4.237116788638322E-5
4.243606257568696E-5
4.250101448973906E-5
4.2566023929560236E-5
4.2631091198458005E-5
4.2696216602038754E-5
4.2761400448219146E-5
4.282664304723788E-5
4.28919447116674E-5
4.29573057564255E-5
4.3022726498786886E-5
4.3088207258394764E-5
4.315374835727253E-5
4.32193501198349E-5
4.3285012872899866E-5
4.3350736945699794E-5
4.341652266989302E-5
4.348237037957508E-5
4.354828041129019E-5
4.361425310404219E-5
4.368028879930632E-5
4.374638784103979E-5
4.381255057569337E-5
4.3878777352222274E-5
4.394506852209717E-5
4.401142443931525E-5
4.4077845460410996E-5
4.414433194446731E-5
4.421088425312604E-5
4.42775027505988E-5
4.434418780367803E-5
4.441093978174742E-5
4.4477759056793096E-5
4.454464600341475E-5
4.461160099883766E-5
4.467862442292585E-5
4.474571665819782E-5
4.481287808984742E-5
4.4880109105772964E-5
4.4947410096623505E-5
4.501478145587375E-5
4.5082223579953115E-5
4.51497368684682E-5
4.5217321724591816E-5
4.5284978555741106E-5
4.535270777475321E-5
4.542050980191173E-5
4.548838506840803E-5
4.555633402220016E-5
4.5624357137833306E-5
4.5692454932733265E-5
4.576062799395596E-5
4.582887702163076E-5
4.589720289873605E-5
4.596560680189863E-5
4.603409037529214E-5
4.610265600031676E-5
4.617130720869199E-5
4.624004930725616E-5
4.63088903106975E-5
4.637784231531404E-5
4.644692349425967E-5
4.6516160953715694E-5
4.658559476020615E-5
4.6655283530391005E-5
4.672531206214304E-5
4.679580157196386E-5
4.686692317656526E-5
4.693891529780551E-5
4.70121056559546E-5
4.708693841628675E-5
4.716400683352064E-5
4.724409136154546E-5
4.73282026300319E-5
4.741762791427615E-5
4.751397874046659E-5
4.761923610795296E-5
4.773578854795473E-5
4.78664569997049E-5
4.801449944810348E-5
4.8183587655477613E-5
4.837774838603661E-5
4.8601262514050887E-5
4.885851752804669E-5
4.9153812296794026E-5
4.9491117499051515E-5
4.9873800590414263E-5
5.0304330118001394E-5
5.078397991637678E-5
5.131255838693161E-5
5.18881907795542E-5
5.250718234038182E-5
5.316398678261785E-5
5.385129759288607E-5
5.456026952804646E-5
5.5280865166761426E-5
5.6002307939921504E-5
5.671361040490585E-5
5.7404136480225824E-5
5.806415054503863E-5
5.868530585065438E-5
5.9261029958813697E-5
5.97867754154988E-5
6.0260118256862374E-5
6.068070325540939E-5
6.105005076812318E-5
6.1371253443967E-5
6.164860014886172E-5
6.188716828560381E-5
6.209242412588703E-5
6.226986458211845E-5
6.242472442836846E-5
6.256176207528253E-5
6.268512635534784E-5
6.279829782104989E-5
6.290409172924403E-5
6.300470652572818E-5
6.310180106355825E-5
6.319658540242925E-5
6.328991305519749E-5
6.338236616415344E-5
6.347432862437285E-5
6.356604515609641E-5
6.365766652584888E-5
6.374928249137348E-5
6.384094470454765E-5
6.393268192961098E-5
6.402450971744065E-5
6.41164362918254E-5
6.420846597750802E-5
6.430060111053612E-5
6.439284305638897E-5
6.448519272850338E-5
6.457765084037879E-5
6.467021802245125E-5
6.47628948736871E-5
6.48556819832402E-5
6.494857993908825E-5
6.504158933130473E-5
6.513471075324392E-5
6.522794480195872E-5
6.532129207835475E-5
6.541475318725868E-5
6.550832873746036E-5
6.560201934174842E-5
6.569582561694269E-5
6.578974818392713E-5
6.58837876676817E-5
6.597794469731466E-5
6.60722199060942E-5
6.61666139314798E-5
6.626112741515428E-5
6.63557610030541E-5
6.645051534540105E-5
6.654539109673232E-5
6.664038891593105E-5
6.673550946625635E-5
6.683075341537323E-5
6.69261214353819E-5
6.702161420284677E-5
6.711723239882522E-5
6.721297670889642E-5
6.73088478231892E-5
6.74048464364093E-5
6.750097324786735E-5
6.759722896150532E-5
6.769361428592336E-5
6.779012993440567E-5
6.788677662494612E-5
6.798355508027363E-5
6.808046602787714E-5
6.817751020002964E-5
6.827468833381218E-5
6.837200117113737E-5
6.846944945877219E-5
6.856703394836061E-5
6.866475539644558E-5
6.876261456449049E-5
6.886061221890014E-5
6.895874913104088E-5
6.905702607726143E-5
6.915544383891156E-5
6.925400320236109E-5
6.935270495901889E-5
6.945154990534982E-5
6.955053884289284E-5
6.964967257827714E-5
6.974895192323896E-5
6.984837769463665E-5
6.994795071446614E-5
7.004767180987527E-5
7.014754181317795E-5
7.024756156186725E-5
7.03477318986284E-5
7.044805367135111E-5
7.054852773314094E-5
7.06491549423304E-5
7.074993616248981E-5
7.085087226243642E-5
7.095196411624457E-5
7.105321260325362E-5
7.115461860807659E-5
7.125618302060737E-5
7.135790673602749E-5
7.145979065481256E-5
7.156183568273814E-5
7.166404273088458E-5
7.17664127156413E-5
7.186894655871102E-5
7.197164518711282E-5
7.207450953318493E-5
7.217754053458643E-5
7.228073913429879E-5
7.238410628062687E-5
7.248764292719908E-5
7.259135003296665E-5
7.269522856220294E-5
7.279927948450164E-5
7.290350377477437E-5
7.300790241324821E-5
7.311247638546191E-5
7.321722668226203E-5
7.332215429979794E-5
7.342726023951676E-5
7.35325455081575E-5
7.363801111774427E-5
7.374365808557951E-5
7.384948743423613E-5
7.395550019154922E-5
7.406169739060705E-5
7.416808006974173E-5
7.42746492725194E-5
7.43814060477293E-5
7.448835144937325E-5
7.459548653665451E-5
7.470281237396677E-5
7.481033003088429E-5
7.49180405821542E-5
7.502594510769345E-5
7.513404469259434E-5
7.524234042714858E-5
7.535083340690325E-5
7.545952473277455E-5
7.556841551126884E-5
7.567750685489108E-5
7.57867998828843E-5
7.589629572254623E-5
7.60059955115369E-5
7.611590040187862E-5
7.622601156680593E-5
7.633633021236747E-5
7.644685759686285E-5
7.655759506304603E-5
7.666854409089383E-5
7.677970638309688E-5
7.68910840019787E-5
7.700267958621024E-5
7.711449668971137E-5
7.722654030510599E-5
7.733881766200631E-5
7.74513394285706E-5
7.75641214957595E-5
7.767718759008043E-5
7.779057304443201E-5
7.790433015893648E-5
7.80185357032064E-5
7.813330124378402E-5
7.824878711597598E-5
7.836522098168549E-5
7.848292199947763E-5
7.860233164574754E-5
7.872405212254001E-5
7.884889301616776E-5
7.89779263750428E-5
7.911254960193595E-5
7.925455446593939E-5
7.940619912155837E-5
7.95702783101534E-5
7.975018500761547E-5
7.994995484258449E-5
8.017428289482727E-5
8.042850132312593E-5
8.071850604924883E-5
8.10506218326911E-5
8.143139785020642E-5
8.186733055271809E-5
8.236451710054627E-5
8.292825077349682E-5
8.356257877261814E-5
8.42698517943859E-5
8.505030241301858E-5
8.590169426674352E-5
8.681908499458034E-5
8.779474181107464E-5
8.881823910545992E-5
8.987675283436083E-5
9.095554792938334E-5
9.203863445795604E-5
9.310954845017544E-5
9.415219696423345E-5
9.515169671080522E-5
9.609513329102616E-5
9.69721746194633E-5
9.777548687087258E-5
9.850092245893456E-5
9.914747422587877E-5
9.971701471962246E-5
1.0021386071313034E-4
1.0064421816193663E-4
1.0101556988795667E-4
1.0133606706446209E-4
1.0161397703685072E-4
1.0185722618318867E-4
1.0207306003352906E-4
1.0226782643331623E-4
1.0244687344589444E-4
1.0261454348118791E-4
1.0277423945394994E-4
1.029285374138174E-4
1.0307932221145825E-4
1.032279271811535E-4
1.0337526428294982E-4
1.0352193658552645E-4
1.0366832962841676E-4
1.03814681680205E-4
1.0396113512543054E-4
1.0410777231269525E-4
1.0425463944925491E-4
1.0440176183427782E-4
1.0454915315181085E-4
1.0469682089598282E-4
1.0484476940117752E-4
1.0499300146040698E-4
1.0514151915118613E-4
1.0529032423782455E-4
1.0543941835825336E-4
1.0558880310663067E-4
1.0573848006806131E-4
1.0588845083244829E-4
1.060387169997295E-4
1.0618928018175396E-4
1.0634014200291828E-4
1.0649130410037243E-4
1.066427681240817E-4
1.0679453573684187E-4
1.069466086142779E-4
1.0709898844483404E-4
1.072516769297586E-4
1.0740467578308355E-4
1.0755798673160026E-4
1.0771161151482891E-4
1.0786555188498508E-4
1.080198096069408E-4
1.0817438645818186E-4
1.0832928422876063E-4
1.0848450472124435E-4
1.0864004975066017E-4
1.0879592114443531E-4
1.0895212074233378E-4
1.0910865039638916E-4
1.0926551197083377E-4
1.0942270734202348E-4
1.0958023839836003E-4
1.0973810704020888E-4
1.0989631517981395E-4
1.100548647412092E-4
1.102137576601263E-4
1.1037299588390001E-4
1.1053258137136956E-4
1.1069251609277709E-4
1.1085280202966365E-4
1.1101344117476157E-4
1.11174435531885E-4
1.1133578711581539E-4
1.1149749795218738E-4
1.116595700773696E-4
1.1182200553834375E-4
1.1198480639258131E-4
1.1214797470791755E-4
1.1231151256242293E-4
1.1247542204427232E-4
1.1263970525161263E-4
1.1280436429242697E-4
1.1296940128439721E-4
1.1313481835476528E-4
1.1330061764019064E-4
1.1346680128660758E-4
1.1363337144907945E-4
1.1380033029165153E-4
1.1396767998720161E-4
1.1413542271728953E-4
1.1430356067200444E-4
1.1447209604981061E-4
1.1464103105739154E-4
1.1481036790949247E-4
1.1498010882876223E-4
1.1515025604559195E-4
1.1532081179795396E-4
1.1549177833123873E-4
1.156631578980904E-4
1.1583495275824125E-4
1.1600716517834481E-4
1.1617979743180794E-4
1.1635285179862179E-4
1.1652633056519195E-4
1.167002360241666E-4
1.1687457047426511E-4
1.1704933622010458E-4
1.1722453557202607E-4
1.1740017084591946E-4
1.1757624436304846E-4
1.1775275844987336E-4
1.1792971543787464E-4
1.1810711766337472E-4
1.1828496746735999E-4
1.1846326719530106E-4
1.1864201919697346E-4
1.1882122582627766E-4
1.1900088944105825E-4
1.1918101240292238E-4
1.1936159707705881E-4
1.1954264583205534E-4
1.1972416103971683E-4
1.1990614507488255E-4
1.2008860031524305E-4
1.2027152914115692E-4
1.204549339354673E-4
1.2063881708331853E-4
1.20823180971972E-4
1.2100802799062255E-4
1.2119336053021372E-4
1.2137918098325466E-4
1.2156549174363537E-4
1.2175229520644271E-4
1.2193959376777694E-4
1.2212738982456844E-4
1.2231568577439483E-4
1.2250448401530026E-4
1.2269378694561783E-4
1.2288359696379733E-4
1.2307391646824325E-4
1.232647478571729E-4
1.234560935285098E-4
1.2364795587984127E-4
1.2384033730849353E-4
1.2403324021181497E-4
1.242266669878291E-4
1.244206200365334E-4
1.2461510176232292E-4
1.2481011457833862E-4
1.2500566091409084E-4
1.2520174322857945E-4
1.2539836403254698E-4
1.255955259257261E-4
1.2579323165841968E-4
1.2599148423208438E-4
1.2619028706166698E-4
1.2638964423445235E-4
1.2658956091776745E-4
1.2679004399314208E-4
1.269911030301176E-4
1.2719275176201035E-4
1.273950102921529E-4
1.2759790834618662E-4
1.2780148999713939E-4
1.280058204272925E-4
1.2821099545363746E-4
1.2841715472711038E-4
1.2862449970837725E-4
1.2883331770431678E-4
1.2904401338768387E-4
1.2925714927251275E-4
1.2947349652030538E-4
1.2969409713509193E-4
1.2992033798945018E-4
1.301540361304444E-4
1.3039753338190278E-4
1.3065379636032095E-4
1.3092651568727808E-4
1.3122019552592743E-4
1.3154022181175918E-4
1.3189289502405445E-4
1.3228541150256477E-4
1.327257766875023E-4
1.3322263481267647E-4
1.3378500301809625E-4
1.3442190390979667E-4
1.3514189933326525E-4
1.359525391944165E-4
1.3685975173332877E-4
1.3786721441737422E-4
1.389757558485029E-4
1.4018284695815816E-4
1.4148224170691423E-4
1.4286382337592326E-4
1.4431370019757445E-4
1.458145745039197E-4
1.4734638413472774E-4
1.4888718621640788E-4
1.5041422517628083E-4
1.5190510298611378E-4
1.5333895389796294E-4
1.5469752119388257E-4
1.559660410658468E-4
1.5713385816050148E-4
1.5819472616504892E-4
1.591467811233122E-4
1.5999221010009853E-4
1.607366684426198E-4
1.6138852110828835E-4
1.6195799473189552E-4
1.624563265838166E-4
1.6289498552491137E-4
1.6328502124264712E-4
1.636365751237091E-4
1.6395856291694664E-4
1.6425851917496812E-4
1.6454257860965931E-4
1.648155609723679E-4
1.6508112368208606E-4
1.6534194905309775E-4
1.6559993896709776E-4
1.6585639743110108E-4
1.6611218912557335E-4
1.6636786867675236E-4
1.6662378038577168E-4
1.6688013137101745E-4
1.6713704271623857E-4
1.6739458363674648E-4
1.6765279330321166E-4
1.679116941784141E-4
1.6817129981536844E-4
1.6843161921877004E-4
1.6869265917688893E-4
1.6895442545228882E-4
1.6921692336166924E-4
1.6948015804454022E-4
1.6974413458119823E-4
1.7000885804139534E-4
1.702743335027868E-4
1.7054056605690716E-4
1.7080756081029673E-4
1.7107532288385707E-4
1.7134385741161034E-4
1.716131695392789E-4
1.7188326442282907E-4
1.7215414722702055E-4
1.724258231239716E-4
1.7269829729174707E-4
1.7297157491296812E-4
1.73245661173444E-4
1.7352056126082303E-4
1.7379628036326812E-4
1.74072823668152E-4
1.7435019636077208E-4
1.746284036230883E-4
1.7490745063247916E-4
1.7518734256052006E-4
1.7546808457177983E-4
1.7574968182263877E-4
1.7603213946012513E-4
1.763154626207709E-4
1.7659965642948767E-4
1.7688472599846058E-4
1.7717067642606242E-4
1.7745751279578495E-4
1.7774524017518813E-4
1.7803386361486958E-4
1.7832338814745136E-4
1.7861381878658277E-4
1.7890516052596325E-4
1.7919741833838094E-4
1.7949059717476995E-4
1.7978470196328305E-4
1.80079737608383E-4
1.8037570898994887E-4
1.8067262096240034E-4
1.8097047835383646E-4
1.8126928596519346E-4
1.815690485694157E-4
1.8186977091064422E-4
1.8217145770341915E-4
1.8247411363190016E-4
1.8277774334909939E-4
1.83082351476132E-4
1.833879426014791E-4
1.8369452128026825E-4
1.8400209203356637E-4
1.8431065934768819E-4
1.846202276735185E-4
1.8493080142584887E-4
1.8524238498272795E-4
1.8555498268482633E-4
1.8586859883481418E-4
1.8618323769675315E-4
1.8649890349550026E-4
1.8681560041612752E-4
1.8713333260335138E-4
1.8745210416097843E-4
1.877719191513605E-4
1.880927815948653E-4
1.8841469546935778E-4
1.8873766470969364E-4
1.8906169320722667E-4
1.89386784809326E-4
1.8971294331890758E-4
1.9004017249397507E-4
1.9036847604717353E-4
1.9069785764535456E-4
1.9102832090915278E-4
1.9135986941257313E-4
1.9169250668259012E-4
1.9202623619875582E-4
1.9236106139282217E-4
1.9269698564837118E-4
1.9303401230045565E-4
1.9337214463525213E-4
1.937113858897229E-4
1.9405173925128897E-4
1.943932078575114E-4
1.9473579479578488E-4
1.9507950310303918E-4
1.95424335765451E-4
1.9577029571816602E-4
1.9611738584502958E-4
1.964656089783258E-4
1.968149678985287E-4
1.9716546533405976E-4
1.9751710396105529E-4
1.978698864031431E-4
1.9822381523122744E-4
1.9857889296328283E-4
1.9893512206415627E-4
1.992925049453781E-4
1.99651043964981E-4
2.000107414273281E-4
2.0037159958294858E-4
2.007336206283826E-4
2.0109680670603563E-4
2.0146115990404403E-4
2.018266822561528E-4
2.0219337574161212E-4
2.0256124228510138E-4
2.0293028375669762E-4
2.0330050197191793E-4
2.0367189869189303E-4
2.0404447562376928E-4
2.0441823442151298E-4
2.047931766874198E-4
2.0516930397484833E-4
2.055466177930698E-4
2.05925119615725E-4
2.0630481089537866E-4
2.0668569308826087E-4
2.0706776769584192E-4
2.07451036333881E-4
2.078355008457891E-4
2.0822116348657356E-4
2.0860802721774818E-4
2.089960961744062E-4
2.0938537639573882E-4
2.0977587695296794E-4
2.101676116679863E-4
2.105606016965505E-4
2.1095487935659122E-4
2.1135049371958883E-4
2.1174751865418305E-4
2.1214606421636549E-4
2.125462925147618E-4
2.129484394297185E-4
2.133528438071091E-4
2.1375998594348638E-4
2.1417053727271397E-4
2.1458542308125814E-4
2.150058997284655E-4
2.154336471262523E-4
2.158708760358713E-4
2.163204479808999E-4
2.1678600320981784E-4
2.172720891943826E-4
2.177842787511485E-4
2.1832926328585754E-4
2.1891490329871457E-4
2.195502157178261E-4
2.2024527653258054E-4
2.210110183142465E-4
2.2185890621764296E-4
2.2280048343906964E-4
2.2384678798996287E-4
2.2500765665460214E-4
2.2629094814010834E-4
2.2770173406181081E-4
2.29241560712999E-4
2.3090773712353715E-4
2.32692847173043E-4
2.3458451917709146E-4
2.3656551172804709E-4
2.3861415018647773E-4
2.4070511593077056E-4
2.4281055361569941E-4
2.4490142482769793E-4
2.4694900483192896E-4
2.489263975473528E-4
2.508099363137444E-4
2.5258034638328417E-4
2.542235689350644E-4
2.5573118285579933E-4
2.5710040456033636E-4
2.583336914906865E-4
2.594380152114916E-4
2.604238997544939E-4
2.613043364969501E-4
2.620936872800209E-4
2.628066740726477E-4
2.6345752971494046E-4
2.640593548401517E-4
2.646236959682654E-4
2.6516033334623616E-4
2.656772474303059E-4
2.661807213844566E-4
2.666755334438837E-4
2.6716519606625636E-4
2.676522063514913E-4
2.681382819635899E-4
2.686245667209449E-4
2.6911179867550674E-4
2.6960044006986336E-4
2.7009077283231964E-4
2.7058296546967746E-4
2.710771178194997E-4
2.7157328967688095E-4
2.7207151831294837E-4
2.7257182873281457E-4
2.730742394221758E-4
2.735787654263605E-4
2.740854199277557E-4
2.745942150185446E-4
2.7510516206312804E-4
2.7561827186161475E-4
2.7613355472171157E-4
2.7665102049059066E-4
2.771706785701923E-4
2.776925379260288E-4
2.782166070935699E-4
2.787428941837621E-4
2.792714068882388E-4
2.798021524844047E-4
2.8033513784045573E-4
2.8087036942035E-4
2.814078532887344E-4
2.819475951158296E-4
2.8248960018227267E-4
2.8303387338391816E-4
2.8358041923659733E-4
2.841292418808381E-4
2.846803450865429E-4
2.852337322576275E-4
2.8578940643661586E-4
2.8634737030920214E-4
2.8690762620876674E-4
2.874701761208567E-4
2.880350216876259E-4
2.886021642122368E-4
2.891716046632234E-4
2.897433436788177E-4
2.90317381571236E-4
2.9089371833093116E-4
2.9147235363080143E-4
2.920532868303709E-4
2.9263651697992337E-4
2.932220428246099E-4
2.9380986280851156E-4
2.9439997507867106E-4
2.9499237748908784E-4
2.955870676046773E-4
2.961840427051941E-4
2.9678329978912187E-4
2.973848355775286E-4
2.9798864651788557E-4
2.985947287878541E-4
2.992030782990374E-4
2.9981369070070096E-4
3.004265613834538E-4
3.0104168548290426E-4
3.016590578832773E-4
3.0227867322100017E-4
3.02900525888259E-4
3.0352461003651875E-4
3.04150919580013E-4
3.0477944819920196E-4
3.05410189344201E-4
3.0604313623817464E-4
3.0667828188069934E-4
3.0731561905110113E-4
3.0795514031175603E-4
3.0859683801136176E-4
3.092407042881832E-4
3.0988673107326344E-4
3.10534910093608E-4
3.111852328753365E-4
3.1183769074680923E-4
3.124922748417213E-4
3.1314897610217073E-4
3.138077852816947E-4
3.1446869294828E-4
3.151316894873461E-4
3.157967651046959E-4
3.164639098294456E-4
3.171331135169193E-4
3.1780436585152153E-4
3.184776563495822E-4
3.1915297436217315E-4
3.198303090778984E-4
3.205096495256578E-4
3.2119098457738523E-4
3.2187430295076115E-4
3.2255959321189593E-4
3.23246843777991E-4
3.2393604291997447E-4
3.246271787651077E-4
3.2532023929957233E-4
3.2601521237102704E-4
3.267120856911435E-4
3.274108468381147E-4
3.281114832591417E-4
3.2881398227289406E-4
3.295183310719477E-4
3.302245167251987E-4
3.3093252618025115E-4
3.31642346265787E-4
3.323539636939064E-4
3.330673650624478E-4
3.3378253685728717E-4
3.3449946545461114E-4
3.352181371231691E-4
3.3593853802650197E-4
3.3666065422515156E-4
3.3738447167884624E-4
3.381099762486644E-4
3.388371536991807E-4
3.3956598970059134E-4
3.4029646983082493E-4
3.4102857957763957E-4
3.41762304340724E-4
3.424976294338093E-4
3.432345400868303E-4
3.4397302144818917E-4
3.4471305858722445E-4
3.4545463649706315E-4
3.4619774009816566E-4
3.469423542431089E-4
3.4768846372353626E-4
3.4843605328083665E-4
3.4918510762318755E-4
3.499356114533022E-4
3.506875495139602E-4
3.514409066627438E-4
3.521956679941101E-4
3.5295181903724704E-4
3.5370934607364984E-4
3.5446823664131547E-4
3.5522848032582693E-4
3.5599006998618334E-4
3.5675300362969997E-4
3.575172872410865E-4
3.582829389917037E-4
3.5904999541162136E-4
3.5981852030354523E-4
3.6058861741486176E-4
3.613604481571846E-4
3.6213425595808455E-4
3.629103991207319E-4
3.6368939431075575E-4
3.644719729223445E-4
3.6525915251205837E-4
3.660523251224038E-4
3.6685336352639767E-4
3.676647450844764E-4
3.684896909088454E-4
3.693323153157837E-4
3.701977771323217E-4
3.710924204483926E-4
3.7202388816269093E-4
3.7300118763331294E-4
3.740346845668775E-4
3.7513599976418205E-4
3.7631778436000314E-4
3.7759335357092255E-4
3.7897616730301795E-4
3.804791584701219E-4
3.82113926144276E-4
3.8388982959008434E-4
3.8582443795234236E-4
3.879196539031712E-4
3.901724713982998E-4
3.925743833749697E-4
3.951110864624078E-4
3.9776255370199513E-4
4.0050351823533824E-4
4.0330437331427034E-4
4.061324506534354E-4
4.089535954154175E-4
4.1173391810763734E-4
4.144415773099871E-4
4.1704843711812994E-4
4.19531451949326E-4
4.2187365856099867E-4
4.240646974768269E-4
4.2610083769810365E-4
4.279845322445148E-4
4.2972358009175373E-4
4.3133000590423777E-4
4.3281878825976114E-4
4.3420656837465563E-4
4.355104561809974E-4
4.367470229758764E-4
4.3793153528730517E-4
4.390774489983443E-4
4.4019615134611447E-4
4.4129691484436816E-4
4.423870132210566E-4
4.43471944986766E-4
4.44555713645453E-4
4.4564112234236013E-4
4.4673005220567235E-4
4.478237053793135E-4
4.4892280401621264E-4
4.5002774432814017E-4
4.5113870990088224E-4
4.522557511379082E-4
4.533788384470672E-4
4.545078962814772E-4
4.5564282397880833E-4
4.567835079646806E-4
4.5792982858632763E-4
4.590816637692061E-4
4.602388908842255E-4
4.614013876556598E-4
4.6256903257973386E-4
4.637417051059332E-4
4.6491928570906643E-4
4.6610165591364E-4
4.6728869829854556E-4
4.684802964940794E-4
4.696763351761703E-4
4.708767000596652E-4
4.7208127789134086E-4
4.7328995644286127E-4
4.7450262450374946E-4
4.757191718743965E-4
4.7693948935910777E-4
4.781634687591915E-4
4.7939100286608895E-4
4.806219854545473E-4
4.8185631127582924E-4
4.8309387605096753E-4
4.8433457646405884E-4
4.855783101555948E-4
4.8682497571583746E-4
4.880744726782335E-4
4.89326701512864E-4
4.905815636199413E-4
4.918389613233364E-4
4.93098797864152E-4
4.943609773943304E-4
4.956254049703028E-4
4.968919865466729E-4
4.981606289699437E-4
4.994312399722788E-4
5.007037281653E-4
5.019780030339281E-4
5.032539749302545E-4
5.045315550674541E-4
5.058106555137333E-4
5.070911891863158E-4
5.083730698454615E-4
5.096562120885293E-4
5.109405313440652E-4
5.122259438659358E-4
5.135123667274927E-4
5.147997178157727E-4
5.160879158257342E-4
5.173768802545296E-4
5.186665313958075E-4
5.199567903340596E-4
5.212475789389885E-4
5.225388198599233E-4
5.238304365202607E-4
5.251223531119419E-4
5.264144945899651E-4
5.277067866669301E-4
5.289991558076164E-4
5.302915292235931E-4
5.315838348678646E-4
5.328760014295488E-4
5.341679583285849E-4
5.354596357104761E-4
5.367509644410648E-4
5.380418761013381E-4
5.393323029822676E-4
5.406221780796769E-4
5.419114350891475E-4
5.432000084009483E-4
5.444878330950026E-4
5.457748449358802E-4
5.47060980367826E-4
5.483461765098175E-4
5.496303711506509E-4
5.509135027440575E-4
5.521955104038538E-4
5.534763338991209E-4
5.547559136494063E-4
5.560341907199683E-4
5.57311106817037E-4
5.585866042831146E-4
5.598606260923009E-4
5.611331158456434E-4
5.624040177665269E-4
5.636732766960792E-4
5.649408380886147E-4
5.662066480071052E-4
5.674706531186727E-4
5.687328006901173E-4
5.699930385834698E-4
5.712513152515718E-4
5.725075797336854E-4
5.737617816511257E-4
5.750138712029277E-4
5.762637991615357E-4
5.775115168685169E-4
5.787569762303089E-4
5.800001297139905E-4
5.812409303430755E-4
5.824793316933384E-4
5.837152878886649E-4
5.849487535969261E-4
5.861796840258794E-4
5.874080349190993E-4
5.886337625519286E-4
5.898568237274579E-4
5.910771757725351E-4
5.922947765337958E-4
5.935095843737306E-4
5.947215581667821E-4
5.959306572954884E-4
5.971368416466812E-4
5.983400716077751E-4
5.995403080631948E-4
6.007375123910379E-4
6.019316464601429E-4
6.031226726278566E-4
6.043105537390228E-4
6.054952531270745E-4
6.066767346187544E-4
6.078549625449934E-4
6.090299017621704E-4
6.10201517690656E-4
6.113697763818075E-4
6.125346446312262E-4
6.136960901662893E-4
6.148540819514011E-4
6.16008590677307E-4
6.171595895342502E-4
6.183070554165608E-4
6.194509707733102E-4
6.20591326411512E-4
6.217281256811534E-4
6.228613906309592E-4
6.239911709248762E-4
6.251175565530814E-4
6.262406956535448E-4
6.273608190674084E-4
6.284782735571194E-4
6.295935658767715E-4
6.307074200347115E-4
6.318208500413467E-4
6.32935250080082E-4
6.340525032496878E-4
6.35175108671154E-4
6.363063247167445E-4
6.374503233342584E-4
6.386123469188867E-4
6.397988550644652E-4
6.41017644102851E-4
6.42277918099243E-4
6.435902865880496E-4
6.449666626415583E-4
6.464200357759517E-4
6.479640985826802E-4
6.496127144761452E-4
6.513792268031455E-4
6.532756263885328E-4
6.586122021126622E-4
6.640602043845288E-4
6.696220340065169E-4
6.752950148612581E-4
6.810707723459688E-4
6.869349188873752E-4
6.928671211787867E-4
6.988415947843283E-4
7.048280326770446E-4
7.107929290916892E-4
7.167012143356877E-4
7.22518076312067E-4
7.282108166921018E-4
7.337505788641315E-4
7.391137936123376E-4
7.442832166250781E-4
7.492484759861869E-4
7.540061017200285E-4
7.585590655545415E-4
7.629159093463908E-4
7.67089578202644E-4
7.710960946631795E-4
7.749532118258019E-4
7.786791675668208E-4
7.822916331988049E-4
7.858069137968876E-4
7.892394202089073E-4
7.92601399897446E-4
7.959028891013679E-4
7.991518341931536E-4
8.023543254157349E-4
8.055148897254641E-4
8.086367986482148E-4
8.11722359037598E-4
8.14773166897353E-4
8.177903151653004E-4
8.207745545331257E-4
8.237264117145109E-4
8.266462723423017E-4
8.29534436455216E-4
8.323911540042796E-4
8.352166465870332E-4
8.380111201758117E-4
8.407747722482933E-4
8.435077956073761E-4
8.462103803371574E-4
8.488827147600382E-4
8.515249858845311E-4
8.541373796061705E-4
8.567200807947724E-4
8.592732733320674E-4
8.617971401288244E-4
8.642918631339396E-4
8.667576233405653E-4
8.691946007912014E-4
8.716029745824259E-4
8.73982922869516E-4
8.763346228710129E-4
8.786582508732592E-4
8.809539822349174E-4
8.832219913914598E-4
8.854624518596507E-4
8.876755362419912E-4
8.898614162311578E-4
8.920202626144135E-4
8.941522452780011E-4
8.962575332115161E-4
8.983362945122547E-4
9.003886963895522E-4
9.024149051690903E-4
9.044150862971932E-4
9.063894043450997E-4
9.083380230132138E-4
9.102611051353415E-4
9.121588126829043E-4
9.140313067691322E-4
9.158787476532397E-4
9.177012947445851E-4
9.194991066068026E-4
9.212723409619276E-4
9.230211546944863E-4
9.247457038555831E-4
9.264461436669594E-4
9.281226285250378E-4
9.297753120049438E-4
9.314043468645145E-4
9.330098850482825E-4
9.345920776914466E-4
9.361510751238206E-4
9.376870268737687E-4
9.392000816721151E-4
9.406903874560445E-4
9.421580913729755E-4
9.436033397844238E-4
9.450262782698445E-4
9.464270516304531E-4
9.478058038930371E-4
9.491626783137436E-4
9.504978173818497E-4
9.518113628235172E-4
9.531034556055285E-4
9.543742359390122E-4
9.556238432831353E-4
9.568524163487993E-4
9.580600931023E-4
9.592470107689832E-4
9.604133058368793E-4
9.61559114060316E-4
9.626845704635267E-4
9.63789809344229E-4
9.648749642771938E-4
9.659401681177972E-4
9.669855530055511E-4
9.680112503676288E-4
9.690173909223588E-4
9.700041046827151E-4
9.709715209597871E-4
9.719197683662278E-4
9.728489748196977E-4
9.737592675462814E-4
9.746507730838953E-4
9.755236172856761E-4
9.763779253233541E-4
9.772138216906144E-4
9.78031430206436E-4
9.788308740184227E-4
9.796122756061082E-4
9.80375756784261E-4
9.811214387061566E-4
9.818494418668503E-4
9.825598861064233E-4
9.832528906132182E-4
9.839285739270632E-4
9.845870539424734E-4
9.852284479118386E-4
9.858528724486055E-4
9.864604435304363E-4
9.870512765023495E-4
9.8762548607986E-4
9.881831863520854E-4
9.887244907848566E-4
9.892495122238035E-4
9.897583628974242E-4
9.902511544201487E-4
9.907279977953835E-4
9.911890034185371E-4
9.916342810800422E-4
9.920639399683565E-4
9.9247808867295E-4
9.928768351872854E-4
9.932602869117781E-4
9.93628550656752E-4
9.93981732645392E-4
9.943199385166884E-4
9.946432733284E-4
9.949518415600562E-4
9.952457471160353E-4
9.955250933287947E-4
9.957899829624085E-4
9.960405182166255E-4
9.962768007318913E-4
9.964989315960492E-4
9.967070113539656E-4
9.969011400221518E-4
9.970814171118513E-4
9.972479416662666E-4
9.974008123211397E-4
9.97540127403351E-4
9.976659850907388E-4
9.977784836690767E-4
9.978777219412313E-4
9.979637998713342E-4
9.980368195866827E-4
9.980968869160373E-4
9.981441137197017E-4
9.981786213695244E-4
9.98200545870598E-4
9.982100452849355E-4
9.98207310321857E-4
9.98192579196759E-4
9.981661581178246E-4
9.981284490171135E-4
9.98079986361272E-4
9.980214850034894E-4
9.979539009981032E-4
9.97878506999582E-4
9.977969832014278E-4
9.977115236275912E-4
9.976249558726127E-4
9.975408700389956E-4
9.974637496532632E-4
9.973990938716368E-4
9.973535165646113E-4
9.97334804308102E-4
9.973519124786597E-4
9.974148772564405E-4
9.975346221531682E-4
9.977226414329442E-4
9.979905500239492E-4
9.98349500417089E-4
0.001954494631240602
0.0019483900668369105
0.0019424301964006065
0.0019366156368429222
0.0019309427595357797
0.0019254032276225517
0.0019199837961676812
0.0019146664327648621
0.0019094287910201943
0.001904245036288996
0.0018990869856495378
0.001893925487041996
0.001888731931061081
0.0018834797680637545
0.0018781458968440583
0.00187271180095675
0.0018671643341957717
0.0018614960945983142
0.0018557053714292882
0.0018497956954806926
0.0018437750631921052
0.0018376549341293346
0.0018314491158190704
0.001825172648923859
0.0018188407908812372
0.0018124681710971241
0.0018060681604506242
0.0017996524673114579
0.001793230945847004
0.0017868115830739395
0.001780400620182333
0.0017740027608235689
0.0017676214227840695
0.0017612589975586144
0.0017549170924551767
0.0017485967399886483
0.001742298568021387
0.0017360229306209727
0.0017297700037639968
0.0017235398520842652
0.0017173324733460696
0.001711147826781057
0.0017049858503628626
0.0016988464708833782
0.0016927296095749708
0.0016866351851095344
0.0016805631151265692
0.0016745133169759551
0.0016684857080617834
0.0016624802059934597
0.0016564967286484347
0.0016505351941964502
0.0016445955211079697
0.001638677628156435
0.0016327814344182605
0.0016269068592720704
0.0016210538223976668
0.0016152222437749435
0.0016094120436827646
0.0016036231426978657
0.0015978554616937288
0.0015921089218394857
0.0015863834445988148
0.0015806789517288427
0.001574995365279048
0.0015693326075901688
0.0015636906012931248
0.0015580692693079343
0.0015524685348426292
0.0015468883213921839
0.0015413285527374491
0.0015357891529440817
0.0015302700463614859
0.001524771157621753
0.0015192924116386043
0.0015138337336063489
0.0015083950489988285
0.0015029762835683787
0.0014975773633447947
0.0014921982146342875
0.0014868387640184562
0.0014814989383532655
0.0014761786647680148
0.0014708778706643262
0.0014655964837151203
0.0014603344318636106
0.0014550916433222908
0.0014498680465719342
0.001444663570360589
0.0014394781437025823
0.0014343116958775283
0.0014291641564293347
0.0014240354551652216
0.0014189255221547308
0.0014138342877287552
0.0014087616824785619
0.0014037076372548126
0.001398672083166608
0.0013936549515805128
0.0013886561741195994
0.0013836756826624912
0.0013787134093424045
0.0013737692865462045
0.0013688432469134483
0.0013639352233354549
0.0013590451489543535
0.001354172957162157
0.0013493185815998182
0.0013444819561563106
0.0013396630149676936
0.0013348616924162013
0.0013300779231293113
0.001325311641978833
0.0013205627840799973
0.00131583128479055
0.001311117079709839
0.0013064201046779143
0.001301740295774637
0.0012970775893187683
0.0012924319218670932
0.0012878032302135198
0.0012831914513882008
0.0012785965226566453
0.001274018381518846
0.0012694569657083989
0.0012649122131916316
0.0012603840621667342
0.0012558724510628918
0.001251377318539424
0.001246898603484923
0.001242436245016398
0.001237990182478424
0.0012335603554422844
0.0012291467037051323
0.0012247491672891422
0.001220367686440668
0.0012160022016294088
0.0012116526535475719
0.001207318983109042
0.0012030011314485512
0.0011986990399208586
0.001194412650099924
0.001190141903778083
0.0011858867429652455
0.0011816471098880673
0.0011774229469891518
0.0011732141969262335
0.001169020802571381
0.001164842707010191
0.0011606798535409948
0.0011565321856740617
0.0011523996471308094
0.0011482821818430162
0.0011441797339520512
0.0011400922478080973
0.0011360196679694057
0.0011319619392015788
0.0011279190064768952
0.0011238908149737415
0.0011198773100762017
0.0011158784373739511
0.0011118941426626686
0.0011079243719453488
0.0011039690714352074
0.0011000281875612485
0.0010961016669783852
0.0010921894565851305
0.0010882915035537533
0.001084407755380788
0.001080538159970219
0.0010766826657685167
0.0010728412219808312
0.0010690137789124146
0.0010652002885004727
0.0010614007051313033
0.001057614986878091
0.0010538430973488968
0.0010500850084046937
0.0010463407040955826
0.0010426101862701766
0.001038893482436149
0.0010351906565830443
0.0010315018238093664
0.0010278271697049509
0.0010241669754976106
0.0010205216499407919
0.001016891768747675
0.0010132781220111857
0.001009681769431963
0.0010061041022590006
0.0010025469096033358
9.990124452245695E-4
9.955034890792372E-4
9.920233959976172E-4
9.885761220419277E-4
9.851662176979107E-4
9.817987764328341E-4
9.784793277159563E-4
9.752136657138665E-4
9.720076088095677E-4
0.27768710760765336
