6.819086888337274E-5
1.449031821253311E-4
2.3119104715411487E-4
3.2821213144034394E-4
4.372626666438497E-4
4.916419219081119E-4
5.527315500403825E-4
6.213911338114938E-4
6.985453339803102E-4
7.85178647223917E-4
8.823997629795684E-4
9.91532154653479E-4
0.001114151616451693
0.0012520291371010733
0.0014070102775260466
0.00158106420848208
0.0017764627513213473
0.001995932072028538
0.0022426148136741922
0.0025198014646913435
0.00283141836952826
0.003181918497471499
0.003576060161842315
0.004018595057625473
0.004513749501867845
0.0050717320774023985
0.005702775780477476
0.006413869154539771
0.007207565824341567
0.008081937112536783
0.00909012566161437
0.010245280938252886
0.01153409946728956
0.012927142250550036
0.014386872915568715
0.016360251117548467
0.01857171653947761
0.020821078033563176
0.02296671742081638
0.024912485692748527
0.03059593502496275
0.03452521594692939
0.03704377621862322
0.03843746860995797
0.03894290751201814
0.07159506911777846
0.06287660920268551
0.055219463646385296
0.048494848509993894
0.042589477288599145
0.3071415906048825
