5.140413914786786E-8
1.0413692634887902E-7
1.58158704584525E-7
2.1339192146491633E-7
2.6972569298112325E-7
3.270226741926076E-7
3.8512761431025635E-7
4.438768011105139E-7
5.031075244679889E-7
5.626667209881148E-7
6.22418094647733E-7
6.82247219986246E-7
7.42064391334015E-7
8.018052451353211E-7
8.614294155301661E-7
9.209176567412096E-7
9.802679623972862E-7
1.0394912285501796E-6
1.0986069534934635E-6
1.157639362758523E-6
1.2166142158309608E-6
1.2755564160754361E-6
1.3344884267462627E-6
1.3934294066869035E-6
1.452394924710932E-6
1.5113970902783736E-6
1.5704449436456573E-6
1.6295449723868625E-6
1.688701653991064E-6
1.7479179584486631E-6
1.807195774955559E-6
1.8665362501829894E-6
1.9259400412236742E-6
1.985407495082693E-6
2.0449387699978103E-6
2.104533913732702E-6
2.1641929118874552E-6
2.2239157164242198E-6
2.28370226179065E-6
2.343552473643501E-6
2.403466273365383E-6
2.4634435803015117E-6
2.523484312818444E-6
2.583588388782771E-6
2.643755725767819E-6
2.7039862411389988E-6
2.76427985208771E-6
2.8246364756445483E-6
2.8850560286846574E-6
2.945538427930214E-6
3.006083589951979E-6
3.066691431170537E-6
3.1273618678574614E-6
3.1880948161364403E-6
3.2488901919844382E-6
3.3097479112328228E-6
3.3706678895685193E-6
3.4316500425351795E-6
3.492694285534327E-6
3.55380053382656E-6
3.614968702532705E-6
3.67619870663502E-6
3.7374904609783793E-6
3.79884388027149E-6
3.860258879088085E-6
3.921735371868159E-6
3.98327327291916E-6
4.044872496417269E-6
4.106532956408591E-6
4.168254566810437E-6
4.23003724141257E-6
4.291880893878449E-6
4.353785437746522E-6
4.415750786431495E-6
4.47777685322561E-6
4.5398635512999496E-6
4.602010793705722E-6
4.664218493375599E-6
4.726486563124992E-6
4.788814915653407E-6
4.851203463545771E-6
4.913652119273766E-6
4.976160795197165E-6
5.038729403565226E-6
5.101357856518006E-6
5.1640460660877815E-6
5.226793944200402E-6
5.2896014026766725E-6
5.352468353233774E-6
5.415394707486651E-6
5.478380376949434E-6
5.5414252730368625E-6
5.604529307065686E-6
5.66769239025617E-6
5.73091443373346E-6
5.7941953485291E-6
5.857535045582471E-6
5.920933435742262E-6
5.98439042976797E-6
6.047905938331366E-6
6.111479872017993E-6
6.175112141328709E-6
6.238802656681168E-6
6.30255132841136E-6
6.3663580667751485E-6
6.43022278194979E-6
6.494145384035515E-6
6.558125783057069E-6
6.622163888965308E-6
6.686259611638742E-6
6.750412860885147E-6
6.814623546443153E-6
6.878891577983866E-6
6.943216865112461E-6
7.0075993173698175E-6
7.072038844234148E-6
7.13653535512266E-6
7.20108875939319E-6
7.265698966345875E-6
7.330365885224814E-6
7.395089425219758E-6
7.459869495467812E-6
7.524706005055117E-6
7.589598863018556E-6
7.654547978347496E-6
7.719553259985504E-6
7.784614616832077E-6
7.849731957744424E-6
7.91490519153918E-6
7.98013422699421E-6
8.045418972850364E-6
8.110759337813287E-6
8.176155230555202E-6
8.241606559716731E-6
8.307113233908676E-6
8.372675161713931E-6
8.438292251689205E-6
8.503964412366982E-6
8.569691552257293E-6
8.635473579849652E-6
8.701310403614884E-6
8.767201932007044E-6
8.833148073465322E-6
8.899148736415917E-6
8.965203829274005E-6
9.031313260445636E-6
9.09747693832968E-6
9.1636947713198E-6
9.229966667806393E-6
9.296292536178575E-6
9.362672284826151E-6
9.42910582214164E-6
9.49559305652221E-6
9.562133896371813E-6
9.628728250103118E-6
9.695376026139536E-6
9.762077132917384E-6
9.82883147888783E-6
9.895638972519072E-6
9.962499522298403E-6
1.0029413036734433E-5
1.009637942435927E-5
1.0163398593730988E-5
1.0230470453436257E-5
1.0297594912093499E-5
1.036477187835689E-5
1.0432001260922007E-5
1.0499282968534288E-5
1.056661691000273E-5
1.0634002994222642E-5
1.070144113021461E-5
1.0768931227191581E-5
1.0836473194674661E-5
1.0904066942692306E-5
1.097171238212111E-5
1.103940942526444E-5
1.1107157986826777E-5
1.1174957985539427E-5
1.1242809346847837E-5
1.1310712007310058E-5
1.1378665921723643E-5
1.1446671074555255E-5
1.1514727498076986E-5
1.158283530083562E-5
1.1650994711849441E-5
1.1719206148447487E-5
1.1787470319195291E-5
1.1855788378202288E-5
1.1924162153642833E-5
1.1992594481939326E-5
1.2061089690142813E-5
1.212965428292171E-5
1.2198297907390131E-5
1.2267034688623443E-5
1.2335885050494315E-5
1.2404878159091528E-5
1.2474055147196078E-5
1.2543473294651211E-5
1.2613211346190709E-5
1.2683376139177297E-5
1.2754110681268064E-5
1.28256037539346E-5
1.2898101013669378E-5
1.2971917411505804E-5
1.3047450549065864E-5
1.3125194336759684E-5
1.3205752025501711E-5
1.3289847365560561E-5
1.337833233436825E-5
1.3472189610383712E-5
1.3572527803764205E-5
1.3680567444416966E-5
1.3797615931734217E-5
1.3925030116690301E-5
1.4064165944819968E-5
1.4216315635367656E-5
1.4382634163650113E-5
1.4564058258748238E-5
1.4761222587588133E-5
1.4974379090170377E-5
1.5203326357701345E-5
1.5447356307763502E-5
1.5705225046009615E-5
1.597515361874409E-5
1.6254862359831548E-5
1.6490235700516653E-5
1.672830734604921E-5
1.6965873264097435E-5
1.7199712512140542E-5
1.7426737714925452E-5
1.764413920710016E-5
1.7849511483990082E-5
1.804095209244059E-5
1.821712568873523E-5
1.837728938474176E-5
1.852127927125644E-5
1.864946167000616E-5
1.8762655765522878E-5
1.8862036441042576E-5
1.894902717257543E-5
1.9025192681599058E-5
1.9092139839842925E-5
1.9151433327193938E-5
1.9204530116109417E-5
1.9252734361425583E-5
1.929717203906088E-5
1.9338782938759398E-5
1.9378326500698165E-5
1.94163975068779E-5
1.9453447715597274E-5
1.9489810019146687E-5
1.9525722443731147E-5
1.9561350136168026E-5
1.959680426447938E-5
1.9632157412579093E-5
1.966745553089745E-5
1.970272681090354E-5
1.9737988004495858E-5
1.977324874566381E-5
1.980851439157283E-5
1.984378781895466E-5
1.987907051676064E-5
1.9914363225450734E-5
1.994966629667422E-5
1.998497988777594E-5
2.0020304062828157E-5
2.0055638842997203E-5
2.0090984230617945E-5
2.0126340220215268E-5
2.016170680333042E-5
2.0197083970540363E-5
2.023247171226387E-5
2.0267870019068698E-5
2.0303278881783256E-5
2.033869829153628E-5
2.0374128239770604E-5
2.0409568718248877E-5
2.044501971905642E-5
2.048048123460352E-5
2.051595325762735E-5
2.0551435781193876E-5
2.058692879869993E-5
2.0622432303875013E-5
2.0657946290783328E-5
2.0693470753825647E-5
2.072900568774148E-5
2.0764551087610834E-5
2.0800106948856347E-5
2.0835673267245214E-5
2.0871250038891217E-5
2.0906837260256805E-5
2.0942434928155055E-5
2.0978043039751682E-5
2.1013661592567152E-5
2.1049290584478722E-5
2.1084930013722555E-5
2.11205798788957E-5
2.1156240178958236E-5
2.1191910913235457E-5
2.1227592081419752E-5
2.1263283683572963E-5
2.1298985720128458E-5
2.1334698191893124E-5
2.1370421100049735E-5
2.1406154446158975E-5
2.144189823216164E-5
2.1477652460380874E-5
2.151341713352432E-5
2.1549192254686275E-5
2.1584977827350027E-5
2.162077385538997E-5
2.165658034307393E-5
2.169239729506537E-5
2.1728224716425643E-5
2.176406261261628E-5
2.1799910989501312E-5
2.183576985334949E-5
2.1871639210836644E-5
2.190751906904797E-5
2.1943409435480443E-5
2.197931031804497E-5
2.2015221725068947E-5
2.2051143665298495E-5
2.2087076147900923E-5
2.212301918246702E-5
2.215897277901353E-5
2.2194936947985466E-5
2.2230911700258642E-5
2.226689704714201E-5
2.230289300038025E-5
2.2338899572155978E-5
2.2374916775092452E-5
2.2410944622255888E-5
2.2446983127158006E-5
2.24830323037586E-5
2.251909216646796E-5
2.255516273014936E-5
2.2591244010121686E-5
2.2627336022162E-5
2.266343878250794E-5
2.269955230786046E-5
2.2735676615386256E-5
2.2771811722720506E-5
2.2807957647969378E-5
2.2844114409712688E-5
2.288028202700646E-5
2.2916460519385635E-5
2.2952649906866692E-5
2.2988850209950265E-5
2.302506144962387E-5
2.3061283647364523E-5
2.3097516825141514E-5
2.3133761005419007E-5
2.3170016211158853E-5
2.320628246582325E-5
2.3242559793377457E-5
2.3278848218292587E-5
2.3315147765548305E-5
2.3351458460635744E-5
2.3387780329560023E-5
2.3424113398843265E-5
2.3460457695527297E-5
2.3496813247176415E-5
2.353318008188031E-5
2.3569558228256755E-5
2.360594771545459E-5
2.364234857315647E-5
2.3678760831581703E-5
2.371518452148924E-5
2.3751619674180387E-5
2.3788066321501842E-5
2.382452449584853E-5
2.3860994230166405E-5
2.3897475557955525E-5
2.39339685132729E-5
2.397047313073538E-5
2.400698944552274E-5
2.4043517493380433E-5
2.4080057310622685E-5
2.4116608934135443E-5
2.4153172401379353E-5
2.4189747750392646E-5
2.4226335019794318E-5
2.426293424878699E-5
2.4299545477160042E-5
2.4336168745292664E-5
2.4372804094157015E-5
2.4409451565321427E-5
2.4446111200953952E-5
2.4482783043826205E-5
2.451946713731805E-5
2.455616352542336E-5
2.4592872252758683E-5
2.4629593364575828E-5
2.4666326906782718E-5
2.4703072925978194E-5
2.4739831469511557E-5
2.4776602585585543E-5
2.481338632343437E-5
2.4850182733630135E-5
2.488699186860784E-5
2.492381378355758E-5
2.4960648537928715E-5
2.4997496197942525E-5
2.5034356840751E-5
2.507123056125388E-5
2.51081174831617E-5
2.5145017776768346E-5
2.518193168720597E-5
2.521885957888749E-5
2.5255802004652703E-5
2.529275981215285E-5
2.5329734305664797E-5
2.5366727489337252E-5
2.540374242845892E-5
2.54407837793779E-5
2.5477858556897106E-5
2.551497723092645E-5
2.555215527227161E-5
2.558941530059875E-5
2.5626790025010297E-5
2.5664326207356957E-5
2.5702089916930064E-5
2.574017337709622E-5
2.577870372201814E-5
2.581785397458794E-5
2.5857856512440715E-5
2.5899019192956917E-5
2.5941744145486196E-5
2.5986548996059437E-5
2.603408995734133E-5
2.608518579318343E-5
2.6140841163598374E-5
2.620226729915838E-5
2.6270897390038877E-5
2.63483935714262E-5
2.6436642030531125E-5
2.653773265185426E-5
2.665391986151982E-5
2.6787562022506153E-5
2.694103793499736E-5
2.7116640724251015E-5
2.7316451597230718E-5
2.7542198480302687E-5
2.7795107187587813E-5
2.8075755209499976E-5
2.8383940098505623E-5
2.8718575400017023E-5
2.9077626812435536E-5
2.9458099550417878E-5
2.9856084681453473E-5
3.0266867663345836E-5
3.0685096801152375E-5
3.110500343257651E-5
3.152066004080395E-5
3.1926257924886106E-5
3.23163832004429E-5
3.268626924314571E-5
3.303200543100484E-5
3.335068606385834E-5
3.364048918345336E-5
3.39006819566926E-5
3.413155642631108E-5
3.4334305863082766E-5
3.451085688046967E-5
3.466367535192907E-5
3.47955647824455E-5
3.490947425040233E-5
3.500832977285776E-5
3.509489858102155E-5
3.5171691031788905E-5
3.524090039486791E-5
3.5304377071482246E-5
3.536363124360214E-5
3.5419856623826094E-5
3.547396777952354E-5
3.552664420202826E-5
3.557837557038752E-5
3.56295042008794E-5
3.568026220611279E-5
3.573080221674763E-5
3.5781221537692205E-5
3.583158029051897E-5
3.5881914464761494E-5
3.593224492705285E-5
3.598258339521253E-5
3.6032936246244984E-5
3.608330685023027E-5
3.613369694569532E-5
3.618410741874445E-5
3.623453872715019E-5
3.6284991122017886E-5
3.633546475895282E-5
3.6385959751504E-5
3.6436476195765865E-5
3.648701418121006E-5
3.653757379524011E-5
3.6588155125019034E-5
3.663875825816887E-5
3.668938328302642E-5
3.674003028873406E-5
3.679069936527179E-5
3.684139060347016E-5
3.689210409501713E-5
3.694283993246315E-5
3.6993598209225526E-5
3.704437901959343E-5
3.7095182458731944E-5
3.714600862268689E-5
3.719685760838912E-5
3.724772951365957E-5
3.729862443721368E-5
3.734954247866598E-5
3.7400483738535076E-5
3.7451448318248205E-5
3.750243632014638E-5
3.755344784748877E-5
3.760448300445777E-5
3.7655541896164075E-5
3.770662462865142E-5
3.775773130890165E-5
3.780886204483975E-5
3.786001694533875E-5
3.7911196120224976E-5
3.796239968028285E-5
3.801362773726053E-5
3.806488040387461E-5
3.8116157793815455E-5
3.816746002175257E-5
3.82187872033396E-5
3.8270139455219844E-5
3.83215168950314E-5
3.837291964141261E-5
3.84243478140073E-5
3.847580153347016E-5
3.852728092147234E-5
3.8578786100706816E-5
3.8630317194893616E-5
3.868187432878554E-5
3.873345762817362E-5
3.8785067219892564E-5
3.883670323182642E-5
3.8888365792913975E-5
3.8940055033154517E-5
3.8991771083613294E-5
3.9043514076427205E-5
3.9095284144810556E-5
3.9147081423060334E-5
3.919890604656224E-5
3.925075815179633E-5
3.9302637876342517E-5
3.935454535888651E-5
3.9406480739225326E-5
3.945844415827326E-5
3.951043575806747E-5
3.956245568177367E-5
3.961450407369223E-5
3.96665810792635E-5
3.9718686845073955E-5
3.977082151886196E-5
3.9822985249523255E-5
3.9875178187117175E-5
3.992740048287222E-5
3.997965228919201E-5
4.003193375966087E-5
4.0084245049049945E-5
4.013658631332279E-5
4.0188957709641445E-5
4.024135939637204E-5
4.029379153309072E-5
4.034625428058944E-5
4.039874780088205E-5
4.045127225720954E-5
4.0503827814046385E-5
4.055641463710628E-5
4.0609032893347765E-5
4.066168275098006E-5
4.0714364379469154E-5
4.0767077949543194E-5
4.081982363319852E-5
4.0872601603705584E-5
4.0925412035614157E-5
4.097825510475969E-5
4.103113098826882E-5
4.108403986456518E-5
4.113698191337485E-5
4.11899573157324E-5
4.124296625398648E-5
4.1296008911805436E-5
4.134908547418315E-5
4.1402196127444405E-5
4.145534105925074E-5
4.150852045860604E-5
4.156173451586203E-5
4.161498342272403E-5
4.166826737225629E-5
4.172158655888777E-5
4.1774941178417445E-5
4.1828331428019835E-5
4.188175750625064E-5
4.193521961305219E-5
4.198871794975834E-5
4.2042252719100626E-5
4.2095824125213184E-5
4.214943237363825E-5
4.220307767133138E-5
4.2256760226666846E-5
4.231048024944275E-5
4.236423795088648E-5
4.241803354365978E-5
4.247186724186403E-5
4.252573926104528E-5
4.2579649818199785E-5
4.2633599131779064E-5
4.26875874216955E-5
4.274161490932831E-5
4.279568181753004E-5
4.284978837063468E-5
4.290393479446864E-5
4.2958121316365974E-5
4.301234816519326E-5
4.306661557138996E-5
4.312092376703739E-5
4.317527298597793E-5
4.322966346402206E-5
4.328409543930728E-5
4.333856915291777E-5
4.339308484994587E-5
4.3447642781298226E-5
4.350224320673903E-5
4.355688639997276E-5
4.361157265705097E-5
4.3666302310139865E-5
4.3721075749838785E-5
4.377589346098548E-5
4.383075607948882E-5
4.3885664481560125E-5
4.394061992225502E-5
4.399562424813057E-5
4.4050680219855343E-5
4.410579199576032E-5
4.416096584768307E-5
4.4216211207237495E-5
4.4271542174972585E-5
4.432697966766316E-5
4.43825544305147E-5
4.4438311200678444E-5
4.4494314373884073E-5
4.455065559267676E-5
4.460746373515883E-5
4.4664917826058236E-5
4.47232634019474E-5
4.478283281981042E-5
4.484406987952382E-5
4.490755891069794E-5
4.497405812801378E-5
4.504453656700712E-5
4.5120213265270246E-5
4.520259656088093E-5
4.5293520473904245E-5
4.5395174182600914E-5
4.551011970331795E-5
4.564129216679045E-5
4.579197671728284E-5
4.596575622274961E-5
4.6166424844290524E-5
4.6397864204093456E-5
4.6663881472790034E-5
4.6968012122410357E-5
4.7313294177272114E-5
4.770202521033389E-5
4.8135517603674506E-5
4.861387113946134E-5
4.91357841901146E-5
4.9698425057173376E-5
5.0297382939949786E-5
5.092671341937123E-5
5.1579086370829436E-5
5.2246035391436785E-5
5.291829800947677E-5
5.358622626942102E-5
5.4240239008065566E-5
5.487128144493763E-5
5.547125552977767E-5
5.6033386312882335E-5
5.655249537372368E-5
5.7025161430296916E-5
5.7449759529387855E-5
5.7826382228742653E-5
5.8156657367412414E-5
5.84434859719026E-5
5.8690729528690735E-5
5.8902877760973456E-5
5.908472625375864E-5
5.924108838156407E-5
5.937655900022812E-5
5.949533945101716E-5
5.96011257499984E-5
5.9697055349611506E-5
5.978570318334662E-5
5.986911508327232E-5
5.9948865991410894E-5
6.002613130514203E-5
6.010176169248011E-5
6.017635424336804E-5
6.025031541104496E-5
6.0323913491028946E-5
6.0397320179343E-5
6.047064197811872E-5
6.0543942912602204E-5
6.061726029045913E-5
6.069061519960542E-5
6.076401922791457E-5
6.083747859783226E-5
6.091099661188572E-5
6.098457504283784E-5
6.10582148928491E-5
6.113191679151581E-5
6.120568119608585E-5
6.127950848798827E-5
6.135339901739398E-5
6.142735312288993E-5
6.150137113977803E-5
6.157545340341791E-5
6.164960025051432E-5
6.172381201959495E-5
6.17980890511849E-5
6.187243168787424E-5
6.194684027435036E-5
6.202131515741839E-5
6.209585668601865E-5
6.217046521124295E-5
6.224514108635111E-5
6.231988466678686E-5
6.239469631019364E-5
6.246957637643089E-5
6.254452522758967E-5
6.261954322800847E-5
6.269463074428942E-5
6.276978814531337E-5
6.284501580225572E-5
6.29203140886019E-5
6.299568338016291E-5
6.307112405509013E-5
6.314663649389098E-5
6.322222107944402E-5
6.329787819701329E-5
6.337360823426377E-5
6.344941158127573E-5
6.352528863055938E-5
6.36012397770694E-5
6.367726541821881E-5
6.375336595389353E-5
6.382954178646625E-5
6.390579332081E-5
6.398212096431215E-5
6.405852512688749E-5
6.413500622099213E-5
6.421156466163612E-5
6.428820086639645E-5
6.436491525543026E-5
6.444170825148706E-5
6.45185802799212E-5
6.459553176870431E-5
6.467256314843706E-5
6.474967485236115E-5
6.482686731637109E-5
6.490414097902522E-5
6.498149628155737E-5
6.505893366788771E-5
6.513645358463328E-5
6.521405648111918E-5
6.529174280938859E-5
6.536951302421262E-5
6.5447367583101E-5
6.552530694631123E-5
6.560333157685824E-5
6.568144194052337E-5
6.5759638505864E-5
6.5837921744222E-5
6.591629212973209E-5
6.599475013933046E-5
6.607329625276259E-5
6.615193095259177E-5
6.62306547242056E-5
6.630946805582446E-5
6.638837143850772E-5
6.646736536616138E-5
6.654645033554413E-5
6.662562684627418E-5
6.670489540083474E-5
6.678425650458063E-5
6.68637106657435E-5
6.694325839543721E-5
6.70229002076632E-5
6.710263661931476E-5
6.718246815018264E-5
6.726239532295823E-5
6.734241866323867E-5
6.742253869952995E-5
6.750275596325084E-5
6.758307098873615E-5
6.766348431323979E-5
6.774399647693739E-5
6.782460802292935E-5
6.790531949724236E-5
6.798613144883196E-5
6.806704442958403E-5
6.814805899431655E-5
6.822917570078044E-5
6.831039510966089E-5
6.83917177845777E-5
6.847314429208596E-5
6.855467520167615E-5
6.863631108577431E-5
6.871805251974097E-5
6.879990008187144E-5
6.888185435339404E-5
6.89639159184697E-5
6.904608536419037E-5
6.912836328057701E-5
6.921075026057774E-5
6.929324690006634E-5
6.937585379783895E-5
6.945857155561154E-5
6.954140077801724E-5
6.962434207260316E-5
6.97073960498263E-5
6.979056332305049E-5
6.987384450854217E-5
6.995724022546578E-5
7.00407510958796E-5
7.012437774473131E-5
7.020812079985185E-5
7.029198089195182E-5
7.037595865461399E-5
7.046005472428939E-5
7.054426974029012E-5
7.062860434478373E-5
7.071305918278678E-5
7.079763490215858E-5
7.088233215359505E-5
7.096715159062318E-5
7.10520938695969E-5
7.113715964969575E-5
7.122234959292812E-5
7.13076643641448E-5
7.139310463106947E-5
7.147867106436206E-5
7.156436433773662E-5
7.165018512818139E-5
7.17361341163518E-5
7.182221198726599E-5
7.19084194315175E-5
7.199475714736344E-5
7.208122584428475E-5
7.21678262489888E-5
7.225455911542613E-5
7.23414252413374E-5
7.242842549529422E-5
7.251556086043305E-5
7.260283250441864E-5
7.269024189014947E-5
7.277779094897005E-5
7.286548234858418E-5
7.295331990258861E-5
7.304130918896587E-5
7.312945847260919E-5
7.321778006382694E-5
7.330629229261003E-5
7.33950223388221E-5
7.34840102322928E-5
7.357331442366725E-5
7.366301942429558E-5
7.375324611582269E-5
7.38441654276126E-5
7.39360161574789E-5
7.402912774684929E-5
7.412394878724276E-5
7.422108189637901E-5
7.432132532073035E-5
7.442572115774956E-5
7.453560941170699E-5
7.465268618208543E-5
7.477906313668904E-5
7.491732408192677E-5
7.507057299463274E-5
7.52424664610608E-5
7.543722227226322E-5
7.565959519205874E-5
7.591481091508022E-5
7.620845023722348E-5
7.654627769316715E-5
7.693401250163262E-5
7.737704457227006E-5
7.788010434233152E-5
7.844690187277232E-5
7.907975726394574E-5
7.977925019204102E-5
8.05439202684908E-5
8.137005107288109E-5
8.225156838456441E-5
8.318007697310106E-5
8.414505041979624E-5
8.513417551025738E-5
8.613383798921702E-5
8.712972157268993E-5
8.810747897298904E-5
8.905342417168737E-5
8.995519078971998E-5
9.080230304258663E-5
9.158661350294856E-5
9.230257491050692E-5
9.294732996360377E-5
9.352062123301896E-5
9.402454067315496E-5
9.446315245516707E-5
9.484203232098328E-5
9.516777044763197E-5
9.544748289808161E-5
9.568836993181524E-5
9.589734920258283E-5
9.60807799650197E-5
9.624428263681999E-5
9.639264792580803E-5
9.652982225179754E-5
9.6658951819203E-5
9.678246633350174E-5
9.69021844881825E-5
9.701942621710602E-5
9.713512048204457E-5
9.724990130290162E-5
9.73641882784241E-5
9.747825065125395E-5
9.759225591850766E-5
9.770630511981727E-5
9.782045739620523E-5
9.793474639752671E-5
9.804919081323629E-5
9.816380086811959E-5
9.827858217329716E-5
9.839353792012442E-5
9.85086700807523E-5
9.862398003882527E-5
9.873946890731691E-5
9.885513768203856E-5
9.897098731262262E-5
9.90870187339136E-5
9.920323287922778E-5
9.931963068569939E-5
9.943621309633836E-5
9.955298106078819E-5
9.966993553559625E-5
9.978707748430922E-5
9.990440787750945E-5
1.0002192769283002E-4
1.0013963791496293E-4
1.0025753953566294E-4
1.003756335537486E-4
1.004939209751019E-4
1.0061240281266485E-4
1.0073108008643416E-4
1.0084995382345385E-4
1.0096902505780556E-4
1.0108829483059748E-4
1.0120776418995029E-4
1.0132743419098205E-4
1.0144730589579069E-4
1.0156738037343412E-4
1.0168765869990971E-4
1.0180814195813073E-4
1.0192883123790201E-4
1.0204972763589259E-4
1.0217083225560793E-4
1.0229214620735986E-4
1.0241367060823432E-4
1.0253540658205826E-4
1.0265735525936497E-4
1.0277951777735678E-4
1.0290189527986768E-4
1.0302448891732333E-4
1.0314729984669965E-4
1.032703292314808E-4
1.0339357824161478E-4
1.0351704805346812E-4
1.0364073984977916E-4
1.0376465481960963E-4
1.0388879415829558E-4
1.0401315906739625E-4
1.0413775075464219E-4
1.042625704338825E-4
1.043876193250294E-4
1.0451289865400353E-4
1.0463840965267659E-4
1.0476415355881356E-4
1.0489013161601363E-4
1.0501634507365032E-4
1.0514279518681E-4
1.0526948321623001E-4
1.0539641042823485E-4
1.0552357809467269E-4
1.0565098749284995E-4
1.0577863990546522E-4
1.0590653662054188E-4
1.0603467893136093E-4
1.0616306813639158E-4
1.0629170553922203E-4
1.0642059244848877E-4
1.0654973017780562E-4
1.0667912004569136E-4
1.0680876337549737E-4
1.0693866149533366E-4
1.0706881573799518E-4
1.0719922744088622E-4
1.073298979459453E-4
1.0746082859956872E-4
1.0759202075253367E-4
1.0772347575992069E-4
1.0785519498103535E-4
1.0798717977933016E-4
1.0811943152232441E-4
1.0825195158152507E-4
1.0838474133234618E-4
1.0851780215402782E-4
1.0865113542955498E-4
1.0878474254557594E-4
1.0891862489231948E-4
1.0905278386351254E-4
1.0918722085629718E-4
1.0932193727114648E-4
1.0945693451178145E-4
1.0959221398508591E-4
1.0972777710102264E-4
1.098636252725476E-4
1.0999975991552493E-4
1.1013618244864166E-4
1.1027289429332135E-4
1.104098968736381E-4
1.105471916162299E-4
1.1068477995021207E-4
1.1082266330709034E-4
1.1096084312067359E-4
1.1109932082698657E-4
1.1123809786418188E-4
1.1137717567245289E-4
1.115165556939457E-4
1.1165623937267042E-4
1.1179622815441357E-4
1.1193652348664988E-4
1.120771268184531E-4
1.12218039600408E-4
1.1235926328452164E-4
1.1250079932413447E-4
1.1264264917383173E-4
1.1278481428935451E-4
1.1292729612751088E-4
1.1307009614608686E-4
1.1321321580375761E-4
1.1335665655999851E-4
1.1350041987499601E-4
1.1364450720955871E-4
1.1378892002502887E-4
1.1393365978319299E-4
1.1407872794619332E-4
1.1422412597643944E-4
1.143698553365192E-4
1.1451591748911117E-4
1.1466231389689647E-4
1.1480904602247277E-4
1.1495611532826883E-4
1.1510352327646301E-4
1.152512713289073E-4
1.1539936094706249E-4
1.1554779359195212E-4
1.1569657072415163E-4
1.158456938038403E-4
1.1599516429096328E-4
1.1614498364558938E-4
1.1629515332860654E-4
1.1644567480300242E-4
1.1659654953614285E-4
1.1674777900373401E-4
1.168993646966055E-4
1.1705130813215707E-4
1.1720361087344216E-4
1.1735627456061473E-4
1.1750930096216761E-4
1.1766269205748575E-4
1.1781645016835981E-4
1.1797057816611574E-4
1.1812507979406086E-4
1.1827996016351235E-4
1.1843522650761312E-4
1.1859088931267377E-4
1.1874696399441277E-4
1.1890347334882423E-4
1.190604510868808E-4
1.1921794686051506E-4
1.1937603330438894E-4
1.1953481575129763E-4
1.1969444542208475E-4
1.1985513703150065E-4
1.2001719187011139E-4
1.2018102749109434E-4
1.203472151119759E-4
1.2051652568844262E-4
1.2068998527670942E-4
1.2086893971677538E-4
1.2105512779089981E-4
1.2125076080593414E-4
1.2145860501121452E-4
1.2168206143816709E-4
1.2192523573775375E-4
1.2219298857526817E-4
1.2249095537505725E-4
1.22825523018266E-4
1.2320375086118763E-4
1.2363322454467395E-4
1.2412183383973114E-4
1.246774704306121E-4
1.253076480824084E-4
1.2601905581168421E-4
1.2681706389503796E-4
1.2770521190920767E-4
1.286847163254072E-4
1.2975404122801706E-4
1.309085778116537E-4
1.321404761127183E-4
1.3343866458853264E-4
1.347890801003112E-4
1.361751133418444E-4
1.375782544019512E-4
1.389789022250403E-4
1.4035728288910152E-4
1.4169440750171048E-4
1.429729933386031E-4
1.4417827299925278E-4
1.4529862608640915E-4
1.4632598524630668E-4
1.4725599120435847E-4
1.4808789673353227E-4
1.4882424396796897E-4
1.4947035996607102E-4
1.5003372946410416E-4
1.5052330993797446E-4
1.509488522448741E-4
1.513202812743938E-4
1.5164717715206134E-4
1.519383810755811E-4
1.5220173334950395E-4
1.524439367787924E-4
1.5267052778473862E-4
1.5288593111816405E-4
1.5309357179551128E-4
1.532960191963194E-4
1.5349514209058967E-4
1.5369225855309962E-4
1.5388827021374144E-4
1.5408377528204105E-4
1.5427915877503148E-4
1.5447466117602708E-4
1.5467042840193397E-4
1.5486654665648858E-4
1.550630657625924E-4
1.552600141654327E-4
1.554574082025948E-4
1.5565525760833732E-4
1.5585356865367326E-4
1.560523458667188E-4
1.5625159293722083E-4
1.5645131317251114E-4
1.5665150971752128E-4
1.5685218565616202E-4
1.570533440557158E-4
1.5725498798511482E-4
1.5745712052181424E-4
1.5765974475392922E-4
1.578628637805082E-4
1.5806648071111252E-4
1.582705986651598E-4
1.5847522077119306E-4
1.5868035016613355E-4
1.5888598999453795E-4
1.5909214340786086E-4
1.5929881356372953E-4
1.5950600362522614E-4
1.5971371676018115E-4
1.5992195614047622E-4
1.6013072494135667E-4
1.6034002634075325E-4
1.6054986351861364E-4
1.6076023965624374E-4
1.6097115793565792E-4
1.6118262153893797E-4
1.613946336476021E-4
1.6160719744198298E-4
1.6182031610061331E-4
1.6203399279962242E-4
1.6224823071214027E-4
1.6246303300771064E-4
1.626784028517127E-4
1.6289434340479122E-4
1.6311085782229538E-4
1.6332794925372681E-4
1.6354562084219343E-4
1.6376387572387458E-4
1.639827170274927E-4
1.64202147873793E-4
1.6442217137503133E-4
1.6464279063447095E-4
1.648640087458858E-4
1.6508582879307175E-4
1.653082538493671E-4
1.6553128697717825E-4
1.6575493122751516E-4
1.6597918963953258E-4
1.6620406524008046E-4
1.6642956104326E-4
1.6665568004998766E-4
1.6688242524756698E-4
1.671097996092669E-4
1.6733780609390646E-4
1.6756644764544812E-4
1.677957271925969E-4
1.6802564764840678E-4
1.6825621190989332E-4
1.6848742285765353E-4
1.6871928335549297E-4
1.6895179625005775E-4
1.6918496437047493E-4
1.6941879052799822E-4
1.6965327751565997E-4
1.698884281079306E-4
1.701242450603834E-4
1.7036073110936566E-4
1.705978889716761E-4
1.7083572134424796E-4
1.7107423090383895E-4
1.713134203067268E-4
1.715532921884103E-4
1.7179384916331627E-4
1.7203509382451287E-4
1.722770287434284E-4
1.7251965646957504E-4
1.7276297953027904E-4
1.7300700043041724E-4
1.732517216521562E-4
1.7349714565469994E-4
1.7374327487404116E-4
1.739901117227192E-4
1.7423765858958084E-4
1.744859178395495E-4
1.7473489181339707E-4
1.7498458282752202E-4
1.7523499317373233E-4
1.75486125119033E-4
1.7573798090541964E-4
1.7599056274967512E-4
1.7624387284317347E-4
1.7649791335168602E-4
1.7675268641519407E-4
1.7700819414770538E-4
1.772644386370758E-4
1.775214219448347E-4
1.7777914610601683E-4
1.7803761312899566E-4
1.782968249953236E-4
1.785567836595755E-4
1.7881749104919784E-4
1.790789490643596E-4
1.7934115957780997E-4
1.7960412443473884E-4
1.7986784545264198E-4
1.8013232442119014E-4
1.8039756310210268E-4
1.8066356322902406E-4
1.8093032650740476E-4
1.8119785461438782E-4
1.8146614919869634E-4
1.8173521188052697E-4
1.8200504425144648E-4
1.8227564787429252E-4
1.8254702428307693E-4
1.8281917498289327E-4
1.8309210144982943E-4
1.8336580513088127E-4
1.8364028744387225E-4
1.8391554977737455E-4
1.8419159349063465E-4
1.8446841991350216E-4
1.8474603034636326E-4
1.8502442606007464E-4
1.8530360829590467E-4
1.855835782654749E-4
1.858643371507085E-4
1.861458861037815E-4
1.8642822624708136E-4
1.8671135867317387E-4
1.8699528444478546E-4
1.8728000459480675E-4
1.8756552012633656E-4
1.878518320127954E-4
1.881389411981582E-4
1.8842684859739887E-4
1.8871555509730324E-4
1.8900506155791663E-4
1.892953688150823E-4
1.8958647768483082E-4
1.8987838897088308E-4
1.9017110347733287E-4
1.9046462202985565E-4
1.9075894551080135E-4
1.9105407491663124E-4
1.9135001145090816E-4
1.916467566731741E-4
1.9194431273461014E-4
1.9224268274674994E-4
1.9254187135153553E-4
1.9284188559196404E-4
1.9314273622524222E-4
1.9344443967796003E-4
1.937470209186962E-4
1.940505176209508E-4
1.9435498611076037E-4
1.946605097394582E-4
1.949672104903441E-4
1.9527526481119046E-4
1.9558492484844197E-4
1.958965464204504E-4
1.962106251720023E-4
1.965278423543488E-4
1.9684912151544495E-4
1.9717569699587715E-4
1.9750919443451114E-4
1.978517224266652E-4
1.98205972997811E-4
1.9857532664471414E-4
1.9896395539740924E-4
1.993769147902994E-4
1.9982021301354324E-4
2.0030084316323155E-4
2.0082676283252206E-4
2.0140680476695615E-4
2.020505034462474E-4
2.0276782569844426E-4
2.0356879910051072E-4
2.0446304002387218E-4
2.054591934545944E-4
2.0656430845940798E-4
2.0778318526478353E-4
2.091177652143954E-4
2.105665453347379E-4
2.1212414994917567E-4
2.1378109098400672E-4
2.1552376413267493E-4
2.1733471198640803E-4
2.1919316327028012E-4
2.2107583142859646E-4
2.2295792883796385E-4
2.248143282796854E-4
2.2662078441661727E-4
2.2835511783189815E-4
2.2999826460446519E-4
2.3153510589632543E-4
2.329550134837671E-4
2.3425207595331382E-4
2.3542500265434226E-4
2.3647673417364959E-4
2.374138149593923E-4
2.382456024954159E-4
2.3898339618016036E-4
2.3963956746228573E-4
2.4022676204272557E-4
2.4075722751144268E-4
2.41242298796764E-4
2.416920525293878E-4
2.4211512269055658E-4
2.425186557190146E-4
2.4290837456386702E-4
2.4328871795982037E-4
2.4366302263701642E-4
2.4403372093472194E-4
2.4440253287641764E-4
2.4477063881262547E-4
2.451388251889169E-4
2.455076011908981E-4
2.4587728768618475E-4
2.4624808206904824E-4
2.466201035636031E-4
2.4699342359641796E-4
2.473680853535245E-4
2.477441158802858E-4
2.4812153327546786E-4
2.4850035080125883E-4
2.4888057913896193E-4
2.4926222757792654E-4
2.4964530461729574E-4
2.500298182585953E-4
2.504157761427131E-4
2.5080318561205287E-4
2.511920537383496E-4
2.515823873354593E-4
2.519741929658869E-4
2.5236747694482313E-4
2.527622453432394E-4
2.531585039906313E-4
2.5355625847763713E-4
2.5395551415859834E-4
2.543562761540923E-4
2.547585493534429E-4
2.551623384172114E-4
2.555676477796694E-4
2.559744816512487E-4
2.5638284402097815E-4
2.567927386588966E-4
2.5720416911845245E-4
2.5761713873887995E-4
2.5803165064756153E-4
2.5844770776236914E-4
2.588653127939876E-4
2.592844682482236E-4
2.5970517642829124E-4
2.60127439437085E-4
2.6055125917943267E-4
2.609766373643312E-4
2.614035755071655E-4
2.6183207493190924E-4
2.622621367733102E-4
2.6269376197905704E-4
2.631269513119303E-4
2.6356170535193484E-4
2.6399802449841853E-4
2.6443590897217133E-4
2.648753588175104E-4
2.6531637390434616E-4
2.6575895393023726E-4
2.662030984224204E-4
2.6664880673983566E-4
2.67096078075125E-4
2.6754491145662283E-4
2.6799530575032565E-4
2.6844725966185034E-4
2.689007717383737E-4
2.693558403705579E-4
2.698124637944601E-4
2.7027064009342794E-4
2.70730367199979E-4
2.7119164289766495E-4
2.7165446482292134E-4
2.7211883046690316E-4
2.7258473717730464E-4
2.7305218216016486E-4
2.7352116248165735E-4
2.7399167506987E-4
2.744637167165636E-4
2.7493728407892244E-4
2.754123736812868E-4
2.758889819168733E-4
2.763671050494801E-4
2.768467392151797E-4
2.7732788042399674E-4
2.7781052456157324E-4
2.7829466739081633E-4
2.7878030455353973E-4
2.792674315720852E-4
2.797560438509345E-4
2.80246136678305E-4
2.807377052277358E-4
2.812307445596576E-4
2.817252496229509E-4
2.8222121525649214E-4
2.827186361906847E-4
2.8321750704898027E-4
2.837178223493847E-4
2.8421957650595273E-4
2.847227638302708E-4
2.852273785329247E-4
2.857334147249604E-4
2.862408664193248E-4
2.8674972753230305E-4
2.872599918849357E-4
2.877716532044304E-4
2.8828470512555775E-4
2.887991411920355E-4
2.8931495485790443E-4
2.8983213948888877E-4
2.9035068836374614E-4
2.908705946756063E-4
2.913918515332999E-4
2.9191445196267177E-4
2.9243838890788973E-4
2.9296365523273323E-4
2.9349024372187925E-4
2.9401814708217175E-4
2.9454735794388356E-4
2.950778688619645E-4
2.9560967231728025E-4
2.9614276071784115E-4
2.9667712640001797E-4
2.972127616297503E-4
2.977496586037412E-4
2.982878094506427E-4
2.9882720623223305E-4
2.9936784094457985E-4
2.9990970551919396E-4
3.0045279182417637E-4
3.0099709166535137E-4
3.0154259678739096E-4
3.020892988749291E-4
3.0263718955366706E-4
3.0318626039146636E-4
3.037365028994363E-4
3.042879085330069E-4
3.0484046869299594E-4
3.053941747266638E-4
3.0594901792876174E-4
3.065049895425678E-4
3.0706208076091427E-4
3.076202827272095E-4
3.081795865364448E-4
3.0873998323619785E-4
3.0930146382762664E-4
3.098640192664588E-4
3.10427640463975E-4
3.109923182879978E-4
3.115580435638892E-4
3.1212480707557694E-4
3.12692599566637E-4
3.1326141174148965E-4
3.1383123426679394E-4
3.144020577732115E-4
3.149738728578082E-4
3.155466700875716E-4
3.1612044000483685E-4
3.166951731359458E-4
3.172708600053197E-4
3.178474911584899E-4
3.1842505719978847E-4
3.1900354885374684E-4
3.1958295706438825E-4
3.201632731543522E-4
3.207444890773254E-4
3.213265978141388E-4
3.2190959398717265E-4
3.224934748020123E-4
3.230782414728158E-4
3.236639013522943E-4
3.2425047107258095E-4
3.248379811134932E-4
3.2542648235289604E-4
3.260160553211893E-4
3.2660682307623863E-4
3.271989688286591E-4
3.2779275966495516E-4
3.283885779118786E-4
3.289869618211479E-4
3.2958865727657357E-4
3.3019468206843034E-4
3.3080640386320005E-4
3.314256322351119E-4
3.3205472393793274E-4
3.326966989198289E-4
3.333553623994374E-4
3.3403542567016654E-4
3.347426153130717E-4
3.354837574164385E-4
3.362668205824071E-4
3.371008994222471E-4
3.379961194630657E-4
3.389634455010982E-4
3.400143789775508E-4
3.411605362977826E-4
3.424131092573952E-4
3.4378222057960265E-4
3.452762012321516E-4
3.469087514229689E-4
3.486822565429475E-4
3.505951444494056E-4
3.52641371522753E-4
3.548101242265497E-4
3.570857924906688E-4
3.5944825299904164E-4
3.6187347515656234E-4
3.643344323859117E-4
3.66802269761067E-4
3.692476497794401E-4
3.716421753717697E-4
3.7395977656220407E-4
3.7617794685565443E-4
3.782787281204374E-4
3.802493672431812E-4
3.8208260116894015E-4
3.837765647560946E-4
3.8533435315736585E-4
3.8676330232004637E-4
3.8807407376055775E-4
3.8927964064906946E-4
3.9039427094954553E-4
3.914325912429326E-4
3.924087947268585E-4
3.9333603240968707E-4
3.942260015407436E-4
3.950887231968118E-4
3.959324840675635E-4
3.9676390703885224E-4
3.975881111711423E-4
3.984089231668212E-4
3.992291078746533E-4
4.0005059304433206E-4
4.0087467180082115E-4
4.017021738999899E-4
4.0253360296440714E-4
4.033692412509855E-4
4.042092261117343E-4
4.050536034595649E-4
4.059023636404797E-4
4.067554645463096E-4
4.0761284592136335E-4
4.0847443787086276E-4
4.093401657215298E-4
4.1020995268739184E-4
4.110837212721973E-4
4.119613939760648E-4
4.128428936356298E-4
4.1372814357966436E-4
4.1461706769594547E-4
4.155095904574053E-4
4.1640563693048227E-4
4.1730513277607646E-4
4.182080042475887E-4
4.1911417818788366E-4
4.200235820258774E-4
4.209361437730139E-4
4.2185179201972465E-4
4.2277045593188783E-4
4.2369206524730965E-4
4.2461655027221674E-4
4.2554384187777454E-4
4.2647387149661665E-4
4.274065711193995E-4
4.2834187329137015E-4
4.2927971110895516E-4
4.3022001821636563E-4
4.311627288022244E-4
4.3210777759620757E-4
4.3305509986570295E-4
4.3400463141249145E-4
4.349563085694403E-4
4.3591006819722013E-4
4.368658476810321E-4
4.378235849273625E-4
4.387832183607432E-4
4.39744686920539E-4
4.407079300577477E-4
4.4167288773181763E-4
4.4263950040748453E-4
4.4360770905162167E-4
4.4457745513011007E-4
4.4554868060472507E-4
4.4652132793003747E-4
4.4749534005033415E-4
4.484706603965545E-4
4.494472328832426E-4
4.5042500190551433E-4
4.5140391233604543E-4
4.523839095220728E-4
4.5336493928240933E-4
4.543469479044822E-4
4.553298821413788E-4
4.563136892089163E-4
4.572983167827208E-4
4.5828371299532465E-4
4.5926982643328264E-4
4.6025660613429784E-4
4.612440015843684E-4
4.622319627149466E-4
4.6322043990011316E-4
4.642093839537713E-4
4.6519874612684846E-4
4.6618847810452106E-4
4.671785320034497E-4
4.681688603690291E-4
4.6915941617265805E-4
4.7015015280901584E-4
4.711410240933625E-4
4.721319842588476E-4
4.7312298795383585E-4
4.7411399023924815E-4
4.751049465859152E-4
4.760958128719463E-4
4.770865453801147E-4
4.7807710079525315E-4
4.7906743620166714E-4
4.8005750908056106E-4
4.810472773074784E-4
4.8203669914975505E-4
4.830257332639902E-4
4.8401433869352554E-4
4.850024748659428E-4
4.8599010159057395E-4
4.86977179056024E-4
4.879636678277068E-4
4.889495288453992E-4
4.899347234208013E-4
4.909192132351155E-4
4.919029603366395E-4
4.928859271383678E-4
4.938680764156084E-4
4.948493713036167E-4
4.958297752952367E-4
4.968092522385577E-4
4.977877663345856E-4
4.987652821349239E-4
4.997417645394695E-4
5.007171787941206E-4
5.016914904884973E-4
5.026646655536763E-4
5.036366702599365E-4
5.046074712145164E-4
5.055770353593869E-4
5.065453299690319E-4
5.075123226482472E-4
5.084779813299478E-4
5.094422742729861E-4
5.104051700599847E-4
5.11366637595184E-4
5.123266461022955E-4
5.132851651223696E-4
5.142421645116801E-4
5.1519761443961E-4
5.161514853865612E-4
5.171037481418673E-4
5.180543738017224E-4
5.190033337671172E-4
5.199505997417927E-4
5.208961437302008E-4
5.218399380354777E-4
5.227819552574268E-4
5.237221682905192E-4
5.246605503218978E-4
5.255970748293949E-4
5.265317155795665E-4
5.274644466257266E-4
5.283952423060054E-4
5.293240772414096E-4
5.30250926333895E-4
5.311757647644596E-4
5.320985679912317E-4
5.330193117475911E-4
5.339379720402927E-4
5.348545251476153E-4
5.35768947617541E-4
5.366812162659748E-4
5.375913081750424E-4
5.384992006915047E-4
5.39404871425379E-4
5.403082982489345E-4
5.412094592962979E-4
5.42108332964146E-4
5.430048979142298E-4
5.438991330790113E-4
5.447910176725158E-4
5.456805312098234E-4
5.465676535407488E-4
5.474523649065109E-4
5.483346460332711E-4
5.492144782840362E-4
5.500918439018602E-4
5.509667263940131E-4
5.518391111309602E-4
5.527089862682675E-4
5.535763441471221E-4
5.544411833939329E-4
5.553035120255673E-4
5.56163351978292E-4
5.570207456188648E-4
5.578757649668198E-4
5.587285245560703E-4
5.595791990840673E-4
5.604280472228136E-4
5.612754431723065E-4
5.621219176846355E-4
5.629682103224029E-4
5.638153345694083E-4
5.646646570029169E-4
5.655179909764291E-4
5.663777040644127E-4
5.672468368199561E-4
5.681292281669599E-4
5.69029640029485E-4
5.699538707217939E-4
5.709088434256132E-4
5.71902653133068E-4
5.729445532217087E-4
5.74044861931497E-4
5.752147700474644E-4
5.764660346200476E-4
5.778105499797694E-4
5.792597967387885E-4
5.808241816289705E-4
5.850915303929011E-4
5.89464530009315E-4
5.939459283454504E-4
5.985344122028843E-4
6.032240715315727E-4
6.080040844481761E-4
6.128586818365026E-4
6.17767431644563E-4
6.227058569366411E-4
6.276463706154137E-4
6.325594769002902E-4
6.374151592388617E-4
6.421843505685758E-4
6.468403684112446E-4
6.513601966368905E-4
6.557255086194695E-4
6.599233517107171E-4
6.639464474042503E-4
6.677931007530681E-4
6.714667513312054E-4
6.749752312279713E-4
6.783298191351674E-4
6.815441910518737E-4
6.846333669508477E-4
6.876127402986309E-4
6.904972565036664E-4
6.933007809967915E-4
6.960356717196464E-4
6.987125478029967E-4
7.013402286529954E-4
7.039258067755198E-4
7.064748134743979E-4
7.089914380832334E-4
7.114787670348558E-4
7.139390170211614E-4
7.16373745066504E-4
7.187840262217837E-4
7.211705959618295E-4
7.235339588912439E-4
7.258744680755698E-4
7.281923805107052E-4
7.304878943368104E-4
7.327611728141892E-4
7.350123591640753E-4
7.372415853955912E-4
7.394489773499355E-4
7.41634657469089E-4
7.437987462549957E-4
7.459413630077173E-4
7.480626261839001E-4
7.501626535640957E-4
7.522415623281732E-4
7.542994690885585E-4
7.563364899050223E-4
7.583527402918E-4
7.603483352216598E-4
7.623233891288287E-4
7.642780159115076E-4
7.66212328934236E-4
7.681264410302125E-4
7.700204645035894E-4
7.718945111317534E-4
7.737486921675984E-4
7.755831183417893E-4
7.773978998650129E-4
7.791931464302259E-4
7.809689672148852E-4
7.82725470883179E-4
7.844627655882349E-4
7.861809589743387E-4
7.878801581791278E-4
7.895604698357776E-4
7.912220000751907E-4
7.928648545281569E-4
7.944891383275307E-4
7.960949561103729E-4
7.976824120201055E-4
7.992516097086401E-4
8.008026523385122E-4
8.02335642584997E-4
8.038506826382225E-4
8.053478742052699E-4
8.068273185122649E-4
8.082891163064691E-4
8.097333678583458E-4
8.111601729636386E-4
8.125696309454243E-4
8.139618406561659E-4
8.153369004797545E-4
8.166949083335423E-4
8.180359616703718E-4
8.193601574805889E-4
8.206675922940546E-4
8.219583621821475E-4
8.232325627597527E-4
8.244902891872504E-4
8.257316361724894E-4
8.269566979727554E-4
8.281655683967356E-4
8.293583408064628E-4
8.305351081192712E-4
8.316959628097192E-4
8.328409969115309E-4
8.339703020195054E-4
8.350839692914372E-4
8.361820894500151E-4
8.372647527847237E-4
8.38332049153732E-4
8.393840679857704E-4
8.404208982820062E-4
8.414426286179134E-4
8.424493471451255E-4
8.43441141593289E-4
8.444180992719056E-4
8.453803070721671E-4
8.463278514687847E-4
8.472608185218061E-4
8.481792938784315E-4
8.490833627748187E-4
8.499731100378772E-4
8.508486200870634E-4
8.517099769361626E-4
8.525572641950619E-4
8.533905650715197E-4
8.542099623729311E-4
8.550155385080752E-4
8.558073754888657E-4
8.565855549320902E-4
8.573501580611402E-4
8.581012657077401E-4
8.588389583136606E-4
8.595633159324326E-4
8.602744182310501E-4
8.609723444916671E-4
8.616571736132872E-4
8.623289841134471E-4
8.629878541298918E-4
8.636338614222425E-4
8.642670833736613E-4
8.648875969925045E-4
8.654954789139709E-4
8.660908054017412E-4
8.666736523496193E-4
8.672440952831531E-4
8.678022093612614E-4
8.683480693778421E-4
8.68881749763385E-4
8.694033245865721E-4
8.699128675558709E-4
8.704104520211221E-4
8.708961509751219E-4
8.713700370551978E-4
8.718321825447743E-4
8.722826593749366E-4
8.72721539125984E-4
8.73148893028981E-4
8.735647919672976E-4
8.739693064781477E-4
8.743625067541158E-4
8.747444626446823E-4
8.751152436577399E-4
8.754749189611035E-4
8.758235573840164E-4
8.761612274186467E-4
8.764879972215784E-4
8.768039346153015E-4
8.771091070896856E-4
8.774035818034573E-4
8.776874255856664E-4
8.779607049371479E-4
8.782234860319752E-4
8.784758347189124E-4
8.78717816522857E-4
8.789494966462784E-4
8.791709399706563E-4
8.793822110579121E-4
8.795833741518439E-4
8.797744931795765E-4
8.799556317530193E-4
8.801268531703822E-4
8.802882204177641E-4
8.804397961709006E-4
8.805816427971912E-4
8.807138223582046E-4
8.808363966130586E-4
8.809494270232616E-4
8.810529747600642E-4
8.811471007160475E-4
8.812318655237277E-4
8.813073295857272E-4
8.81373553123728E-4
8.814305962575897E-4
8.814785191323164E-4
8.815173821199711E-4
8.815472461374948E-4
8.815681731413767E-4
8.815802268885323E-4
8.815834740921939E-4
8.815779861554597E-4
8.81563841736663E-4
8.815411304935874E-4
8.815099584704649E-4
8.814704557339418E-4
8.814227870303414E-4
8.813671664204244E-4
8.813038770368221E-4
8.812332972819352E-4
8.811559349078667E-4
8.810724704499562E-4
8.809838113639135E-4
8.808911578749136E-4
8.807960809106253E-4
8.807006114875339E-4
8.806073394956509E-4
8.805195179592213E-4
8.804411665734385E-4
8.803771657384945E-4
8.803333296363942E-4
8.803164444313332E-4
8.803342558307723E-4
8.803953895084536E-4
8.805091887787635E-4
8.806854568968036E-4
8.809340967756502E-4
8.812646488545664E-4
0.0017215331991168121
0.001716829460645998
0.0017122489570118213
0.0017077929474803295
0.0017034593042693806
0.0016992421060736918
0.0016951314200836084
0.0016911133184408028
0.001687170158862493
0.0016832811371343245
0.0016794230933422423
0.0016755715269677165
0.0016717017517074448
0.0016677901025248137
0.0016638150978926384
0.0016597584612839077
0.0016556059181014721
0.0016513477061929798
0.0016469787671686141
0.001642498618124511
0.0016379109347790931
0.0016332229033692732
0.0016284444167206041
0.0016235871978672641
0.0016186639322298669
0.0016136874779782732
0.0016086702063306505
0.001603623502357282
0.0015985574356283195
0.001593480591557465
0.001588400040477308
0.0015833214132306352
0.001578249049273374
0.0015731861850736808
0.001568135155600163
0.0015630975884219531
0.001558074577033889
0.0015530668264370424
0.0015480747691178239
0.0015430986531356984
0.0015381386061154338
0.0015331946798055173
0.0015282668798565792
0.0015233551849369
0.0015184595585234035
0.0015135799558908206
0.001508716328092095
0.0015038686241354686
0.0014990367921273204
0.0014942207798474324
0.0014894205350263119
0.0014846360054729946
0.001479867139131155
0.0014751138841024357
0.0014703761886554773
0.0014656540012290172
0.0014609472704326493
0.0014562559450467195
0.001451579974021902
0.0014469193064786858
0.0014422738917068219
0.0014376436791647678
0.0014330286184791267
0.0014284286594440938
0.001423843752020905
0.0014192738463372728
0.0014147188926868465
0.0014101788415286506
0.0014056536434865511
0.001401143249348696
0.0013966476100669776
0.001392166676756494
0.0013877004006949975
0.001383248733322363
0.0013788116262400524
0.0013743890312105727
0.001369980900156947
0.0013655871851621832
0.0013612078384687364
0.001356842812477994
0.0013524920597497337
0.00134815553300161
0.001343833185108623
0.0013395249691026056
0.0013352308381716954
0.0013309507456598195
0.0013266846450661774
0.0013224324900447276
0.0013181942344036757
0.00131396983210496
0.0013097592372637425
0.0013055624041479017
0.0013013792871775258
0.0012972098409244088
0.0012930540201115453
0.0012889117796126316
0.0012847830744515648
0.0012806678598019426
0.0012765660909865738
0.001272477723476972
0.0012684027128928722
0.0012643410150017373
0.0012602925857182644
0.0012562573811038952
0.0012522353573663407
0.0012482264708590816
0.0012442306780808938
0.0012402479356753609
0.0012362782004303981
0.0012323214292777737
0.0012283775792926238
0.0012244466076929857
0.0012205284718393235
0.0012166231292340464
0.0012127305375210483
0.001208850654485232
0.0012049834380520432
0.0012011288462870026
0.0011972868373952433
0.0011934573697210459
0.0011896404017473765
0.001185835892095426
0.0011820437995241552
0.001178264082929831
0.0011744967013455775
0.0011707416139409132
0.0011669987800213058
0.0011632681590277197
0.0011595497105361613
0.0011558433942572368
0.0011521491700357015
0.0011484669978500126
0.0011447968378118915
0.0011411386501658746
0.0011374923952888777
0.0011338580336897521
0.0011302355260088492
0.0011266248330175825
0.001123025915617993
0.0011194387348423145
0.001115863251852541
0.001112299427939998
0.0011087472245249108
0.0011052066031559734
0.0011016775255099282
0.0010981599533911384
0.001094653848731161
0.001091159173588325
0.001087675890147316
0.0010842039607187476
0.0010807433477387485
0.001077294013768544
0.0010738559214940422
0.0010704290337254139
0.001067013313396689
0.0010636087235653359
0.0010602152274118563
0.0010568327882393743
0.001053461369473231
0.0010501009346605744
0.00104675144746996
0.0010434128716909426
0.0010400851712336764
0.0010367683101285114
0.0010334622525255983
0.0010301669626944876
0.00102688240502373
0.0010236085440204906
0.0010203453443101388
0.0010170927706358703
0.0010138507878583087
0.0010106193609551153
0.0010073984550205992
0.0010041880352653332
0.0010009880670157681
9.977985157138458E-4
9.946193469166267E-4
9.914505262959064E-4
9.882920196378634E-4
9.851437928426992E-4
9.820058119243168E-4
9.788780430100568E-4
9.757604523405026E-4
9.726530062694472E-4
9.695556712641213E-4
9.664684139058861E-4
9.633912008917108E-4
9.603239990369843E-4
9.572667752805891E-4
9.542194966937057E-4
9.511821304947629E-4
9.481546440743764E-4
9.451370050363045E-4
9.421291812637991E-4
9.391311410257176E-4
9.361428531440901E-4
9.331642872553847E-4
9.301954142127038E-4
9.272362066969519E-4
9.242866401333165E-4
9.213466940469639E-4
9.18416354040518E-4
9.154956146369923E-4
9.125844833059791E-4
9.096829860770918E-4
9.067911752395811E-4
9.039091397237235E-4
9.010370188466328E-4
8.981750201651706E-4
8.95323442187966E-4
8.924827026269001E-4
8.896533726799097E-4
8.86836217493268E-4
8.840322424160164E-4
8.812427439046757E-4
8.78469362953705E-4
8.757141377365489E-4
8.729795508040238E-4
8.702685648110259E-4
8.675846394935298E-4
8.649317217112496E-4
8.62314200061289E-4
8.597368161208573E-4
8.572045260326898E-4
8.547223090692529E-4
0.27432206898031875
