4.976427424102982E-6
1.0156509813501054E-5
1.555549067642024E-5
2.119330445739795E-5
2.7093076367353996E-5
3.327943706569527E-5
3.977611152112361E-5
4.6602553525763255E-5
5.377018405639887E-5
6.12795443970599E-5
6.912002972275979E-5
7.727349454417132E-5
8.572169477650235E-5
9.445558599103269E-5
1.0348300834529913E-4
1.0785509393085039E-4
1.1238895734116908E-4
1.1712393697270264E-4
1.2209846806169802E-4
1.273475724116776E-4
1.3290229585756987E-4
1.3878900529107742E-4
1.4502688527915503E-4
1.516236966104135E-4
1.5857140923532055E-4
1.658440207559468E-4
1.733998545593708E-4
1.8118977449740154E-4
1.8917065928175054E-4
1.9732053527148668E-4
2.0564958463131474E-4
2.1420184413390114E-4
2.2304653141115008E-4
2.3226353525434545E-4
2.4193058544530452E-4
2.521172304753295E-4
2.628847750181829E-4
2.742869269281781E-4
2.8636649887565967E-4
2.991475479531249E-4
3.1262599130827263E-4
3.267633906445801E-4
3.4148884420961214E-4
3.5671259478354557E-4
3.7235095450268807E-4
3.883560817812093E-4
4.047390054065097E-4
4.215748692348501E-4
4.3898741467551534E-4
4.5712123806817406E-4
4.761168702375901E-4
4.960993515384665E-4
5.171791127420218E-4
5.394550066764892E-4
5.630101815734015E-4
5.87899081826632E-4
6.141306944718642E-4
6.416562065914255E-4
6.703698552709805E-4
7.001297547295242E-4
7.308008911087027E-4
7.623066611253325E-4
7.946692131049239E-4
8.280194015471414E-4
8.625708542585744E-4
8.985726128947912E-4
9.362662483899766E-4
9.758660221418451E-4
0.0010175604071493696
0.0010615179355656465
0.0011078816224514608
0.0011567487867876905
0.0012081442408534411
0.0012619996392691428
0.0013181527737042577
0.0013764267119222707
0.001436678013500803
0.0014988616899601454
0.0015630820498771373
0.0016295994335664141
0.0016987840859015908
0.0017710392321594142
0.0018467328844735276
0.0019261664689762081
0.0020095773879775024
0.0020971494902729173
0.0021890075974300297
0.002285191152614098
0.0023856184383666897
0.0024900595458652616
0.0025992485556026535
0.00271357089443313
0.002833183245553163
0.0029581499424766967
0.0030885531885628194
0.003224536312094154
0.003366269478179953
0.0035138700254454362
0.0036673328490452453
0.0038265093139559308
0.003991130181232886
0.004160836937048637
0.004335189749489764
0.004513646202720637
0.004695526524132041
0.004905146510439608
0.005137063726463949
0.005386237705225895
0.0056481015043875135
0.00591865726921834
0.0061945411455078874
0.006473007720872874
0.006751823898352917
0.007029115022855016
0.007303232223413119
0.0075726860781815085
0.007836138192973054
0.008092406145839203
0.008340444191047068
0.008579294072547212
0.009377623172355392
0.010089342523336129
0.010720149602795164
0.011275292748529233
0.011759717084756288
0.012178220771164669
0.012535562861399072
0.012836476186667816
0.0130855850194392
0.013287280657214955
0.01344562766969128
0.013564341739983787
0.013646824008178803
0.01369620458255018
0.013715359757468945
0.026603322372677998
0.02542942218704871
0.024307698706497856
0.023235485289135945
0.02221022063612288
0.021229532819464797
0.02029131253977444
0.019393738619283965
0.018535236319099258
0.017714383456737117
0.01692980859494275
0.016180126706532443
0.015463928454687807
0.014779803599659046
0.014126365468581417
0.30549245536526576
