2.4565642896519042E-8
4.9732768018911246E-8
7.550226096257915E-8
1.0186173253250847E-7
1.2878585067201967E-7
1.562373315821051E-7
1.8416853544010598E-7
2.1252356605267303E-7
2.4124073586012694E-7
2.7025523179423304E-7
2.995018061546378E-7
3.2891732088392724E-7
3.584429926360919E-7
3.8802621747953807E-7
4.1762189429028E-7
4.4719321040367586E-7
4.7671189720829036E-7
5.061580027469618E-7
5.355192595669214E-7
5.647901467831264E-7
5.939707547240112E-7
6.230655591057564E-7
6.520822010588108E-7
6.810303519365677E-7
7.099207204915164E-7
7.387642375191687E-7
7.675714319010375E-7
7.963519939867016E-7
8.251145085872887E-7
8.53866330936459E-7
8.826135746138026E-7
9.113611799585826E-7
9.401130339902883E-7
9.688721172626058E-7
9.976406584316108E-7
1.0264202828018367E-6
1.0552121461292455E-6
1.0840170491418291E-6
1.1128355314282361E-6
1.141667945546985E-6
1.1705145135387344E-6
1.199375368656336E-6
1.228250585254034E-6
1.2571401995775831E-6
1.2860442238196448E-6
1.3149626553610705E-6
1.3438954826824185E-6
1.3728426890439167E-6
1.4018042547150627E-6
1.4307801582894027E-6
1.4597703774390631E-6
1.488774889336132E-6
1.5177936708815862E-6
1.5468266988262625E-6
1.5758739498330229E-6
1.6049354005077875E-6
1.6340110274146174E-6
1.6631008070828132E-6
1.6922047160101873E-6
1.721322730664526E-6
1.7504548274842237E-6
1.7796009828785767E-6
1.808761173227907E-6
1.837935374883639E-6
1.8671235641683419E-6
1.8963257173757529E-6
1.9255418107708198E-6
1.954771820589729E-6
1.9840157230399308E-6
2.01327349430017E-6
2.0425451105205177E-6
2.071830547822397E-6
2.1011297822986095E-6
2.1304427900133797E-6
2.1597695470023656E-6
2.189110029272705E-6
2.2184642128030285E-6
2.2478320735435102E-6
2.2772135874158765E-6
2.3066087303134545E-6
2.3360174781011906E-6
2.365439806615686E-6
2.3948756916652298E-6
2.42432510902982E-6
2.4537880344612032E-6
2.4832644436829088E-6
2.51275431239027E-6
2.5422576162504585E-6
2.571774330902519E-6
2.6013044319574006E-6
2.630847894997982E-6
2.660404695579114E-6
2.689974809227642E-6
2.7195582114424433E-6
2.749154877694451E-6
2.778764783426698E-6
2.8083879040543484E-6
2.8380242149647148E-6
2.8676736915173123E-6
2.8973363090438688E-6
2.927012042848379E-6
2.956700868207122E-6
2.9864027603687073E-6
3.016117694554091E-6
3.0458456459566267E-6
3.0755865897420904E-6
3.1053405010487137E-6
3.135107354987225E-6
3.1648871266408597E-6
3.194679791065429E-6
3.2244853232893338E-6
3.254303698313598E-6
3.284134891111907E-6
3.3139788766306423E-6
3.3438356297889193E-6
3.373705125478615E-6
3.4035873385644042E-6
3.4334822438838E-6
3.463389816247187E-6
3.4933100304378473E-6
3.523242861212018E-6
3.553188283298894E-6
3.5831462714006977E-6
3.613116800192687E-6
3.6430998443232123E-6
3.6730953784137383E-6
3.7031033770588883E-6
3.733123814826478E-6
3.763156666257547E-6
3.7932019058664033E-6
3.823259508140659E-6
3.85332944754126E-6
3.883411698502525E-6
3.913506235432194E-6
3.94361303271145E-6
3.973732064694962E-6
4.003863305710928E-6
4.0340067300611095E-6
4.064162312020865E-6
4.094330025839191E-6
4.124509845738753E-6
4.15470174591595E-6
4.1849057005409215E-6
4.215121683757579E-6
4.245349669683698E-6
4.275589632410896E-6
4.305841546004719E-6
4.336105384504642E-6
4.3663811219241365E-6
4.3966687322506864E-6
4.426968189445843E-6
4.457279467445277E-6
4.487602540158781E-6
4.51793738147034E-6
4.548283965238168E-6
4.578642265294729E-6
4.609012255446797E-6
4.639393909475496E-6
4.669787201136328E-6
4.700192104159211E-6
4.730608592248551E-6
4.761036639083245E-6
4.79147621831674E-6
4.82192730357708E-6
4.85238986846693E-6
4.882863886563641E-6
4.913349331419264E-6
4.9438461765606085E-6
4.974354395489281E-6
5.004873961681751E-6
5.0354048485893315E-6
5.0659470296383E-6
5.096500478229866E-6
5.127065167740276E-6
5.15764107152082E-6
5.188228162897888E-6
5.218826415173001E-6
5.249435801622864E-6
5.280056295499426E-6
5.310687870029891E-6
5.341330498416768E-6
5.3719841538379485E-6
5.4026488094467E-6
5.433324438371767E-6
5.464011013717352E-6
5.49470850856321E-6
5.52541689596468E-6
5.556136148952724E-6
5.586866240533956E-6
5.61760714369073E-6
5.648358831381146E-6
5.679121276539122E-6
5.70989445207441E-6
5.7406783308726835E-6
5.771472885795539E-6
5.802278089680563E-6
5.833093915341396E-6
5.863920335567746E-6
5.8947573231254585E-6
5.9256048507565386E-6
5.956462891179252E-6
5.987331417088086E-6
6.018210401153872E-6
6.049099816023809E-6
6.079999634321492E-6
6.110909828647003E-6
6.141830371576891E-6
6.172761235664308E-6
6.203702393438976E-6
6.234653817407282E-6
6.2656154800523085E-6
6.2965873538339E-6
6.327569411188688E-6
6.358561624530166E-6
6.389563966248696E-6
6.420576408711622E-6
6.45159892426326E-6
6.482631485224978E-6
6.513674063895248E-6
6.5447266325496645E-6
6.5757891634410504E-6
6.606861628799453E-6
6.637944000832219E-6
6.669036251724043E-6
6.700138353637032E-6
6.731250278710729E-6
6.762371999062174E-6
6.79350348678596E-6
6.824644713954299E-6
6.855795652617052E-6
6.8869562748017725E-6
6.918126552513807E-6
6.949306457736268E-6
6.980495962430166E-6
7.011695038534423E-6
7.042903657965926E-6
7.074121792619567E-6
7.105349414368365E-6
7.1365864950634015E-6
7.1678330065339966E-6
7.199088920587678E-6
7.230354209010268E-6
7.2616288435659355E-6
7.292912795997253E-6
7.3242060380252325E-6
7.355508541349408E-6
7.3868202776478615E-6
7.418141218577287E-6
7.4494713357730805E-6
7.48081060084934E-6
7.512158985398956E-6
7.5435164609936415E-6
7.574882999184029E-6
7.6062585714996724E-6
7.637643149449159E-6
7.669036704520132E-6
7.700439208179331E-6
7.731850631872704E-6
7.763270947025404E-6
7.794700125041894E-6
7.826138137305975E-6
7.857584955180845E-6
7.889040550009182E-6
7.92050489311317E-6
7.951977955794578E-6
7.983459709334801E-6
8.014950124994945E-6
8.046449174015848E-6
8.077956827618172E-6
8.10947305700245E-6
8.140997833349156E-6
8.172531127818715E-6
8.20407291155164E-6
8.235623155668529E-6
8.267181831270168E-6
8.29874890943756E-6
8.330324361231974E-6
8.361908157695062E-6
8.393500269848873E-6
8.425100668695934E-6
8.456709325219277E-6
8.488326210382548E-6
8.519951295130059E-6
8.551584550386772E-6
8.583225947058529E-6
8.614875456031932E-6
8.646533048174492E-6
8.678198694334725E-6
8.709872365342138E-6
8.741554032007336E-6
8.773243665122068E-6
8.804941235459303E-6
8.836646713773286E-6
8.868360070799632E-6
8.900081277255313E-6
8.931810303838791E-6
8.963547121230071E-6
8.995291700090738E-6
9.027044011064036E-6
9.05880402477498E-6
9.090571711830325E-6
9.122347042818687E-6
9.154129988310637E-6
9.185920518858688E-6
9.217718604997466E-6
9.249524217243643E-6
9.281337326096143E-6
9.313157902036072E-6
9.344985915526928E-6
9.376821337014527E-6
9.40866413692718E-6
9.440514285675696E-6
9.472371753653484E-6
9.504236511236578E-6
9.53610852878375E-6
9.567987776636574E-6
9.599874225119458E-6
9.63176784453974E-6
9.663668605187752E-6
9.695576477336881E-6
9.727491431243669E-6
9.75941343714784E-6
9.791342465272386E-6
9.823278485823685E-6
9.855221468991502E-6
9.887171384949147E-6
9.919128203853547E-6
9.951091895845378E-6
9.983062431049262E-6
1.0015039779573988E-5
1.0047023911512944E-5
1.0079014796944738E-5
1.0111012405934316E-5
1.0143016708534663E-5
1.0175027674789899E-5
1.020704527474014E-5
1.0239069478430072E-5
1.027110025592277E-5
1.0303137577323006E-5
1.0335181412815178E-5
1.0367231732725642E-5
1.0399288507623661E-5
1.0431351708484047E-5
1.0463421306947184E-5
1.049549727573147E-5
1.0527579589282712E-5
1.0559668224788445E-5
1.0591763163749476E-5
1.0623864394395515E-5
1.0655971915367469E-5
1.0688085741283929E-5
1.0720205911084913E-5
1.0752332500430775E-5
1.0784465639965656E-5
1.0816605541979945E-5
1.0848752538980162E-5
1.0880907138967092E-5
1.0913070103910148E-5
1.0945242560073345E-5
1.0977426151583843E-5
1.1009623252020035E-5
1.1041837252896607E-5
1.1074072952767758E-5
1.1106337076227416E-5
1.1138638958238732E-5
1.1170991435734977E-5
1.1203411994900495E-5
1.1235924228366003E-5
1.1268559660903956E-5
1.1301360004003553E-5
1.133437989759235E-5
1.1367690189578571E-5
1.140138178907442E-5
1.1435570105347511E-5
1.1470400050094614E-5
1.1506051534281694E-5
1.1542745331977893E-5
1.1580749112784448E-5
1.1620383363470469E-5
1.1662026831836464E-5
1.1706121037159395E-5
1.1753173309410958E-5
1.180375775329719E-5
1.1858513494084597E-5
1.191813956198852E-5
1.1983385822152356E-5
1.2055039467824998E-5
1.2133906771854105E-5
1.2220790037710541E-5
1.231646000109445E-5
1.2421624294226673E-5
1.2536892976478084E-5
1.2662742528461394E-5
1.2799480067093917E-5
1.2947209827510547E-5
1.3105804134807044E-5
1.3274881119180926E-5
1.3453791285604682E-5
1.3641614720448459E-5
1.3837170206094268E-5
1.4014471200328645E-5
1.4195855222938625E-5
1.437953422509032E-5
1.4563627532573742E-5
1.4746222913752638E-5
1.492544055371376E-5
1.5099496414934267E-5
1.526676141776363E-5
1.542581310637874E-5
1.5575476963906575E-5
1.5714855263153463E-5
1.5843342222517865E-5
1.596062519940271E-5
1.606667260756381E-5
1.6161710104659983E-5
1.6246187288295543E-5
1.6320737609625796E-5
1.6386134434952566E-5
1.6443246156603444E-5
1.649299299919476E-5
1.6536307731374446E-5
1.6574101935494633E-5
1.6607238873416417E-5
1.6636513378738695E-5
1.666263865815114E-5
1.668623943744762E-5
1.670785056470002E-5
1.672791999132469E-5
1.6746814983805216E-5
1.676483045601266E-5
1.6782198428773917E-5
1.6799097791288366E-5
1.681566373098301E-5
1.6831996391147363E-5
1.6848168491562965E-5
1.6864231794948805E-5
1.688022241592955E-5
1.689616504890483E-5
1.691207623979052E-5
1.692796684947335E-5
1.6943843860262456E-5
1.695971166686873E-5
1.6975572975968937E-5
1.6991429417579854E-5
1.7007281950410398E-5
1.7023131124073757E-5
1.7038977244579013E-5
1.7054820476231857E-5
1.7070660902842694E-5
1.708649856358451E-5
1.710233347347738E-5
1.7118165634795838E-5
1.7133995043259604E-5
1.7149821691306642E-5
1.7165645569778044E-5
1.7181466668762556E-5
1.7197284978007922E-5
1.72131004871163E-5
1.7228913185633954E-5
1.724472306309167E-5
1.7260530109022113E-5
1.727633431296732E-5
1.7292135664481656E-5
1.7307934153133156E-5
1.7323729768504005E-5
1.7339522500190776E-5
1.7355312337804396E-5
1.7371099270970408E-5
1.738688328932896E-5
1.7402664382534895E-5
1.74184425402577E-5
1.74342177521817E-5
1.7449990008006037E-5
1.7465759297444712E-5
1.748152561022672E-5
1.7497288936096002E-5
1.7513049264811614E-5
1.7528806586147623E-5
1.754456088989339E-5
1.7560312165853406E-5
1.7576060403847477E-5
1.7591805593710733E-5
1.760754772529376E-5
1.76232867884625E-5
1.7639022773098445E-5
1.765475566909864E-5
1.7670485466375797E-5
1.7686212154858266E-5
1.7701935724490146E-5
1.77176561652313E-5
1.7733373467057526E-5
1.7749087619960426E-5
1.7764798613947635E-5
1.7780506439042828E-5
1.779621108528576E-5
1.7811912542732245E-5
1.7827610801454412E-5
1.784330585154058E-5
1.785899768309547E-5
1.7874686286240082E-5
1.7890371651111914E-5
1.7906053767864924E-5
1.7921732626669685E-5
1.793740821771334E-5
1.7953080531199702E-5
1.7968749557349404E-5
1.7984415286399764E-5
1.8000077708604997E-5
1.8015736814236292E-5
1.8031392593581756E-5
1.804704503694654E-5
1.806269413465292E-5
1.8078339877040312E-5
1.8093982254465398E-5
1.810962125730203E-5
1.8125256875941552E-5
1.814088910079264E-5
1.8156517922281404E-5
1.8172143330851543E-5
1.818776531696434E-5
1.8203383871098728E-5
1.8218998983751367E-5
1.823461064543664E-5
1.825021884668683E-5
1.826582357805214E-5
1.8281424830100708E-5
1.8297022593418697E-5
1.8312616858610355E-5
1.8328207616298138E-5
1.8343794857122708E-5
1.8359378571742996E-5
1.8374958750836315E-5
1.8390535385098365E-5
1.840610846524332E-5
1.8421677982003924E-5
1.8437243926131494E-5
1.845280628839606E-5
1.8468365059586388E-5
1.8483920230510007E-5
1.8499471791993372E-5
1.8515019734881818E-5
1.853056405003974E-5
1.8546104728350607E-5
1.8561641760716933E-5
1.857717513806047E-5
1.8592704851322248E-5
1.860823089146267E-5
1.862375324946152E-5
1.8639271916317983E-5
1.8654786883050863E-5
1.86702981406985E-5
1.8685805680318964E-5
1.870130949299002E-5
1.871680956980924E-5
1.8732305901894093E-5
1.874779848038198E-5
1.876328729643028E-5
1.877877234121649E-5
1.8794253605938292E-5
1.8809731081813478E-5
1.882520476008019E-5
1.884067463199693E-5
1.8856140688842612E-5
1.8871602921916697E-5
1.8887061322539088E-5
1.8902515882050416E-5
1.8917966591812052E-5
1.893341344320605E-5
1.894885642763537E-5
1.8964295536523846E-5
1.8979730761316316E-5
1.899516209347868E-5
1.9010589524498055E-5
1.9026013045882595E-5
1.9041432649161824E-5
1.9056848325886692E-5
1.9072260067629405E-5
1.9087667865983717E-5
1.9103071712565034E-5
1.9118471599010324E-5
1.9133867516978238E-5
1.914925945814928E-5
1.916464741422574E-5
1.918003137693193E-5
1.919541133801404E-5
1.921078728924046E-5
1.922615922240166E-5
1.924152712931038E-5
1.9256891001801657E-5
1.9272250831732847E-5
1.9287606610983748E-5
1.9302958331456836E-5
1.931830598507701E-5
1.9333649563791945E-5
1.9348989059572058E-5
1.9364324464410573E-5
1.9379655770323625E-5
1.9394982969350275E-5
1.9410306053552732E-5
1.942562501501632E-5
1.944093984584952E-5
1.9456250538184167E-5
1.9471557084175397E-5
1.9486859476001812E-5
1.9502157705865552E-5
1.951745176599232E-5
1.9532741648631565E-5
1.954802734605636E-5
1.956330885056374E-5
1.9578586154474612E-5
1.9593859250133813E-5
1.9609128129910315E-5
1.9624392786197194E-5
1.9639653211411833E-5
1.965490939799582E-5
1.9670161338415124E-5
1.9685409025160257E-5
1.9700652450746257E-5
1.9715891607712764E-5
1.9731126488624114E-5
1.9746357086069444E-5
1.976158339266279E-5
1.9776805401043047E-5
1.979202310387424E-5
1.9807236493845468E-5
1.9822445563670992E-5
1.9837650306090407E-5
1.9852850713868595E-5
1.9868046779795898E-5
1.9883238496688208E-5
1.9898425857387008E-5
1.9913608854759423E-5
1.992878748169842E-5
1.9943961731122764E-5
1.995913159597716E-5
1.997429706923232E-5
1.998945814388509E-5
2.000461481295846E-5
2.0019767069501775E-5
2.0034914906590604E-5
2.005005831732706E-5
2.0065197294839705E-5
2.0080331832283755E-5
2.009546192284107E-5
2.0110587559720366E-5
2.0125708736157146E-5
2.0140825445413895E-5
2.015593768078006E-5
2.0171045435572294E-5
2.018614870313446E-5
2.020124747683762E-5
2.0216341750080272E-5
2.0231431516288373E-5
2.0246516768915405E-5
2.0261597501442527E-5
2.0276673707378557E-5
2.0291745380260223E-5
2.0306812513652027E-5
2.032187510114649E-5
2.033693313636424E-5
2.035198661295412E-5
2.0367035524593077E-5
2.038207986498647E-5
2.0397119627868082E-5
2.041215480700019E-5
2.042718539617371E-5
2.0442211389208182E-5
2.0457232779952E-5
2.047224956228232E-5
2.048726173010538E-5
2.0502269277356348E-5
2.0517272197999597E-5
2.05322704860287E-5
2.054726413546655E-5
2.056225314036544E-5
2.057723749480713E-5
2.0592217192903042E-5
2.0607192228794187E-5
2.0622162596651377E-5
2.0637128290675306E-5
2.0652089305096526E-5
2.066704563417577E-5
2.0681997272203797E-5
2.069694421350156E-5
2.0711886452420388E-5
2.0726823983341998E-5
2.0741756800678617E-5
2.075668489887301E-5
2.0771608272398713E-5
2.0786526915759967E-5
2.0801440823491797E-5
2.0816349990160373E-5
2.0831254410362763E-5
2.0846154078727214E-5
2.086104898991324E-5
2.087593913861164E-5
2.0890824519544696E-5
2.0905705127466135E-5
2.0920580957161294E-5
2.0935452003447263E-5
2.0950318261172893E-5
2.0965179725218916E-5
2.0980036390498083E-5
2.0994888251955203E-5
2.100973530456724E-5
2.102457754334341E-5
2.1039414963325305E-5
2.1054247559587022E-5
2.106907532723515E-5
2.10838982614089E-5
2.1098716357280285E-5
2.1113529610054094E-5
2.11283380149681E-5
2.1143141567293035E-5
2.115794026233285E-5
2.117273409542461E-5
2.1187523061938704E-5
2.120230715727898E-5
2.1217086376882775E-5
2.1231860716221004E-5
2.124663017079825E-5
2.1261394736152936E-5
2.1276154407857398E-5
2.1290909181517918E-5
2.1305659052774845E-5
2.132040401730282E-5
2.1335144070810744E-5
2.134987920904202E-5
2.1364609427774708E-5
2.1379334722821834E-5
2.139405509003159E-5
2.1408770525288084E-5
2.142348102451215E-5
2.143818658366292E-5
2.145288719874042E-5
2.1467582865789813E-5
2.1482273580908648E-5
2.149695934025914E-5
2.1511640140088355E-5
2.1526315976762134E-5
2.1540986846820607E-5
2.1555652747069635E-5
2.157031367472908E-5
2.158496962767274E-5
2.159962060481257E-5
2.1614266606710494E-5
2.1628907636544062E-5
2.1643543701619198E-5
2.165817481572173E-5
2.1672801002742672E-5
2.1687422302222245E-5
2.170203877775818E-5
2.1716650529650384E-5
2.1731257713754826E-5
2.174586056935092E-5
2.1760459459967605E-5
2.1775054932654353E-5
2.178964780324022E-5
2.1804239277823632E-5
2.18188311242286E-5
2.183342591160135E-5
2.1848027341857373E-5
2.1862640703451494E-5
2.1877273486011795E-5
2.189193620374027E-5
2.1906643486000186E-5
2.1921415504838587E-5
2.193627982074064E-5
2.1951273738754127E-5
2.196644727594057E-5
2.1981866846142767E-5
2.1997619767084194E-5
2.2013819685169818E-5
2.2030612992035916E-5
2.2048186270727686E-5
2.206677475531163E-5
2.2086671713217822E-5
2.210823856312144E-5
2.2131915422797446E-5
2.215823164343781E-5
2.2187815734597064E-5
2.2221403925786552E-5
2.2259846458985703E-5
2.2304110576781274E-5
2.235527908234526E-5
2.2414543320837518E-5
2.2483189488146848E-5
2.2562577331189107E-5
2.2654110578487275E-5
2.275919883686961E-5
2.287921120552089E-5
2.3015422474862503E-5
2.3168953462838416E-5
2.3340707748651708E-5
2.353130773466763E-5
2.374103353307527E-5
2.3969768563974948E-5
2.4216955899215847E-5
2.448156923771005E-5
2.4762101920402505E-5
2.505657658228333E-5
2.5362576923811172E-5
2.567730172876475E-5
2.5997639756044133E-5
2.632026261084558E-5
2.6641731291881422E-5
2.695861095228489E-5
2.7267587623912567E-5
2.7565580329402176E-5
2.7849842192772204E-5
2.8118044856633464E-5
2.8368341669087096E-5
2.859940661516438E-5
2.8810447697927555E-5
2.9001195262846506E-5
2.9171867441826413E-5
2.932311632128672E-5
2.9455959494508624E-5
2.957170226832505E-5
2.9671855934388468E-5
2.9758057211725553E-5
2.983199328935446E-5
2.9895335946511594E-5
2.9949687121976556E-5
2.999653716361206E-5
3.0037235923154795E-5
3.0072975955367553E-5
3.010478639138552E-5
3.0133535608595498E-5
3.0159940609654585E-5
3.018458102363365E-5
3.0207915808998583E-5
3.023030101949946E-5
3.0252007337889435E-5
3.0273236442239333E-5
3.0294135608566492E-5
3.0314810246184936E-5
3.0335334294708777E-5
3.0355758580126276E-5
3.037611733562573E-5
3.039643314974959E-5
3.0416720621362663E-5
3.0436988989654113E-5
3.045724397871949E-5
3.047748905901899E-5
3.0497726288746378E-5
3.0517956861218494E-5
3.053818145226903E-5
3.05584004353026E-5
3.057861401114131E-5
3.05988222844782E-5
3.0619025307766834E-5
3.063922310577962E-5
3.0659415688997715E-5
3.067960306072235E-5
3.069978522075214E-5
3.071996216723372E-5
3.074013389756788E-5
3.076030040884081E-5
3.078046169802374E-5
3.08006177620624E-5
3.082076859791634E-5
3.0840914202575474E-5
3.086105457306684E-5
3.088118970645756E-5
3.090131959985586E-5
3.09214442504115E-5
3.094156365531625E-5
3.0961677811803765E-5
3.098178671714996E-5
3.100189036867281E-5
3.102198876373292E-5
3.1042081899733094E-5
3.106216977411895E-5
3.1082252384378714E-5
3.110232972804337E-5
3.112240180268707E-5
3.1142468605926694E-5
3.116253013542248E-5
3.1182586388877905E-5
3.1202637364039846E-5
3.122268305869865E-5
3.124272347068833E-5
3.126275859788665E-5
3.128278843821516E-5
3.130281298963956E-5
3.132283225016951E-5
3.13428462178589E-5
3.1362854890806145E-5
3.138285826715388E-5
3.140285634508942E-5
3.142284912284495E-5
3.1442836598697356E-5
3.146281877096846E-5
3.148279563802526E-5
3.1502767198279966E-5
3.1522733450190143E-5
3.1542694392258704E-5
3.1562650023034334E-5
3.158260034111142E-5
3.160254534513006E-5
3.1622485033776506E-5
3.164241940578307E-5
3.166234845992831E-5
3.168227219503717E-5
3.1702190609981137E-5
3.172210370367835E-5
3.1742011475093664E-5
3.176191392323892E-5
3.1781811047172984E-5
3.180170284600196E-5
3.182158931887919E-5
3.1841470465005545E-5
3.186134628362947E-5
3.188121677404721E-5
3.1901081935602744E-5
3.192094176768822E-5
3.194079626974385E-5
3.196064544125814E-5
3.1980489281768085E-5
3.200032779085927E-5
3.202016096816593E-5
3.2039988813371206E-5
3.2059811326207246E-5
3.20796285064554E-5
3.209944035394612E-5
3.2119246868559505E-5
3.2139048050225215E-5
3.215884389892252E-5
3.217863441468067E-5
3.2198419597578985E-5
3.221819944774681E-5
3.223797396536388E-5
3.2257743150660516E-5
3.2277507003917476E-5
3.229726552546643E-5
3.2317018715689855E-5
3.233676657502131E-5
3.235650910394569E-5
3.237624630299914E-5
3.239597817276941E-5
3.2415704713895895E-5
3.243542592706988E-5
3.245514181303451E-5
3.24748523725851E-5
3.249455760656943E-5
3.25142575158875E-5
3.25339521014921E-5
3.2553641364388646E-5
3.257332530563564E-5
3.259300392634441E-5
3.261267722767971E-5
3.263234521085964E-5
3.265200787715587E-5
3.267166522789364E-5
3.2691317264452234E-5
3.271096398826486E-5
3.2730605400818994E-5
3.275024150365631E-5
3.276987229837324E-5
3.278949778662054E-5
3.28091179701041E-5
3.2828732850584645E-5
3.284834242987812E-5
3.28679467098557E-5
3.288754569244411E-5
3.290713937962577E-5
3.292672777343869E-5
3.2946310875977175E-5
3.2965888689391337E-5
3.298546121588777E-5
3.3005028457729506E-5
3.302459041723611E-5
3.3044147096784105E-5
3.306369849880677E-5
3.308324462579472E-5
3.3102785480295725E-5
3.312232106491504E-5
3.314185138231553E-5
3.316137643521787E-5
3.3180896226400775E-5
3.32004107587009E-5
3.3219920035013284E-5
3.3239424058291484E-5
3.3258922831547614E-5
3.327841635785268E-5
3.329790464033646E-5
3.331738768218809E-5
3.3336865486655895E-5
3.3356338057047684E-5
3.33758053967309E-5
3.3395267509132794E-5
3.341472439774066E-5
3.343417606610188E-5
3.34536225178242E-5
3.347306375657589E-5
3.349249978608571E-5
3.351193061014355E-5
3.353135623260002E-5
3.3550776657367036E-5
3.357019188841788E-5
3.358960192978723E-5
3.3609006785571694E-5
3.362840645992943E-5
3.3647800957080884E-5
3.366719028130867E-5
3.3686574436957585E-5
3.3705953428435116E-5
3.3725327260211524E-5
3.374469593681984E-5
3.376405946285628E-5
3.378341784298017E-5
3.380277108191435E-5
3.3822119184445125E-5
3.384146215542254E-5
3.386079999976075E-5
3.388013272243785E-5
3.3899460328496264E-5
3.391878282304279E-5
3.3938100211248885E-5
3.395741249835079E-5
3.397671968964959E-5
3.3996021790511776E-5
3.4015318806368774E-5
3.403461074271775E-5
3.4053897605121335E-5
3.4073179399208214E-5
3.4092456130672775E-5
3.4111727805275735E-5
3.413099442884403E-5
3.415025600727122E-5
3.416951254651745E-5
3.418876405260977E-5
3.420801053164216E-5
3.422725198977587E-5
3.424648843323945E-5
3.426571986832897E-5
3.42849463014083E-5
3.430416773890896E-5
3.4323384187330756E-5
3.4342595653241525E-5
3.436180214327759E-5
3.438100366414373E-5
3.4400200222613584E-5
3.441939182552951E-5
3.443857847980305E-5
3.4457760192414896E-5
3.447693697041515E-5
3.449610882092354E-5
3.4515275751129454E-5
3.453443776829221E-5
3.4553594879741136E-5
3.4572747092875926E-5
3.4591894415166545E-5
3.461103685415368E-5
3.4630174417448575E-5
3.464930711273351E-5
3.4668434947761836E-5
3.4687557930358064E-5
3.470667606841819E-5
3.472578936990968E-5
3.474489784287185E-5
3.476400149541594E-5
3.478310033572511E-5
3.480219437205487E-5
3.4821283612733136E-5
3.4840368066160265E-5
3.485944774080944E-5
3.487852264522677E-5
3.4897592788031255E-5
3.491665817791525E-5
3.493571882364444E-5
3.495477473405807E-5
3.497382591806902E-5
3.499287238466403E-5
3.501191414290411E-5
3.503095120192408E-5
3.504998357093324E-5
3.506901125921563E-5
3.508803427612955E-5
3.510705263110838E-5
3.512606633366042E-5
3.514507539336911E-5
3.51640798198932E-5
3.518307962296686E-5
3.5202074812399845E-5
3.522106539807771E-5
3.5240051389962E-5
3.525903279809018E-5
3.52780096325761E-5
3.5296981903609936E-5
3.531594962145837E-5
3.533491279646478E-5
3.535387143904954E-5
3.537282555970977E-5
3.539177516901998E-5
3.5410720277631783E-5
3.542966089627442E-5
3.5448597035754646E-5
3.546752870695694E-5
3.5486455920843795E-5
3.5505378688455654E-5
3.552429702091129E-5
3.554321092940762E-5
3.556212042522025E-5
3.558102551970333E-5
3.559992622428994E-5
3.5618822550491915E-5
3.5637714509900266E-5
3.565660211418521E-5
3.567548537509632E-5
3.569436430446278E-5
3.571323891419329E-5
3.573210921627644E-5
3.575097522278085E-5
3.576983694585498E-5
3.5788694397727683E-5
3.5807547590708235E-5
3.582639653718626E-5
3.5845241249632115E-5
3.586408174059689E-5
3.5882918022712705E-5
3.590175010869254E-5
3.5920578011330796E-5
3.593940174350302E-5
3.595822131816635E-5
3.597703674835959E-5
3.599584804720323E-5
3.601465522789979E-5
3.6033458303733985E-5
3.60522572880731E-5
3.6071052194367346E-5
3.60898430361504E-5
3.610862982704087E-5
3.612741258074363E-5
3.614619131105322E-5
3.6164966031858634E-5
3.6183736757151824E-5
3.620250350104246E-5
3.6221266277781824E-5
3.624002510180374E-5
3.6258779987791603E-5
3.6277530950789376E-5
3.6296278006383186E-5
3.631502117099674E-5
3.6333760462367176E-5
3.635249590030796E-5
3.637122750792032E-5
3.638995531350235E-5
3.640867935353643E-5
3.6427399677321894E-5
3.644611635410481E-5
3.646482948395796E-5
3.6483539214243795E-5
3.6502245764314157E-5
3.652094946224372E-5
3.653965079897889E-5
3.6558350507438643E-5
3.657704967700378E-5
3.659574991767437E-5
3.66144535931874E-5
3.663316414882147E-5
3.6651886567720976E-5
3.667062799958734E-5
3.668939861767824E-5
3.67082127742916E-5
3.6727090541165917E-5
3.674605973910643E-5
3.676515857987956E-5
3.6784439061748776E-5
3.680397127609423E-5
3.682384879381536E-5
3.68441953033503E-5
3.6865172663101244E-5
3.688699050512928E-5
3.690991747905455E-5
3.6934294150026774E-5
3.696054745782274E-5
3.698920650229289E-5
3.7020919242451575E-5
3.705646948469113E-5
3.709679329639669E-5
3.714299372639248E-5
3.719635246077745E-5
3.7258336815435095E-5
3.733060029390451E-5
3.741497485448133E-5
3.7513453068037383E-5
3.762815854093626E-5
3.776130335223385E-5
3.7915131826733054E-5
3.809185073511861E-5
3.82935469587701E-5
3.852209473611197E-5
3.8779055751587926E-5
3.9065576447435995E-5
3.938228792532815E-5
3.972921454408763E-5
4.010569769852628E-5
4.051034118673615E-5
4.0940983973020336E-5
4.139470500819984E-5
4.1867863107980246E-5
4.235617280008981E-5
4.285481467364739E-5
4.335857628703471E-5
4.386201733038149E-5
4.435965072044023E-5
4.484612983690461E-5
4.5316431355703595E-5
4.576602319811342E-5
4.619100801699924E-5
4.658823431995926E-5
4.695536963917591E-5
4.729093288829292E-5
4.759428594324543E-5
4.786558727802486E-5
4.810571292583768E-5
4.831615191407199E-5
4.849888449819052E-5
4.865625193554973E-5
4.879082621804371E-5
4.890528721940659E-5
4.9002313263145726E-5
4.908448936887355E-5
4.9154235585916766E-5
4.921375605665706E-5
4.926500791762132E-5
4.930968794725263E-5
4.934923405778753E-5
4.9384838308043005E-5
4.941746804657922E-5
4.9447892013931174E-5
4.947670865589401E-5
4.950437444160003E-5
4.9531230562150607E-5
4.955752694433011E-5
4.958344300432658E-5
4.960910496225896E-5
4.963459983045241E-5
4.965998638096071E-5
4.968530350398878E-5
4.971057640663294E-5
4.973582109003996E-5
4.976104750061046E-5
4.978626169223288E-5
4.981146727304679E-5
4.9836666349563494E-5
4.9861860127587626E-5
4.9887049285261004E-5
4.9912234198909485E-5
4.9937415076368675E-5
4.9962592033714506E-5
4.9987765138303384E-5
5.001293443229421E-5
5.00380999451698E-5
5.00632617002264E-5
5.008841971784698E-5
5.0113574017107026E-5
5.013872461654102E-5
5.016387153449753E-5
5.018901478929945E-5
5.0214154399314085E-5
5.0239290382983024E-5
5.0264422758834936E-5
5.028955154549071E-5
5.031467676166558E-5
5.033979842617041E-5
5.036491655791251E-5
5.0390031175895745E-5
5.041514229922164E-5
5.044024994708927E-5
5.046535413879611E-5
5.049045489373818E-5
5.051555223141064E-5
5.054064617140844E-5
5.056573673342638E-5
5.059082393726007E-5
5.061590780280592E-5
5.064098835006179E-5
5.066606559912753E-5
5.069113957020541E-5
5.0716210283600544E-5
5.0741277759721366E-5
5.076634201908011E-5
5.079140308229313E-5
5.081646097008183E-5
5.0841515703272644E-5
5.0866567302797644E-5
5.089161578969508E-5
5.091666118510984E-5
5.0941703510293924E-5
5.0966742786606785E-5
5.099177903551598E-5
5.1016812278597656E-5
5.104184253753688E-5
5.1066869834128054E-5
5.109189419027561E-5
5.11169156279943E-5
5.114193416940984E-5
5.1166949836759136E-5
5.119196265239096E-5
5.121697263876629E-5
5.124197981845895E-5
5.126698421415592E-5
5.129198584865781E-5
5.131698474487929E-5
5.134198092584973E-5
5.1366974414713586E-5
5.139196523473077E-5
5.1416953409277075E-5
5.144193896184505E-5
5.146692191604377E-5
5.1491902295600004E-5
5.1516880124358064E-5
5.154185542628078E-5
5.156682822544948E-5
5.159179854606488E-5
5.161676641244717E-5
5.16417318490367E-5
5.166669488039439E-5
5.169165553120209E-5
5.1716613826263036E-5
5.174156979050244E-5
5.176652344896762E-5
5.179147482682885E-5
5.18164239493795E-5
5.184137084203662E-5
5.186631553034131E-5
5.189125803995907E-5
5.191619839668035E-5
5.194113662642103E-5
5.1966072755222694E-5
5.199100680925314E-5
5.201593881480674E-5
5.204086879830492E-5
5.206579678629664E-5
5.2090722805458625E-5
5.211564688259599E-5
5.214056904464241E-5
5.216548931866069E-5
5.219040773184325E-5
5.221532431151226E-5
5.2240239085120274E-5
5.226515208025063E-5
5.2290063324617545E-5
5.231497284606688E-5
5.2339880672576336E-5
5.2364786832255874E-5
5.2389691353348196E-5
5.241459426422884E-5
5.24394955934069E-5
5.2464395369525196E-5
5.2489293621360656E-5
5.251419037782484E-5
5.25390856679641E-5
5.256397952096014E-5
5.2588871966130165E-5
5.261376303292732E-5
5.263865275094122E-5
5.2663541149898106E-5
5.268842825966111E-5
5.271331411023086E-5
5.273819873174569E-5
5.27630821544819E-5
5.278796440885438E-5
5.28128455254164E-5
5.283772553486052E-5
5.286260446801859E-5
5.288748235586212E-5
5.2912359229502696E-5
5.2937235120192235E-5
5.2962110059323063E-5
5.2986984078428775E-5
5.3011857209184045E-5
5.303672948340502E-5
5.3061600933049875E-5
5.308647159021874E-5
5.311134148715433E-5
5.313621065624201E-5
5.316107913001021E-5
5.3185946941130475E-5
5.3210814122418094E-5
5.3235680706832096E-5
5.326054672747557E-5
5.3285412217596045E-5
5.331027721058572E-5
5.33351417399815E-5
5.336000583946566E-5
5.3384869542865706E-5
5.340973288415482E-5
5.34345958974521E-5
5.34594586170227E-5
5.348432107727817E-5
5.3509183312776666E-5
5.353404535822321E-5
5.3558907248469674E-5
5.358376901851537E-5
5.36086307035071E-5
5.3633492338739194E-5
5.365835395965399E-5
5.3683215601841956E-5
5.370807730104175E-5
5.373293909314068E-5
5.375780101417461E-5
5.3782663100328364E-5
5.380752538793591E-5
5.383238791348035E-5
5.385725071359414E-5
5.3882113825059584E-5
5.390697728480856E-5
5.3931841129922945E-5
5.395670539763486E-5
5.398157012532636E-5
5.400643535053013E-5
5.403130111092942E-5
5.405616744435815E-5
5.4081034388801024E-5
5.410590198239383E-5
5.4130770263423504E-5
5.4155639270327984E-5
5.4180509041696856E-5
5.4205379616271076E-5
5.423025103294341E-5
5.4255123330757975E-5
5.4279996548910944E-5
5.4304870726750474E-5
5.4329745903776686E-5
5.435462211964191E-5
5.437949941415054E-5
5.4404377827259425E-5
5.442925739907786E-5
5.445413816986752E-5
5.447902018004269E-5
5.450390347017028E-5
5.452878808096993E-5
5.455367405331396E-5
5.4578561428227725E-5
5.4603450246889175E-5
5.4628340550629376E-5
5.46532323809324E-5
5.467812577943522E-5
5.4703020787928034E-5
5.4727917448354036E-5
5.475281580280956E-5
5.477771589354413E-5
5.480261776296047E-5
5.482752145361445E-5
5.485242700821527E-5
5.4877334469625285E-5
5.490224388086011E-5
5.492715528508855E-5
5.495206872563274E-5
5.4976984245968016E-5
5.5001901889722915E-5
5.502682170067925E-5
5.5051743722771985E-5
5.5076668000089345E-5
5.510159457687256E-5
5.512652349751613E-5
5.515145480656751E-5
5.51763885487273E-5
5.520132476884921E-5
5.52262635119396E-5
5.525120482315807E-5
5.527614874781695E-5
5.53010953313814E-5
5.5326044619469264E-5
5.5350996657851155E-5
5.537595149245024E-5
5.540090916934213E-5
5.542586973475512E-5
5.545083323506973E-5
5.547579971681886E-5
5.550076922668742E-5
5.552574181151265E-5
5.555071751828379E-5
5.557569639414176E-5
5.560067848637957E-5
5.562566384244182E-5
5.5650652509924596E-5
5.567564453657559E-5
5.570063997029376E-5
5.572563885912927E-5
5.575064125128345E-5
5.577564719510866E-5
5.5800656739107874E-5
5.582566993193493E-5
5.585068682239412E-5
5.587570745944014E-5
5.590073189217793E-5
5.59257601698626E-5
5.5950792341898985E-5
5.5975828457841884E-5
5.600086856739564E-5
5.602591272041408E-5
5.605096096690005E-5
5.6076013357005724E-5
5.610106994103205E-5
5.612613076942865E-5
5.6151195892793785E-5
5.617626536187396E-5
5.62013392275638E-5
5.6226417540905924E-5
5.625150035309056E-5
5.627658771545551E-5
5.630167967948593E-5
5.632677629681411E-5
5.635187761921897E-5
5.6376983698626255E-5
5.6402094587108145E-5
5.642721033688287E-5
5.645233100031474E-5
5.647745662991382E-5
5.6502587278335495E-5
5.652772299838057E-5
5.655286384299474E-5
5.657800986526841E-5
5.660316111843646E-5
5.662831765587813E-5
5.665347953111645E-5
5.6678646797818194E-5
5.670381950979367E-5
5.672899772099623E-5
5.675418148552214E-5
5.677937085761039E-5
5.6804565891642025E-5
5.682976664214052E-5
5.685497316377091E-5
5.6880185511339815E-5
5.690540373979534E-5
5.6930627904226916E-5
5.6955858059865144E-5
5.698109426208218E-5
5.700633656639269E-5
5.7031585028455066E-5
5.705683970407458E-5
5.708210064920842E-5
5.710736791997525E-5
5.713264157267093E-5
5.715792166379613E-5
5.71832082501025E-5
5.7208501388670584E-5
5.723380113703874E-5
5.725910755341586E-5
5.728442069702928E-5
5.730974062868902E-5
5.733506741169679E-5
5.736040111329725E-5
5.738574180697807E-5
5.741108957608608E-5
5.7436444519466E-5
5.7461806760180936E-5
5.7487176458888E-5
5.751255383418E-5
5.753793919325596E-5
5.7563332977762514E-5
5.758873583170364E-5
5.7614148701133195E-5
5.7639572979159434E-5
5.7665010714876466E-5
5.769046491152033E-5
5.771593994778255E-5
5.7741442167178456E-5
5.776698069402086E-5
5.7792568551184294E-5
5.781822417462257E-5
5.784397344244257E-5
5.786985236181139E-5
5.789591058415127E-5
5.7922215946352595E-5
5.7948860260685564E-5
5.79759665952869E-5
5.800369829602879E-5
5.803226999360093E-5
5.8061960810094116E-5
5.809312991986564E-5
5.812623452235505E-5
5.8161850142692417E-5
5.8200692983861164E-5
5.824364380917461E-5
5.829177253758731E-5
5.834636239451761E-5
5.8408932092392616E-5
5.848125414151005E-5
5.856536704540449E-5
5.866357885646355E-5
5.8778459404440744E-5
5.891281851356712E-5
5.906966774269409E-5
5.9252163659504156E-5
5.9463531422104154E-5
5.9706968495378913E-5
5.998552965299479E-5
6.030199595313473E-5
6.065873203556952E-5
6.105753774443013E-5
6.149950158267514E-5
6.198486468259519E-5
6.251290466375817E-5
6.3081848797046E-5
6.36888251923871E-5
6.43298592295812E-5
6.499992018214402E-5
6.569302005254503E-5
6.64023632350936E-5
6.712054201257621E-5
6.783976938629583E-5
6.855213766676578E-5
6.924988892680657E-5
6.992568209813103E-5
7.05728413462244E-5
7.118557144279853E-5
7.175912810159768E-5
7.22899344612974E-5
7.277563879509872E-5
7.321511273607111E-5
7.360839343701453E-5
7.395657675667055E-5
7.426167146300075E-5
7.45264263454136E-5
7.475414292326559E-5
7.494848614128211E-5
7.511330417924711E-5
7.525246648762773E-5
7.536972666310441E-5
7.54686140879751E-5
7.5552355648689E-5
7.562382654930212E-5
7.568552740780054E-5
7.573958355472036E-5
7.578776175918068E-5
7.583149944003971E-5
7.5871941686705E-5
7.590998199652799E-5
7.594630340807526E-5
7.598141755525844E-5
7.60156999900529E-5
7.604942085162742E-5
7.60827705553504E-5
7.611588061991805E-5
7.614884004868518E-5
7.618170785013707E-5
7.621452234810304E-5
7.624730792298745E-5
7.62800797676143E-5
7.631284715770829E-5
7.634561564477783E-5
7.63783884899899E-5
7.641116757855708E-5
7.644395398841439E-5
7.647674833511237E-5
7.6509550975765E-5
7.654236212661727E-5
7.657518192909572E-5
7.660801048596311E-5
7.664084788059211E-5
7.667369418697128E-5
7.670654947475825E-5
7.673941381176347E-5
7.67722872651378E-5
7.680516990192412E-5
7.683806178930701E-5
7.687096299472284E-5
7.690387358590773E-5
7.69367936309179E-5
7.696972319813869E-5
7.700266235628987E-5
7.703561117442696E-5
7.706856972194426E-5
7.710153806857612E-5
7.713451628439834E-5
7.716750443982926E-5
7.720050260563182E-5
7.723351085291426E-5
7.726652925313165E-5
7.72995578780866E-5
7.733259679993103E-5
7.736564609116688E-5
7.739870582464735E-5
7.743177607357771E-5
7.746485691151623E-5
7.749794841237537E-5
7.753105065042228E-5
7.75641637002801E-5
7.759728763692817E-5
7.763042253570319E-5
7.766356847229967E-5
7.76967255227709E-5
7.772989376352879E-5
7.776307327134564E-5
7.779626412335348E-5
7.782946639704532E-5
7.786268017027525E-5
7.789590552125887E-5
7.792914252857396E-5
7.796239127116018E-5
7.79956518283201E-5
7.802892427971892E-5
7.806220870538469E-5
7.809550518570886E-5
7.812881380144603E-5
7.816213463371423E-5
7.819546776399496E-5
7.822881327413308E-5
7.826217124633712E-5
7.829554176317876E-5
7.832892490759333E-5
7.836232076287892E-5
7.839572941269707E-5
7.842915094107193E-5
7.846258543239051E-5
7.849603297140194E-5
7.852949364321771E-5
7.856296753331078E-5
7.859645472751583E-5
7.862995531202825E-5
7.866346937340425E-5
7.869699699856035E-5
7.873053827477228E-5
7.876409328967547E-5
7.87976621312635E-5
7.883124488788835E-5
7.886484164825921E-5
7.88984525014423E-5
7.893207753685966E-5
7.896571684428907E-5
7.899937051386306E-5
7.903303863606792E-5
7.90667213017434E-5
7.910041860208138E-5
7.913413062862562E-5
7.916785747327031E-5
7.92015992282598E-5
7.923535598618713E-5
7.926912783999334E-5
7.930291488296658E-5
7.933671720874095E-5
7.937053491129543E-5
7.940436808495332E-5
7.94382168243805E-5
7.947208122458473E-5
7.950596138091482E-5
7.953985738905851E-5
7.957376934504228E-5
7.960769734523018E-5
7.964164148632157E-5
7.967560186535103E-5
7.97095785796865E-5
7.974357172702828E-5
7.977758140540759E-5
7.981160771318503E-5
7.984565074904981E-5
7.987971061201808E-5
7.991378740143114E-5
7.994788121695473E-5
7.998199215857736E-5
8.001612032660862E-5
8.005026582167805E-5
8.008442874473317E-5
8.01186091970386E-5
8.015280728017415E-5
8.018702309603345E-5
8.022125674682224E-5
8.02555083350567E-5
8.028977796356236E-5
8.032406573547179E-5
8.035837175422359E-5
8.039269612356012E-5
8.04270389475265E-5
8.046140033046851E-5
8.049578037703068E-5
8.053017919215523E-5
8.056459688107976E-5
8.059903354933568E-5
8.063348930274647E-5
8.066796424742606E-5
8.070245848977666E-5
8.073697213648727E-5
8.077150529453155E-5
8.080605807116626E-5
8.084063057392937E-5
8.087522291063792E-5
8.090983518938633E-5
8.094446751854463E-5
8.09791200067565E-5
8.101379276293676E-5
8.104848589627044E-5
8.108319951620985E-5
8.111793373247349E-5
8.115268865504319E-5
8.118746439416293E-5
8.122226106033619E-5
8.12570787643244E-5
8.129191761714465E-5
8.132677773006763E-5
8.136165921461585E-5
8.139656218256102E-5
8.143148674592277E-5
8.146643301696598E-5
8.15014011081986E-5
8.153639113237014E-5
8.157140320246902E-5
8.160643743172052E-5
8.164149393358492E-5
8.167657282175492E-5
8.171167421015376E-5
8.174679821293332E-5
8.178194494447146E-5
8.181711451937007E-5
8.185230705245235E-5
8.188752265876202E-5
8.192276145355923E-5
8.19580235523197E-5
8.199330907073199E-5
8.202861812469553E-5
8.206395083031786E-5
8.2099307303913E-5
8.213468766199852E-5
8.217009202129385E-5
8.220552049871802E-5
8.224097321138671E-5
8.227645027661086E-5
8.231195181189339E-5
8.234747793492786E-5
8.238302876359563E-5
8.24186044159635E-5
8.24542050102816E-5
8.248983066498106E-5
8.252548149867151E-5
8.256115763013889E-5
8.259685917834309E-5
8.263258626241548E-5
8.266833900165657E-5
8.270411751553398E-5
8.27399219236796E-5
8.277575234588755E-5
8.281160890211173E-5
8.284749171246308E-5
8.288340089720783E-5
8.29193365767647E-5
8.295529887170264E-5
8.299128790273837E-5
8.302730379073407E-5
8.306334665669476E-5
8.30994166217662E-5
8.313551380723237E-5
8.317163833451287E-5
8.320779032516071E-5
8.324396990085989E-5
8.328017718342279E-5
8.331641229478791E-5
8.335267535701745E-5
8.338896649229498E-5
8.342528582292256E-5
8.346163347131871E-5
8.349800956001594E-5
8.353441421165813E-5
8.357084754899843E-5
8.360730969489641E-5
8.364380077231582E-5
8.368032090432187E-5
8.37168702140794E-5
8.375344882484985E-5
8.379005685998895E-5
8.382669444294466E-5
8.386336169725412E-5
8.390005874654132E-5
8.393678571451521E-5
8.397354272496652E-5
8.401032990176565E-5
8.40471473688602E-5
8.408399525027267E-5
8.412087367009755E-5
8.415778275249927E-5
8.419472262170957E-5
8.423169340202513E-5
8.426869521780516E-5
8.430572819346856E-5
8.4342792453492E-5
8.437988812240728E-5
8.441701532479853E-5
8.445417418530031E-5
8.449136482859485E-5
8.452858737940953E-5
8.45658419625146E-5
8.460312870272062E-5
8.464044772487626E-5
8.467779915386548E-5
8.471518311460511E-5
8.4752599732043E-5
8.479004913115464E-5
8.48275314369416E-5
8.48650467744284E-5
8.490259526866056E-5
8.494017704470204E-5
8.497779222763256E-5
8.501544094254537E-5
8.50531233145449E-5
8.50908394687441E-5
8.512858953026234E-5
8.516637362422268E-5
8.520419187574958E-5
8.524204440996653E-5
8.527993135199346E-5
8.531785282694437E-5
8.535580895992532E-5
8.539379987603136E-5
8.54318257003449E-5
8.546988655793232E-5
8.550798257384245E-5
8.554611387310377E-5
8.558428058072211E-5
8.562248282167834E-5
8.566072072092595E-5
8.569899440338821E-5
8.573730399395663E-5
8.577564961748807E-5
8.581403139880234E-5
8.585244946268015E-5
8.589090393386032E-5
8.592939493703756E-5
8.596792259686087E-5
8.60064870379297E-5
8.604508838479304E-5
8.608372676194627E-5
8.612240229382884E-5
8.616111510482228E-5
8.619986531924793E-5
8.623865306136441E-5
8.627747845536517E-5
8.631634162537678E-5
8.635524269545646E-5
8.63941817895902E-5
8.643315903169115E-5
8.64721745455986E-5
8.651122845507739E-5
8.655032088381906E-5
8.658945195544598E-5
8.662862179351926E-5
8.666783052155427E-5
8.67070782630493E-5
8.674636514153437E-5
8.678569128065604E-5
8.682505680431904E-5
8.686446183692264E-5
8.690390650375013E-5
8.694339093160422E-5
8.698291524983642E-5
8.702247959199827E-5
8.706208409847147E-5
8.710172892062002E-5
8.714141422729416E-5
8.718114021493107E-5
8.722090712311169E-5
8.726071525831777E-5
8.730056502989738E-5
8.734045700403807E-5
8.73803919840424E-5
8.742037112864183E-5
8.746039612476657E-5
8.750046943746057E-5
8.75405946679155E-5
8.75807770613664E-5
8.762102422033481E-5
8.766134709593178E-5
8.770176135105805E-5
8.774228921463812E-5
8.7782961975493E-5
8.782382329765285E-5
8.786493357477265E-5
8.790637557794772E-5
8.794826168565366E-5
8.799074301251716E-5
8.803402076945787E-5
8.807836018422026E-5
8.812410727979747E-5
8.817170873900589E-5
8.822173496624583E-5
8.827490628248175E-5
8.833212194867022E-5
8.839449140165027E-5
8.846336670572561E-5
8.854037478114396E-5
8.862744748527089E-5
8.872684712245089E-5
8.884118448525051E-5
8.897342613542471E-5
8.912688737947487E-5
8.930520734865661E-5
8.951230282395896E-5
8.975229801200237E-5
9.002942841962343E-5
9.034791830748246E-5
9.071183290409291E-5
9.112490856511227E-5
9.159036625490232E-5
9.211071594847363E-5
9.268756160363233E-5
9.332141801280938E-5
9.401155188911235E-5
9.475585974717625E-5
9.555079438964536E-5
9.639134998544574E-5
9.727111286347602E-5
9.818238136894318E-5
9.91163536786445E-5
1.0006337768376242E-4
1.0101325233312038E-4
1.0195556562698113E-4
1.0288005118599895E-4
1.0377694335021125E-4
1.046373103349042E-4
1.054533461820575E-4
1.0621860502978124E-4
1.0692816534471207E-4
1.075787168483265E-4
1.0816856844084328E-4
1.0869758096234984E-4
1.0916703362057996E-4
1.0957943692139872E-4
1.099383076452215E-4
1.102479226559185E-4
1.1051306810666452E-4
1.1073879907028505E-4
1.1093022204368316E-4
1.1109230951127186E-4
1.112297521870125E-4
1.1134685105826282E-4
1.1144744823974622E-4
1.1153489313972034E-4
1.1161203867089618E-4
1.1168126123566951E-4
1.1174449792359356E-4
1.1180329466033189E-4
1.1185885978575351E-4
1.1191211854682159E-4
1.1196376511097491E-4
1.1201430980636454E-4
1.1206412028002215E-4
1.1211345607463658E-4
1.1216249673428383E-4
1.1221136396223376E-4
1.1226013859243711E-4
1.1230887323420525E-4
1.123576014444821E-4
1.1240634420977956E-4
1.1245511441080725E-4
1.1250391982058819E-4
1.1255276506768693E-4
1.1260165288988544E-4
1.1265058491489178E-4
1.1269956213441509E-4
1.1274858518483254E-4
1.1279765450915938E-4
1.1284677044813408E-4
1.1289593329011535E-4
1.1294514329769706E-4
1.1299440072152123E-4
1.1304370580724679E-4
1.1309305879896142E-4
1.1314245994079749E-4
1.1319190947766697E-4
1.1324140765557716E-4
1.1329095472175236E-4
1.1334055092467002E-4
1.1339019651405845E-4
1.1343989174087944E-4
1.1348963685730438E-4
1.1353943211668794E-4
1.1358927777354162E-4
1.1363917408350613E-4
1.136891213033253E-4
1.1373911969081831E-4
1.1378916950485402E-4
1.13839271005324E-4
1.1388942445311619E-4
1.1393963011008898E-4
1.1398988823904606E-4
1.1404019910370967E-4
1.1409056296869579E-4
1.1414098009948902E-4
1.1419145076241704E-4
1.1424197522462614E-4
1.1429255375405641E-4
1.143431866194168E-4
1.1439387409016158E-4
1.1444461643646591E-4
1.1449541392920137E-4
1.1454626683991286E-4
1.1459717544079477E-4
1.1464814000466779E-4
1.146991608049552E-4
1.147502381156602E-4
1.1480137221134294E-4
1.1485256336709804E-4
1.149038118585318E-4
1.1495511796174001E-4
1.1500648195328563E-4
1.1505790411017708E-4
1.1510938470984638E-4
1.1516092403012709E-4
1.1521252234923339E-4
1.152641799457386E-4
1.1531589709855369E-4
1.1536767408690703E-4
1.1541951119032309E-4
1.1547140868860164E-4
1.1552336686179807E-4
1.1557538599020248E-4
1.1562746635431937E-4
1.1567960823484831E-4
1.1573181191266353E-4
1.1578407766879483E-4
1.1583640578440763E-4
1.1588879654078408E-4
1.1594125021930324E-4
1.1599376710142285E-4
1.1604634746865992E-4
1.1609899160257231E-4
1.1615169978474004E-4
1.1620447229674729E-4
1.1625730942016338E-4
1.163102114365256E-4
1.1636317862732057E-4
1.1641621127396704E-4
1.1646930965779772E-4
1.165224740600422E-4
1.165757047618096E-4
1.1662900204407126E-4
1.1668236618764384E-4
1.1673579747317221E-4
1.167892961811128E-4
1.1684286259171707E-4
1.1689649698501548E-4
1.1695019964080052E-4
1.1700397083861057E-4
1.1705781085771455E-4
1.1711171997709548E-4
1.1716569847543459E-4
1.1721974663109639E-4
1.1727386472211268E-4
1.1732805302616737E-4
1.1738231182058141E-4
1.1743664138229765E-4
1.1749104198786593E-4
1.1754551391342817E-4
1.1760005743470407E-4
1.1765467282697619E-4
1.1770936036507584E-4
1.1776412032336899E-4
1.1781895297574189E-4
1.1787385859558692E-4
1.1792883745578906E-4
1.1798388982871224E-4
1.180390159861855E-4
1.1809421619948968E-4
1.1814949073934392E-4
1.1820483987589256E-4
1.1826026387869214E-4
1.1831576301669813E-4
1.1837133755825246E-4
1.184269877710707E-4
1.1848271392222926E-4
1.1853851627815306E-4
1.1859439510460348E-4
1.186503506666655E-4
1.1870638322873631E-4
1.1876249305451261E-4
1.1881868040697937E-4
1.1887494554839753E-4
1.1893128874029295E-4
1.1898771024344436E-4
1.1904421031787223E-4
1.1910078922282732E-4
1.1915744721678003E-4
1.192141845574085E-4
1.1927100150158829E-4
1.1932789830538147E-4
1.1938487522402563E-4
1.1944193251192338E-4
1.1949907042263202E-4
1.1955628920885302E-4
1.1961358912242192E-4
1.19670970414298E-4
1.1972843333455403E-4
1.1978597813236657E-4
1.1984360505600623E-4
1.1990131435282765E-4
1.1995910626925993E-4
1.2001698105079758E-4
1.2007493894199032E-4
1.2013298018643395E-4
1.2019110502676177E-4
1.2024931370463479E-4
1.2030760646073299E-4
1.203659835347463E-4
1.2042444516536584E-4
1.2048299159027532E-4
1.2054162304614226E-4
1.2060033976860961E-4
1.2065914199228734E-4
1.2071802995074384E-4
1.2077700387649817E-4
1.2083606400101176E-4
1.2089521055467989E-4
1.2095444376682466E-4
1.2101376386568662E-4
1.2107317107841701E-4
1.2113266563107037E-4
1.2119224774859664E-4
1.2125191765483417E-4
1.2131167557250188E-4
1.2137152172319239E-4
1.2143145632736432E-4
1.2149147960433597E-4
1.2155159177227749E-4
1.2161179304820451E-4
1.2167208364797121E-4
1.2173246378626354E-4
1.2179293367659257E-4
1.2185349353128767E-4
1.2191414356149053E-4
1.219748839771486E-4
1.2203571498700858E-4
1.220966367986105E-4
1.2215764961828138E-4
1.2221875365112905E-4
1.2227994910103668E-4
1.2234123617065631E-4
1.224026150614037E-4
1.2246408597345193E-4
1.2252564910572618E-4
1.2258730465589856E-4
1.226490528203813E-4
1.2271089379432295E-4
1.2277282777160175E-4
1.2283485494482175E-4
1.2289697550530622E-4
1.2295918964309353E-4
1.2302149754693173E-4
1.230838994042741E-4
1.2314639540127382E-4
1.2320898572277888E-4
1.2327167055232845E-4
1.233344500721478E-4
1.2339732446314312E-4
1.2346029390489775E-4
1.235233585756674E-4
1.235865186523765E-4
1.2364977431061325E-4
1.2371312572462547E-4
1.2377657306731672E-4
1.2384011651024243E-4
1.2390375622360576E-4
1.2396749237625349E-4
1.2403132513567238E-4
1.2409525466798558E-4
1.2415928113794885E-4
1.242234047089468E-4
1.2428762554298929E-4
1.2435194380070835E-4
1.2441635964135424E-4
1.2448087322279244E-4
1.2454548470150088E-4
1.2461019423256486E-4
1.246750019696766E-4
1.2473990806512997E-4
1.2480491266981852E-4
1.24870015933232E-4
1.2493521800345403E-4
1.2500051902715898E-4
1.2506591914960877E-4
1.251314185146511E-4
1.2519701726471607E-4
1.2526271554081386E-4
1.253285134825326E-4
1.25394411228035E-4
1.2546040891405654E-4
1.2552650667590316E-4
1.2559270464744903E-4
1.2565900296113405E-4
1.2572540174796205E-4
1.2579190113749805E-4
1.258585012578673E-4
1.2592520223575227E-4
1.2599200419639086E-4
1.2605890726357532E-4
1.2612591155964956E-4
1.2619301720550815E-4
1.2626022432059351E-4
1.2632753302289584E-4
1.2639494342894998E-4
1.2646245565383466E-4
1.2653006981117122E-4
1.2659778601312145E-4
1.266656043703871E-4
1.2673352499220788E-4
1.268015479863607E-4
1.2686967345915774E-4
1.2693790151544585E-4
1.2700623225860524E-4
1.2707466579054877E-4
1.2714320221172057E-4
1.2721184162109507E-4
1.2728058411617634E-4
1.2734942979299662E-4
1.274183787461168E-4
1.274874310686244E-4
1.275565868521331E-4
1.2762584618678226E-4
1.2769520916123685E-4
1.2776467586268588E-4
1.2783424637684228E-4
1.2790392078794314E-4
1.2797369917874797E-4
1.2804358163053905E-4
1.281135682231213E-4
1.2818365903482173E-4
1.2825385414248896E-4
1.2832415362149324E-4
1.283945575457264E-4
1.2846506598760204E-4
1.285356790180545E-4
1.286063967065396E-4
1.2867721912103428E-4
1.2874814632803734E-4
1.2881917839256847E-4
1.2889031537816956E-4
1.2896155734690404E-4
1.2903290435935748E-4
1.2910435647463798E-4
1.2917591375037634E-4
1.29247576242727E-4
1.293193440063683E-4
1.2939121709450437E-4
1.2946319555886542E-4
1.29535279449712E-4
1.2960746881583764E-4
1.2967976370457642E-4
1.2975216416181417E-4
1.2982467023200792E-4
1.298972819582186E-4
1.2996999938216572E-4
1.300428225443191E-4
1.3011575148405235E-4
1.3018878623989667E-4
1.3026192684995814E-4
1.3033517335260062E-4
1.3040852578755075E-4
1.304819841976793E-4
1.3055554863184132E-4
1.3062921914937817E-4
1.3070299582718808E-4
1.3077687877074179E-4
1.308508681311069E-4
1.3092496413102505E-4
1.309991671045215E-4
1.310734775565341E-4
1.3114789625188607E-4
1.3122242434683516E-4
1.3129706358177355E-4
1.313718165608459E-4
1.3144668715378823E-4
1.3152168106772484E-4
1.3159680665262972E-4
1.31672076024241E-4
1.31747506612984E-4
1.3182312327729125E-4
1.318989611546574E-4
1.3197506946345885E-4
1.3205151651183179E-4
1.3212839621464607E-4
1.32205836462492E-4
1.3228400972267057E-4
1.3236314627486552E-4
1.3244355048493944E-4
1.3252562048887985E-4
1.3260987158359463E-4
1.3269696348950356E-4
1.327877314495011E-4
1.3288322084954442E-4
1.3298472468133092E-4
1.330938227170351E-4
1.3321242073833825E-4
1.3334278757685727E-4
1.334875871137198E-4
1.33649901800169E-4
1.338332437607897E-4
1.3404154920042545E-4
1.342791517371491E-4
1.3455073050957242E-4
1.3486122953173851E-4
1.3521574584761755E-4
1.3561938559288427E-4
1.360770890839502E-4
1.3659342845023187E-4
1.3717238397447108E-4
1.3781710801961301E-4
1.3852968796233248E-4
1.393109239005069E-4
1.401601292742843E-4
1.4107497648887485E-4
1.42051399809838E-4
1.4308356801412807E-4
1.4416393594535168E-4
1.4528337964615537E-4
1.4643141440093927E-4
1.475964892178265E-4
1.4876634550147882E-4
1.4992842245437784E-4
1.5107028761737022E-4
1.5218006837010675E-4
1.5324685947620768E-4
1.542610830175863E-4
1.552147802562604E-4
1.5610181982618886E-4
1.5691801275005037E-4
1.576611315244681E-4
1.583308372856491E-4
1.5892852522909721E-4
1.5945710346732965E-4
1.5992072396618098E-4
1.603244858842269E-4
1.6067413153071059E-4
1.6097575342286806E-4
1.6123552788592884E-4
1.6145948672409693E-4
1.6165333416827933E-4
1.6182231203087002E-4
1.619711121581739E-4
1.6210383215376764E-4
1.6222396811757086E-4
1.6233443685138992E-4
1.6243761956238827E-4
1.6253541941197393E-4
1.6262932612143348E-4
1.6272048205310296E-4
1.6280974554332047E-4
1.6289774860772532E-4
1.629849473497395E-4
1.630716644038954E-4
1.6315812350409245E-4
1.6324447678452627E-4
1.6333082572413566E-4
1.634172367744688E-4
1.6350375271152485E-4
1.6359040066831414E-4
1.6367719767426293E-4
1.6376415437937457E-4
1.63851277495584E-4
1.639385713574226E-4
1.6402603889491355E-4
1.6411368222496334E-4
1.6420150300185856E-4
1.6428950261976707E-4
1.6437768232676863E-4
1.644660432874336E-4
1.6455458661628685E-4
1.6464331339525218E-4
1.6473222468252064E-4
1.6482132151696371E-4
1.6491060492028904E-4
1.650000758980909E-4
1.650897354403746E-4
1.6517958452183344E-4
1.652696241020206E-4
1.653598551254695E-4
1.6545027852179575E-4
1.655408952057901E-4
1.656317060775073E-4
1.657227120223547E-4
1.6581391391117873E-4
1.6590531260035203E-4
1.6599690893185842E-4
1.6608870373337976E-4
1.6618069781838038E-4
1.6627289198619253E-4
1.6636528702210007E-4
1.6645788369742403E-4
1.6655068276960543E-4
1.666436849822889E-4
1.6673689106540615E-4
1.6683030173525923E-4
1.6692391769460084E-4
1.6701773963271916E-4
1.6711176822551693E-4
1.6720600413559517E-4
1.6730044801233242E-4
1.6739510049196624E-4
1.6748996219767315E-4
1.6758503373964868E-4
1.6768031571518733E-4
1.677758087087608E-4
1.678715132920981E-4
1.6796743002426366E-4
1.6806355945173546E-4
1.681599021084825E-4
1.6825645851604353E-4
1.6835322918360272E-4
1.6845021460806813E-4
1.6854741527414714E-4
1.6864483165442278E-4
1.687424642094303E-4
1.688403133877316E-4
1.6893837962599106E-4
1.6903666334905146E-4
1.6913516497000578E-4
1.692338848902746E-4
1.69332823499678E-4
1.6943198117650931E-4
1.695313582876093E-4
1.6963095518843783E-4
1.6973077222314796E-4
1.6983080972465624E-4
1.6993106801471738E-4
1.7003154740399302E-4
1.7013224819212495E-4
1.7023317066780573E-4
1.7033431510884872E-4
1.7043568178226E-4
1.705372709443062E-4
1.7063908284058638E-4
1.7074111770610007E-4
1.7084337576531785E-4
1.709458572322481E-4
1.710485623105073E-4
1.7115149119338843E-4
1.7125464406392686E-4
1.7135802109497015E-4
1.7146162244924406E-4
1.7156544827942103E-4
1.716694987281845E-4
1.717737739282972E-4
1.7187827400266697E-4
1.7198299906441233E-4
1.7208794921692833E-4
1.7219312455395112E-4
1.7229852515962348E-4
1.724041511085595E-4
1.7251000246590862E-4
1.7261607928741957E-4
1.7272238161950476E-4
1.728289094993035E-4
1.729356629547451E-4
1.7304264200461138E-4
1.7314984665860053E-4
1.7325727691738788E-4
1.7336493277268894E-4
1.734728142073219E-4
1.7358092119526715E-4
1.736892537017305E-4
1.7379781168320278E-4
1.7390659508752075E-4
1.740156038539284E-4
1.7412483791313563E-4
1.7423429718737982E-4
1.7434398159048363E-4
1.7445389102791576E-4
1.7456402539684879E-4
1.746743845862192E-4
1.7478496847678427E-4
1.74895776941182E-4
1.7500680984398754E-4
1.751180670417719E-4
1.7522954838315906E-4
1.7534125370888365E-4
1.7545318285184624E-4
1.755653356371719E-4
1.7567771188226546E-4
1.7579031139686762E-4
1.7590313398311165E-4
1.7601617943557808E-4
1.7612944754134997E-4
1.7624293808006882E-4
1.7635665082398888E-4
1.764705855380316E-4
1.7658474197984E-4
1.766991198998334E-4
1.7681371904126024E-4
1.7692853914025156E-4
1.77043579925876E-4
1.7715884112019036E-4
1.7727432243829468E-4
1.773900235883834E-4
1.7750594427179826E-4
1.7762208418307983E-4
1.7773844301002023E-4
1.778550204337138E-4
1.7797181612860927E-4
1.7808882976255987E-4
1.7820606099687517E-4
1.7832350948637118E-4
1.7844117487942043E-4
1.785590568180031E-4
1.786771549377557E-4
1.7879546886802184E-4
1.7891399823190114E-4
1.7903274264629752E-4
1.7915170172197041E-4
1.7927087506358145E-4
1.793902622697435E-4
1.7950986293306965E-4
1.796296766402207E-4
1.797497029719523E-4
1.7986994150316347E-4
1.799903918029438E-4
1.8011105343462047E-4
1.8023192595580494E-4
1.8035300891843997E-4
1.8047430186884602E-4
1.8059580434776697E-4
1.807175158904165E-4
1.8083943602652418E-4
1.8096156428038085E-4
1.81083900170883E-4
1.8120644321157933E-4
1.813291929107154E-4
1.81452148771277E-4
1.815753102910362E-4
1.8169867696259497E-4
1.8182224827342896E-4
1.8194602370593174E-4
1.820700027374577E-4
1.821941848403669E-4
1.8231856948206675E-4
1.8244315612505574E-4
1.8256794422696592E-4
1.826929332406059E-4
1.8281812261400224E-4
1.8294351179044287E-4
1.8306910020851779E-4
1.8319488730216194E-4
1.8332087250069588E-4
1.8344705522886724E-4
1.835734349068921E-4
1.8370001095049552E-4
1.8382678277095306E-4
1.8395374977512997E-4
1.8408091136552313E-4
1.84208266940299E-4
1.8433581589333604E-4
1.844635576142623E-4
1.8459149148849637E-4
1.847196168972857E-4
1.84847933217746E-4
1.849764398229011E-4
1.851051360817198E-4
1.852340213591563E-4
1.8536309501618716E-4
1.8549235640985038E-4
1.8562180489328247E-4
1.8575143981575717E-4
1.858812605227225E-4
1.8601126635583762E-4
1.8614145665301132E-4
1.8627183074843847E-4
1.8640238797263536E-4
1.8653312765247942E-4
1.8666404911124284E-4
1.8679515166863E-4
1.8692643464081386E-4
1.870578973404711E-4
1.8718953907681822E-4
1.8732135915564715E-4
1.8745335687936034E-4
1.8758553154700646E-4
1.877178824543143E-4
1.878504088937287E-4
1.8798311015444562E-4
1.881159855224442E-4
1.8824903428052358E-4
1.8838225570833565E-4
1.8851564908241948E-4
1.8864921367623465E-4
1.8878294876019535E-4
1.8891685360170358E-4
1.8905092746518225E-4
1.8918516961210797E-4
1.893195793010449E-4
1.8945415578767655E-4
1.895888983248383E-4
1.897238061625504E-4
1.898588785480497E-4
1.899941147258224E-4
1.9012951393763473E-4
1.9026507542256545E-4
1.9040079841703712E-4
1.9053668215484763E-4
1.9067272586720187E-4
1.9080892878274157E-4
1.90945290127577E-4
1.9108180912531778E-4
1.9121848499710305E-4
1.9135531696163154E-4
1.9149230423519346E-4
1.916294460316984E-4
1.9176674156270602E-4
1.9190419003745665E-4
1.9204179066289984E-4
1.9217954264372428E-4
1.9231744518238746E-4
1.9245549747914348E-4
1.92593698732073E-4
1.9273204813711187E-4
1.9287054488808042E-4
1.9300918817671055E-4
1.9314797719267537E-4
1.9328691112361674E-4
1.9342598915517273E-4
1.9356521047100755E-4
1.9370457425283693E-4
1.9384407968045696E-4
1.9398372593177186E-4
1.9412351218281974E-4
1.9426343760780133E-4
1.944035013791066E-4
1.9454370266734085E-4
1.9468404064135184E-4
1.9482451446825702E-4
1.9496512331346826E-4
1.9510586634072043E-4
1.9524674271209565E-4
1.9538775158804982E-4
1.9552889212743832E-4
1.9567016348754243E-4
1.9581156482409402E-4
1.959530952913011E-4
1.9609475404187357E-4
1.962365402270479E-4
1.963784529966119E-4
1.965204914989301E-4
1.96662654880969E-4
1.9680494228832012E-4
1.9694735286522597E-4
1.970898857546044E-4
1.9723254009807318E-4
1.9737531503597502E-4
1.9751820970740388E-4
1.9766122325023185E-4
1.978043548011388E-4
1.9794760349564595E-4
1.9809096846815913E-4
1.982344488520213E-4
1.9837804377958985E-4
1.985217523823493E-4
1.9866557379108455E-4
1.988095071361558E-4
1.9895355154793477E-4
1.990977061575076E-4
1.9924197009780454E-4
1.9938634250540744E-4
1.9953082252343148E-4
1.996754093060916E-4
1.9982010202587955E-4
1.9996489988476735E-4
2.0010980213155244E-4
2.002548080884864E-4
2.0039991719181556E-4
2.005451290529569E-4
2.006904435500018E-4
2.0083586096333192E-4
2.009813821747632E-4
2.0112700895721854E-4
2.0127274439201388E-4
2.0141859346407587E-4
2.0156456390239575E-4
2.0171066735453008E-4
2.0185692101053223E-4
2.0200334982387052E-4
2.021499895147598E-4
2.0229689058454828E-4
2.024441236172737E-4
2.0259178619400404E-4
2.0274001179365763E-4
2.0288898109542387E-4
2.030389361256308E-4
2.0319019769673998E-4
2.033431865569605E-4
2.0349844859289816E-4
2.036566842908645E-4
2.0381878245126982E-4
2.039858578530677E-4
2.0415929217358614E-4
2.043407769819719E-4
2.045323570499392E-4
2.0473647158190296E-4
2.0495599029284978E-4
2.0519424060747688E-4
2.0545502168535832E-4
2.0574260057518062E-4
2.0606168565685896E-4
2.0641737273586076E-4
2.0681505979357155E-4
2.072603275348066E-4
2.0775878453865369E-4
2.0831587799489417E-4
2.0893667362085225E-4
2.096256112641372E-4
2.1038624570298632E-4
2.1122228406924686E-4
2.1213472914019296E-4
2.131229669467833E-4
2.1418459163941988E-4
2.1531529212323497E-4
2.1650881452179639E-4
2.177570109641128E-4
2.190499803422248E-4
2.203763008489136E-4
2.2172334770952266E-4
2.2307768310651614E-4
2.2442549945314924E-4
2.2575309248799638E-4
2.2704733764273975E-4
2.282961421478088E-4
2.2948884655749253E-4
2.306165527484339E-4
2.316723606971275E-4
2.3265150299666036E-4
2.3355137350499763E-4
2.3437145402390765E-4
2.3511314979109062E-4
2.3577955021561535E-4
2.3637513523976924E-4
2.3690544971102963E-4
2.3737676815842833E-4
2.377957705608118E-4
2.3816924641758544E-4
2.3850384015164432E-4
2.3880584610873348E-4
2.3908105667393622E-4
2.3933466274088353E-4
2.3957120226793978E-4
2.3979455013052622E-4
2.4000794098825358E-4
2.4021401636948724E-4
2.4041488748422236E-4
2.4061220620302053E-4
2.408072379593266E-4
2.4100093182895718E-4
2.4119398453110837E-4
2.4138689644324674E-4
2.4158001884168605E-4
2.4177359243175836E-4
2.4196777781639777E-4
2.4216267889762687E-4
2.4235836035619413E-4
2.4255486036090215E-4
2.427521995698949E-4
2.4295038734338173E-4
2.4314942592378733E-4
2.4334931317805761E-4
2.4355004435190942E-4
2.4375161316408218E-4
2.439540124718482E-4
2.441572346656002E-4
2.4436127189686403E-4
2.445661162066759E-4
2.447717595959675E-4
2.4497819406312145E-4
2.451854116234479E-4
2.453934043189831E-4
2.4560216422325125E-4
2.458116834434784E-4
2.4602195412155707E-4
2.46232968434415E-4
2.4644471859410616E-4
2.4665719684778184E-4
2.4687039547760704E-4
2.470843068006529E-4
2.472989231687822E-4
2.4751423696853247E-4
2.4773024062099485E-4
2.479469265816965E-4
2.481642873404794E-4
2.4838231542138346E-4
2.4860100338252716E-4
2.48820343815989E-4
2.490403293476896E-4
2.4926095263727577E-4
2.4948220637800023E-4
2.4970408329660817E-4
2.499265761532186E-4
2.5014967774120975E-4
2.50373380887101E-4
2.505976784504403E-4
2.5082256332368733E-4
2.5104802843209893E-4
2.512740667336157E-4
2.515006712187459E-4
2.517278349104545E-4
2.519555508640478E-4
2.5218381216706055E-4
2.5241261193914485E-4
2.5264194333195574E-4
2.528717995290408E-4
2.531021737457267E-4
2.5333305922901E-4
2.535644492574453E-4
2.5379633714103366E-4
2.540287162211138E-4
2.5426157987024957E-4
2.544949214921243E-4
2.547287345214278E-4
2.549630124237486E-4
2.551977486954662E-4
2.5543293686364134E-4
2.5566857048590815E-4
2.559046431503677E-4
2.5614114847547897E-4
2.5637808010995294E-4
2.5661543173264456E-4
2.568531970524481E-4
2.570913698081907E-4
2.5732994376852437E-4
2.5756891273182346E-4
2.5780827052607777E-4
2.5804801100878837E-4
2.582881280668628E-4
2.58528615616512E-4
2.587694676031434E-4
2.590106780012614E-4
2.59252240814361E-4
2.5949415007482684E-4
2.597363998438291E-4
2.5997898421122213E-4
2.6022189729544247E-4
2.6046513324340576E-4
2.607086862304073E-4
2.6095255046001996E-4
2.611967201639939E-4
2.614411896021551E-4
2.616859530623064E-4
2.6193100486012643E-4
2.6217633933907136E-4
2.624219508702749E-4
2.626678338524493E-4
2.6291398271178676E-4
2.6316039190186135E-4
2.634070559035309E-4
2.636539692248384E-4
2.639011264009167E-4
2.6414852199388856E-4
2.6439615059277156E-4
2.646440068133813E-4
2.64892085298235E-4
2.6514038071645546E-4
2.6538888776367553E-4
2.656376011619415E-4
2.658865156596201E-4
2.6613562603130267E-4
2.663849270777102E-4
2.666344136256E-4
2.6688408052767015E-4
2.671339226624681E-4
2.6738393493429534E-4
2.676341122731157E-4
2.678844496344617E-4
2.681349419993421E-4
2.6838558437415E-4
2.6863637179057066E-4
2.6888729930549016E-4
2.691383620009027E-4
2.6938955498382266E-4
2.6964087338618886E-4
2.6989231236477867E-4
2.701438671011151E-4
2.7039553280137804E-4
2.706473046963134E-4
2.708991780411442E-4
2.7115114811548214E-4
2.7140321022323783E-4
2.716553596925324E-4
2.7190759187560804E-4
2.721599021487419E-4
2.7241228591215824E-4
2.726647385899385E-4
2.7291725562993623E-4
2.731698325036885E-4
2.734224647063316E-4
2.736751477565119E-4
2.739278771963013E-4
2.7418064859110997E-4
2.7443345752960245E-4
2.746862996236104E-4
2.7493917050804906E-4
2.7519206584083127E-4
2.754449813027831E-4
2.756979125975595E-4
2.759508554515618E-4
2.7620380561385014E-4
2.764567588560627E-4
2.7670971097233226E-4
2.769626577792036E-4
2.7721559511554835E-4
2.7746851884248455E-4
2.777214248432927E-4
2.7797430902333644E-4
2.78227167309978E-4
2.784799956524975E-4
2.7873279002201283E-4
2.7898554641139637E-4
2.79238260835197E-4
2.794909293295565E-4
2.797435479521328E-4
2.7999611278201655E-4
2.8024861991965346E-4
2.805010654867642E-4
2.8075344562626453E-4
2.8100575650218747E-4
2.8125799429960384E-4
2.8151015522454405E-4
2.81762235503918E-4
2.820142313854406E-4
2.822661391375503E-4
2.8251795504933446E-4
2.8276967543044984E-4
2.830212966110463E-4
2.8327281494169046E-4
2.835242267932889E-4
2.837755285570116E-4
2.840267166442148E-4
2.8427778748636663E-4
2.8452873753497264E-4
2.847795632614958E-4
2.8503026115728593E-4
2.8528082773350376E-4
2.855312595210438E-4
2.857815530704623E-4
2.8603170495190307E-4
2.862817117550219E-4
2.865315700889137E-4
2.867812765820392E-4
2.8703082788215136E-4
2.8728022065622186E-4
2.875294515903694E-4
2.877785173897851E-4
2.8802741477866204E-4
2.88276140500123E-4
2.8852469131614714E-4
2.8877306400749904E-4
2.8902125537365715E-4
2.8926926223274353E-4
2.895170814214507E-4
2.897647097949732E-4
2.900121442269347E-4
2.902593816093203E-4
2.905064188524031E-4
2.907532528846772E-4
2.909998806527862E-4
2.912462991214551E-4
2.914925052734197E-4
2.9173849610935807E-4
2.919842686478226E-4
2.9222981992516956E-4
2.92475146995492E-4
2.927202469305524E-4
2.9296511681971234E-4
2.932097537698668E-4
2.9345415490537484E-4
2.9369831736799474E-4
2.9394223831681534E-4
2.941859149281882E-4
2.944293443956632E-4
2.946725239299199E-4
2.9491545075870383E-4
2.951581221267566E-4
2.954005352957546E-4
2.956426875442395E-4
2.9588457616755605E-4
2.9612619847778457E-4
2.9636755180367677E-4
2.9660863349059046E-4
2.968494409004256E-4
2.970899714115608E-4
2.973302224187867E-4
2.97570191333244E-4
2.9780987558235885E-4
2.980492726097794E-4
2.9828837987531313E-4
2.985271948548626E-4
2.9876571504036366E-4
2.9900393793972095E-4
2.9924186107674745E-4
2.9947948199110025E-4
2.997167982382206E-4
2.9995380738926904E-4
3.0019050703106653E-4
3.004268947660306E-4
3.0066296821211626E-4
3.008987250027519E-4
3.0113416278678096E-4
3.0136927922840034E-4
3.0160407200709985E-4
3.0183853881760015E-4
3.020726773697962E-4
3.0230648538869345E-4
3.0253996061434984E-4
3.027731008018172E-4
3.030059037210801E-4
3.0323836715699675E-4
3.0347048890924124E-4
3.0370226679224323E-4
3.039336986351293E-4
3.041647822816679E-4
3.043955155902049E-4
3.046258964336107E-4
3.048559226992211E-4
3.050855922887772E-4
3.0531490311837175E-4
3.055438531183878E-4
3.0577244023344486E-4
3.060006624223393E-4
3.0622851765799055E-4
3.064560039273812E-4
3.066831192315029E-4
3.069098615852991E-4
3.071362290176092E-4
3.073622195711134E-4
3.075878313022751E-4
3.078130622812876E-4
3.0803791059201747E-4
3.0826237433195076E-4
3.084864516121346E-4
3.087101405571259E-4
3.0893343930493694E-4
3.0915634600697827E-4
3.093788588280059E-4
3.09600975946067E-4
3.0982269555244676E-4
3.1004401585161325E-4
3.102649350611652E-4
3.104854514117772E-4
3.1070556314714885E-4
3.109252685239487E-4
3.111445658117649E-4
3.113634532930493E-4
3.1158192926306874E-4
3.117999920298516E-4
3.1201763991413876E-4
3.122348712493325E-4
3.124516843814527E-4
3.1266807766909316E-4
3.1288404948338645E-4
3.13099598207981E-4
3.1331472223903787E-4
3.135294199852604E-4
3.1374368986798046E-4
3.139575303213345E-4
3.14170939792591E-4
3.143839167427169E-4
3.1459645964733944E-4
3.148085669983266E-4
3.1502023730635507E-4
3.1523146910503153E-4
3.154422609574196E-4
3.1565261146629235E-4
3.1586251929006785E-4
3.1607198316736525E-4
3.162810019544911E-4
3.164895746821505E-4
3.1669770064045733E-4
3.1690537950519623E-4
3.1711261152358257E-4
3.173193977849851E-4
3.1752574061162545E-4
3.177316441168574E-4
3.179371149948535E-4
3.1814216362605275E-4
3.1834680560822586E-4
3.185510638539191E-4
3.187549714315648E-4
3.189585753693813E-4
3.191619416873158E-4
3.1936516197070335E-4
3.1956836184670543E-4
3.197717117660394E-4
3.199754405212313E-4
3.2017985193982817E-4
3.203853451658898E-4
3.2059243887318256E-4
3.208017996252399E-4
3.2101427439738383E-4
3.212309269919785E-4
3.214530777025297E-4
3.2168234511269726E-4
3.21920688360064E-4
3.2217044757037295E-4
3.224343795091345E-4
3.227156848528215E-4
3.230180229160418E-4
3.2334550926277014E-4
3.2370269146717105E-4
3.240944984635209E-4
3.245261595188163E-4
3.2500308994030025E-4
3.255307422254661E-4
3.261144234611692E-4
3.2675908231215496E-4
3.27469071775923E-4
3.2899889242112614E-4
3.3059595677839657E-4
3.3226132749751596E-4
3.3399450093052715E-4
3.357932333743715E-4
3.376534268762055E-4
3.395690885106515E-4
3.415323736204185E-4
3.435337188237387E-4
3.455620649141499E-4
3.476051635281991E-4
3.4964995515849597E-4
3.516830003239164E-4
3.5369094105142416E-4
3.5566096677845E-4
3.575812577184943E-4
3.594413798254386E-4
3.6123260870563084E-4
3.629481649001094E-4
3.645833494324322E-4
3.6613557578155234E-4
3.676043018059269E-4
3.689908719276042E-4
3.7029828547723254E-4
3.7153091104558377E-4
3.7269416872290535E-4
3.73794202188945E-4
3.748375609060691E-4
3.7583090950081614E-4
3.767807772499108E-4
3.77693355924216E-4
3.785743495869261E-4
3.794288757219623E-4
3.8026141360841446E-4
3.8107579335023927E-4
3.8187521747857074E-4
3.826623065111649E-4
3.834391601344612E-4
3.8420742656788184E-4
3.8496837395554683E-4
3.8572295909532293E-4
3.8647189027834176E-4
3.8721568233853284E-4
3.8795470311552726E-4
3.8868921137629153E-4
3.8941938682049253E-4
3.9014535313857367E-4
3.908671952432602E-4
3.91584971804044E-4
3.922987241282773E-4
3.930084822932809E-4
3.9371426927373426E-4
3.9441610365030267E-4
3.951140013429288E-4
3.9580797669238216E-4
3.9649804311829546E-4
3.9718421350949093E-4
3.9786650044967294E-4
3.985449163446083E-4
3.9921947349196127E-4
3.9989018411865475E-4
4.005570604003498E-4
4.012201144713415E-4
4.0187935842947545E-4
4.025348043385378E-4
4.03186464229411E-4
4.038343501006362E-4
4.044784739187038E-4
4.0511884761822034E-4
4.057554831020238E-4
4.063883922412737E-4
4.0701758687553436E-4
4.076430788128527E-4
4.082648798298368E-4
4.0888300167172924E-4
4.094974560524852E-4
4.101082546548487E-4
4.107154091304255E-4
4.1131893109976183E-4
4.1191883215241707E-4
4.125151238470393E-4
4.131078177114398E-4
4.1369692524266955E-4
4.142824579070922E-4
4.1486442714045796E-4
4.1544284434797844E-4
4.1601772090440114E-4
4.165890681540825E-4
4.1715689741106155E-4
4.177212199591347E-4
4.1828204705192693E-4
4.188393899129662E-4
4.1939325973575683E-4
4.19943667683852E-4
4.2049062489092544E-4
4.210341424608452E-4
4.2157423146774555E-4
4.221109029560985E-4
4.226441679407877E-4
4.2317403740717746E-4
4.237005223111875E-4
4.242236335793627E-4
4.2474338210894306E-4
4.252597787679389E-4
4.2577283439519746E-4
4.2628255980047756E-4
4.2678896576451864E-4
4.2729206303911E-4
4.277918623471633E-4
4.2828837438278197E-4
4.2878160981133157E-4
4.292715792695096E-4
4.297582933654142E-4
4.302417626786164E-4
4.307219977602263E-4
4.311990091329642E-4
4.316728072912303E-4
4.3214340270117195E-4
4.326108058007536E-4
4.3307502699982593E-4
4.335360766801939E-4
4.339939651956828E-4
4.344487028722105E-4
4.34900300007852E-4
4.35348766872911E-4
4.3579411370998347E-4
4.3623635073402803E-4
4.366754881324329E-4
4.371115360650815E-4
4.375445046644218E-4
4.3797440403553245E-4
4.3840124425619014E-4
4.388250353769349E-4
4.392457874211379E-4
4.3966351038506626E-4
4.4007821423795094E-4
4.4048990892205325E-4
4.4089860435272775E-4
4.413043104184916E-4
4.4170703698108806E-4
4.4210679387555107E-4
4.4250359091027364E-4
4.4289743786707044E-4
4.432883445012442E-4
4.4367632054164997E-4
4.4406137569075996E-4
4.4444351962472664E-4
4.4482276199345064E-4
4.451991124206413E-4
4.455725805038841E-4
4.459431758147017E-4
4.4631090789862065E-4
4.4667578627523183E-4
4.4703782043825624E-4
4.4739701985560846E-4
4.47753393969459E-4
4.4810695219629825E-4
4.484577039269981E-4
4.4880565852687624E-4
4.491508253357584E-4
4.494932136680403E-4
4.4983283281275046E-4
4.50169692033613E-4
4.505038005691092E-4
4.5083516763253943E-4
4.5116380241208505E-4
4.5148971407087E-4
4.518129117470224E-4
4.5213340455373737E-4
4.5245120157933513E-4
4.527663118873253E-4
4.5307874451646604E-4
4.533885084808261E-4
4.536956127698443E-4
4.540000663483904E-4
4.543018781568272E-4
4.546010571110678E-4
4.54897612102639E-4
4.551915519987382E-4
4.554828856422965E-4
4.557716218520364E-4
4.560577694225306E-4
4.5634133712426473E-4
4.5662233370369256E-4
4.569007678832986E-4
4.571766483616558E-4
4.574499838134846E-4
4.577207828897108E-4
4.5798905421752664E-4
4.582548064004467E-4
4.5851804801836846E-4
4.58778787627628E-4
4.590370337610606E-4
4.5929279492805793E-4
4.5954607961462606E-4
4.5979689628344145E-4
4.6004525337391177E-4
4.6029115930223095E-4
4.6053462246143647E-4
4.6077565122146815E-4
4.610142539292246E-4
4.6125043890861883E-4
4.614842144606371E-4
4.617155888633935E-4
4.6194457037218947E-4
4.6217116721956707E-4
4.6239538761536656E-4
4.6261723974678364E-4
4.62836731778423E-4
4.6305387185235686E-4
4.6326866808817904E-4
4.634811285830622E-4
4.636912614118099E-4
4.638990746269166E-4
4.6410457625862026E-4
4.6430777431495705E-4
4.645086767818186E-4
4.6470729162300517E-4
4.649036267802797E-4
4.6509769017342447E-4
4.652894897002945E-4
4.6547903323687265E-4
4.65666328637322E-4
4.658513837340425E-4
4.6603420633772413E-4
4.6621480423739896E-4
4.6639318520049725E-4
4.6656935697290063E-4
4.6674332727899464E-4
4.669151038217235E-4
4.670846942826405E-4
4.6725210632196613E-4
4.674173475786368E-4
4.675804256703584E-4
4.6774134819366133E-4
4.6790012272395084E-4
4.680567568155608E-4
4.6821125800180477E-4
4.6836363379503047E-4
4.6851389168667024E-4
4.6866203914729273E-4
4.688080836266574E-4
4.68952032553763E-4
4.690938933369014E-4
4.692336733637093E-4
4.6937138000121805E-4
4.6950702059590695E-4
4.6964060247375275E-4
4.69772132940282E-4
4.699016192806206E-4
4.700290687595467E-4
4.701544886215393E-4
4.7027788609083093E-4
4.7039926837145666E-4
4.7051864264730523E-4
4.706360160821681E-4
4.7075139581979225E-4
4.7086478898392706E-4
4.7097620267837724E-4
4.710856439870494E-4
4.71193119974006E-4
4.7129863768350966E-4
4.7140220414007664E-4
4.7150382634852646E-4
4.71603511294027E-4
4.717012659421483E-4
4.717970972389089E-4
4.7189101211082493E-4
4.7198301746496105E-4
4.7207312018897644E-4
4.721613271511732E-4
4.722476452005477E-4
4.723320811668373E-4
4.7241464186056773E-4
4.724953340731018E-4
4.725741645766881E-4
4.726511401245089E-4
4.7272626745072576E-4
4.7279955327053067E-4
4.7287100428019114E-4
4.72940627157098E-4
4.7300842855981364E-4
4.7307441512811735E-4
4.731385934830557E-4
4.732009702269863E-4
4.7326155194362627E-4
4.7332034519809846E-4
4.7337735653697966E-4
4.734325924883448E-4
4.7348605956181486E-4
4.735377642486027E-4
4.7358771302156023E-4
4.736359123352237E-4
4.7368236862586004E-4
4.7372708831151225E-4
4.7377007779204525E-4
4.7381134344919344E-4
4.738508916466038E-4
4.738887287298826E-4
4.739248610266413E-4
4.73959294846541E-4
4.7399203648133657E-4
4.740230922049253E-4
4.7405246827338825E-4
4.740801709250369E-4
4.74106206380457E-4
4.7413058084255425E-4
4.741533004965985E-4
4.7417437151026705E-4
4.7419380003369124E-4
4.7421159219949863E-4
4.7422775412285853E-4
4.742422919015264E-4
4.7425521161588533E-4
4.7426651932899153E-4
4.7427622108661905E-4
4.74284322917301E-4
4.7429083083237646E-4
4.742957508260307E-4
4.7429908887534E-4
4.743008509403134E-4
4.743010429639392E-4
4.742996708722251E-4
4.742967405742402E-4
4.742922579621623E-4
4.742862289113159E-4
4.74278659280217E-4
4.742695549106158E-4
4.742589216275389E-4
4.7424676523933105E-4
4.7423309153769806E-4
4.742179062977485E-4
4.742012152780361E-4
4.741830242206012E-4
4.741633388510133E-4
4.7414216487841326E-4
4.741195079955526E-4
4.740953738788383E-4
4.7406976818837335E-4
4.7404269656799793E-4
4.74014164645335E-4
4.7398417803182945E-4
4.7395274232279647E-4
4.7391986309746936E-4
4.738855459190518E-4
4.7384979633478146E-4
4.738126198760053E-4
4.7377402205828396E-4
4.73734008381538E-4
4.7369258433026143E-4
4.736497553738519E-4
4.7360552696713127E-4
4.735599045511608E-4
4.7351289355454653E-4
4.734644993955049E-4
4.7341472748513313E-4
4.7336358323255115E-4
4.733110720529435E-4
4.732571993800258E-4
4.7320197068523534E-4
4.7314539150701486E-4
4.7308746749511734E-4
4.730282044770504E-4
4.7296760855681304E-4
4.729056862602718E-4
4.7284244474717687E-4
4.7277789211738985E-4
4.7271203784880826E-4
4.726448934173113E-4
4.7257647316530446E-4
4.725067955056292E-4
4.7243588457213066E-4
4.723637724571986E-4
4.722905022098456E-4
4.7221613180466177E-4
4.7214073933063086E-4
4.720644296867189E-4
4.7198734310449685E-4
4.719096658413856E-4
4.718316433944918E-4
4.717535965657794E-4
4.716759406545826E-4
4.7159920795233906E-4
4.7152407355607065E-4
4.714513842920634E-4
4.7138219024264364E-4
4.71317777995301E-4
4.712597042900894E-4
4.712098282431534E-4
4.711703397976083E-4
4.711437815367954E-4
4.7113306054061526E-4
4.7114144663613997E-4
4.7117255325956637E-4
4.712302972805909E-4
4.713188346096211E-4
4.714424692649119E-4
4.7160553484703184E-4
4.7181224904227606E-4
4.7206654380016174E-4
9.065240107263981E-4
9.053449884825406E-4
9.042245108307713E-4
9.031631933818716E-4
9.021604050062683E-4
9.012141362258045E-4
9.003209156629761E-4
8.994757852796583E-4
8.986723423474704E-4
8.979028523160381E-4
8.971584322142489E-4
8.964292992711079E-4
8.957050744956001E-4
8.949751264688625E-4
8.942289370284576E-4
8.934564682537729E-4
8.926485094722152E-4
8.917969840260751E-4
8.908951982241076E-4
8.899380190294897E-4
8.889219722316103E-4
8.878452586242424E-4
8.867076915207131E-4
8.855105642374206E-4
8.842564604992921E-4
8.829490237145346E-4
8.815927025386815E-4
8.801924900779554E-4
8.787536726105158E-4
8.772816011064095E-4
8.757814954685751E-4
8.742582877024306E-4
8.727165065427351E-4
8.711602027595245E-4
8.6959291167827E-4
8.68017647527552E-4
8.66436923110987E-4
8.648527879378483E-4
8.632668782190491E-4
8.616804728802668E-4
8.600945507857127E-4
8.585098455372901E-4
8.569268953736734E-4
8.553460867377556E-4
8.537676909438759E-4
8.521918940297429E-4
8.506188203235883E-4
8.490485505174462E-4
8.474811351476609E-4
8.459166043832326E-4
8.443549749493697E-4
8.427962549001964E-4
8.412404468261209E-4
8.396875499554975E-4
8.381375614975173E-4
8.365904774789273E-4
8.350462932523741E-4
8.335050037974914E-4
8.319666038947248E-4
8.304310882231248E-4
8.288984514139417E-4
8.273686880792185E-4
8.258417928266477E-4
8.243177602670699E-4
8.227965850181532E-4
8.212782617061442E-4
8.197627849666687E-4
8.182501494450847E-4
8.167403497966263E-4
8.152333806864526E-4
8.137292367896589E-4
8.122279127912693E-4
8.107294033862231E-4
8.092337032793583E-4
8.077408071853941E-4
8.062507098289108E-4
8.047634059443353E-4
8.032788902759223E-4
8.017971575777318E-4
8.003182026136183E-4
7.988420201572078E-4
7.973686049918808E-4
7.958979519107557E-4
7.944300557166695E-4
7.929649112221613E-4
7.915025132494532E-4
7.90042856630434E-4
7.885859362066396E-4
7.871317468292367E-4
7.856802833590059E-4
7.842315406663202E-4
7.827855136311322E-4
7.813421971429543E-4
7.799015861008404E-4
7.784636754133703E-4
7.770284599986299E-4
7.75595934784196E-4
7.741660947071187E-4
7.727389347139011E-4
7.713144497604858E-4
7.698926348122343E-4
7.684734848439129E-4
7.670569948396727E-4
7.656431597930342E-4
7.64231974706868E-4
7.628234345933813E-4
7.614175344740962E-4
7.600142693798361E-4
7.586136343507057E-4
7.572156244360777E-4
7.558202346945728E-4
7.544274601940446E-4
7.530372960115594E-4
7.516497372333832E-4
7.502647789549617E-4
7.48882416280908E-4
7.475026443249795E-4
7.461254582100643E-4
7.447508530681661E-4
7.433788240403846E-4
7.420093662768995E-4
7.406424749369572E-4
7.392781451888459E-4
7.37916372209888E-4
7.365571511864194E-4
7.352004773137721E-4
7.338463457962597E-4
7.324947518471597E-4
7.311456906886982E-4
7.297991575520297E-4
7.284551476772261E-4
7.271136563132586E-4
7.257746787179787E-4
7.244382101581036E-4
7.231042459092008E-4
7.217727812556708E-4
7.204438114907319E-4
7.19117331916403E-4
7.177933378434855E-4
7.164718245915516E-4
7.151527874889245E-4
7.138362218726651E-4
7.125221230885525E-4
7.112104864910715E-4
7.099013074433943E-4
7.085945813173646E-4
7.072903034934844E-4
7.059884693608944E-4
7.046890743173586E-4
7.033921137692516E-4
7.020975831315397E-4
7.008054778277664E-4
6.995157932900358E-4
6.982285249589972E-4
6.969436682838301E-4
6.956612187222288E-4
6.943811717403829E-4
6.931035228129676E-4
6.918282674231235E-4
6.905554010624425E-4
6.892849192309534E-4
6.880168174371037E-4
6.867510911977481E-4
6.854877360381285E-4
6.842267474918607E-4
6.829681211009213E-4
6.817118524156273E-4
6.804579369946255E-4
6.79206370404873E-4
6.779571482216261E-4
6.76710266028421E-4
6.754657194170631E-4
6.742235039876064E-4
6.729836153483426E-4
6.717460491157842E-4
6.705108009146481E-4
6.692778663778443E-4
6.680472411464575E-4
6.668189208697325E-4
6.655929012050592E-4
6.643691778179596E-4
6.631477463820704E-4
6.61928602579128E-4
6.607117420989571E-4
6.594971606394511E-4
6.582848539065597E-4
6.570748176142736E-4
6.558670474846092E-4
6.546615392475965E-4
6.534582886412605E-4
6.522572914116078E-4
6.510585433126142E-4
6.498620401062063E-4
6.486677775622498E-4
6.474757514585327E-4
6.462859575807514E-4
6.450983917224978E-4
6.439130496852434E-4
6.427299272783224E-4
6.415490203189231E-4
6.403703246320663E-4
6.391938360505978E-4
6.380195504151669E-4
6.368474635742191E-4
6.35677571383975E-4
6.345098697084229E-4
6.333443544192988E-4
6.321810213960753E-4
6.310198665259433E-4
6.298608857038036E-4
6.287040748322494E-4
6.275494298215518E-4
6.263969465896468E-4
6.25246621062119E-4
6.24098449172192E-4
6.229524268607091E-4
6.218085500761214E-4
6.206668147744766E-4
6.195272169194011E-4
6.18389752482086E-4
6.172544174412748E-4
6.161212077832499E-4
6.149901195018173E-4
6.138611485982941E-4
6.127342910814931E-4
6.116095429677097E-4
6.10486900280708E-4
6.093663590517068E-4
6.082479153193667E-4
6.07131565129776E-4
6.06017304536436E-4
6.04905129600248E-4
6.037950363895005E-4
6.026870209798553E-4
6.01581079454332E-4
6.004772079032955E-4
5.993754024244443E-4
5.982756591227946E-4
5.971779741106672E-4
5.960823435076745E-4
5.949887634407072E-4
5.938972300439213E-4
5.928077394587224E-4
5.917202878337546E-4
5.90634871324887E-4
5.895514860951983E-4
5.884701283149662E-4
5.873907941616528E-4
5.8631347981989E-4
5.852381814814699E-4
5.841648953453269E-4
5.830936176175291E-4
5.820243445112598E-4
5.809570722468101E-4
5.798917970515632E-4
5.788285151599804E-4
5.777672228135873E-4
5.767079162609643E-4
5.756505917577333E-4
5.745952455665373E-4
5.735418739570385E-4
5.724904732058984E-4
5.714410395967647E-4
5.703935694202604E-4
5.693480589739719E-4
5.683045045624345E-4
5.672629024971185E-4
5.66223249096418E-4
5.651855406856395E-4
5.641497735969869E-4
5.631159441695466E-4
5.620840487492808E-4
5.61054083689009E-4
5.600260453483991E-4
5.589999300939521E-4
5.57975734298994E-4
5.569534543436548E-4
5.559330866148644E-4
5.54914627506336E-4
5.538980734185557E-4
5.528834207587646E-4
5.518706659409535E-4
5.508598053858452E-4
5.498508355208853E-4
5.488437527802283E-4
5.478385536047237E-4
5.468352344419058E-4
5.458337917459826E-4
5.448342219778199E-4
5.438365216049304E-4
5.428406871014613E-4
5.418467149481834E-4
5.408546016324781E-4
5.398643436483237E-4
5.388759374962862E-4
5.378893796835016E-4
5.369046667236721E-4
5.359217951370459E-4
5.349407614504099E-4
5.339615621970746E-4
5.329841939168651E-4
5.32008653156107E-4
5.310349364676154E-4
5.300630404106801E-4
5.290929615510589E-4
5.281246964609615E-4
5.271582417190378E-4
5.261935939103673E-4
5.252307496264458E-4
5.242697054651757E-4
5.233104580308523E-4
5.223530039341531E-4
5.213973397921235E-4
5.204434622281694E-4
5.194913678720415E-4
5.185410533598239E-4
5.175925153339254E-4
5.166457504430646E-4
5.1570075534226E-4
5.147575266928174E-4
5.138160611623191E-4
5.128763554246101E-4
5.119384061597901E-4
5.110022100541997E-4
5.100677638004066E-4
5.091350640971996E-4
5.082041076495732E-4
5.072748911687161E-4
5.063474113719999E-4
5.054216649829705E-4
5.044976487313322E-4
5.035753593529402E-4
5.026547935897873E-4
5.017359481899906E-4
5.008188199077863E-4
4.99903405503511E-4
4.989897017435932E-4
4.980777054005457E-4
4.971674132529493E-4
4.962588220854449E-4
4.953519286887206E-4
4.944467298595035E-4
4.935432224005462E-4
4.926414031206211E-4
4.917412688345122E-4
4.908428163630093E-4
4.89946042532908E-4
4.890509441770174E-4
4.881575181341797E-4
4.872657612493156E-4
4.863756703734976E-4
4.854872423640899E-4
4.8460047408497876E-4
4.8371536240695347E-4
4.828319042083432E-4
4.8195009637603013E-4
4.810699358070819E-4
4.801914194113285E-4
4.79314544115422E-4
4.7843930686912884E-4
4.7756570465505045E-4
4.7669373450346357E-4
4.758233935147849E-4
4.749546788932801E-4
4.740875879971574E-4
4.7322211841233796E-4
4.723582680600292E-4
4.714960353520944E-4
4.7063541941319917E-4
4.6977642039524014E-4
4.68919039917755E-4
4.680632816782251E-4
4.672091522885534E-4
4.6635666240862195E-4
4.6550582826458334E-4
4.6465667365798755E-4
4.6380923259121384E-4
4.629635526535848E-4
4.621196993290318E-4
4.6127776139752246E-4
4.604378576050444E-4
4.5960014476651497E-4
4.5876482743744204E-4
4.579321692380475E-4
4.5710250583253854E-4
4.562762594514213E-4
4.5545395469302904E-4
4.5463623515105E-4
4.5382388019076246E-4
4.53017820945646E-4
4.52219154341578E-4
4.5142915369779667E-4
4.506492742284193E-4
4.498811516074625E-4
4.4912659169956646E-4
4.483875496345849E-4
4.4766609665030695E-4
4.4696437356952845E-4
4.462845304277988E-4
4.456286526205305E-4
0.25142904744992656
