2.0249757038484097E-7
4.109919237562835E-7
6.251705580282521E-7
8.444536712719087E-7
1.0680556448654176E-6
1.295071870933846E-6
1.5245767798674565E-6
1.7557168638940755E-6
1.9877840360472085E-6
2.220259425636763E-6
2.452824391447828E-6
2.6853423193556944E-6
2.917819919534513E-6
3.15035912573527E-6
3.3831101242531804E-6
3.616233184612086E-6
3.84987304724872E-6
4.084145919645913E-6
4.3191365504539644E-6
4.554901728902071E-6
4.791476703846779E-6
5.028881932830218E-6
5.267128709952331E-6
5.506223183629639E-6
5.7461688833110365E-6
5.98696813609139E-6
6.228622777766536E-6
6.471134472297123E-6
6.7145048398887655E-6
6.958735502620927E-6
7.2038280988863866E-6
7.449784287556209E-6
7.696605749235626E-6
7.944294186827069E-6
8.19285132596024E-6
8.442278915405523E-6
8.692578727489387E-6
8.9437525585145E-6
9.195802229184516E-6
9.448729585033943E-6
9.702536496863261E-6
9.957224861179855E-6
1.0212796600645914E-5
1.0469253664535473E-5
1.0726598029205082E-5
1.0984831698587064E-5
1.1243956704723137E-5
1.1503975108373216E-5
1.1764888999766757E-5
1.2026700499625717E-5
1.228941176070235E-5
1.2553024970284566E-5
1.2817542354499857E-5
1.3082966185919675E-5
1.3349298797139797E-5
1.3616542605027243E-5
1.3884700153725395E-5
1.4153774190140993E-5
1.4423767794780988E-5
1.4694684605343976E-5
1.4966529193060807E-5
1.5239307686033938E-5
1.5513028784389537E-5
1.5787705384489215E-5
1.6063357129731707E-5
1.6340014338887712E-5
1.6617723931999596E-5
1.689655817519909E-5
1.7176627285310066E-5
1.745809714228064E-5
1.774121349888436E-5
1.8026334070883187E-5
1.8313969624782798E-5
1.8604834517339262E-5
1.8899905936264777E-5
1.9200489225693535E-5
1.9508284109927716E-5
1.98254434545048E-5
2.0154612738143682E-5
2.049893523560661E-5
2.0862005893794866E-5
2.1247757099125832E-5
2.1660263100703265E-5
2.210345763821184E-5
2.258077156633596E-5
2.3094713196930393E-5
2.3646431643600156E-5
2.4235319319217285E-5
2.485871969825342E-5
2.5511806283111745E-5
2.5985187787674434E-5
2.6466756063501232E-5
2.6947088068635678E-5
2.7416671369262857E-5
2.7866700283041455E-5
2.828981648771733E-5
2.8680687522076932E-5
2.9036340226484468E-5
2.9356207342103313E-5
2.9641895541183612E-5
2.9896730708444882E-5
3.0125170391670263E-5
3.03321866746367E-5
3.052271371317494E-5
3.070122720452658E-5
3.087148680306783E-5
3.103643694309406E-5
3.1198234885582516E-5
3.135836135259897E-5
3.151776868557244E-5
3.167703047367034E-5
3.183646995277924E-5
3.199625751126883E-5
3.2156477377603615E-5
3.2317169025909015E-5
3.247835058377095E-5
3.26400308797916E-5
3.280221507529208E-5
3.296490704504693E-5
3.3128110281846045E-5
3.329182820294447E-5
3.345606424179414E-5
3.3620821872171183E-5
3.378610461389711E-5
3.395191603431214E-5
3.4118259748942645E-5
3.42851394220521E-5
3.445255876718418E-5
3.462052154771121E-5
3.4789031577388675E-5
3.495809272091684E-5
3.512770889450926E-5
3.5297884066469436E-5
3.546862225777829E-5
3.5639927542696094E-5
3.581180404938876E-5
3.5984255960595255E-5
3.615728751437182E-5
3.6330903004979635E-5
3.650510678404369E-5
3.667990326222494E-5
3.6855296911854E-5
3.703129227135078E-5
3.720789395292319E-5
3.738510665621095E-5
3.756293519257044E-5
3.7741384528143834E-5
3.7920459859624226E-5
3.810016674609235E-5
3.828051133555361E-5
3.846150074887785E-5
3.8643143721033876E-5
3.882545165561053E-5
3.900844033108429E-5
3.919213261505962E-5
3.937656270544589E-5
3.956178263391279E-5
3.974787204154402E-5
3.993495256471724E-5
4.0123208529768535E-5
4.0312916000924806E-5
4.0504482473852344E-5
4.069849952751604E-5
4.089581035995604E-5
4.109759311506835E-5
4.1305459014040385E-5
4.152156132383171E-5
4.1748707023700654E-5
4.1990457785154886E-5
4.225120101591208E-5
4.253616613320559E-5
4.2851357309869626E-5
4.3203373468092335E-5
4.35990912236324E-5
4.404519845000214E-5
4.4547585854641233E-5
4.5110630545409024E-5
4.5736435971648266E-5
4.6424121512146334E-5
4.716927523436943E-5
4.7963687369356686E-5
4.879546375863869E-5
4.964957566971629E-5
5.050883839621483E-5
5.135523582931177E-5
5.2171436857877366E-5
5.29422992987006E-5
5.365614285987769E-5
5.430560190050873E-5
5.488793836661034E-5
5.5404791171436233E-5
5.586143853538211E-5
5.626573068240508E-5
5.662689327103285E-5
5.6954399206739345E-5
5.725706297555766E-5
5.754244280687873E-5
5.781656219967464E-5
5.808390222577618E-5
5.8347581036618994E-5
5.86096293492372E-5
5.887128461537554E-5
5.9133252054767274E-5
5.9395907674628496E-5
5.965943973770865E-5
5.992393796131756E-5
6.0189444611718315E-5
6.045598110527117E-5
6.072356057066086E-5
6.099219320818991E-5
6.126188834295429E-5
6.153265512569883E-5
6.18045027440905E-5
6.207744047867875E-5
6.235147771628084E-5
6.262662395347894E-5
6.290288879822775E-5
6.318028197118374E-5
6.345881330700947E-5
6.373849275568365E-5
6.4019330383817E-5
6.430133637597406E-5
6.458452103599961E-5
6.48688947883492E-5
6.515446817942557E-5
6.544125187892359E-5
6.572925668119108E-5
6.60184935066233E-5
6.630897340312385E-5
6.660070754770262E-5
6.689370724834235E-5
6.718798394639367E-5
6.748354921998364E-5
6.77804147893495E-5
6.807859252577134E-5
6.837809446714553E-5
6.867893284564376E-5
6.898112013705632E-5
6.928466914849995E-5
6.958959317299926E-5
6.989590625888697E-5
7.020362367324752E-5
7.05127626879447E-5
7.082334389277031E-5
7.113539335449602E-5
7.144894610771452E-5
7.176405170034633E-5
7.208078284107982E-5
7.239924862168484E-5
7.271961431720823E-5
7.304213038276925E-5
7.33671739110224E-5
7.36953063771729E-5
7.402735179068899E-5
7.436449911581817E-5
7.470843164668609E-5
7.50614834921823E-5
7.542681900904867E-5
7.580862461110155E-5
7.621229387358872E-5
7.664457676176841E-5
7.711365339969271E-5
7.762908419841384E-5
7.820158436562272E-5
7.88425753204518E-5
7.95634816586996E-5
8.037477214442228E-5
8.128478633960476E-5
8.229844087603096E-5
8.341596275352161E-5
8.463183942653723E-5
8.593419303045347E-5
8.73047666533597E-5
8.871964753226807E-5
9.015074845015943E-5
9.156793903842505E-5
9.294158824611782E-5
9.424517865475919E-5
9.545761103074686E-5
9.656485072893065E-5
9.756067535276283E-5
9.844644431411126E-5
9.922998869561772E-5
9.99238714455559E-5
1.0054335770879211E-4
1.0110444506672238E-4
1.0162223842552433E-4
1.0210983907073627E-4
1.0257778753984974E-4
1.030339896422958E-4
1.0348398680193135E-4
1.0393141215928328E-4
1.0437849398400006E-4
1.0482651075367189E-4
1.0527614961206857E-4
1.0572775856282068E-4
1.0618150671928874E-4
1.0663747669434349E-4
1.0709571296935074E-4
1.0755624484764643E-4
1.0801909628952339E-4
1.0848428969503054E-4
1.0895184720018358E-4
1.094217910693738E-4
1.0989414379997811E-4
1.1036892814772538E-4
1.1084616713348861E-4
1.1132588404639255E-4
1.1180810244624017E-4
1.1229284616573104E-4
1.1278013931252694E-4
1.1327000627116347E-4
1.1376247170480677E-4
1.1425756055685096E-4
1.1475529805235653E-4
1.1525570969932706E-4
1.1575882128982902E-4
1.1626465890095879E-4
1.1677324889567547E-4
1.1728461792353164E-4
1.1779879292137418E-4
1.1831580111415232E-4
1.1883567001610398E-4
1.1935842743284073E-4
1.1988410146531368E-4
1.2041272051750193E-4
1.2094431331120898E-4
1.2147890891412766E-4
1.2201653679220032E-4
1.22557226905728E-4
1.2310100988301002E-4
1.2364791732921777E-4
1.2419798236738578E-4
1.247512405712545E-4
1.2530773154830448E-4
1.2586750158232677E-4
1.2643060797004092E-4
1.2699712601218886E-4
1.275671600755726E-4
1.2814086075575175E-4
1.2871845095592375E-4
1.2930026464367186E-4
1.2988680309127657E-4
1.3047881440425937E-4
1.3107740284006323E-4
1.3168417441368496E-4
1.323014240229551E-4
1.3293236611483923E-4
1.335814050228486E-4
1.3425443192853538E-4
1.3495912272696868E-4
1.3570519544355158E-4
1.3650456891712076E-4
1.3737134930463937E-4
1.3832156210215064E-4
1.393725503973425E-4
1.4054198062109476E-4
1.4184643925601283E-4
1.432996683092614E-4
1.4491056879028537E-4
1.466811881029622E-4
1.4860498057617502E-4
1.5066566853266631E-4
1.5283701323467577E-4
1.550837179249631E-4
1.5736353067512758E-4
1.5963041312853555E-4
1.618384305120644E-4
1.6394584731485506E-4
1.6591882909039853E-4
1.6773418512003934E-4
1.6938074223203577E-4
1.70859187219669E-4
1.7218049738171925E-4
1.7336332744811818E-4
1.7443087702590133E-4
1.754077931405607E-4
1.7631757115192686E-4
1.7718074112380123E-4
1.780139214575621E-4
1.7882964275412323E-4
1.7963673061724726E-4
1.8044099869464296E-4
1.8124603069386713E-4
1.8205389577363918E-4
1.8286571652780412E-4
1.8368207095028081E-4
1.8450324904521333E-4
1.8532940133789995E-4
1.861606168725499E-4
1.8699696032247208E-4
1.8783848792082287E-4
1.8868525359094145E-4
1.8953731103950512E-4
1.9039471437864988E-4
1.912575182783406E-4
1.921257779887585E-4
1.929995493317604E-4
1.9387888868579837E-4
1.9476385296926136E-4
1.9565449962306137E-4
1.9655088659259543E-4
1.9745307230912724E-4
1.9836111567062402E-4
1.9927507602208376E-4
2.0019501313538445E-4
2.0112098718869456E-4
2.0205305874547436E-4
2.029912887331125E-4
2.039357384212382E-4
2.048864693997791E-4
2.0584354355686002E-4
2.0680702305671082E-4
2.0777697031788844E-4
2.0875344799237895E-4
2.097365189466418E-4
2.1072624624658614E-4
2.1172269315017855E-4
2.1272592311447652E-4
2.137359998294159E-4
2.1475298730038163E-4
2.1577695001835098E-4
2.168079532847881E-4
2.1784606380565404E-4
2.18891350745747E-4
2.1994388755696678E-4
2.2100375508441716E-4
2.2207104674252577E-4
2.2314587697744602E-4
2.2422839483564428E-4
2.2531880528551634E-4
2.2641740202082998E-4
2.2752461681075834E-4
2.286410919856945E-4
2.2976778418818235E-4
2.3090610874301594E-4
2.3205813437142124E-4
2.3322683671616568E-4
2.3441641526524785E-4
2.3563267065682076E-4
2.3688342702746145E-4
2.3817896652963193E-4
2.3953242089192118E-4
2.409600400014273E-4
2.4248123408427815E-4
2.4411827049755703E-4
2.458955065361592E-4
2.4783806455734814E-4
2.499699118607174E-4
2.523113970250967E-4
2.5487641832029894E-4
2.576695042012252E-4
2.606832217344861E-4
2.638963860880381E-4
2.6727353046897745E-4
2.7076598207555983E-4
2.743146751190653E-4
2.7785454332384367E-4
2.8132002495330537E-4
2.8465095425564874E-4
2.8779797505582195E-4
2.90726644106011E-4
2.9341960260773314E-4
2.9587654468513086E-4
2.981121211234717E-4
3.001522856818425E-4
3.0202983053724726E-4
3.0377991567168816E-4
3.054362758517068E-4
3.0702853931525407E-4
3.085807949339172E-4
3.1011128125985895E-4
3.116328991219329E-4
3.131541893068051E-4
3.1468045248492574E-4
3.162147817867507E-4
3.177588867998121E-4
3.193136788644994E-4
3.2087964576520584E-4
3.224570690384909E-4
3.2404613826713714E-4
3.256470054849683E-4
3.2725980849678145E-4
3.2888467979262957E-4
3.3052174952287054E-4
3.3217114631034787E-4
3.338329973752284E-4
3.3550742847367605E-4
3.371945637965033E-4
3.3889452586368686E-4
3.406074354219202E-4
3.423334113462686E-4
3.440725705459573E-4
3.458250278742158E-4
3.475908960420687E-4
3.493702855359936E-4
3.511633045393382E-4
3.529700588574232E-4
3.547906518462299E-4
3.566251843446071E-4
3.584737546099119E-4
3.603364582570475E-4
3.6221338820087846E-4
3.641046346020743E-4
3.660102848165954E-4
3.6793042334927044E-4
3.6986513181246566E-4
3.7181448889180544E-4
3.737785703227351E-4
3.7575744888505765E-4
3.7775119442864816E-4
3.7975987395429903E-4
3.817835517924694E-4
3.838222899550188E-4
3.8587614878934115E-4
3.8794518815393975E-4
3.9002946947900994E-4
3.9212905930313923E-4
3.942440352262724E-4
3.9637449573919753E-4
3.985205761399802E-4
4.006824737900272E-4
4.0286048734728216E-4
4.05055076354954E-4
4.072669495967174E-4
4.094971927548256E-4
4.117474477233309E-4
4.1402015675726686E-4
4.163188834792788E-4
4.186487183037269E-4
4.2101676656769715E-4
4.234327021611839E-4
4.259093468821034E-4
4.2846320651794973E-4
4.311148612331581E-4
4.3388907542796055E-4
4.368144690911124E-4
4.399225896141287E-4
4.4324625179307804E-4
4.4681708397369455E-4
4.506633218745111E-4
4.548050537830939E-4
4.592503368251222E-4
4.6399169024534783E-4
4.69003594446581E-4
4.742416172134558E-4
4.7964364789621994E-4
4.8513344282417783E-4
4.906263037618802E-4
4.96036295544336E-4
5.012840538222734E-4
5.063040354388121E-4
5.110500911298963E-4
5.154985086503294E-4
5.196481347544638E-4
5.235177309571021E-4
5.271412170361324E-4
5.305617863505079E-4
5.338259664788089E-4
5.369785463844565E-4
5.400589634339723E-4
5.430993472973274E-4
5.461240632830376E-4
5.491503637404257E-4
5.521896712971399E-4
5.552490619213025E-4
5.583326386109929E-4
5.614426309344925E-4
5.645801778766332E-4
5.677458300458799E-4
5.70939841602398E-4
5.741623242932274E-4
5.77413321207145E-4
5.806928388109475E-4
5.840008596283566E-4
5.873373469238972E-4
5.907022464637729E-4
5.94095487336782E-4
5.975169825093022E-4
6.009666293111379E-4
6.044443099007883E-4
6.079498917200505E-4
6.11483227939694E-4
6.150441578964894E-4
6.186325075217835E-4
6.222480897617258E-4
6.258907049892963E-4
6.295601414082557E-4
6.332561754491587E-4
6.369785721575512E-4
6.407270855744912E-4
6.445014591095248E-4
6.483014259062788E-4
6.521267092008489E-4
6.559770226732311E-4
6.598520707921906E-4
6.637515491542028E-4
6.67675144817635E-4
6.716225366343105E-4
6.755933955824513E-4
6.795873851084534E-4
6.836041614912583E-4
6.876433742544174E-4
6.917046666709911E-4
6.957876764411542E-4
6.99892036681486E-4
7.040173774632433E-4
7.081633282971634E-4
7.123295222170167E-4
7.165156025085437E-4
7.207212337238082E-4
7.249461194853012E-4
7.291900307970159E-4
7.334528502088944E-4
7.377346392540682E-4
7.420357390351486E-4
7.463569164602696E-4
7.506995709638407E-4
7.550660178018488E-4
7.594598629992472E-4
7.638864801620091E-4
7.683535887963648E-4
7.728719157104496E-4
7.774558943547498E-4
7.821243218971328E-4
7.869008531791358E-4
7.918141705572392E-4
7.968976388663558E-4
8.021882484811087E-4
8.077246811490005E-4
8.136737353931682E-4
8.200639104912782E-4
8.269143029945507E-4
8.342299122310442E-4
8.419973632012495E-4
8.501818076165487E-4
8.587257621572184E-4
8.675504795359712E-4
8.765601166296004E-4
8.856485031850651E-4
8.947078082246685E-4
9.03637964425752E-4
9.123554616597571E-4
9.208001450963876E-4
9.289389720152421E-4
9.367662365016681E-4
9.443004347704033E-4
9.515785531716111E-4
9.586489670828721E-4
9.655642530010438E-4
9.72375035483221E-4
9.791255947098998E-4
9.858514795092676E-4
9.925789391529672E-4
9.993257015269556E-4
0.0010061025206812282
0.0010129149693855388
0.0010197651009050963
0.0010266527794262075
0.001033576627035721
0.0010405346307063989
0.0010475244944895448
0.0010545438246400282
0.0010615902175040597
0.0010686612969025748
0.0010757547281014738
0.001082868222128759
0.0010899995365776993
0.00109714647529473
0.0011043068877666883
0.0011114786684448868
0.0011186597560643304
0.0011258481329697863
0.0011330418244504797
0.001140238898083551
0.0011474374630861565
0.0011546356696761286
0.0011618317084410876
0.0011690238097159032
0.0011762102429684047
0.0011833893161932421
0.0011905593753138105
0.0011977188035921444
0.0012048660210467205
0.0012119994838781334
0.0012191176839026487
0.0012262191479938107
0.0012333024375324783
0.0012403661478661658
0.0012474089077795009
0.0012544293789793558
0.0012614262556015206
0.001268398263751883
0.001275344161106086
0.0012822627366113027
0.0012891528103680173
0.0012960132338284767
0.001302842890546933
0.0013096406978782258
0.0013164056102796017
0.0013231366252731392
0.0013298327937354417
0.001336493237073839
0.0013431171751085288
0.0013497039701827218
0.0013562531952035894
0.0013627647359199556
0.001369238940550642
0.0013756768324163634
0.001382080402672483
0.0013884529993350887
0.0013947998238526746
0.0014011285355143403
0.001407449945063208
0.0014137787507185761
0.0014201342326644916
0.0014265407787954654
0.0014330280715556443
0.0014396307335577277
0.0014463872223404186
0.001470259021541366
0.0014939740620521537
0.0015175718912399715
0.0015410819085367317
0.0015645184052777883
0.0015878760573640636
0.0016111266810780091
0.0016342180585187356
0.001657075461978573
0.001679606150415379
0.0017017066179764967
0.0017232718348067705
0.0017442052577051489
0.0017644281286295672
0.0017838866127444248
0.0018025556752840036
0.0018204391935463088
0.0018375665087179674
0.001853986267737885
0.0018697588302225843
0.0018849486271640009
0.0018996176566485187
0.001913820874483554
0.0019276037242210158
0.0019410015944899453
0.0019540406928429646
0.001966739719919567
0.0019791117884009153
0.001991166191836456
0.0020029098152040195
0.0020143481359285306
0.002025485864075152
0.002036327313342871
0.002046876596178207
0.002057137716841518
0.002067114611617752
0.0020768111645835217
0.0020862312133141463
0.002095378550928746
0.00210425692696619
0.0021128700479362394
0.002121221577791515
0.002129315138380507
0.0021371543098938853
0.0021447426313060372
0.002152083600812132
0.002159180676260776
0.0021660372755822562
0.002172656777212506
0.0021790425205127375
0.00218519780618483
0.0021911258966825446
0.002196830016618553
0.0022023133531673704
0.002207579056464243
0.002212630240000074
0.002217469981012527
0.002222101320873537
0.00222652726547363
0.002230750785603921
0.002234774817337322
0.0022386022624119534
0.0022422359886225124
0.002245678830230334
0.0022489335884119653
0.0022520030317825395
0.0022548898970586573
0.002257596889974793
0.0022601266866498233
0.0022624819357361966
0.0022646652619020716
0.002266679271536967
0.0022685265620870807
0.0022702097371827914
0.0022717314307892575
0.0022730943450548365
0.002274301308379907
0.002275355362430603
0.002276259889187639
0.0022770187912393874
0.002277636739688115
0.0022781195031605548
0.0022784743670559156
0.002278710642638357
0.002278840249256272
0.002278878328807852
0.002278843819883779
0.00227875988236705
0.002278654027287093
0.002278557780483627
0.0044926014719743595
0.0044586277127126135
0.00442515098836368
0.004392192742704214
0.004359765369614602
0.004327868368538631
0.004296485017837115
0.004265580214640021
0.004235100096039154
0.004204973882246486
0.004175118071054647
0.004145442706601927
0.004115859022726969
0.004086287422470381
0.004056664596611481
0.004026948666993659
0.003997121567330884
0.003967188380539772
0.003937173918979631
0.003907117323058801
0.0038770657465715306
0.0038470682336753754
0.00381717068704316
0.003787412459600491
0.003757824688609024
0.003728430141120887
0.0036992441263226407
0.0036702759718984083
0.0036415306294326657
0.0036130101121761918
0.0035847146191033377
0.003556643320393105
0.0035287948532704352
0.0035011676059860195
0.0034737598654620014
0.0034465698868255466
0.0034195959229269177
0.003392836235535613
0.00336628909906656
0.0033399528016128956
0.0033138256451286357
0.0032879059453801225
0.0032621920318447206
0.0032366822476002015
0.003211374949213492
0.0031862685066301705
0.0031613613030648394
0.003136651734892434
0.003112138211540387
0.0030878191553816887
0.0030636930016288266
0.0030397581982285937
0.003016013205757768
0.002992456497319648
0.0029690865584414343
0.002945901886972494
0.0029229009929835166
0.0029000823986665434
0.002877444638236081
0.0028549862578314054
0.002832705815420517
0.002810601880706584
0.002788673035038444
0.002766917871328293
0.0027453349939823572
0.002723923018855322
0.0027026805732481983
0.0026816062959847055
0.0026606988376278993
0.0026399568609433723
0.0026193790417883334
0.0025989640707228213
0.002578710655820887
0.002558617527434006
0.0025386834460591513
0.0025189072150260576
0.0024992877004720274
0.0024798238620278887
0.0024605147987614446
0.0024413598161043466
0.0024223585204969536
0.00240351094893752
0.002384817739944561
0.0023662803498833455
0.002347901313312382
0.002329684537179605
0.0023116356058984744
0.0022937620578680614
0.002276073575381116
0.002258582012197376
0.2919493958214784
