2.4197608948651847E-7
4.913268671372907E-7
7.477922288394616E-7
1.0107500492361317E-6
1.279281983685677E-6
1.5522801217241439E-6
1.8285764974642314E-6
2.1070725216049288E-6
2.386845859115444E-6
2.6672181263660787E-6
2.9477763611147226E-6
3.228351735214337E-6
3.508967464141675E-6
3.789772195391921E-6
4.070974718787398E-6
4.352791592431213E-6
4.635413199514272E-6
4.918987991329363E-6
5.2036207672951496E-6
5.489379328774194E-6
5.7763043361891345E-6
6.064418807137503E-6
6.353735500738312E-6
6.644261830713671E-6
6.936002725595246E-6
7.228962097640705E-6
7.5231435090637115E-6
7.818550438024793E-6
8.115186371603622E-6
8.413054834200254E-6
8.712159395345988E-6
9.012503672001243E-6
9.314091329650657E-6
9.616926083199544E-6
9.92101169785683E-6
1.0226351990032314E-5
1.0532950828257087E-5
1.0840812134140362E-5
1.1149939883389016E-5
1.1460338106942128E-5
1.1772010892322245E-5
1.2084962385399903E-5
1.2399196792944851E-5
1.271471838666456E-5
1.3031531510023368E-5
1.3349640590196889E-5
1.36690501593766E-5
1.3989764892852074E-5
1.4311789676734092E-5
1.4635129727205154E-5
1.4959790797848695E-5
1.528577953490971E-5
1.5613104076479603E-5
1.5941775046178653E-5
1.6271807171952108E-5
1.660322187414213E-5
1.6936051321984936E-5
1.7270344659674646E-5
1.760617735144657E-5
1.7943664876956613E-5
1.8282982290732246E-5
1.862439138044874E-5
1.8968277217716087E-5
1.9315195647912446E-5
1.9665932528622917E-5
2.0021574095614577E-5
2.0383585529527416E-5
2.0753891526283498E-5
2.1134948537812604E-5
2.1529793740309614E-5
2.194205148430222E-5
2.2375875179907628E-5
2.283580279769843E-5
2.332650902605594E-5
2.3852447870423956E-5
2.441739642773182E-5
2.5023932513636158E-5
2.5672902623482143E-5
2.636295733957228E-5
2.7090242530827195E-5
2.7606354432144563E-5
2.8137125126769553E-5
2.8672254787909476E-5
2.9200847891539584E-5
2.9712366835130675E-5
3.0197589432052953E-5
3.0649425150582E-5
3.106346235283695E-5
3.1438164744895514E-5
3.1774700320971215E-5
3.2076454802697696E-5
3.234833684187374E-5
3.259601063741525E-5
3.2825187607892985E-5
3.3041076345827586E-5
3.3248040963524704E-5
3.34494671640835E-5
3.364779613005031E-5
3.384466603579191E-5
3.404109999842739E-5
3.423769228201543E-5
3.443476373498583E-5
3.4632475662325184E-5
3.4830904285680235E-5
3.503008450403355E-5
3.5230033046018334E-5
3.5430759476021404E-5
3.563227087343515E-5
3.5834573599011804E-5
3.603767388110052E-5
3.6241577984717935E-5
3.6446292253592105E-5
3.665182311950246E-5
3.685817710469444E-5
3.706536082314483E-5
3.727338098170199E-5
3.7482244381241275E-5
3.769195791786092E-5
3.790252858414639E-5
3.811396347055701E-5
3.832626976704021E-5
3.8539454765073436E-5
3.875352586051549E-5
3.89684905579765E-5
3.918435647801761E-5
3.940113136955924E-5
3.961882313176311E-5
3.9837439852910576E-5
4.005698987935423E-5
4.027748193689885E-5
4.0498925342199936E-5
4.072133036626812E-5
4.094470885072924E-5
4.116907523680789E-5
4.1394448255929686E-5
4.162085366045447E-5
4.1848328556012695E-5
4.207692814575233E-5
4.230673602043875E-5
4.253787952616647E-5
4.2770552194210495E-5
4.300504567510862E-5
4.3241793985517126E-5
4.348143299532446E-5
4.372487772736538E-5
4.397341891942708E-5
4.4228838074869686E-5
4.449353659351604E-5
4.477066934722544E-5
4.5064266343578256E-5
4.537931846317448E-5
4.572179583959623E-5
4.609856215649005E-5
4.651714745327369E-5
4.698534870424955E-5
4.751064379815808E-5
4.809943157751178E-5
4.8756146888656436E-5
4.948234052377696E-5
5.0275851506126354E-5
5.113022289494551E-5
5.203451135455821E-5
5.2973607222186E-5
5.392911423520055E-5
5.488074405477048E-5
5.580807740340472E-5
5.6692454977985624E-5
5.751871218647227E-5
5.827648029216396E-5
5.896084705952347E-5
5.957228954922873E-5
6.011593219756784E-5
6.0600309152862946E-5
6.103588902145849E-5
6.143363467101067E-5
6.180382216874471E-5
6.215525115154774E-5
6.249487414078366E-5
6.282778409305863E-5
6.315744718851272E-5
6.348605616754491E-5
6.381489999899751E-5
6.414468275666461E-5
6.44757627500147E-5
6.480831176590818E-5
6.514241006876431E-5
6.547809730590242E-5
6.581539697573353E-5
6.615432693219498E-5
6.649490338456231E-5
6.683714223535778E-5
6.71810594689848E-5
6.752667124906149E-5
6.787399394023027E-5
6.82230441138633E-5
6.857383855106357E-5
6.892639424534035E-5
6.928072840528089E-5
6.963685845725055E-5
6.999480204815121E-5
7.03545770482865E-5
7.071620155444145E-5
7.107969389338209E-5
7.144507262617861E-5
7.18123565541172E-5
7.218156472763916E-5
7.255271646096615E-5
7.292583135725762E-5
7.330092935300358E-5
7.367803079704274E-5
7.405715659099402E-5
7.443832843696515E-5
7.48215692697115E-5
7.520690400075516E-5
7.5594360781113E-5
7.598397311071414E-5
7.637578330398369E-5
7.676984808401793E-5
7.716624744607402E-5
7.756509842646035E-5
7.796657604693092E-5
7.837094446537858E-5
7.877860219584608E-5
7.919014604058591E-5
7.960645888224909E-5
8.002882637014256E-5
8.045908632285657E-5
8.089981177386467E-5
8.135452339257592E-5
8.182791903705624E-5
8.232609732964486E-5
8.285673898267016E-5
8.342919575938185E-5
8.40544253280932E-5
8.474470500759782E-5
8.551306347412977E-5
8.637239166475393E-5
8.7334235333287E-5
8.840733122395298E-5
8.95960203593115E-5
9.089874290689282E-5
9.230687152815834E-5
9.38041539627195E-5
9.536699417737963E-5
9.696569801447705E-5
9.856665283870014E-5
1.0013522790834153E-4
1.016390140996431E-4
1.030509139661299E-4
1.0435158273476564E-4
1.0553082195987899E-4
1.0658772364562633E-4
1.0752960796476526E-4
1.0837002953173683E-4
1.0912628535303071E-4
1.0981690420241758E-4
1.1045952891416563E-4
1.1106945079107778E-4
1.1165887125361101E-4
1.1223680412350845E-4
1.1280943035948376E-4
1.1338068754908627E-4
1.139529065329184E-4
1.1452737045417855E-4
1.151047391488858E-4
1.1568533437728746E-4
1.1626931125225508E-4
1.1685675066681295E-4
1.1744770395507886E-4
1.1804221215375562E-4
1.1864031336627897E-4
1.1924204523520158E-4
1.1984744566287074E-4
1.2045655299244098E-4
1.2106940604827243E-4
1.216860441459717E-4
1.223065070970058E-4
1.2293083521232697E-4
1.235590693055932E-4
1.241912506960412E-4
1.2482742121103436E-4
1.2546762318833618E-4
1.2611189947821276E-4
1.2676029344557674E-4
1.2741284897259346E-4
1.2806961046255878E-4
1.287306228465989E-4
1.2939593159609625E-4
1.3006558274622642E-4
1.3073962294042458E-4
1.3141809951343155E-4
1.3210106064414444E-4
1.3278855563262783E-4
1.3348063539428341E-4
1.341773533274708E-4
1.3487876681225844E-4
1.355849397566052E-4
1.3629594684805638E-4
1.370118805270292E-4
1.3773286221069946E-4
1.384590600038508E-4
1.3919071606464844E-4
1.399281879508184E-4
1.4067200959994513E-4
1.4142297894457142E-4
1.421822802316383E-4
1.4295164941677797E-4
1.4373358982429403E-4
1.445316416829522E-4
1.4535070213605555E-4
1.4619738096216726E-4
1.4708036108940993E-4
1.4801071258674418E-4
1.4900208627451E-4
1.5007069255514418E-4
1.5123495883104406E-4
1.5251476289922374E-4
1.5393016813696451E-4
1.5549964501728117E-4
1.572378530110502E-4
1.5915316934334605E-4
1.6124526754108997E-4
1.6350314212021144E-4
1.6590401293628567E-4
1.684134947222821E-4
1.709872695009612E-4
1.735742615142367E-4
1.7612102472784805E-4
1.785767754658765E-4
1.8089831160408802E-4
1.8305401812514755E-4
1.8502629582937803E-4
1.8681204571429274E-4
1.8842122741094758E-4
1.8987388686650825E-4
1.911963172037531E-4
1.9241711134297413E-4
1.935637740877923E-4
1.9466032963400058E-4
1.9572606963991129E-4
1.96775324761268E-4
1.9781797243626935E-4
1.9886033820339138E-4
1.999061895521465E-4
2.0095761853628023E-4
2.0201571682406408E-4
2.030810319175456E-4
2.041538425401776E-4
2.052343076344993E-4
2.0632253855724505E-4
2.0741863027522625E-4
2.0852267329519688E-4
2.0963475765058183E-4
2.107549740367271E-4
2.1188341406524667E-4
2.130201702877453E-4
2.1416533616899525E-4
2.1531900605043308E-4
2.164812751113425E-4
2.1765223932877943E-4
2.1883199543642112E-4
2.2002064088245008E-4
2.212182737866084E-4
2.2242499289660715E-4
2.2364089754418304E-4
2.2486608760130585E-4
2.2610066343744766E-4
2.2734472587960836E-4
2.2859837617825784E-4
2.2986171598508048E-4
2.3113484735335429E-4
2.3241787278068765E-4
2.337108953294752E-4
2.350140188875149E-4
2.363273486772052E-4
2.3765099219823062E-4
2.3898506091317716E-4
2.4032967318355698E-4
2.4168495927061624E-4
2.4305106967759682E-4
2.4442818878442894E-4
2.4581655667371813E-4
2.4721650332203154E-4
2.4862850095465285E-4
2.500532422859781E-4
2.51491754414638E-4
2.529455599360901E-4
2.544168977235524E-4
2.559090148245214E-4
2.574265367040394E-4
2.5897591409469517E-4
2.6056592950954164E-4
2.622082241357903E-4
2.6391777676360847E-4
2.6571323320714033E-4
2.676169529041303E-4
2.6965461790087904E-4
2.7185424983129067E-4
2.742445151708868E-4
2.7685227771359405E-4
2.7969949588614124E-4
2.827996826943145E-4
2.861543616540429E-4
2.897500828717851E-4
2.9355663214606536E-4
2.975270134920789E-4
3.0159958661117516E-4
3.057024050685543E-4
3.097593808540982E-4
3.13697487568874E-4
3.1745391726166456E-4
3.2098202121973776E-4
3.2425504144692257E-4
3.2726705438043343E-4
3.300311058224517E-4
3.325750721437796E-4
3.349361903096414E-4
3.3715535651738853E-4
3.392721776880501E-4
3.4132143262097144E-4
3.433311781023499E-4
3.453223488167081E-4
3.4730944424621237E-4
3.493018069586424E-4
3.5130505174103355E-4
3.5332234395941985E-4
3.5535538184993043E-4
3.5740506258116604E-4
3.594718852829653E-4
3.615561694637928E-4
3.6365816091506024E-4
3.6577807742193186E-4
3.6791612614439195E-4
3.7007250930892825E-4
3.7224742570701454E-4
3.744410709054628E-4
3.7665363712811547E-4
3.788853130745373E-4
3.811362837357234E-4
3.834067302173462E-4
3.8569682957172147E-4
3.880067546383899E-4
3.903366738931103E-4
3.9268675130509117E-4
3.950571462023337E-4
3.9744801314508887E-4
3.998595018076342E-4
4.0229175686901065E-4
4.0474491791417215E-4
4.072191193485444E-4
4.0971449033189714E-4
4.12231154742781E-4
4.147692311945063E-4
4.173288331410008E-4
4.1991006914133454E-4
4.2251304340412915E-4
4.251378568214254E-4
4.2778460884745125E-4
4.3045340081275383E-4
4.3314434163337453E-4
4.358575574385109E-4
4.385932074740539E-4
4.413515098289395E-4
4.4413278215696834E-4
4.469375046748383E-4
4.497664152697978E-4
4.5262064935163533E-4
4.555019396824212E-4
4.5841289299863457E-4
4.613573595351394E-4
4.643409068245871E-4
4.67371398281901E-4
4.7045965799425164E-4
4.736201743835655E-4
4.7687175719052775E-4
4.802380175811951E-4
4.8374749710418163E-4
4.8743323928527254E-4
4.913315933421892E-4
4.954800798689354E-4
4.999158316713233E-4
5.046698799253919E-4
5.09762482794939E-4
5.151983825925641E-4
5.209627341523341E-4
5.270185516464436E-4
5.333064660433868E-4
5.397473336111988E-4
5.462477961750856E-4
5.527083333253853E-4
5.590327858063995E-4
5.651379157253238E-4
5.709614356077014E-4
5.764671550961844E-4
5.816464359626936E-4
5.865158882210468E-4
5.911119901985703E-4
5.954838737576349E-4
5.996857418507667E-4
6.037702443669593E-4
6.077837080209607E-4
6.117635535704811E-4
6.157377130404558E-4
6.197255114842827E-4
6.237393530048548E-4
6.277866201684881E-4
6.31871379843974E-4
6.359956975321049E-4
6.401605305621467E-4
6.443662697943151E-4
6.486130341028564E-4
6.529008139654829E-4
6.572295342304504E-4
6.615990787998752E-4
6.660092995708201E-4
6.704600197055372E-4
6.749510351359929E-4
6.794821155932357E-4
6.840530055194785E-4
6.886634249442832E-4
6.933130703396689E-4
6.980016154563821E-4
7.027287121418546E-4
7.074939911401899E-4
7.122970628745615E-4
7.171375182124282E-4
7.220149292140822E-4
7.26928849865243E-4
7.318788167948281E-4
7.368643499798096E-4
7.418849534406336E-4
7.469401159336139E-4
7.520293116522153E-4
7.571520009592647E-4
7.623076311904293E-4
7.674956376017485E-4
7.727154445905299E-4
7.779664674152079E-4
7.832481148004407E-4
7.885597930753273E-4
7.939009129079237E-4
7.992709003398935E-4
8.046692147827246E-4
8.100953780173821E-4
8.155490201469963E-4
8.21029950956272E-4
8.265382682074961E-4
8.320745178445033E-4
8.376399243747286E-4
8.432367119097815E-4
8.48868535963926E-4
8.545410410353402E-4
8.602625466534425E-4
8.660448423284258E-4
8.719040377658505E-4
8.778613687971374E-4
8.839438051027157E-4
8.901842511750761E-4
8.966210909275077E-4
9.032968177631755E-4
9.104399781940548E-4
9.180862015314515E-4
9.262642889273448E-4
9.349905869171989E-4
9.442632331058641E-4
9.540571686614333E-4
9.643209473399216E-4
9.749763130964702E-4
9.859212206066628E-4
9.970364437157989E-4
0.001008195235843779
0.0010192748196236193
0.001030167971377382
0.001040792793029665
0.0010510990182134936
0.0010610698523263412
0.0010707192474864271
0.0010800854284911629
0.001089222170487077
0.0010981896099745642
0.0011070462037598716
0.0011158429297854656
0.0011246201401202904
0.0011334068423030981
0.0011422217604430606
0.0011510753745230364
0.0011599722200352973
0.0011689129533656772
0.0011778959423721412
0.0011869183461497173
0.0011959767685506557
0.0012050676120421958
0.001214187248773468
0.0012233320938160605
0.0012324986323644625
0.0012416834279466982
0.001250883123828815
0.0012600944423328151
0.0012693141836258583
0.0012785392244117804
0.0012877665166223281
0.0012969930861252707
0.0013062160314514391
0.001315432522540604
0.0013246397995060118
0.0013338351714173315
0.0013430160151018532
0.001352179773963903
0.0013613239568225413
0.0013704461367681127
0.00137954395003886
0.0013886150949203367
0.0013976573306731278
0.0014066684764996531
0.0014156464105706179
0.0014245890691494323
0.0014334944458848206
0.0014423605913976567
0.0014511856133840413
0.001459967677617827
0.0014687050105001971
0.001477395904226446
0.0014860387262961901
0.0014946319360801704
0.0015031741125883327
0.0015116639995745866
0.0015201005767433308
0.0015284831690760678
0.001536811609967303
0.0015450864774239161
0.0015533094250522203
0.001561483629345117
0.0015696143696523504
0.0015777097444139956
0.0015857815039120409
0.0015938459438390145
0.0016019247553028236
0.0016100456690012648
0.0016182426728973134
0.0016265555385555027
0.0016565010100600271
0.0016860966353631928
0.0017153954119685153
0.0017444427381754313
0.0017732704646000839
0.001801890827428007
0.001830291218988498
0.0018584308916496323
0.0018862406240525344
0.0019136260548334753
0.0019404748191520506
0.0019666668951044534
0.001992086838092123
0.002016636044986883
0.0020402430195950567
0.002062869897397143
0.0020845141959797563
0.002105205723064951
0.0021249995446914324
0.0021439666323015737
0.0021621840887663317
0.002179726658291078
0.0021966606592689624
0.0022130407483458747
0.0022289092540516632
0.002244297376239439
0.002259227395593489
0.0022737151346570437
0.002287772153273821
0.0023014074315187844
0.0023146285083143156
0.0023274421690864014
0.0023398548180164876
0.002351872658709519
0.0023635017727022256
0.002374748150042283
0.0023856177001448
0.0023961162555821594
0.0024062495736924356
0.002416023337613737
0.0024254431571879877
0.0024345145698344162
0.0024432430414105923
0.002451633967063541
0.002459692672071164
0.0024674244126741663
0.0024748343768986004
0.0024819276853691634
0.0024887093921135755
0.002495184485358329
0.002501357888316593
0.0025072344599695183
0.0025128189958434433
0.002518116228787746
0.0025231308297624542
0.0025278674086527063
0.0025323305151419423
0.002536524639702201
0.0025404542148064553
0.0025441236165482935
0.0025475371669896178
0.0025506991377796276
0.002553613755944794
0.0025562852133040386
0.0025587176817983845
0.0025609153382364163
0.0025628824036426864
0.002564623204621229
0.0025661422668936066
0.0025674444542581366
0.002568535169187872
0.0025694206332837035
0.002570108265460019
0.0025706071711500316
0.002570928744635328
0.0025710873664387107
0.0025711011468592324
0.0025709926252374432
0.0025707892856182525
0.002570523700765975
0.005070069813916284
0.005026674012503519
0.004983885783146175
0.004941733164881857
0.004900237031029699
0.0048594064095381535
0.004819233900816095
0.004779691975109655
0.004740731004871469
0.004702279787414159
0.004664249010542728
0.004626537630796236
0.004589041552352281
0.004551663446673888
0.004514322189897471
0.004476960341289362
0.004439548393168146
0.00440208514021653
0.004364594296555807
0.004327118228103307
0.004289710169627597
0.004252426438387871
0.004215319930697794
0.004178435696714495
0.004141808802653228
0.004105464182077917
0.004069417867200985
0.004033678910739485
0.003998251414673799
0.003963136286668349
0.003928332558606029
0.003893838264033404
0.0038596509605772432
0.003825768008979512
0.003792186706602491
0.0037589043443535942
0.0037259182281013745
0.00369322568563819
0.0036608240685203144
0.003628710752347665
0.003596883136643222
0.0035653386446493065
0.003534074723111555
0.0035030888420631424
0.003472378494610865
0.003441941196723163
0.0034117744870201393
0.0033818759265655343
0.003352243098660654
0.003322873608640394
0.003293765083671422
0.003264915172552839
0.003236321545519985
0.003207981894052666
0.0031798939306902766
0.0031520553888587594
0.0031244640227186173
0.0030971176070512096
0.003070013937214978
0.0030431508292283614
0.0030165261200795286
0.002990137668435838
0.002963983356045194
0.00293806109031185
0.0029123688088236437
0.002886904487049242
0.002861666151060447
0.0028366518980130167
0.0028118599282674376
0.0027872885944289333
0.002762936474123988
0.002738802474751919
0.002714885979288902
0.002691187041751319
0.002667706638150479
0.002644446972504093
0.00262141182654906
0.0025986069254803406
0.00257604027057097
0.0025537223648380855
0.29356171782012414
