1.0191345844305468E-7
2.0442336978530907E-7
3.075317712190939E-7
4.1124158256080277E-7
5.155561322360024E-7
6.204789157484377E-7
7.260134883046129E-7
8.321634263504848E-7
9.389323196179251E-7
1.0463237738442792E-6
1.1543414154725638E-6
1.2629888954091915E-6
1.372269891401403E-6
1.482188109386892E-6
1.5927472842475155E-6
1.7039511802698199E-6
1.8158035914798815E-6
1.928308341931212E-6
2.04146928597812E-6
2.1552903085462964E-6
2.269775325404532E-6
2.3849282834389765E-6
2.5007531609308885E-6
2.6172539678394375E-6
2.7344347460923834E-6
2.8522995698904453E-6
2.9708525460364316E-6
3.0900978143105157E-6
3.2100395479319283E-6
3.330681954181811E-6
3.45202927532367E-6
3.5740857900662817E-6
3.696855816000567E-6
3.820343713757727E-6
3.944553894158318E-6
4.069490830468878E-6
4.195159079224539E-6
4.321563315152304E-6
4.448708388862019E-6
4.576599420569882E-6
4.705241949670244E-6
4.834642168998956E-6
4.964807284610052E-6
5.095746057086711E-6
5.2274695986567855E-6
5.359992520742983E-6
5.493334546934021E-6
5.627522722988192E-6
5.762594362657578E-6
5.898600857984262E-6
6.035612445511738E-6
6.1737239448454595E-6
6.313061363275211E-6
6.453789083422867E-6
6.596117121046796E-6
6.740307669536845E-6
6.88667986370387E-6
7.0356114428621515E-6
7.187535832807077E-6
7.342933169655185E-6
7.502314026855118E-6
7.666195134659095E-6
7.835067217512657E-6
8.009356182457864E-6
8.189380165357178E-6
8.375306205791671E-6
8.567111344894474E-6
8.764553470963836E-6
8.967157052394717E-6
9.174217860717031E-6
9.384828903432106E-6
9.597927234775404E-6
9.812358440132864E-6
1.0026952868296486E-5
1.0240605625607437E-5
1.0452351387325803E-5
1.0661425485655316E-5
1.0867304505971334E-5
1.1069722490070253E-5
1.126866230197089E-5
1.146432512529326E-5
1.165708381330978E-5
1.1847427439603247E-5
1.2035904689913672E-5
1.2223072774007301E-5
1.24094566488537E-5
1.2595521009332527E-5
1.2781655221167059E-5
1.2968169549250116E-5
1.3155299907900996E-5
1.3241304511611118E-5
1.3327620330764239E-5
1.341432623758733E-5
1.3501472427675495E-5
1.358909001206369E-5
1.3677198077437405E-5
1.3765808541414693E-5
1.385492928293582E-5
1.394456603763294E-5
1.4034723476049739E-5
1.4125405779702346E-5
1.4216616929831466E-5
1.4308360842994312E-5
1.4400641430621108E-5
1.4493462623470944E-5
1.4586828381055804E-5
1.4680742695112482E-5
1.477520959090481E-5
1.487023312780207E-5
1.4965817399638825E-5
1.5061966535016746E-5
1.5158684697594698E-5
1.5255976086380288E-5
1.5353844936028157E-5
1.5452295517150566E-5
1.555133213665061E-5
1.5650959138097054E-5
1.575118090217698E-5
1.5852001847293304E-5
1.5953426430430197E-5
1.6055459148507526E-5
1.615810454061843E-5
1.6261367191837302E-5
1.6365251739780145E-5
1.6469762885914886E-5
1.657490541493706E-5
1.6680684227614755E-5
1.6787104395743623E-5
1.6894171252752252E-5
1.700189054073507E-5
1.7110268645087096E-5
1.7219312962414683E-5
1.7329032466939147E-5
1.7439438565938926E-5
1.7550546366086217E-5
1.76623765089814E-5
1.7774957773219017E-5
1.788833067689151E-5
1.8002552340227678E-5
1.8117702870864585E-5
1.823389349788735E-5
1.835127658590072E-5
1.847005748668037E-5
1.8590507915922205E-5
1.8712980167383296E-5
1.8837921003232127E-5
1.8965883518284184E-5
1.909753472785091E-5
1.9233656168335843E-5
1.9375134550459377E-5
1.9522939608336107E-5
1.9678086878991354E-5
1.984158432313962E-5
2.0014363479092292E-5
2.0197198134263973E-5
2.039061607275952E-5
2.0594811946350774E-5
2.0809571250632504E-5
2.1034216267336974E-5
2.1267584226641252E-5
2.1508045604331443E-5
2.1753566441032676E-5
2.2001813245602833E-5
2.225029315004072E-5
2.2496516486842213E-5
2.2738164895469564E-5
2.2973246311329255E-5
2.320021925572961E-5
2.341807271112072E-5
2.3626353948973155E-5
2.382514392335233E-5
2.4014986943104455E-5
2.4196787016227392E-5
2.4371686569372658E-5
2.454094375874903E-5
2.4705822478896907E-5
2.4867505132316645E-5
2.50270332479713E-5
2.5185276182477326E-5
2.5342924261552796E-5
2.550050032041017E-5
2.5658382774364807E-5
2.5816833846210045E-5
2.5976027938485645E-5
2.613607685888825E-5
2.629705025641038E-5
2.6458990927898378E-5
2.662192549992668E-5
2.678587140386774E-5
2.6950841146734843E-5
2.711684476522386E-5
2.728389114874948E-5
2.7451988708074063E-5
2.7621145691607808E-5
2.7791370325242692E-5
2.7962670870070682E-5
2.813505564468135E-5
2.830853303334096E-5
2.8483111488994257E-5
2.865879953452948E-5
2.8835605763516026E-5
2.9013538840800628E-5
2.9192607503073628E-5
2.9372820559434317E-5
2.9554186891964387E-5
2.9736715456313905E-5
2.9920415282308428E-5
3.0105295474591345E-5
3.029136521333178E-5
3.0478633755053636E-5
3.066711043369425E-5
3.085680466209337E-5
3.1047725934283954E-5
3.1239883829256245E-5
3.1433288017390565E-5
3.1627948271648664E-5
3.182387448710861E-5
3.202107671487957E-5
3.221956522035783E-5
3.241935058193015E-5
3.262044385560965E-5
3.2822856845027905E-5
3.302660253632987E-5
3.323169578564186E-5
3.343815438468706E-5
3.3646000679083454E-5
3.385526397391856E-5
3.4065984030098325E-5
3.427821602680396E-5
3.449203742901001E-5
3.470755723657558E-5
3.492492807744648E-5
3.514436150923568E-5
3.536614667324744E-5
3.559067206571741E-5
3.5818449624837784E-5
3.605013957285487E-5
3.628657353028309E-5
3.652877241487894E-5
3.6777954693036096E-5
3.703552986854661E-5
3.730307192272728E-5
3.7582268023046086E-5
3.787483941597224E-5
3.818243412540479E-5
3.850649482032543E-5
3.88481096844269E-5
3.9207858746250534E-5
3.958567211661037E-5
3.998071901760239E-5
4.039134651222798E-5
4.081508385536604E-5
4.1248722253870395E-5
4.1688471028450325E-5
4.213018083761302E-5
4.256961439589014E-5
4.300273687299123E-5
4.342599362246895E-5
4.383654321692379E-5
4.4232419227144914E-5
4.4612604005644666E-5
4.497701022186961E-5
4.5326378763329795E-5
4.566211250304204E-5
4.598607243953338E-5
4.630036482660636E-5
4.660714518850138E-5
4.690845861415517E-5
4.7206127153506564E-5
4.7501686403478135E-5
4.7796366105509055E-5
4.809110481246908E-5
4.83865867231817E-5
4.868328928096528E-5
4.898153232029726E-5
4.928152251573784E-5
4.9583389840497824E-5
4.988721513945278E-5
5.019304952490586E-5
5.050092712732844E-5
5.081087294841936E-5
5.1122907396805903E-5
5.1437048744622104E-5
5.175331437416353E-5
5.2071721369875614E-5
5.239228678101222E-5
5.271502773045807E-5
5.3039961456972934E-5
5.336710533082804E-5
5.369647685967071E-5
5.4028093691116604E-5
5.4361973614360246E-5
5.469813456153426E-5
5.5036594609029155E-5
5.537737197882493E-5
5.572048503984674E-5
5.6065952309344235E-5
5.641379245429435E-5
5.6764024292825415E-5
5.711666679566729E-5
5.7471739087638475E-5
5.782926044920584E-5
5.8189250318202826E-5
5.8551728291895055E-5
5.891671412979334E-5
5.9284227758012974E-5
5.9654289276728245E-5
6.002691897361766E-5
6.0402137348558615E-5
6.0779965158846726E-5
6.116042350085976E-5
6.154353395474738E-5
6.192931883534237E-5
6.231780161756225E-5
6.270900764116743E-5
6.310296525123032E-5
6.349970760018852E-5
6.389927542683609E-5
6.430172123623303E-5
6.47071154265772E-5
6.511555503133043E-5
6.552717584366555E-5
6.594216872920417E-5
6.636080086206382E-5
6.678344237699955E-5
6.721059845066012E-5
6.764294604911101E-5
6.808137347473017E-5
6.8527019431897E-5
6.898130670264747E-5
6.944596387398013E-5
6.992302718808075E-5
7.041481388889222E-5
7.092385885484901E-5
7.14528082482426E-5
7.200426764506106E-5
7.258060763847746E-5
7.318373686285595E-5
7.381485995780494E-5
7.447424497270426E-5
7.516102962688426E-5
7.587309720791592E-5
7.660704956210013E-5
7.735829614810177E-5
7.812126499529543E-5
7.88897252122043E-5
7.965719393357584E-5
8.041738630176198E-5
8.116465817832166E-5
8.189438992059799E-5
8.260326651270133E-5
8.328942371414197E-5
8.395244920155486E-5
8.45932483620251E-5
8.52138025925381E-5
8.581686041047614E-5
8.640560646539125E-5
8.69833504668794E-5
8.755326856595343E-5
8.811821647563853E-5
8.868061964896254E-5
8.924243386887945E-5
8.980516145586587E-5
9.036990460670355E-5
9.0937437707868E-5
9.15082836534505E-5
9.208278379780402E-5
9.266115587781353E-5
9.324353813756213E-5
9.383002055013633E-5
9.442066544464037E-5
9.50155202648801E-5
9.561462496684756E-5
9.621801603978551E-5
9.682572855433788E-5
9.74377971394385E-5
9.805425641864685E-5
9.867514119328937E-5
9.930048651574146E-5
9.99303277186849E-5
1.005647004281265E-4
1.0120364057092067E-4
1.0184718438057518E-4
1.0249536840254006E-4
1.03148229499312E-4
1.0380580485542855E-4
1.0446813198234997E-4
1.051352487232109E-4
1.0580719325741068E-4
1.0648400410499929E-4
1.0716572013079699E-4
1.0785238054815317E-4
1.085440249222045E-4
1.0924069317243451E-4
1.0994242557426353E-4
1.1064926275933538E-4
1.1136124571416765E-4
1.1207841577700172E-4
1.1280081463324121E-4
1.13528484311212E-4
1.142614671827662E-4
1.1499980597862796E-4
1.157435438380243E-4
1.1649272442863506E-4
1.1724739219973592E-4
1.1800759287326862E-4
1.1877337434001883E-4
1.195447882171676E-4
1.2032189244448779E-4
1.2110475545194175E-4
1.2189346261814998E-4
1.2268812594403483E-4
1.234888980611281E-4
1.2429599183256572E-4
1.2510970681740212E-4
1.259304636647751E-4
1.267588469784007E-4
1.2759565624002512E-4
1.2844196292654072E-4
1.2929916998669528E-4
1.301690674519112E-4
1.31053875377794E-4
1.3195626295190577E-4
1.3287933102273258E-4
1.3382654517487348E-4
1.3480160846605007E-4
1.358082675624838E-4
1.3685005342012368E-4
1.3792996748687752E-4
1.39050135619407E-4
1.4021146284040338E-4
1.414133305511571E-4
1.4265338157364369E-4
1.4392743550904695E-4
1.452295663672955E-4
1.4655235663070602E-4
1.4788731886167784E-4
1.492254511254543E-4
1.505578702894485E-4
1.51876452156811E-4
1.5317440289589127E-4
1.544466939376598E-4
1.556903115750723E-4
1.5690429962925638E-4
1.580896036860208E-4
1.5924875284727E-4
1.60385434664409E-4
1.6150402774426167E-4
1.6260915376417332E-4
1.6370529811825737E-4
1.6479652989215783E-4
1.6588633143179929E-4
1.6697753005446336E-4
1.680723119247849E-4
1.6917229201775084E-4
1.7027861394561654E-4
1.7139205762982705E-4
1.7251313927063344E-4
1.7364219486552845E-4
1.7477944426556668E-4
1.7592503674935796E-4
1.7707908127188832E-4
1.782416652514096E-4
1.7941286550337548E-4
1.805927542059154E-4
1.8178140195029377E-4
1.829788792023088E-4
1.8418525695831884E-4
1.8540060702171857E-4
1.8662500211294564E-4
1.8785851591118604E-4
1.8910122306937114E-4
1.9035319921865268E-4
1.9161452096812484E-4
1.9288526590170837E-4
1.941655125728058E-4
1.9545534049693135E-4
1.967548301424217E-4
1.980640629192766E-4
1.993831211661655E-4
2.007120881355836E-4
2.020510479770799E-4
2.034000857183673E-4
2.0475928724394412E-4
2.061287392705799E-4
2.0750852931859012E-4
2.0889874567719588E-4
2.102994773614013E-4
2.117108140566841E-4
2.1313284604644681E-4
2.1456566411584901E-4
2.1600935942481903E-4
2.1746402334378386E-4
2.1892974724972852E-4
2.2040662229058723E-4
2.218947391471432E-4
2.2339418785999275E-4
2.249050578530681E-4
2.26427438384864E-4
2.2796141980448907E-4
2.2950709619085172E-4
2.3106457021288305E-4
2.3263396135847486E-4
2.3421541901300349E-4
2.3580914217171919E-4
2.374154077576492E-4
2.3903460946625587E-4
2.4066730861809846E-4
2.4231429750684442E-4
2.439766740379844E-4
2.4565592398810657E-4
2.473540040292134E-4
2.4907341500208575E-4
2.508172512696148E-4
2.5258920906470544E-4
2.543935354924156E-4
2.562349012430502E-4
2.5811818496974156E-4
2.600481661190812E-4
2.6202913553100823E-4
2.6406444820659326E-4
2.661560581940305E-4
2.683040887022458E-4
2.705064981123076E-4
2.727589016291759E-4
2.750545970983282E-4
2.7738482199133967E-4
2.797392389323666E-4
2.821066137244454E-4
2.844756184814602E-4
2.8683566939402983E-4
2.8917769903092136E-4
2.9149476969694366E-4
2.9378245676797915E-4
2.9603896525820235E-4
2.982649826629318E-4
3.004633087080774E-4
3.026383309945767E-4
3.0479542989174233E-4
3.069403949346298E-4
3.090789316128343E-4
3.112162796285903E-4
3.133569719046379E-4
3.1550472778098476E-4
3.1766245634822876E-4
3.198323367545662E-4
3.220159412132128E-4
3.242143713421675E-4
3.264283866709723E-4
3.2865851303964165E-4
3.3090512627461207E-4
3.3316851195867517E-4
3.354489051592032E-4
3.37746515052631E-4
3.400615391434538E-4
3.423941708735259E-4
3.4474460334387705E-4
3.471130309165469E-4
3.494996497455813E-4
3.519046578091745E-4
3.5432825472988627E-4
3.567706415153024E-4
3.5923202027516384E-4
3.61712593936619E-4
3.6421256596513423E-4
3.6673214009336327E-4
3.6927152005850387E-4
3.718309093481256E-4
3.7441051095430744E-4
3.770105271358653E-4
3.7963115918840466E-4
3.822726072218431E-4
3.849350699449331E-4
3.8761874445605925E-4
3.9032382603920924E-4
3.9305050796336217E-4
3.9579898128250956E-4
3.985694346319249E-4
4.013620540138738E-4
4.041770225624356E-4
4.070145202721655E-4
4.0987472366873216E-4
4.127578053913998E-4
4.156639336477609E-4
4.1859327149180623E-4
4.2154597587007166E-4
4.2452219638215363E-4
4.2752207371927846E-4
4.305457377892256E-4
4.3359330562310535E-4
4.3666487930762494E-4
4.397605444148454E-4
4.428803697259435E-4
4.4602440947131666E-4
4.4919270982133805E-4
4.5238532191238377E-4
4.556023241892158E-4
4.5884385714204003E-4
4.6211017341646365E-4
4.6540170554082867E-4
4.6871915190898055E-4
4.7206357899413817E-4
4.754365340030529E-4
4.788401574861144E-4
4.8227728028050543E-4
4.8575148440828457E-4
4.892671043236953E-4
4.928291445340961E-4
4.96443093380867E-4
5.001146215428188E-4
5.038491677302212E-4
5.076514320959372E-4
5.115248178739934E-4
5.154708803004776E-4
5.194888549275233E-4
5.235753410487966E-4
5.277242072227545E-4
5.319267639453252E-4
5.361722152194118E-4
5.404483607330165E-4
5.447424804320817E-4
5.490423012153324E-4
5.533369282294509E-4
5.576176251818418E-4
5.618783497502905E-4
5.661159878563001E-4
5.703302770402447E-4
5.745234552913214E-4
5.786997085821495E-4
5.828645115589948E-4
5.870254307900928E-4
5.911900014318503E-4
5.953652648045456E-4
5.995574638240756E-4
6.03771893993845E-4
6.080128856679964E-4
6.12283880925966E-4
6.165875655970437E-4
6.209260216467622E-4
6.253008741596964E-4
6.29713417399007E-4
6.341647135081024E-4
6.386556640322534E-4
6.431870582798587E-4
6.477596040282611E-4
6.523739459555974E-4
6.570306762140218E-4
6.61730340343893E-4
6.664734406225374E-4
6.712604380979454E-4
6.760917539926443E-4
6.809677708231291E-4
6.858888333949868E-4
6.90855249741969E-4
6.958672920357376E-4
7.009251974759007E-4
7.060291691635935E-4
7.111793769596801E-4
7.163759583280019E-4
7.2161901916388E-4
7.269086346080094E-4
7.322448498457844E-4
7.376276808919583E-4
7.430571153602787E-4
7.485331132173226E-4
7.54055607519024E-4
7.596245051271635E-4
7.652396874011309E-4
7.709010108570854E-4
7.76608307781775E-4
7.823613867808039E-4
7.881600332302278E-4
7.940040095847612E-4
7.998930554744903E-4
8.058268874939529E-4
8.118051985525685E-4
8.178276566153287E-4
8.238939026214299E-4
8.300035473346481E-4
8.361561668665883E-4
8.42351296643577E-4
8.485884236885528E-4
8.548669772956938E-4
8.611863185253841E-4
8.675457294728649E-4
8.739444039804851E-4
8.803814423519533E-4
8.868558536147272E-4
8.933665698189697E-4
8.999124775301623E-4
9.064924717595041E-4
9.131055367221706E-4
9.19750855666736E-4
9.264279483284667E-4
9.331368292924102E-4
9.398781740192743E-4
9.4665347223686E-4
9.534651420464021E-4
9.603165740301509E-4
9.672120746198834E-4
9.741566835276397E-4
9.811558520063657E-4
9.882149868197848E-4
9.953388873134422E-4
0.001002531126631753
0.0010097934484758053
0.001017125262968118
0.00102452332495111
0.0010319816629905745
0.001039491797886075
0.0010470432492644829
0.0010546242844357494
0.0010622228234750497
0.001069827386784671
0.0010774279624521433
0.001085016683084574
0.00109258823340505
0.0011001399544227702
0.0011076716583079686
0.0011151852105105767
0.0011228765765084415
0.0011307440964975002
0.0011387865225149913
0.0011470025318015642
0.0011553903813332834
0.0011639477111139078
0.0011726714796390357
0.0011815579998120467
0.0011906030381520563
0.001199801942745828
0.0012091497731151156
0.0012186414148277636
0.0012282716707121377
0.001238035327407376
0.0012479272002047658
0.0012579421609900544
0.0012680751542644547
0.001278321205453073
0.0012886754246100823
0.0012991330075833613
0.0013096892358833382
0.0013203394759438033
0.0013310791781235153
0.0013419038756110615
0.0013528091833023503
0.0013637907966777471
0.0013748444906884131
0.0013859661186548012
0.0013971516111780538
0.0014083969750643655
0.0014196982922621369
0.0014310517188116443
0.0014424534838068442
0.0014538998883686794
0.0014653873046288784
0.0014769121747225517
0.001488471009786715
0.0015000603889598547
0.0015116769583743538
0.0015233174301282051
0.001534978581213982
0.0015466572523697185
0.0015583503467964735
0.0015700548286578845
0.0015817677212349938
0.001593486104551562
0.001605207112207827
0.0016169279270624463
0.0016286457752844783
0.0016403579181663258
0.0016520616409592785
0.0016637542378923507
0.0016754329925031044
0.001687095152503398
0.0016987378986945889
0.0017103583080157303
0.0017219533117288645
0.001733519651066035
0.0017450538343757513
0.001756552101815426
0.0017680104057222294
0.0017794244165961963
0.0017907895656453783
0.0018021011344758243
0.0018133544001549056
0.0018245448390655748
0.001835668385544183
0.001846721731593767
0.0018577026429625262
0.0018686102562208765
0.0018794453133585502
0.0018902102872904779
0.001900909355681207
0.0019115481929792642
0.0019221335713474935
0.0019326727882867253
0.0019431729683057903
0.001953640312697394
0.001964079389563856
0.0019744925607336904
0.0019848796303063546
0.001995237771634838
0.002005561749541316
0.0020158444094493973
0.0020260773635704526
0.002036251774676144
0.002046359126362963
0.0020563918772153857
0.002066343922575537
0.002076210825520689
0.0021111917962888783
0.0021455055454745564
0.0021791617459908865
0.002212170412776674
0.0022445416112682392
0.0022762852231982293
0.002307410787478694
0.0023379274172409094
0.0023678437815958403
0.0023971681338162214
0.0024259083662220857
0.0024540720746931153
0.002481666620552129
0.002508699182808702
0.0025351767981883185
0.002561106389415134
0.002586494783830202
0.002611348724915906
0.002635674879086237
0.002659479839576331
0.0026827701286917193
0.0027055521991988345
0.0027278324352982943
0.0027496171534090387
0.002770912602871313
0.002791724966615302
0.0028120603618139945
0.0028319248405269653
0.0028513243903373294
0.002870264934982491
0.00288875233497887
0.002906792388240624
0.0029243908306921733
0.002941553336874278
0.0029582855205429843
0.0029745929352602957
0.002990481074974316
0.003005955374585005
0.003021021210488601
0.0030356839010889157
0.003049948707255542
0.0030638208326960055
0.0030773054241884
0.0030904075715894918
0.0031031323074861626
0.0031154846062890467
0.0031274693824695906
0.003139091487507617
0.0031503557049393847
0.0031612667426718266
0.0031718292214603355
0.0031820476581486505
0.0031919264419712685
0.003201469801976029
0.003210681763521187
0.0032195660919529475
0.0032281262221213794
0.003236365173504942
0.003244285452538085
0.003251888946374193
0.0032591768157649724
0.003266149398829382
0.0032728061418275914
0.003279145576993179
0.0032851653700999143
0.003290862460654472
0.0032962333142936284
0.0033012742992148867
0.0033059821858850333
0.003310354752271497
0.0033143914569001786
0.003318094121762581
0.0033214675500256867
0.003324519993668054
0.003327263387323055
0.003329713279301002
0.0033318884194257652
0.0033338100036622124
0.003335500622382368
0.003336983005088021
0.003338278691006392
0.0033394067744372175
0.003340382870849999
0.0033412184233560455
0.003341920422878377
0.003342491556959507
0.0033429307422650403
0.0033432339454626315
0.0033433951651982608
0.003343407439168194
0.006640821141973772
0.006590044891490551
0.006539732635807524
0.006489861727166643
0.0064404127831184125
0.006391369807012015
0.006342719977628463
0.006294453228621834
0.006246561730756368
0.006199039367010069
0.006151881260997482
0.0061050833902158985
0.006058642292250044
0.006012554856413608
0.005966818185183233
0.0059214295075746695
0.005876386128175876
0.005831685398906942
0.005787324704275622
0.005743301454110294
0.005699613080159165
0.005656257034553561
0.005613230789108006
0.005570531834969425
0.005528157682401525
0.00548610586061786
0.005444373917631538
0.005402959420110535
0.005361859953235351
0.005321073120558011
0.005280596543862146
0.005240427863024
0.005200564735874306
0.0051610048380607435
0.005121745862910612
0.005082785521292886
0.0050441215414783755
0.005005751668995407
0.004967673666476747
0.0049298853134900405
0.004892384406338776
0.004855168757811792
0.004818236196845047
0.004781584568036887
0.0047452117309232725
0.004709115558867408
0.004673293937341937
0.004637744761273291
0.0046024659309680995
0.0045674553459424
0.004532710895719995
0.004498230446357945
0.004464011821107111
0.0044300527732547635
0.004396350948880867
0.0043629038370788745
0.00432970870527109
0.0042967625177495194
0.004264061836680535
0.004231602706710019
0.004199380527137684
0.00416738991943775
0.004135624602561768
0.0041040772936028055
0.004072739656370526
0.004041602324261097
0.00401065502529306
0.00397988683500139
0.003949286575852431
0.003918843369227959
0.0038885473279006563
0.0038583903544714766
0.0038283669869328533
0.0037984752100336367
0.003768717134939464
0.003739099444378866
0.003709633509732121
0.0036803351121113227
0.0036512237403445768
0.00362232149063335
0.003593651648244885
0.0035652370817269635
0.0035370986153225614
0.003509253557817565
0.003481714551950798
0.00345448886865955
0.003427578210869786
0.0034009790224299938
0.0033746832313400967
0.0033486793042512017
