7.906274637529046E-7
1.5977932121598382E-6
2.421843136151197E-6
3.263161265482024E-6
4.122169746854992E-6
4.999341803109532E-6
5.895224943701869E-6
6.810472457452632E-6
7.745880735417115E-6
8.702427667140494E-6
9.681303649352715E-6
1.0683922763198493E-5
1.1711899067876363E-5
1.2766973733264E-5
1.385088477503792E-5
1.4965183346341042E-5
1.6111017725930416E-5
1.7288924437761307E-5
1.849867898454261E-5
1.9739259303042463E-5
2.100895819391941E-5
2.2305646999187472E-5
2.3627149476324665E-5
2.4971646353004056E-5
2.6338013334332385E-5
2.772600877126355E-5
2.9136270368751408E-5
3.057013850848426E-5
3.2029374423425615E-5
3.3515864682064516E-5
3.424076454233585E-5
3.497972210181496E-5
3.573371552324184E-5
3.6503517245028194E-5
3.72898007279185E-5
3.8093244491776355E-5
3.891462336499037E-5
3.975488809097224E-5
4.061523716261282E-5
4.1497180242478047E-5
4.2402584328655705E-5
4.33336854906871E-5
4.429304337726251E-5
4.528341533802134E-5
4.6307534378508195E-5
4.736779198662509E-5
4.8465852640251356E-5
4.9602257407698005E-5
5.077610121148338E-5
5.1984880823559004E-5
5.322459766189834E-5
5.4490155468616295E-5
5.5776022713077156E-5
5.707705027386433E-5
5.838927323034676E-5
5.97105084629692E-5
6.104060214689327E-5
6.238127574729617E-5
6.37356348608617E-5
6.510749875314245E-5
6.650074347055479E-5
6.7918817206614E-5
6.936450364357332E-5
7.083991764807445E-5
7.234665627434126E-5
7.388601372644716E-5
7.54591931329456E-5
7.706748675788542E-5
7.871242679105524E-5
8.039592029494479E-5
8.212037582142656E-5
8.388881330276158E-5
8.570493067076741E-5
8.75730858533132E-5
8.949814614010695E-5
9.148516363962187E-5
9.35388604851425E-5
9.566295211476529E-5
9.785939613492879E-5
1.0012771393570531E-4
1.0246457063321398E-4
1.0486379232045893E-4
1.073169320249834E-4
1.0981436995346645E-4
1.1234677784817907E-4
1.1490664216599315E-4
1.1748948298041686E-4
1.2009446241521713E-4
1.2272424300689932E-4
1.2538417850990966E-4
1.2808111265485728E-4
1.3082214859269403E-4
1.336137036610958E-4
1.3646101368894794E-4
1.3936807478879732E-4
1.4233788560053965E-4
1.453728175219604E-4
1.484749819101053E-4
1.5164653679392975E-4
1.5488993660572238E-4
1.5820815445201648E-4
1.6160489922618918E-4
1.6508482312071655E-4
1.686536823998311E-4
1.723183851013603E-4
1.7608684155768258E-4
1.7996753655635106E-4
1.839687753686318E-4
1.8809762505836387E-4
1.9235867175807373E-4
1.9675282257788421E-4
2.0127646102126976E-4
2.0592127428494572E-4
2.1067497686042905E-4
2.1552295493033676E-4
2.204505921350424E-4
2.2544579320686706E-4
2.30501097643917E-4
2.35614843255401E-4
2.407911008417557E-4
2.460384732103282E-4
2.513681873096738E-4
2.567920761984037E-4
2.623209869389524E-4
2.6796390935793565E-4
2.737278254347306E-4
2.796180626093875E-4
2.856388662927684E-4
2.917939704638239E-4
2.9808706705146566E-4
3.0452217922932116E-4
3.1110399172116094E-4
3.1783818412153565E-4
3.24731772849626E-4
3.317934151879664E-4
3.3903357927948357E-4
3.464644487032179E-4
3.540994239871222E-4
3.619521230258256E-4
3.7003487934759305E-4
3.783568868530923E-4
3.8692231255865023E-4
3.9572883998459916E-4
4.047671464431332E-4
4.140217006210429E-4
4.2347297965105975E-4
4.3310080357868776E-4
4.428880948624242E-4
4.528241481495598E-4
4.629065620490119E-4
4.7314141291183016E-4
4.835416835951721E-4
4.94124552578544E-4
5.049084294659245E-4
5.159105570035656E-4
5.271456503449635E-4
5.38625599804576E-4
5.503599281821799E-4
5.623565801500764E-4
5.746227094222681E-4
5.871653109784032E-4
5.999917057465048E-4
6.131099629393828E-4
6.265293408924844E-4
6.402607720231872E-4
6.543173422545725E-4
6.687146396685905E-4
6.834707870180984E-4
6.986059489602314E-4
7.141411435571282E-4
7.300963093823236E-4
7.464877836624944E-4
7.633255970246164E-4
7.806112114973589E-4
7.983364211341192E-4
8.164840105015243E-4
8.350303948380542E-4
8.539499136692603E-4
8.732198858263033E-4
8.928251808671908E-4
9.127636331730545E-4
9.33046161892913E-4
9.536945218079044E-4
9.747374472903823E-4
9.96206373729844E-4
0.0010181318676658936
0.0010405414409969897
0.0010634588195875957
0.0010869042672487738
0.001110895395594549
0.001135447999836546
0.0011605767053409774
0.0011862954321387596
0.0012126177986238583
0.0012395575889565344
0.001267129341610409
0.0012953490188306466
0.0013242346127059442
0.0013538064517730187
0.0013840869193871058
0.0014150993179403793
0.0014468657442807287
0.0014794040891491682
0.001512724599397988
0.001546826755052769
0.00158169738471959
0.0016173108481420415
0.001653631696498544
0.0016906195443576475
0.0017282351536543237
0.0017665583063525949
0.0018056670171901232
0.0018456395175961635
0.001886553231676079
0.0019284815775990206
0.0019714900045120685
0.002015632668847646
0.002060950631825279
0.002107471725497685
0.002155211644149943
0.0022041755856163124
0.0022543598828883493
0.002305753359032359
0.0023583384146379756
0.0024120920079449427
0.002466986706253921
0.0025229919187817547
0.0025800753103718786
0.0026382042673273208
0.0026973471591649678
0.002757474043014643
0.0028185564363550713
0.0028805658864927957
0.0029434713157216567
0.0030072354929222434
0.0030718113832787328
0.0031371394106701604
0.003203146674615443
0.0032697487989753974
0.003336854388935309
0.003409334516010941
0.003486653780228679
0.0035683131683438476
0.0036538509247881785
0.003742840320779203
0.003834885049109208
0.003929613648836176
0.0040266744344078075
0.004125731910470228
0.004226464901952831
0.004328565997009383
0.004431741628591808
0.004535712215493402
0.004640212077653022
0.00474498913405029
0.004849804567438229
0.004954432684433807
0.005058661152002335
0.0051622916901471255
0.005265141162403997
0.005367042840899103
0.005467847457855731
0.005567423542282208
0.005665656545189945
0.005762446432924329
0.005857703784346295
0.005951344899518907
0.006043286874847249
0.006133443838888057
0.006221725418121648
0.006527827133293533
0.006816955273432199
0.007089707502420545
0.00734666454204608
0.007588393257235291
0.00781544808933578
0.008028370782389516
0.008227688948051839
0.008413914306663727
0.00858754133584229
0.008749046676121175
0.008898889225141617
0.009037510602644619
0.00916533565505688
0.009282772822593212
0.00939021439162853
0.009488036808747064
0.009576601308100764
0.00965625510519486
0.009727333344857888
0.009790161855160476
0.00984506055092651
0.00989234707281641
0.009932340000084866
0.009965360827458697
0.009991733945311975
0.010011784168979306
0.010025831911596906
0.010034186766124371
0.010037140847173758
0.019768056610249534
0.01932078274857127
0.018883928228423854
0.018457230161280203
0.018040410636090565
0.017633188361308814
0.01723528927088544
0.016846453875769454
0.016466440491356007
0.016095024814509702
0.015731997166290746
0.01537715887312009
0.015030318880726671
0.014691291116295068
0.014359892642182206
0.014035942424337934
0.013719260546760599
0.013409667829818348
0.01310698594551565
0.012811038198794283
0.01252165113101641
0.012238656991884613
0.011961896927084202
0.011691224471557604
0.011426508683876919
0.011167636093988872
0.010914510658903243
0.010667051192928587
0.010425186255465404
0.0101888471397452
