2.1412979300593263E-7
4.294164621642456E-7
6.458710950851189E-7
8.635112764351823E-7
1.0823681705219772E-6
1.3025002254531238E-6
1.5240185517343837E-6
1.7471318077490313E-6
1.9722217087472E-6
2.19996301417774E-6
2.4315014979653094E-6
2.6686949720487988E-6
2.9143674440268807E-6
3.1725795671600613E-6
3.4487244014386746E-6
3.7490587992634103E-6
4.079219772738168E-6
4.440977287194194E-6
4.826514873987652E-6
5.211076795133432E-6
5.552941814341136E-6
5.8332155732290275E-6
6.114984281363658E-6
6.3982554821176684E-6
6.6830368030465275E-6
6.969335957102556E-6
7.257160743863211E-6
7.546519050773974E-6
7.837418854405735E-6
8.129868221727175E-6
8.423875311392092E-6
8.719448375042063E-6
9.016595758624436E-6
9.315325903726025E-6
9.6156473489226E-6
9.917568731144317E-6
1.0221098787057447E-5
1.0526246354462462E-5
1.0833020373708628E-5
1.1141429889125385E-5
1.1451484050470663E-5
1.1763192114396349E-5
1.207656344593096E-5
1.2391607519979761E-5
1.2708333922842491E-5
1.3026752353748871E-5
1.3346872626412062E-5
1.3668704670600109E-5
1.399225853372556E-5
1.431754438245339E-5
1.4644572504327586E-5
1.497335330941598E-5
1.530389733197387E-5
1.563621523212656E-5
1.597031779757046E-5
1.6306215945293385E-5
1.6643920723313942E-5
1.6983443312439936E-5
1.73247950280469E-5
1.766798732187739E-5
1.8013031783864395E-5
1.8359940143987012E-5
1.8708724274179315E-5
1.9059396190346123E-5
1.9411968054619218E-5
1.9766452178182186E-5
2.0122861025454563E-5
2.0481207221502784E-5
2.0841503567004887E-5
2.1203763070588623E-5
2.156799902036156E-5
2.1934225142062105E-5
2.2302455944584796E-5
2.267270746185525E-5
2.3044998813691093E-5
2.320522562490669E-5
2.3366398984493826E-5
2.352857138880894E-5
2.3691838416480818E-5
2.3856376507846564E-5
2.4022510052790146E-5
2.4190826790327873E-5
2.4362369433119833E-5
2.4538941407666073E-5
2.4723572415624646E-5
2.4921187987402118E-5
2.5139502865206918E-5
2.5390118821912527E-5
2.5689260041357582E-5
2.6058543030979646E-5
2.6524580080516366E-5
2.7115305276291405E-5
2.7851692386364163E-5
2.87319331094696E-5
2.9705014312702605E-5
3.063367015449318E-5
3.127375631747736E-5
3.148216671469129E-5
3.1691710541899E-5
3.190239755120705E-5
3.211423761658044E-5
3.2327240735267675E-5
3.254141702924512E-5
3.275677674668184E-5
3.2973330263423744E-5
3.3191088084498504E-5
3.3410060845640565E-5
3.363025931483639E-5
3.3851694393890056E-5
3.4074377120009265E-5
3.429831866741133E-5
3.452353034894918E-5
3.475002361775729E-5
3.497781006891705E-5
3.5206901441141535E-5
3.5437309618478974E-5
3.566904663203468E-5
3.59021246617115E-5
3.613655603796737E-5
3.6372353243589975E-5
3.660952891548797E-5
3.684809584649772E-5
3.708806698720578E-5
3.732945544778523E-5
3.7572274499845724E-5
3.781653757829645E-5
3.806225828322156E-5
3.8309450381765914E-5
3.855812781003137E-5
3.880830467498291E-5
3.905999525636195E-5
3.931321400860771E-5
3.956797556278494E-5
3.982429472851612E-5
4.0082186495918894E-5
4.034166603754812E-5
4.06027487103432E-5
4.0865450057587426E-5
4.112978581089619E-5
4.1395771892277776E-5
4.16634244163798E-5
4.1932759693198605E-5
4.22037942319214E-5
4.247654474748552E-5
4.275102817353717E-5
4.302726169017362E-5
4.330526278519565E-5
4.358504938984926E-5
4.386664017683104E-5
4.4150055204478795E-5
4.44353172836843E-5
4.4722454819799013E-5
4.5011507594127076E-5
4.530253825886072E-5
4.5595654645098404E-5
4.589105196012273E-5
4.618909045595644E-5
4.6490434248226445E-5
4.679629162168391E-5
4.7108816553389626E-5
4.743175327551979E-5
4.777142370663763E-5
4.813815605731077E-5
4.8548496811705094E-5
4.902651861938012E-5
4.9606359094997945E-5
5.0334510585069995E-5
5.126766292842034E-5
5.246500513017915E-5
5.3968880006229165E-5
5.576058159429633E-5
5.765538416062091E-5
5.909160680593774E-5
5.9459045538799776E-5
5.9828793622981145E-5
6.020087351702704E-5
6.0575307945685535E-5
6.0952119903405464E-5
6.133133265787875E-5
6.171296975362386E-5
6.209705501560274E-5
6.248361255287011E-5
6.287266676224716E-5
6.326424233201482E-5
6.365836424562202E-5
6.405505778540337E-5
6.445434853629998E-5
6.485626238957908E-5
6.526082554654562E-5
6.566806452224095E-5
6.607800614912347E-5
6.64906775807236E-5
6.690610629526992E-5
6.732432009927972E-5
6.774534713110784E-5
6.816921586444882E-5
6.859595511178755E-5
6.902559402779096E-5
6.945816211263842E-5
6.989368921528238E-5
7.033220553663576E-5
7.07737416326802E-5
7.121832841749246E-5
7.166599716617844E-5
7.211677951771662E-5
7.257070747770162E-5
7.302781342098465E-5
7.348813009420623E-5
7.395169061821746E-5
7.441852849038349E-5
7.488867758676825E-5
7.536217216419432E-5
7.583904686217746E-5
7.631933670473493E-5
7.680307710207948E-5
7.729030385222363E-5
7.778105314257777E-5
7.827536155174379E-5
7.877326605201757E-5
7.92748040138465E-5
7.978001321522218E-5
8.028893186298912E-5
8.080159864210894E-5
8.131805282901721E-5
8.18383345488016E-5
8.236248535001884E-5
8.289054946082622E-5
8.342257647708517E-5
8.39586269941478E-5
8.449878414850016E-5
8.504317673004544E-5
8.559202435037095E-5
8.61457234659945E-5
8.670500676390066E-5
8.727122985972018E-5
8.784687063603382E-5
8.843636841097908E-5
8.904747823597485E-5
8.969335527530329E-5
9.039633244563078E-5
9.118988256173022E-5
9.212381817844395E-5
9.32711151600624E-5
9.472918870913598E-5
9.661549941888327E-5
9.904697630071962E-5
1.0207362141435777E-4
1.0546792676795884E-4
1.0818943663820463E-4
1.0885930269320416E-4
1.0953401756443877E-4
1.1021363122972829E-4
1.1089819429587908E-4
1.1158775800700311E-4
1.1228237425237012E-4
1.1298209557377244E-4
1.1368697517237703E-4
1.1439706691505086E-4
1.1511242534013806E-4
1.1583310566267284E-4
1.1655916377901684E-4
1.1729065627090314E-4
1.1802764040888093E-4
1.1877017415514739E-4
1.1951831616575786E-4
1.2027212579221039E-4
1.2103166308239505E-4
1.2179698878090375E-4
1.225681643286994E-4
1.2334525186213932E-4
1.241283142113519E-4
1.249174148979651E-4
1.2571261813218998E-4
1.2651398880925683E-4
1.2732159250520978E-4
1.281354954720587E-4
1.289557646322965E-4
1.2978246757278187E-4
1.3061567253799868E-4
1.3145544842268927E-4
1.3230186476387672E-4
1.3315499173227916E-4
1.34014900123122E-4
1.3488166134636E-4
1.3575534741631684E-4
1.366360309407487E-4
1.3752378510934526E-4
1.3841868368167677E-4
1.3932080097459922E-4
1.4023021184912844E-4
1.411469916968088E-4
1.420712164256033E-4
1.430029624453792E-4
1.4394230665314739E-4
1.448893264184483E-4
1.4584409956984275E-4
1.46806704384837E-4
1.4777721958884174E-4
1.4875572437636464E-4
1.497422984850345E-4
1.5073702256634866E-4
1.5173997882217692E-4
1.527512522442848E-4
1.5377093317474512E-4
1.5479912268034544E-4
1.5583594377117804E-4
1.5688156445458387E-4
1.5793624414377037E-4
1.5900042491220375E-4
1.6007490639003086E-4
1.6116117182046549E-4
1.622619779785562E-4
1.633823880523374E-4
1.645315152759916E-4
1.6572534633047442E-4
1.6699254003866714E-4
1.683770183549484E-4
1.6994675814781038E-4
1.7180728528135356E-4
1.7410879601736972E-4
1.7704886195582647E-4
1.8085464560878002E-4
1.8569131409613165E-4
1.9130345506794406E-4
1.9599369796264842E-4
1.9725928076992467E-4
1.9853516261657283E-4
1.9982145890717548E-4
2.0111828655405698E-4
2.0242576393466797E-4
2.037440108459692E-4
2.050731484560072E-4
2.064132992528496E-4
2.0776458699105975E-4
2.0912713663587065E-4
2.1050107430521965E-4
2.1188652720979985E-4
2.1328362359127178E-4
2.146924926587903E-4
2.1611326452397495E-4
2.1754607013446485E-4
2.189910412061846E-4
2.2044831015445007E-4
2.2191801002402706E-4
2.2340027441826883E-4
2.2489523742743835E-4
2.264030335563239E-4
2.279237976512512E-4
2.2945766482659584E-4
2.3100477039088638E-4
2.325652497725978E-4
2.3413923844571404E-4
2.357268718551554E-4
2.3732828534214323E-4
2.3894361406959132E-4
2.4057299294758612E-4
2.4221655655903588E-4
2.438744390855619E-4
2.455467742336842E-4
2.4723369516137944E-4
2.489353344050619E-4
2.506518238070485E-4
2.5238329444356297E-4
2.541298765533317E-4
2.5589169946682377E-4
2.576688915361755E-4
2.5946158006586367E-4
2.6126989124417596E-4
2.630939500755559E-4
2.649338803139719E-4
2.6678980439760606E-4
2.6866184338558826E-4
2.7055011689853565E-4
2.7245474306720764E-4
2.743758384997103E-4
2.763135373378111E-4
2.782679903193787E-4
2.8023936410935074E-4
2.822278411970537E-4
2.842336210151497E-4
2.8625692368844933E-4
2.8829799936679615E-4
2.9035714918525685E-4
2.9243476988884685E-4
2.945314454255709E-4
2.966481292567257E-4
2.987864967910188E-4
3.0094960673251434E-4
3.031431036369188E-4
3.053773308797639E-4
3.076709037696804E-4
3.100588772004735E-4
3.1259578717185806E-4
3.1536877646030475E-4
3.1851974301129595E-4
3.2226076010610473E-4
3.268881638305007E-4
3.327729370799736E-4
3.4024367051130935E-4
3.4904200507497845E-4
3.5665783732199817E-4
3.5912700829919124E-4
3.616188449692119E-4
3.6413362131488804E-4
3.6667160812854784E-4
3.6923307264176436E-4
3.718182781720883E-4
3.7442748378631405E-4
3.7706094397982467E-4
3.797189083715709E-4
3.824016214142483E-4
3.851093221192548E-4
3.8784224379600655E-4
3.906006138052046E-4
3.933846533256644E-4
3.96194577134312E-4
3.990305933989722E-4
4.018929034835663E-4
4.0478170176538105E-4
4.076971754640188E-4
4.1063950448171375E-4
4.1360886125466187E-4
4.166054106150278E-4
4.196293096633151E-4
4.2268070765077905E-4
4.257597458715697E-4
4.2886655756431386E-4
4.3200126782282034E-4
4.3516399351564624E-4
4.383548432142185E-4
4.415739171292549E-4
4.448213070551988E-4
4.4809709632241733E-4
4.5140135975690643E-4
4.547341636472387E-4
4.5809556571852937E-4
4.614856151131687E-4
4.649043523780897E-4
4.6835180945834653E-4
4.718280096967835E-4
4.753329678395774E-4
4.788666900474337E-4
4.8242917391224884E-4
4.860204084790411E-4
4.896403742729723E-4
4.932890433313431E-4
4.969663792405589E-4
5.006723371783523E-4
5.04406863962328E-4
5.081698981077958E-4
5.11963449795981E-4
5.157894255665715E-4
5.196496311662056E-4
5.235457745304973E-4
5.274794691535883E-4
5.314522384189875E-4
5.354655221611186E-4
5.39520688203367E-4
5.436190546708832E-4
5.477619350134854E-4
5.519507296460074E-4
5.561871107096576E-4
5.604733875669255E-4
5.648132123586114E-4
5.692129040149153E-4
5.736838549864556E-4
5.78246752139455E-4
5.829421696067768E-4
5.87833719670987E-4
5.9302569197777E-4
5.986948529014386E-4
6.051157264574889E-4
6.126894027186963E-4
6.21947361119838E-4
6.334128773133562E-4
6.468541415656337E-4
6.588873997450445E-4
6.63911344052755E-4
6.689871785342623E-4
6.741148181598704E-4
6.792941341603023E-4
6.845249555133994E-4
6.898070703975569E-4
6.951402276125044E-4
7.00524137968047E-4
7.05958475641356E-4
7.114428795033953E-4
7.169769544150634E-4
7.225602724936145E-4
7.281923743499042E-4
7.338727702970358E-4
7.396009415309133E-4
7.453763412832535E-4
7.511983959475614E-4
7.570665061786016E-4
7.629800479658377E-4
7.689383736813673E-4
7.749408131028167E-4
7.809866744116841E-4
7.870752451675939E-4
7.932057932589365E-4
7.993775678303274E-4
8.055898001873645E-4
8.11841704679074E-4
8.181324795585389E-4
8.244613078220745E-4
8.308273580274118E-4
8.372297850912666E-4
8.43667731066728E-4
8.501403259008351E-4
8.566466881727428E-4
8.631859258128684E-4
8.697571368033772E-4
8.763594098603845E-4
8.829918250982454E-4
8.896534546762707E-4
8.963433634282477E-4
9.030606094750752E-4
9.098042448208828E-4
9.165733159329626E-4
9.233668643058554E-4
9.301839270099493E-4
9.370235372250357E-4
9.43884724759441E-4
9.50766516555879E-4
9.57895072613756E-4
9.652610694838535E-4
9.728553756882273E-4
9.806690486436043E-4
9.886933317759146E-4
9.96919652028794E-4
0.0010053396182394356
0.0010139450214615236
0.0010227278396416433
0.001031680251884851
0.0010407946734166647
0.0010500638341821914
0.0010594809471230092
0.0010690400557046738
0.0010787367291067663
0.0010885694098258505
0.0010985419413951606
0.0011086681431740056
0.001118984273114517
0.0011295518028853412
0.0011404785888377755
0.0011519589332669256
0.0011643078009729432
0.0011780041257068545
0.0011937102669865765
0.0012121214514649633
0.0012330503722261395
0.0012523907592594805
0.001263134043042024
0.0012739183845324174
0.001284738898660653
0.0012955908188642443
0.0013064694949799813
0.0013173703911682137
0.0013282890838692176
0.001339221259791169
0.0013501627139293124
0.0013611093476158373
0.0013720571666000544
0.001383002279158429
0.0013939408942340349
0.0014048693196050278
0.001415783960081717
0.0014266813157318183
0.001437557980133477
0.0014484106386557065
0.0014592360667657802
0.0014700311283632522
0.0014807927741401921
0.0014915180399672594
0.001502204045305251
0.001512847991641765
0.0015234471609525768
0.0015339989141874486
0.001544500689779908
0.0015549500021807816
0.001565344440415012
0.0015756816666615248
0.0015859594148557301
0.001596175489314389
0.0016063277633824949
0.001616414178101843
0.0016264327409009922
0.001636381524306289
0.0016462586646736632
0.0016560623609408742
0.0016657908733999302
0.001675442522489372
0.0016850156876061229
0.0016945088059366412
0.00170392037130709
0.0017132489330522274
0.0017224930949028133
0.001731651513891291
0.0017407228992756994
0.0017745104274968083
0.0018075248547625724
0.001839777712069349
0.001871280380730256
0.001902044094262964
0.0019320799403592481
0.0019613988630881236
0.001990011665695048
0.002017929014843706
0.002045161448233763
0.0020717193899057605
0.0020976131826073987
0.002122853157066209
0.0021474497789925485
0.0021714139552327797
0.0021947576560422946
0.0022174951448798506
0.0022396453338620085
0.0022612361404981446
0.0022823171829788134
0.0023029616311020726
0.0023232878729111113
0.0023435019152850418
0.0023639347032772913
0.0023850921184917907
0.0024076846011296875
0.0024324824512605204
0.0024593613513272947
0.0024840786834290475
0.002499276654394025
0.0025139785211442563
0.0025281922949579316
0.0025419258789305408
0.002555187069324121
0.0025679835569004062
0.0025803229282380866
0.0025922126670342963
0.0026036601553906208
0.002614672675083699
0.0026252574088206464
0.0026354214414794934
0.002645171761334754
0.0026545152612683608
0.002663458739966096
0.0026720089030996983
0.0026801723644948143
0.00268795564728496
0.0026953651850516363
0.0027024073229507933
0.0027090883188257814
0.0027154143443069278
0.0027213914858979383
0.002727025746049243
0.0027323230442184428
0.0027372892179180356
0.0027419300237505086
0.0027462511384310187
0.0027502581597977495
0.0027539566078101313
0.0027573519255349845
0.0027604494801208653
0.002763254563760623
0.0027657723946423345
0.0027680081178888486
0.00276996680648591
0.002771653462199127
0.0027730730164798783
0.0027742303313602525
0.0027751302003371737
0.002775777349245873
0.0027761764371227616
0.002776332057057889
0.002776248737037086
0.002775930940773934
0.002775383068531709
0.005483387766915353
0.005432617268876628
0.005382321537880999
0.005332496084819819
0.005283136463526793
0.0052342382704023
0.0051857971441031
0.005137808765389929
0.0050902688573570875
0.005043173186575232
0.0049965175663774924
0.004950297865068126
0.004904510025174561
0.004859150106859813
0.004814214382798289
0.004769699539588078
0.004725603093036833
0.0046819242186848485
0.004638665359272706
0.004595835226585812
0.0045534580501200815
0.004511573961373016
0.004470254500399625
0.004429633489017453
0.004389933533842834
0.004351502500953511
0.004314835990934038
0.004280473493374348
0.00424830527001833
0.004215238527499649
0.0041759765936741295
0.0041370844217225675
0.0040985584891118235
0.004060395307219894
0.004022591421006839
0.0039851434086888675
0.00394804788141563
0.003911301482950619
0.0038749008893547376
0.003838842808672929
0.0038031239806238224
0.0037677411762924887
0.0037326911978261047
0.0036979708781326396
0.003663577080582462
0.003629506698712851
0.0035957566559354005
0.0035623239052462495
0.0035292054289391738
0.003496398238321441
0.003463899373432476
0.0034317059027652026
0.0033998149229901757
0.003368223558682359
0.0033369289620505654
0.003305928312669565
0.003275218817214761
0.003244797709199493
0.0032146622487148726
0.003184809722172183
0.0031552374420477326
0.003125942746630281
0.0030969229997708445
0.0030681755906349995
0.003039697933457554
0.003011487467299661
0.0029835416558082303
0.002955857986977772
0.0029284339729144754
0.0029012671496026405
0.0028743550766733702
0.002847695337175535
0.0028212855373489147
0.002795123306399622
0.002769206296277683
0.298557208146553
