6.474788590412913E-8
1.2990006124323951E-7
1.95459076339241E-7
2.61427499171381E-7
3.278079155036323E-7
3.9460292901299056E-7
4.6181516141867675E-7
5.294472526122559E-7
5.975018607886739E-7
6.659816625782288E-7
7.348893531794668E-7
8.042276464930162E-7
8.7399927525638E-7
9.442069911796532E-7
1.01485356508223E-6
1.0859417870304395E-6
1.1574744664761865E-6
1.2294544323965274E-6
1.3018845334342646E-6
1.374767638039506E-6
1.448106634612227E-6
1.5219044316458314E-6
1.596163957871722E-6
1.6708881624048767E-6
1.7460800148904625E-6
1.8217425056514598E-6
1.8978786458373198E-6
1.9744914675736814E-6
2.0515840241131188E-6
2.1291593899869516E-6
2.207220661158111E-6
2.285770955175104E-6
2.3648134113269914E-6
2.44435119079952E-6
2.524387476832319E-6
2.6049254748771667E-6
2.685968412757433E-6
2.767519540828561E-6
2.849582132139734E-6
2.9321594825966414E-6
3.0152549111253844E-6
3.098871759837562E-6
3.183013394196462E-6
3.2676832031844696E-6
3.352884599471612E-6
3.438621019585317E-6
3.5248959240813244E-6
3.611712797715854E-6
3.699075149618921E-6
3.7869865134689153E-6
3.875450447668399E-6
3.964470535521133E-6
4.054050385410356E-6
4.144193630978314E-6
4.234903931307089E-6
4.326184971100637E-6
4.418040460868195E-6
4.5104741371089165E-6
4.603489762497861E-6
4.697091126073248E-6
4.791282043425101E-6
4.88606635688517E-6
4.981447935718247E-6
5.077430676314785E-6
5.174018502384936E-6
5.27121536515397E-6
5.3690252435589926E-6
5.4674521444471874E-6
5.566500102775398E-6
5.666173181811091E-6
5.7664754733348415E-6
5.867411097844185E-6
5.96898420475895E-6
6.0711989726280754E-6
6.174059609337818E-6
6.277570352321507E-6
6.383194500729718E-6
6.4921728723328434E-6
6.606233708314206E-6
6.727539969624122E-6
6.858412546353016E-6
7.000662911814099E-6
7.154315732812018E-6
7.3155142866980196E-6
7.473971757365106E-6
7.613522311358683E-6
7.728019609860193E-6
7.843230988083259E-6
7.959161076420908E-6
8.075814537707565E-6
8.19319606745162E-6
8.3113103940697E-6
8.43016227912246E-6
8.54975651755215E-6
8.670097937921819E-6
8.791191402656109E-6
8.913041808283793E-6
9.035654085682044E-6
9.159033200322255E-6
9.283184152517737E-6
9.343364091768767E-6
9.403921685291178E-6
9.464859489104657E-6
9.52618007742097E-6
9.587886042772858E-6
9.649979996143523E-6
9.712464567097271E-6
9.775342403910823E-6
9.838616173705485E-6
9.902288562580155E-6
9.966362275745299E-6
1.0030840037657664E-5
1.009572459215582E-5
1.0161018702596793E-5
1.022672515199322E-5
1.0292846743151795E-5
1.0359386298812185E-5
1.0426346661787244E-5
1.0493730695103746E-5
1.056154128214433E-5
1.0629781326790152E-5
1.0698453753564666E-5
1.0767561507778147E-5
1.0837107555673296E-5
1.0907094884571707E-5
1.0977526503021479E-5
1.1048405440945585E-5
1.1119734749791359E-5
1.1191517502681051E-5
1.1263756794563288E-5
1.1336455742365615E-5
1.1409617485148105E-5
1.1483245184258123E-5
1.1557342023485886E-5
1.1631911209221407E-5
1.1706955970612559E-5
1.1782479559723856E-5
1.1858485251697037E-5
1.1934976344912163E-5
1.2011956161150313E-5
1.2089428045757243E-5
1.216739536780839E-5
1.2245861520275057E-5
1.232482992019169E-5
1.240430400882464E-5
1.2484287251842012E-5
1.256478313948495E-5
1.264579518673997E-5
1.272732693351296E-5
1.2809381944804125E-5
1.2891963810884546E-5
1.2975076147474023E-5
1.3058722595920153E-5
1.3142906823379034E-5
1.3227632522997042E-5
1.3312903414094376E-5
1.3398723242349642E-5
1.3485095779986212E-5
1.3572024825959713E-5
1.3659514206147228E-5
1.374756777353767E-5
1.3836189408423942E-5
1.392538301859619E-5
1.4015152539536934E-5
1.4105501934617345E-5
1.4196435195295082E-5
1.4287956341313902E-5
1.4380069420904307E-5
1.4472778510986022E-5
1.456608771737184E-5
1.4660001174973E-5
1.4754523048006036E-5
1.4849657530201077E-5
1.4945408845011728E-5
1.5041781245826554E-5
1.5138779016181652E-5
1.5234947438016164E-5
1.533380209418335E-5
1.543750836787543E-5
1.5549245137327026E-5
1.5673263330946577E-5
1.581463813643095E-5
1.5978446691651362E-5
1.616795162394545E-5
1.638087095141518E-5
1.660140216436488E-5
1.6786641465290358E-5
1.689342226676122E-5
1.7000887223039133E-5
1.710904103548998E-5
1.7217888438887035E-5
1.7327434201646028E-5
1.7437683126061522E-5
1.754864004854433E-5
1.7660309839860264E-5
1.7772697405370116E-5
1.7885807685270413E-5
1.7999645654835685E-5
1.8114216324661624E-5
1.8229524740909034E-5
1.8345575985549408E-5
1.846237517661058E-5
1.857992746842445E-5
1.8698238051874917E-5
1.8817312154647176E-5
1.89371550414784E-5
1.9057772014408697E-5
1.917916841303427E-5
1.9301349614761214E-5
1.942432103506077E-5
1.9548088127725837E-5
1.9672656385129247E-5
1.9798031338483375E-5
1.9924218558101102E-5
2.0051223653659152E-5
2.0179052274462365E-5
2.0307710109710678E-5
2.0437202888767335E-5
2.0567536381429816E-5
2.0698716398202246E-5
2.083074879057061E-5
2.0963639451279734E-5
2.1097394314613308E-5
2.123201935667597E-5
2.1367520595677817E-5
2.1503904092222017E-5
2.1641175949595095E-5
2.1779342314059574E-5
2.191840937514986E-5
2.2058383365971355E-5
2.219927056350185E-5
2.23410772888967E-5
2.2483809907796697E-5
2.262747483063963E-5
2.2772078512974332E-5
2.2917627455778694E-5
2.3064128205780937E-5
2.3211587355783637E-5
2.336001154499212E-5
2.3509407459345444E-5
2.3659781831851286E-5
2.3811141442924165E-5
2.3963493120726958E-5
2.411684374151648E-5
2.4271200229991633E-5
2.4426569559645872E-5
2.4582958753122577E-5
2.4740374882574324E-5
2.4898825070024903E-5
2.505831648773573E-5
2.5218856358574393E-5
2.5380451956387616E-5
2.55431106063768E-5
2.5706839685477116E-5
2.5871646622739636E-5
2.6037538899716547E-5
2.6204524050849477E-5
2.6372609663860714E-5
2.6541803380147464E-5
2.6712112895178694E-5
2.688354595889477E-5
2.70561103761098E-5
2.7229814006916556E-5
2.7404664767093275E-5
2.7580670628513815E-5
2.775783961955897E-5
2.7936179825530163E-5
2.8115699389065682E-5
2.8296406510557968E-5
2.8478309448572988E-5
2.8661416520271096E-5
2.8845736101829402E-5
2.903127662886525E-5
2.9218046596860932E-5
2.9406054561589356E-5
2.9595309139540803E-5
2.9785819008349892E-5
2.9972845148237947E-5
3.016264314526171E-5
3.0358087290301506E-5
3.056382030261994E-5
3.078667098631978E-5
3.103579084917351E-5
3.1322132474676366E-5
3.165654765600494E-5
3.204417502751953E-5
3.2466860885223965E-5
3.283971997385513E-5
3.3048214715664654E-5
3.3258080006931655E-5
3.34693253808259E-5
3.368196043791489E-5
3.389599484657784E-5
3.411143834341702E-5
3.4328300733666865E-5
3.454659189159969E-5
3.476632176092865E-5
3.49875003552073E-5
3.521013775822555E-5
3.54342441244022E-5
3.56598296791752E-5
3.5886904719392815E-5
3.611547961370552E-5
3.634556480296283E-5
3.657717080061366E-5
3.6810308193113826E-5
3.704498764034103E-5
3.728121987601773E-5
3.751901570814475E-5
3.775838601944489E-5
3.799934176781788E-5
3.824189398680815E-5
3.848605378608425E-5
3.873183235193345E-5
3.8979240947768005E-5
3.922829091464752E-5
3.947899367181432E-5
3.9731360717245356E-5
3.998540362821696E-5
4.024113406188694E-5
4.049856375588965E-5
4.075770452894773E-5
4.101856828149782E-5
4.128116699633197E-5
4.154551273925339E-5
4.181161765974604E-5
4.207949399165955E-5
4.234915405390722E-5
4.262061025117772E-5
4.289387507465931E-5
4.3168961102777995E-5
4.344588100194628E-5
4.372464752732421E-5
4.400527352359175E-5
4.428777192573116E-5
4.457215575981926E-5
4.48584381438289E-5
4.514663228843942E-5
4.5436751497854034E-5
4.572880917062571E-5
4.602281880048798E-5
4.63187939771927E-5
4.6616748387352024E-5
4.6916695815284544E-5
4.721865014386554E-5
4.75226253553785E-5
4.782863553236972E-5
4.8136694858503074E-5
4.8446817619415155E-5
4.8759018203569476E-5
4.90733111031098E-5
4.9389710914709924E-5
4.9708232340421376E-5
5.002889018851606E-5
5.035169937432502E-5
5.0676674921070516E-5
5.100383196069172E-5
5.1333185734663047E-5
5.166475159480396E-5
5.199854500408031E-5
5.233458153739441E-5
5.267287688236542E-5
5.301344684009743E-5
5.33563073259355E-5
5.3701474370207435E-5
5.404896411895348E-5
5.439879283463854E-5
5.4750976896850274E-5
5.510553280298093E-5
5.5462477168891055E-5
5.582182672955522E-5
5.618359833969008E-5
5.654780897436162E-5
5.691447572957282E-5
5.7283615822830434E-5
5.765524659368997E-5
5.80293855042786E-5
5.84060501397949E-5
5.877512650237722E-5
5.914654681913061E-5
5.952369588725911E-5
5.991272312812626E-5
6.032358255821532E-5
6.07709445578262E-5
6.127450183776334E-5
6.185755494013009E-5
6.253934466726351E-5
6.330308071819734E-5
6.400378151968908E-5
6.441422871545089E-5
6.482743183374187E-5
6.524341015304813E-5
6.566218307915937E-5
6.60837701452226E-5
6.650819101176342E-5
6.693546546667589E-5
6.73656134251774E-5
6.77986549297322E-5
6.823461014994044E-5
6.867349938239265E-5
6.911534305081211E-5
6.956016170646268E-5
7.000797602880995E-5
7.045880682641447E-5
7.091267503804466E-5
7.13696017339891E-5
7.182960811755798E-5
7.229271552675554E-5
7.275894543610952E-5
7.322831945864581E-5
7.370085934799298E-5
7.417658700060493E-5
7.465552445808908E-5
7.513769390962694E-5
7.562311769447884E-5
7.611181830455713E-5
7.66038183870603E-5
7.709914074715734E-5
7.759780835071155E-5
7.809984432703335E-5
7.860527197165769E-5
7.911411474912908E-5
7.962639629579346E-5
8.014214042258478E-5
8.066137111779933E-5
8.118411254985103E-5
8.171038906999787E-5
8.224022521503752E-5
8.277364570996034E-5
8.331067547055704E-5
8.38513396059729E-5
8.439566342120516E-5
8.494367241953557E-5
8.549539230489397E-5
8.605084898414966E-5
8.661006856932265E-5
8.717307737971354E-5
8.773990194394468E-5
8.831056900191309E-5
8.888510550664517E-5
8.94635386260576E-5
9.004589574461209E-5
9.063220446487009E-5
9.122249260893651E-5
9.181678821979566E-5
9.241511956253366E-5
9.301751512544562E-5
9.362400362102687E-5
9.423461398684447E-5
9.484937538628735E-5
9.546831720919568E-5
9.60914690723646E-5
9.671886081992382E-5
9.735052252359027E-5
9.798648448279345E-5
9.86267772246727E-5
9.927143150394559E-5
9.99204783026456E-5
1.0057394882973038E-4
1.0123187452055982E-4
1.0189428703624285E-4
1.0256121826285258E-4
1.0323270031051223E-4
1.039087655123485E-4
1.045894464233151E-4
1.052747758188854E-4
1.0596478669361592E-4
1.0665951225957944E-4
1.0735898594466814E-4
1.0806324139077132E-4
1.087723124518232E-4
1.0948623319172311E-4
1.1020503788213319E-4
1.1092876100014728E-4
1.1165743722583912E-4
1.1239110143968409E-4
1.1312978871986388E-4
1.1387353433944677E-4
1.146223737634516E-4
1.1535822974903257E-4
1.1609542566504281E-4
1.1683725337589991E-4
1.1759093270844271E-4
1.1836961917444723E-4
1.1919465525503332E-4
1.2009754063834545E-4
1.2112005867864059E-4
1.2230490436979452E-4
1.2364412698836116E-4
1.2491499216492897E-4
1.2572876661311554E-4
1.2654809158330673E-4
1.273730047658178E-4
1.2820354398577588E-4
1.2903974719850154E-4
1.2988165248480174E-4
1.3072929804617295E-4
1.3158272219991848E-4
1.3244196337418177E-4
1.3330706010289742E-4
1.341780510672036E-4
1.3505497513454075E-4
1.3593787139548974E-4
1.3682677919842488E-4
1.3772173818203055E-4
1.3862278830575255E-4
1.395299698782316E-4
1.4044332358378777E-4
1.4136289050700483E-4
1.422887121554693E-4
1.4322083048072618E-4
1.4415928789749267E-4
1.4510412730119493E-4
1.4605539208386713E-4
1.4701312614846823E-4
1.479773739216676E-4
1.4894818036514056E-4
1.4992559098542637E-4
1.5090965184239233E-4
1.5190040955634812E-4
1.5289791131385439E-4
1.5390220487227334E-4
1.5491333856309315E-4
1.55931361294078E-4
1.5695632255027746E-4
1.579882723939373E-4
1.5902726146335E-4
1.6007334097067972E-4
1.6112656269880467E-4
1.6218697899720617E-4
1.6325464277694546E-4
1.64329607504757E-4
1.654119271962979E-4
1.665016564085826E-4
1.6759885023163431E-4
1.6870356427938982E-4
1.6981585467987998E-4
1.7093577806472635E-4
1.7206339155797346E-4
1.7319875276429174E-4
1.7434191975657557E-4
1.7549295106296912E-4
1.7665190565333623E-4
1.7781884292521509E-4
1.789938226892668E-4
1.8017690515425734E-4
1.813681509115886E-4
1.825676209194016E-4
1.8377537648628194E-4
1.8499147925458336E-4
1.8621599118339262E-4
1.8744897453116076E-4
1.8869049183801602E-4
1.899406059077837E-4
1.9119937978972928E-4
1.924668767600462E-4
1.9374316030310596E-4
1.9502829409248932E-4
1.96322341971816E-4
1.9762536793539127E-4
1.9893743610868383E-4
2.0025861072865643E-4
2.015889561239568E-4
2.0292853669499525E-4
2.0427741689391378E-4
2.0563566120446864E-4
2.0700333412183592E-4
2.0838050013235887E-4
2.0976722369324456E-4
2.1116356921222607E-4
2.1256960102720673E-4
2.139853833858913E-4
2.1541098042541853E-4
2.1684645615201292E-4
2.1829187442065572E-4
2.197472989147973E-4
2.2121279312611243E-4
2.2268842033431528E-4
2.2417424358704008E-4
2.2567032567979986E-4
2.271478779813902E-4
2.2862559170589583E-4
2.3010539752404011E-4
2.3159426619649476E-4
2.331075849523535E-4
2.346734872555336E-4
2.3633769423865082E-4
2.3816689491587618E-4
2.4023901659848095E-4
2.4256784392646185E-4
2.448424152947514E-4
2.4646469975314795E-4
2.480979922323725E-4
2.497423498788397E-4
2.5139782930282774E-4
2.5306448656075496E-4
2.5474237713765766E-4
2.564315559298668E-4
2.581320772278908E-4
2.5984399469950554E-4
2.6156736813428606E-4
2.6330226314824585E-4
2.650487508954193E-4
2.668069077862456E-4
2.6857681521265647E-4
2.7035855927973375E-4
2.7215223054384303E-4
2.739579237571057E-4
2.7577573761812367E-4
2.7760577452883044E-4
2.7944814035736355E-4
2.813029442068623E-4
2.831702981900688E-4
2.8505031720964735E-4
2.869431187441089E-4
2.888488226392387E-4
2.9076755090494405E-4
2.926994275174033E-4
2.94644578226439E-4
2.966031303680086E-4
2.9857521268172757E-4
3.0056095513332465E-4
3.02560488741954E-4
3.045739454122539E-4
3.066014577710859E-4
3.086431590088519E-4
3.1069918272531627E-4
3.1276966277983976E-4
3.148547331459482E-4
3.1695452777015434E-4
3.1906918043494845E-4
3.211988246258891E-4
3.233435934027019E-4
3.2550361927432327E-4
3.276790340778066E-4
3.2986996886101745E-4
3.3207655376904873E-4
3.3429891793427716E-4
3.3653718936999867E-4
3.387914948675645E-4
3.4106195989695834E-4
3.4334870851073467E-4
3.4565186325126923E-4
3.4797154506123603E-4
3.503078731972667E-4
3.526609651467088E-4
3.55030936547436E-4
3.574179011106473E-4
3.59821970546577E-4
3.6224325449308345E-4
3.646818604470381E-4
3.671378936984605E-4
3.6961145726734963E-4
3.7210265184314746E-4
3.746115757267833E-4
3.7713832477524815E-4
3.7968299234863556E-4
3.8224566925961173E-4
3.8482644372524443E-4
3.874254013211608E-4
3.900426249379657E-4
3.926781947398816E-4
3.9533218812556317E-4
3.9800467969102496E-4
4.0069574119465915E-4
4.034054415242719E-4
4.061338466661122E-4
4.088810196758359E-4
4.1164702065137174E-4
4.1443190670763675E-4
4.1723573195306555E-4
4.200585474679054E-4
4.2290040128424794E-4
4.2576133836773734E-4
4.286414006009382E-4
4.315406267683044E-4
4.344590525427273E-4
4.373967104736092E-4
4.403536299764392E-4
4.433298373238291E-4
4.463253556379706E-4
4.4929849113301457E-4
4.5227062322922783E-4
4.5523999381680063E-4
4.582104937034719E-4
4.6119678771580196E-4
4.642315787317331E-4
4.67374899580741E-4
4.707232727320447E-4
4.7440263022876356E-4
4.7846840409554556E-4
4.825299333352999E-4
4.8575107426608317E-4
4.88991488378229E-4
4.922511547819397E-4
4.95530049478537E-4
4.988281453712648E-4
5.021454122769941E-4
5.054818169388057E-4
5.088373230394187E-4
5.122128734035661E-4
5.156093740627934E-4
5.190276949675366E-4
5.224686706888003E-4
5.259331011095329E-4
5.294217521058626E-4
5.329353562182833E-4
5.364746133129591E-4
5.400401912332286E-4
5.436327264414687E-4
5.472528246514163E-4
5.509010614510709E-4
5.545779829163168E-4
5.582841062153472E-4
5.620199202040446E-4
5.657858860124011E-4
5.695824376221113E-4
5.734099824354456E-4
5.772689018355066E-4
5.811595517379915E-4
5.85082263134558E-4
5.890373426279067E-4
5.930250729586878E-4
5.970457135243286E-4
6.010995008898906E-4
6.05186649291066E-4
6.093073511293938E-4
6.134617774598266E-4
6.176500784707116E-4
6.218723839563125E-4
6.261288037819566E-4
6.304194283418971E-4
6.347443290100011E-4
6.391035585833406E-4
6.434971517187856E-4
6.479251253626976E-4
6.523874791737916E-4
6.568841959392899E-4
6.614152419844168E-4
6.659805675753523E-4
6.705801073157171E-4
6.752137805366748E-4
6.798814916807328E-4
6.845831306793367E-4
6.89318573324322E-4
6.940876816333263E-4
6.988903042092181E-4
7.03726276593637E-4
7.085954216147319E-4
7.134975497291356E-4
7.184324593583106E-4
7.233999372192913E-4
7.283997586499189E-4
7.334316879286424E-4
7.384954785889569E-4
7.435908737285508E-4
7.487176063132328E-4
7.538753994757064E-4
7.59063966809269E-4
7.64283012656495E-4
7.695322323929829E-4
7.748113127062191E-4
7.801199318696319E-4
7.854577600119054E-4
7.908244593816102E-4
7.962196846072202E-4
8.016430829525749E-4
8.070942945678593E-4
8.125729527361355E-4
8.180786841155309E-4
8.236111089771029E-4
8.291698414384667E-4
8.347544896932178E-4
8.403646562362471E-4
8.459999380849594E-4
8.516599269964905E-4
8.573442096809509E-4
8.63052368010783E-4
8.687839792262458E-4
8.745386161371132E-4
8.803158473206325E-4
8.861152373157896E-4
8.918817607039067E-4
8.976346506245083E-4
9.03364505901474E-4
9.090669054919822E-4
9.14749488269004E-4
9.204429596135672E-4
9.26216653039062E-4
9.321968313453185E-4
9.385677159550572E-4
9.454540753166394E-4
9.524313504807582E-4
9.584468801598872E-4
9.644785893577017E-4
9.705260056143267E-4
9.765886549371794E-4
9.826660619425642E-4
9.887577499943841E-4
9.948632413400201E-4
0.001001124737625591
0.0010075378352969308
0.0010140981975110192
0.0010208015533338102
0.0010276436969465855
0.001034620486860729
0.0010417278451408717
0.0010489617566362692
0.0010563182682204102
0.0010637934880386893
0.00107138358476414
0.0010790847868610894
0.001086893381856696
0.0010948057156202793
0.0011028181916503531
0.00111092727036931
0.0011191294684256587
0.001127421358003752
0.0011357995661409456
0.0011442607740520612
0.0011528017164611592
0.001161419180940479
0.0011701100072565157
0.0011788710867231555
0.0011876993615617805
0.001196591824268306
0.0012055455169870566
0.001214557530891412
0.0012236250055711855
0.0012327451284266354
0.0012419151340690353
0.0012511323037278004
0.00126039396466402
0.0012696974895903992
0.0012790402960975165
0.0012884198460863248
0.0012978336452068653
0.001307279242303105
0.001316754228863843
0.001326256238479635
0.001335782946305662
0.0013453320685304939
0.0013549013618506841
0.0013644886229511358
0.0013740916879911849
0.001383708432096343
0.0013933367688556385
0.0014029746498245088
0.0014126200640331675
0.001422271037500432
0.0014319256327528945
0.0014415819483494542
0.0014512381184110976
0.0014608923121559073
0.0014705427334392304
0.0014801876202989593
0.0014898252445058912
0.0014994539111190773
0.00150907195804614
0.0015186777556085071
0.0015282697061114853
0.0015378462434191744
0.0015474058325341232
0.001556946969181691
0.0015664681793991085
0.0015759680191291133
0.0015854450738181957
0.0015948979580193427
0.0016043253149992853
0.0016137258163501501
0.001623098161605515
0.0016324410778608106
0.001641753319398022
0.0016510336673146249
0.0016602809291567666
0.001669493938556576
0.00167867155487365
0.0016878126628405501
0.0016969161722124263
0.0017059810174205796
0.0017150061572300003
0.0017239905744008306
0.0017329332753537115
0.0017417703647679774
0.0017505103622721533
0.0017591315259804893
0.0017676141390611782
0.0017759493152513144
0.0017841541140456276
0.0017922948774805442
0.0018005182264909825
0.001809068223246936
0.001818171445580096
0.001827473997902541
0.0018358261081412672
0.0018441257118328568
0.00185237211485368
0.0018605646421201779
0.0018687026373116838
0.0018767854625964923
0.0019055393743547197
0.0019338093168836884
0.0019616005849969736
0.001988918423583332
0.0020157680280428985
0.002042154544719734
0.002068083071330786
0.0020935586573912566
0.0021185863046363964
0.0021431709674398355
0.0021673175532283635
0.002191030922893265
0.0022143158911982386
0.0022371772271838632
0.0022596196545687296
0.0022816478521471874
0.0023032664541837735
0.0023244800508043285
0.0023452931883838667
0.002365710369931189
0.0023857360554702476
0.0024053746624183568
0.0024246305659612086
0.0024435080994247567
0.002462011554643985
0.0024801451823285737
0.0024979131924255014
0.002515319754478614
0.0025323689979851694
0.002549065012749385
0.002565411849233036
0.0025814135189030666
0.00259707399457634
0.002612397210761443
0.0026273870639976337
0.0026420474131909487
0.002656382079947473
0.0026703948489037906
0.0026840894680547206
0.0026974696490781693
0.002710539067657402
0.0027233013638004685
0.002735760142157009
0.002747918972332378
0.0027597813891990994
0.002771350893205726
0.002782630950683067
0.0027936249941478415
0.0028043364226037824
0.002814768601840171
0.0028249248647278916
0.002834808511512921
0.002844422810107413
0.0028537709963782744
0.002862856274433313
0.0028716818169049582
0.0028802507652316
0.002888566229936537
0.0028966312909045663
0.002904448997656208
0.00291202236961967
0.0029193543964004098
0.0029264480380485087
0.002933306225323737
0.0029399318599583465
0.0029463278149177026
0.0029524969346586202
0.0029584420353855703
0.0029641659053046936
0.002969671304875657
0.002974960967061356
0.00298003759757551
0.002984903875128149
0.002989562451669024
0.0029940159526289124
0.002998266977158925
0.003002318098367719
0.003006171863556736
0.0030098307944534043
0.0030132973874423662
0.003016574113794764
0.003019663419895496
0.0030225677274686243
0.0030252894338008095
0.00302777194857008
0.0030300064136067487
0.0030319601616514706
0.003033597147406634
0.003034887336951886
0.0030358246194368247
0.003036456662675041
0.003036928223716529
0.0030375197543762353
0.003038567739113616
0.003039937298709219
0.0030406406021805865
0.003041190654027885
0.003041589527513678
0.003041839274641083
0.003041941926348092
0.006052848734725414
0.006011242972128792
0.005969923198561161
0.005928887448155526
0.005888133768558701
0.005847660220838438
0.00580746487939115
0.005767545831850278
0.005727901178995309
0.005688529034661377
0.00564942752564951
0.005610594791637508
0.0055720289850914005
0.0055337282711775395
0.00549569082767529
0.005457914844890318
0.005420398525568476
0.005383140084810266
0.005346137749985936
0.005309389760651078
0.0052728943684629105
0.0052366498370970726
0.005200654442164966
0.005164906471131739
0.005129404223234769
0.005094146009402751
0.005059130152175329
0.005024354985623241
0.004989818855269083
0.00495552011800855
0.004921457142032291
0.004887628306748205
0.004854032002704382
0.004820666631512484
0.004787530605771699
0.0047546223489932
0.0047219402955251235
0.004689482890478101
0.0046572485896512195
0.004625235859458608
0.004593443176856379
0.004561869029270253
0.0045305119145235195
0.004499370340765554
0.0044684428264008804
0.004437727900018624
0.004407224100322521
0.004376929976061383
0.004346844085960026
0.004316964998650714
0.004287291292605027
0.004257821556066246
0.004228554386982135
0.004199488392938286
0.004170622191091812
0.00414195440810557
0.004113483680082818
0.004085208652502305
0.004057127980153816
0.004029240327074187
0.004001544366483701
0.003974038780723004
0.003946722261190361
0.003919593508279406
0.003892651231317309
0.0038658941485033666
0.0038393209868479976
0.0038129304821121835
0.003786721378747298
0.003760692429835375
0.0037348423970297883
0.0037091700504963145
0.0036836741688546157
0.0036583535391201305
0.003633206956646339
0.0036082332250674844
0.003583431156241599
0.0035587995701940023
0.003534337295061155
0.0035100431670348877
0.0034859160303070133
0.003461954737014384
0.0034381581471841934
0.003414525128679817
0.0033910545571468865
0.003367710684871725
0.003344466012745682
0.0033212844249191752
0.0032981234351137207
0.0032749410411255717
0.003251709967158593
0.003228442637865461
0.003205229354971715
0.003182280395530373
0.003159902372989326
0.0031381855456858285
0.0031166179709504905
0.0030951986229953324
0.0030739264830828084
0.003052800539477338
