3.151957590346473E-7
6.349894773455825E-7
9.594487588748272E-7
1.2886422396568828E-6
1.6226396038244762E-6
1.96151159985969E-6
2.3053300570939176E-6
2.65416790246018E-6
3.008099177501401E-6
3.3671990556383183E-6
3.7315438597007984E-6
4.101211079726481E-6
4.47627939103074E-6
4.856828672552065E-6
5.242940025477134E-6
5.634695792150005E-6
6.032179575269865E-6
6.435476257382068E-6
6.844672020667223E-6
7.260614879368231E-6
7.684147607467252E-6
8.116476673222305E-6
8.559181676021822E-6
9.014083595007368E-6
9.482843995360669E-6
9.96611433547827E-6
1.0462037767280808E-5
1.0964252041719176E-5
1.1461543340952218E-5
1.1948689455311933E-5
1.24429276219598E-5
1.2944362779188551E-5
1.3453101471852266E-5
1.3969251876248719E-5
1.4492923825389283E-5
1.5024228834662245E-5
1.5563280127894747E-5
1.6110192663819113E-5
1.6665083162948672E-5
1.7228070134868418E-5
1.7799273905944967E-5
1.8378816647461222E-5
1.896682240417944E-5
1.956341712333747E-5
2.0168728684081788E-5
2.046769116830655E-5
2.0771034208799803E-5
2.107882405751765E-5
2.139112798841393E-5
2.1708014313115827E-5
2.2029552396819962E-5
2.235581267441253E-5
2.2686866666817643E-5
2.302278699757892E-5
2.336364740968014E-5
2.370952278261094E-5
2.4060489149684773E-5
2.4416623715616394E-5
2.477800487436707E-5
2.5144712227265638E-5
2.5516826601413722E-5
2.5894430068384845E-5
2.6277605963225225E-5
2.666643890376588E-5
2.706025429791976E-5
2.7461952935804905E-5
2.7873561377264338E-5
2.8297955029501256E-5
2.8738870557035525E-5
2.9200636178649713E-5
2.968738754571676E-5
3.020142052074431E-5
3.074001247022838E-5
3.128940947041398E-5
3.181442003382753E-5
3.22822142191095E-5
3.275689440833151E-5
3.3238565135611765E-5
3.3727332547422546E-5
3.422330442770355E-5
3.472659022334305E-5
3.523730107002109E-5
3.575554981840531E-5
3.6281451060690406E-5
3.681512115746972E-5
3.735667826492621E-5
3.7906242362328035E-5
3.84639352798134E-5
3.902988072644659E-5
3.960420431852665E-5
4.018703360814585E-5
4.0778498112011167E-5
4.1378729340551145E-5
4.19878608273423E-5
4.2606028158894255E-5
4.3233369004839906E-5
4.3870023148578965E-5
4.451613251842602E-5
4.5171841219314386E-5
4.5837295565106686E-5
4.651264411156118E-5
4.7198037689999706E-5
4.7893629441720354E-5
4.8599574853191734E-5
4.931603179206425E-5
5.0043160544024365E-5
5.0781123850512786E-5
5.153008694732518E-5
5.229021760410037E-5
5.3061686164700483E-5
5.384109810903732E-5
5.463389674086703E-5
5.54428907826814E-5
5.62724158813439E-5
5.71286516357099E-5
5.801966816168329E-5
5.895487031711958E-5
5.994322362021513E-5
6.098838880902761E-5
6.207483075728434E-5
6.312951438986695E-5
6.405599816935337E-5
6.499627592217703E-5
6.595055827338906E-5
6.691905911243144E-5
6.790199564249878E-5
6.889958842982114E-5
6.99120614527654E-5
7.093964215064537E-5
7.198256147213113E-5
7.304105392314559E-5
7.411535761413113E-5
7.520571430656894E-5
7.631236945863423E-5
7.743557226986455E-5
7.857557572594299E-5
7.97326366445266E-5
8.09070157229009E-5
8.20989775880947E-5
8.3308790849962E-5
8.453672815761747E-5
8.578306625950288E-5
8.704808606726207E-5
8.833207272351217E-5
8.963531567351622E-5
9.095810874068981E-5
9.230075020580765E-5
9.366354288971737E-5
9.504679423931413E-5
9.64508164164854E-5
9.787592638969642E-5
9.932244602784776E-5
1.0079070219600843E-4
1.022810268526094E-4
1.0379375714765043E-4
1.053292355214668E-4
1.0687948787688496E-4
1.0845352685576221E-4
1.1005489132656746E-4
1.1168955955771063E-4
1.1336680689161997E-4
1.1509991414355869E-4
1.1690629948584698E-4
1.1880610393052682E-4
1.2081543958099246E-4
1.229205400296203E-4
1.2499322806371128E-4
1.2683495628786854E-4
1.2870436778077775E-4
1.3060188792447078E-4
1.3252794861421372E-4
1.3448298830267644E-4
1.364674520371514E-4
1.3848179148950252E-4
1.40526464978538E-4
1.426019374845247E-4
1.4470868065558293E-4
1.4684717280571678E-4
1.4901789890425823E-4
1.5122135055652857E-4
1.534580260560005E-4
1.557284304980493E-4
1.5803307594605166E-4
1.6037248164126316E-4
1.627471742485044E-4
1.6515768813029307E-4
1.6760456564260474E-4
1.7008835744598504E-4
1.7260962282623557E-4
1.7516893001936763E-4
1.7776685653597742E-4
1.8040398948061868E-4
1.8308092586215264E-4
1.857982728914394E-4
1.8855664826308865E-4
1.9135668041833745E-4
1.941990087864359E-4
1.9708428400222445E-4
2.0001316809787112E-4
2.0298633466700702E-4
2.0600446899974236E-4
2.090682681872865E-4
2.121628779923261E-4
2.1530187444839124E-4
2.184892176271336E-4
2.2173239882929336E-4
2.2504415271035934E-4
2.2844433300616017E-4
2.3196147212163512E-4
2.3563264088125713E-4
2.3949505283238668E-4
2.435437588279164E-4
2.4757801674246693E-4
2.5125099498275304E-4
2.5497967474541645E-4
2.587649099799376E-4
2.6260756405381384E-4
2.665085093386909E-4
2.7046862676825584E-4
2.7448880536887454E-4
2.785699417639865E-4
2.827129396533166E-4
2.8691870926800337E-4
2.9118816680276263E-4
2.955222338262415E-4
2.999218419753489E-4
3.0438793706718165E-4
3.089214826638869E-4
3.1352346312424925E-4
3.181948861743307E-4
3.2293678502801683E-4
3.277502200869778E-4
3.3263628024819236E-4
3.375960838459232E-4
3.4263077925377784E-4
3.477415451713042E-4
3.529295906184283E-4
3.5819615465993343E-4
3.635425058811179E-4
3.6896994163475067E-4
3.744797870784507E-4
3.8007339402068227E-4
3.8575213959264506E-4
3.9151742476245494E-4
3.973706727071821E-4
4.033133270575014E-4
4.093468500289309E-4
4.154727204528891E-4
4.216668686935573E-4
4.2794808282639016E-4
4.3432005851433804E-4
4.407910959183535E-4
4.473770339727448E-4
4.54104960999724E-4
4.610172798430216E-4
4.681743485958621E-4
4.7564554358240523E-4
4.834467050058839E-4
4.912929393593529E-4
4.986427811515369E-4
5.061045424128276E-4
5.136796966656848E-4
5.213696995624175E-4
5.291759866106632E-4
5.370999709347569E-4
5.451430410770218E-4
5.533065588426807E-4
5.615918571917717E-4
5.700002381811735E-4
5.785329709595461E-4
5.87191639501126E-4
5.959781089044667E-4
6.048944934388429E-4
6.139431262718986E-4
6.231265308142058E-4
6.324473936185097E-4
6.419085387733396E-4
6.515129037326817E-4
6.612635165252302E-4
6.711634742886051E-4
6.812159230756591E-4
6.914240388817532E-4
7.017910098435209E-4
7.123200195613096E-4
7.230142314990243E-4
7.338767744166614E-4
7.449107287922889E-4
7.56119114191701E-4
7.675048775453446E-4
7.790708822935167E-4
7.90819898362116E-4
8.027545929325515E-4
8.148775219706251E-4
8.271911224804446E-4
8.396597838599417E-4
8.523063117831303E-4
8.651318995120312E-4
8.781428681004966E-4
8.913551807738641E-4
9.048007727609561E-4
9.18535548913846E-4
9.326470552980226E-4
9.472475667887877E-4
9.623903605648263E-4
9.777097623408163E-4
9.924376853253877E-4
0.0010073745041364694
0.0010225205126124408
0.0010378758368074321
0.0010534404350847231
0.0010692140985114336
0.0010851964515370862
0.001101386952939222
0.0011177848970199665
0.0011343894150380313
0.0011512225281954018
0.0011683043507087708
0.0011856531713387625
0.0012032855322869985
0.0012212163055336626
0.0012394587666862918
0.0012580246664089093
0.0012769242994987065
0.0012961665716759673
0.0013157590641511526
0.001335708096031532
0.0013560187846281594
0.0013766951037224287
0.0013977399398499757
0.0014191551466582449
0.0014409415973925584
0.001463099235564183
0.001485627123852493
0.0015085234912920306
0.0015317857787939
0.0015554106830497898
0.0015793941988655072
0.0016037316599698775
0.0016284177783435247
0.0016534466821110168
0.0016787610132321792
0.0017043742782964582
0.0017302720078708792
0.0017564441255929386
0.0017828912917299405
0.0018096346477223919
0.0018367294539467292
0.0018642808708339074
0.0018924438833004778
0.0019213239516546047
0.0019505032144001677
0.0019789917777663646
0.002007708335297319
0.0020366421202252997
0.002065782204303926
0.002095117517763569
0.0021246368684173524
0.002154328959944571
0.002184182409377582
0.002214185763817597
0.0022458470738379774
0.0022790626361126618
0.0023137322161319055
0.002349758956163639
0.0023870492853703936
0.002425512832035229
0.0024650623378508385
0.002505613574227197
0.002547085260573773
0.0025893989845134305
0.0026324791239859128
0.00267625277119975
0.0027206496583921944
0.002765602085357691
0.0028110448487061682
0.002856915172813244
0.002903152642425237
0.0029496991368826286
0.002996498765926341
0.0030434978070520507
0.003090644644378291
0.0031378897089950238
0.0031851854207598585
0.0032324861315099324
0.0032797480696579976
0.003326929286142054
0.0033739288906068834
0.0034207211043372015
0.003467251305183423
0.0035134687848952526
0.003559334683418799
0.003604835515795826
0.0036500039310023184
0.0036949460024341915
0.0037398552772693236
0.0037849142713924006
0.003829744022757089
0.0038732346498999504
0.003916243231628775
0.003958748365991968
0.004000729805169909
0.004042168419421328
0.004083046161948219
0.004123346034658333
0.004163052054804819
0.004302319337712104
0.00443640713290548
0.0045654404773847294
0.004689541807355935
0.0048088310083523435
0.004923425464433213
0.005033440106477181
0.00513898745958617
0.005240177689615837
0.005337118648848034
0.005429915920820691
0.005518672864330122
0.005603490656620553
0.005684468335775429
0.005761702842324754
0.005835289060082494
0.005905319856227813
0.005971886120643741
0.006035076804526487
0.006094978958278557
0.006151677768698488
0.006205256595479756
0.00625579700703139
0.0063033788156323465
0.006348080111931684
0.0063899772988062434
0.006429145124587421
0.00646559674621015
0.006499396742171548
0.006530582692434679
0.0065591880665621825
0.00658525123934195
0.0066088323877939925
0.006630041288892574
0.006649077058868627
0.006666262290416541
0.006681973097233538
0.006696113482321138
0.006707781296986868
0.006717556571258404
0.006725494002947224
0.006731647066407852
0.006736068037062156
0.006738808015461261
0.006739916950893344
0.013342716278684302
0.013140436467584397
0.012941223287439673
0.012745030246736205
0.012551811558804455
0.012361522131132995
0.012174117554844247
0.011989554094329785
0.011807788677042805
0.011628778883445372
0.011452482937108044
0.01127885969495963
0.011107868637684816
0.010939469860267306
0.010773624062676384
0.010610292540694672
0.010449437176885042
0.010291020431694322
0.01013500533469203
0.009981355475941846
0.009830034997503997
0.009681008585066412
0.009534241459702773
0.009389699369755557
0.00924734858284211
0.009107155877981972
0.008969088537843497
0.008833114341108068
0.008699162989829652
0.008567175379851192
0.008437084677917692
0.008308819172010278
0.008182309845238843
0.008057505242211693
0.007934396540903384
0.007813054544981725
0.007693668401680336
0.007576521777219606
0.007461667155332617
0.007348553651538039
0.007237154871412016
0.0071274448206645824
0.007019397899073476
0.006912988894509944
0.00680819297705512
