9.996222689878918E-8
2.007180367909422E-7
3.022737927119272E-7
4.046359126613204E-7
5.078108700933621E-7
6.11805194411826E-7
7.16625471469241E-7
8.222783440704924E-7
9.287705124808469E-7
1.0361087349384287E-6
1.1442998281711907E-6
1.2533506679184042E-6
1.3632681894567153E-6
1.474059388130798E-6
1.58573131988864E-6
1.6982911018215067E-6
1.8117459127086164E-6
1.926102993566543E-6
2.0413696482034557E-6
2.1575532437781084E-6
2.2746612113637816E-6
2.392701046517063E-6
2.5116803098516155E-6
2.631606627616925E-6
2.752487692282078E-6
2.874331263124626E-6
2.9971451668245457E-6
3.1209372980634174E-6
3.245715620128742E-6
3.371488165523601E-6
3.4982630365815302E-6
3.6260484060868253E-6
3.754852517900218E-6
3.884683687589991E-6
4.0155503030686325E-6
4.147460825234987E-6
4.280423788622097E-6
4.414447802050617E-6
4.5495415492879955E-6
4.68571378971339E-6
4.822973358988473E-6
4.9613291697339994E-6
5.100790212212404E-6
5.241365555016375E-6
5.3830643457634265E-6
5.525895811796641E-6
5.669869260891543E-6
5.814994081969206E-6
5.9612797458156145E-6
6.108735805807464E-6
6.257371898644215E-6
6.4071977450867895E-6
6.55822315070261E-6
6.7104580066174064E-6
6.863912290273501E-6
7.0185960661949674E-6
7.174519486759424E-6
7.331692792976731E-6
7.491536603751381E-6
7.655278465731531E-6
7.82463857860816E-6
8.001786085921425E-6
8.189074020544203E-6
8.388384053448853E-6
8.599856023938129E-6
8.819784568854941E-6
9.038024516095373E-6
9.238374487607254E-6
9.41447427957342E-6
9.591970993133383E-6
9.7708760739309E-6
9.951201067394122E-6
1.013295761962217E-5
1.031615747827939E-5
1.0500812493497506E-5
1.0686934618785482E-5
1.0874535911947412E-5
1.1063628536008263E-5
1.1254224760147649E-5
1.1446336960641647E-5
1.1540015394913739E-5
1.1634441300195992E-5
1.1729621016749818E-5
1.1825560940817256E-5
1.192226752511288E-5
1.2019747279319775E-5
1.2118006770589455E-5
1.221705262404588E-5
1.2316891523293364E-5
1.2417530210928668E-5
1.2518975489057067E-5
1.2621234219812661E-5
1.2724313325882745E-5
1.2828219791036347E-5
1.2932960660657146E-5
1.3038543042280554E-5
1.3144974106135223E-5
1.3252261085688987E-5
1.3360411278199095E-5
1.3469432045267351E-5
1.3579330813399328E-5
1.3690115074568843E-5
1.380179238678672E-5
1.3914370374674646E-5
1.4027856730043943E-5
1.4142259212479161E-5
1.4257585649926986E-5
1.437384393929013E-5
1.4491042047026675E-5
1.4609188009754575E-5
1.4728289934861838E-5
1.4848356001122E-5
1.4969394459315423E-5
1.5091413632856279E-5
1.521442191842528E-5
1.5338427786608462E-5
1.5463439782541714E-5
1.558946652656173E-5
1.5716516714862924E-5
1.5844599120160576E-5
1.5973722592360426E-5
1.61038960592348E-5
1.6235128527104815E-5
1.636742908152969E-5
1.6500806888002294E-5
1.6635271192651536E-5
1.677083132295157E-5
1.6907496688437737E-5
1.7045276781429482E-5
1.7184181177759874E-5
1.732421953751267E-5
1.746540160576564E-5
1.7607737213341594E-5
1.775123627756583E-5
1.789590880303116E-5
1.804176488236961E-5
1.8188814697031408E-5
1.833706851807092E-5
1.8485126418462816E-5
1.8636496558511695E-5
1.8793365935264198E-5
1.895893778607898E-5
1.9137488923573827E-5
1.9334119743682738E-5
1.9553928456987312E-5
1.9800189889143462E-5
2.007062421473278E-5
2.034948237515751E-5
2.0593640730743606E-5
2.0759616938062047E-5
2.0926939590505168E-5
2.1095620245969237E-5
2.126567056430607E-5
2.1437102308214805E-5
2.160992734413899E-5
2.1784157643169674E-5
2.19598052819533E-5
2.2136882443605285E-5
2.231540141862827E-5
2.2495374605835495E-5
2.267681451327868E-5
2.285973375918041E-5
2.3044145072872137E-5
2.3230061295736054E-5
2.3417495382153148E-5
2.3606460400455943E-5
2.3796969533887707E-5
2.3989036081567286E-5
2.4182673459461066E-5
2.4377895201361425E-5
2.457471495987333E-5
2.477314650740853E-5
2.4973203737188463E-5
2.5174900664256365E-5
2.537825142649858E-5
2.5583270285676628E-5
2.5789971628469125E-5
2.5998369967525736E-5
2.6208479942532318E-5
2.6420316321288076E-5
2.6633894000796234E-5
2.6849228008366643E-5
2.706633350273306E-5
2.728522577518382E-5
2.7505920250706677E-5
2.772843248914947E-5
2.7952778186394256E-5
2.817897317554822E-5
2.8407033428149362E-5
2.8636975055388398E-5
2.8868814309346565E-5
2.9102567584249806E-5
2.9338251417738844E-5
2.9575882492156144E-5
2.9815477635849165E-5
3.0057053824489618E-5
3.0300628182409852E-5
3.054621798395476E-5
3.0793840654850366E-5
3.104351377358847E-5
3.1295255072826424E-5
3.154908244080321E-5
3.1805013922770615E-5
3.206306772243874E-5
3.232326220343684E-5
3.2585615890788016E-5
3.285014747239714E-5
3.311687580055291E-5
3.3385819893441686E-5
3.365699893667399E-5
3.393043228482219E-5
3.4206139462969524E-5
3.44841401682684E-5
3.4764454271509394E-5
3.504710181869784E-5
3.533210303263919E-5
3.5619478314531075E-5
3.5909248245562064E-5
3.620143358851545E-5
3.649134045571169E-5
3.6785244848380294E-5
3.708605782299597E-5
3.739846685428875E-5
3.772935405470921E-5
3.808793257997841E-5
3.84852235325148E-5
3.893215040446221E-5
3.9433922787270025E-5
3.997258773946209E-5
4.046258922693066E-5
4.078824935927052E-5
4.111660683046091E-5
4.1447685025507616E-5
4.178150753477117E-5
4.211809815552065E-5
4.245748089347463E-5
4.2799679964328896E-5
4.314471979526773E-5
4.349262502645925E-5
4.384342051253333E-5
4.419713132405295E-5
4.4553782748990724E-5
4.491340029421898E-5
4.5276009687024706E-5
4.56416368766537E-5
4.6010308035894835E-5
4.6382049562707675E-5
4.67568880819011E-5
4.713485044686654E-5
4.751596374137047E-5
4.790025528140931E-5
4.828775261713051E-5
4.867848353482036E-5
4.9072476058962495E-5
4.9469758454366014E-5
4.9870359228365365E-5
5.0274307133092335E-5
5.068163116781769E-5
5.1092360581365755E-5
5.15065248745968E-5
5.1924153802958026E-5
5.2345277379101636E-5
5.2769925875565895E-5
5.31981298275194E-5
5.3629920035563845E-5
5.4065327568592136E-5
5.4504383766702057E-5
5.4947120244156375E-5
5.539356889239139E-5
5.5843761883066E-5
5.629773167115006E-5
5.675551099804579E-5
5.721713289473957E-5
5.768263068497826E-5
5.815203798846684E-5
5.862538872408202E-5
5.9102717113096536E-5
5.958405768241121E-5
6.006944526778697E-5
6.055891501707513E-5
6.105250239343916E-5
6.155024317856174E-5
6.205217347583592E-5
6.255832971353139E-5
6.306874864793278E-5
6.358346736644499E-5
6.410252329065991E-5
6.462595417937988E-5
6.515379813159302E-5
6.568609358939533E-5
6.62228793408545E-5
6.676419452281147E-5
6.731007862361373E-5
6.78605714857763E-5
6.841571330856643E-5
6.897554465050578E-5
6.954010643178725E-5
7.010943993660089E-5
7.068358681536575E-5
7.126258908686196E-5
7.183634812939496E-5
7.241486830117048E-5
7.300159216893744E-5
7.360274218525721E-5
7.422836484039414E-5
7.48932469229439E-5
7.561722567318049E-5
7.642377561219534E-5
7.733233529656562E-5
7.832657659513197E-5
7.926016499698455E-5
7.990343549178656E-5
8.055212641707776E-5
8.12062849743988E-5
8.186595875096792E-5
8.253119571974324E-5
8.320204423932959E-5
8.387855305372883E-5
8.45607712919305E-5
8.524874846734218E-5
8.59425344785648E-5
8.664217961140949E-5
8.734773454205212E-5
8.805925034123036E-5
8.877677847939125E-5
8.95003708326945E-5
9.02300796897925E-5
9.09659577592992E-5
9.170805817787244E-5
9.245643451883309E-5
9.321114080124775E-5
9.397223149940831E-5
9.473976155264132E-5
9.551378637538335E-5
9.629436186746404E-5
9.708154442453871E-5
9.787539094861527E-5
9.867595885862646E-5
9.948330610099334E-5
1.0029749116013961E-4
1.0111857306890623E-4
1.0194661141882786E-4
1.0278166637023176E-4
1.0362379866211774E-4
1.0447306962178993E-4
1.0532954117420028E-4
1.0619327585097655E-4
1.0706433679910632E-4
1.0794278778924351E-4
1.0882869322361985E-4
1.0972211814352862E-4
1.1062312823636631E-4
1.1153178984220508E-4
1.1244816995988069E-4
1.1337233625257579E-4
1.1430435705288477E-4
1.1524430136734292E-4
1.1619223888040713E-4
1.1714823995787898E-4
1.1811237564975221E-4
1.1908471769248336E-4
1.2006533851067179E-4
1.2105431121814048E-4
1.2205170961841821E-4
1.2305760820460963E-4
1.2407208215865399E-4
1.250952073499684E-4
1.2612706033347175E-4
1.2716771834698885E-4
1.2821725930803492E-4
1.2927576180997842E-4
1.3034330511758468E-4
1.3141996916194297E-4
1.3250583453477589E-4
1.336009824821374E-4
1.34705494897503E-4
1.358194543142537E-4
1.3694294389756162E-4
1.3807604743568152E-4
1.3921884933065364E-4
1.4037143458842604E-4
1.415156863324711E-4
1.4266608599926403E-4
1.438260124476518E-4
1.4500279579982912E-4
1.4620973515231018E-4
1.4746836287436127E-4
1.4881043054826862E-4
1.5027804917497093E-4
1.5191431479182738E-4
1.5371215898513107E-4
1.5544659759861803E-4
1.5672463571201814E-4
1.5801357970853558E-4
1.5931352152782948E-4
1.6062455350168993E-4
1.6194676833609708E-4
1.6328025909286185E-4
1.64625119170867E-4
1.6598144228691217E-4
1.6734932263180917E-4
1.6872885501556135E-4
1.7012013500199957E-4
1.715232590332433E-4
1.7293832454433995E-4
1.7436543006843237E-4
1.758046753327902E-4
1.772561613460359E-4
1.7871999047688723E-4
1.8019626652473277E-4
1.816850947823376E-4
1.831865820909863E-4
1.847008368883461E-4
1.862279692493379E-4
1.8776809092028445E-4
1.893213153466096E-4
1.9088775769434527E-4
1.924675348657006E-4
1.9406076550894353E-4
1.956675700228291E-4
1.972880705558171E-4
1.9892239100029852E-4
2.0057065698205604E-4
2.022329958451771E-4
2.0390953663262077E-4
2.0560041006265273E-4
2.0730574850133613E-4
2.0902568593127684E-4
2.1076035791681294E-4
2.125099015658173E-4
2.1427445548830877E-4
2.160541597520225E-4
2.1784915583512675E-4
2.1965958657622854E-4
2.2148559612184018E-4
2.2332732987144835E-4
2.2518493442033976E-4
2.2705855750032299E-4
2.2894834791848672E-4
2.3085445549413068E-4
2.32777030993993E-4
2.3471622606591078E-4
2.366721931710272E-4
2.386450855146662E-4
2.4063505697599402E-4
2.4264226203657058E-4
2.4466685570790546E-4
2.4670899345811823E-4
2.4876883113780367E-4
2.508465249052004E-4
2.529422311507587E-4
2.55056106421191E-4
2.571883073430995E-4
2.593389905462637E-4
2.6150831258666746E-4
2.6369642986934244E-4
2.6590349857111094E-4
2.6812967456329306E-4
2.703751133344507E-4
2.726399699132391E-4
2.749243987914267E-4
2.7722855384714937E-4
2.7952351919493276E-4
2.8182826668551826E-4
2.84144845618915E-4
2.864803733469457E-4
2.8885042914516873E-4
2.912834096734658E-4
2.9382540542200337E-4
2.9654361884457305E-4
2.995166487107476E-4
3.027597618200193E-4
3.0595874896634554E-4
3.085091381692413E-4
3.110811082879458E-4
3.1367479666076677E-4
3.162903389290908E-4
3.189278689711188E-4
3.21587518836562E-4
3.242694186823301E-4
3.2697371715470854E-4
3.2970058027449327E-4
3.3245019035479625E-4
3.352227449508237E-4
3.380184558409289E-4
3.408375480382747E-4
3.4368025883242946E-4
3.465468368602508E-4
3.4943754120541E-4
3.5235264052593264E-4
3.552924122091369E-4
3.582571415533578E-4
3.612471209758655E-4
3.642626492463961E-4
3.673040307457113E-4
3.7037157474863284E-4
3.7346559473099364E-4
3.765864076999644E-4
3.7973433354721834E-4
3.8290969442442184E-4
3.861128141405225E-4
3.893440175803455E-4
3.9260363014399286E-4
3.9589197720656626E-4
3.9920938359774014E-4
4.0255617310070514E-4
4.0593266797004214E-4
4.093391884680617E-4
4.1277605241917507E-4
4.16243574781868E-4
4.1974206723783755E-4
4.23271837797899E-4
4.2683319042422754E-4
4.304264246685621E-4
4.3405183532595453E-4
4.3770971210369274E-4
4.4140033930501854E-4
4.4512399552726394E-4
4.4888095337404597E-4
4.5267147918117014E-4
4.564958327558827E-4
4.603542671291316E-4
4.642470283205118E-4
4.6817435511555043E-4
4.7213647885501706E-4
4.7613362323594614E-4
4.801660041240555E-4
4.8423382937725804E-4
4.883372986799758E-4
4.924766033879555E-4
4.96651926383305E-4
5.008634419394785E-4
5.05111315595914E-4
5.09395704042077E-4
5.137167550106432E-4
5.180746071795475E-4
5.224693900826633E-4
5.269012240288621E-4
5.313702200292002E-4
5.358764797320113E-4
5.404200953656577E-4
5.450011496887263E-4
5.496197159474397E-4
5.54233746494585E-4
5.588649478456394E-4
5.635115948648609E-4
5.681776312069034E-4
5.72877819144136E-4
5.776450446577391E-4
5.825396717110018E-4
5.876587797688835E-4
5.931291393385075E-4
5.990083002180707E-4
6.049014345028715E-4
6.09963782751886E-4
6.150636425480791E-4
6.20200953387917E-4
6.253756453601652E-4
6.305876391919285E-4
6.358368462987584E-4
6.411255489841326E-4
6.464559182317497E-4
6.518300163956486E-4
6.572497998412048E-4
6.627171215377696E-4
6.682337336037084E-4
6.738012898045788E-4
6.794213480051951E-4
6.850953725762894E-4
6.908247367564908E-4
6.966107249703234E-4
7.024545351029251E-4
7.083572807321581E-4
7.143199933187927E-4
7.203436243554366E-4
7.264290474748433E-4
7.325770605182743E-4
7.387883875645213E-4
7.450636809202482E-4
7.514035230722385E-4
7.578084286021866E-4
7.642788460646112E-4
7.708151598285059E-4
7.774176918832843E-4
7.840867036096215E-4
7.908223975157409E-4
7.976249189397114E-4
8.0449435771831E-4
8.114307498229857E-4
8.184340789634619E-4
8.255042781595153E-4
8.326412312814254E-4
8.398447745596456E-4
8.471146980641483E-4
8.544507471540085E-4
8.618526238976439E-4
8.693199884642591E-4
8.768524604869174E-4
8.844496203977506E-4
8.921110107357391E-4
8.998361374275373E-4
9.076244710417868E-4
9.154754480173448E-4
9.233884718658966E-4
9.313629143493508E-4
9.393981166324483E-4
9.474933904110154E-4
9.556480190162593E-4
9.638612584954962E-4
9.721323386697566E-4
9.804604641685968E-4
9.888448154425657E-4
9.972845497536666E-4
0.001005778802144201
0.0010143266863843633
0.001022927295898971
0.0010315797046736436
0.0010402829681408342
0.0010490361240460295
0.0010578381932944668
0.0010666881807787193
0.0010755850761874665
0.001084527854795782
0.001093515478237273
0.0011024916922174313
0.0011114754957530072
0.0011204568045888295
0.0011294305165812477
0.0011384036202657533
0.0011474062570756447
0.0011565073774582038
0.0011658331743473836
0.001175568244207144
0.0011858396219032042
0.0011962178981222288
0.0012056402573254578
0.001215092991798089
0.0012245749459621818
0.001234084960206928
0.0012436218714095466
0.0012534615963802971
0.0012635934552596738
0.0012740069701862357
0.0012846918622645223
0.0012956380485731383
0.0013068356392125328
0.0013182749343919873
0.0013299464215553126
0.0013418407725448067
0.0013539488408029852
0.0013662616586116207
0.0013787704343676394
0.0013914665498954166
0.0014043415577950267
0.0014173871788260017
0.0014305952993261587
0.0014439579686650638
0.001457467396731715
0.0014711159514559982
0.0014848961563635299
0.0014988006881634396
0.001512822374368721
0.0015269541909487048
0.0015411892600133014
0.0015555208475285713
0.0015699423610632908
0.0015844473475660598
0.00159902949117264
0.0016136826110430909
0.0016284006592283725
0.0016431777185660237
0.0016580080006045723
0.0016728858435562841
0.0016878057102779566
0.0017027621862793242
0.001717749977758829
0.0017327639096663078
0.0017477989237923647
0.0017628500768839931
0.001777912538786194
0.0017929815906092411
0.0018080526229212425
0.0018231211339657253
0.0018381827279038972
0.0018532331130812832
0.0018682681003184397
0.0018832836012254233
0.0018982756265397292
0.0019132402844874114
0.0019281737791670404
0.0019430724089563023
0.0019579325649408405
0.0019727507293651613
0.0019875234741052535
0.0020022474591626744
0.002016919431179818
0.002031536221976136
0.002046094747104955
0.0020605920044307435
0.0020750250727264753
0.0020893911102908645
0.002103687353585248
0.0021179111158898083
0.0021320597859789334
0.0021461308268154516
0.002160058014562197
0.0021738488406587513
0.0021874800174000123
0.0022009303144707453
0.0022141893961856187
0.002227273004318805
0.0022402464140303356
0.002253255599368195
0.002266544581475349
0.0022803423510212835
0.0022942910760463025
0.002307232101368119
0.0023200688950537605
0.0023327998339959873
0.0023454233517019715
0.002390194350330138
0.0024340244369523553
0.002476926461621827
0.0025189131231499813
0.002559996970755847
0.002600190405698311
0.0026395056828913167
0.002677954912502288
0.0027155500615338606
0.002752302955389145
0.0027882252794206594
0.0028233285804631293
0.0028576242683502244
0.0028911236174155694
0.002923837767977977
0.002955777727811245
0.0029869543735985566
0.0030173784523716872
0.0030470605829351753
0.0030760112572755707
0.0031042408419559866
0.0031317595794959916
0.003158577589737119
0.003184704871194022
0.0032101513023915246
0.0032349266431875934
0.003259040536082518
0.00328250250751428
0.003305321969140408
0.0033275082191063263
0.0033490704433003934
0.0033700177165957856
0.003390359004079328
0.003410103162267366
0.0034292589403089333
0.0034478349811761714
0.003465839822842317
0.0034832818994472107
0.003500169542450609
0.00351651098177328
0.0035323143469261063
0.003547587668127306
0.00356233887740785
0.003576575809705207
0.0035903062039455824
0.0036035377041147097
0.0036162778603173267
0.0036285341298254855
0.0036403138781157724
0.0036516243798955517
0.003662472820118369
0.0036728662949886063
0.0036828118129555074
0.0036923162956966757
0.003701386579091159
0.003710029414182218
0.003718251468129887
0.0037260593251534522
0.003733459487463899
0.003740458376186495
0.0037470623322735644
0.003753277617407564
0.0037591104148945787
0.0037645668305482985
0.003769652893564621
0.0037743745573869097
0.003778677797084473
0.0037825574262968994
0.0037859839483799698
0.003788924471033905
0.0037913521659724636
0.0037932642762572304
0.003794712076947698
0.0037958442458012826
0.003796945407036993
0.00379835802883674
0.003799948919155784
0.0038007292028125867
0.003801216444873392
0.0038014156157575103
0.0075564390065847534
0.007491605898813144
0.00742732905172443
0.0073636036925863
0.007300425089618118
0.007237788551639515
0.007175689427722003
0.007114123106843583
0.007053085017546321
0.006992570627596828
0.006932575443649708
0.006873095010913832
0.006814124912821544
0.006755660770700654
0.006697698243449264
0.006640233027213377
0.006583260855067297
0.006526777496696735
0.006470778758084673
0.00641526048119989
0.0063602185436881795
0.006305648858566209
0.006251547373918014
0.006197910072594099
0.006144732971913097
0.006092012123366031
0.0060397436123230674
0.005987923557742823
0.005936548111884136
0.0058856134600203495
0.005835115820156002
0.0057850514427459756
0.005735416610417044
0.0056862076376918294
0.00563742087071511
0.005589052686982473
0.005541099495071308
0.005493557734374091
0.005446423874834001
0.00539969441668275
0.005353365890180695
0.005307434855359171
0.0052618979017650305
0.005216751648207402
0.005171992742506583
0.0051276178612451075
0.005083623709520963
0.005040007020702892
0.0049967645561878275
0.004953893105160377
0.004911389484354404
0.00486925053781665
0.004827473136672333
0.004786054178892832
0.004744990589065339
0.004704279318164439
0.004663917343325743
0.004623901667621378
0.004584229319837446
0.004544897354253392
0.004505902850423245
0.004467242912958759
0.0044289146713143955
0.004390915279574188
0.004353241916240371
0.0043158917840238715
0.004278862109636596
0.004242114825097287
0.004205620579586026
0.004169341516607729
0.004133233634768631
0.004097253772975849
0.004061373954957567
0.0040256063461474026
0.00399004113451126
0.003954887876209344
0.003920451861630899
0.00388681939892227
0.0038534754612307236
0.0038204175733201713
