8.913221732216254E-6
1.840760277949581E-5
2.8523031512600293E-5
3.9303181087991885E-5
5.0795755529126455E-5
6.305215044729807E-5
7.612594662669075E-5
9.006946992496005E-5
1.0492810978356104E-4
1.207338438686045E-4
1.2861701374648063E-4
1.370162701247621E-4
1.459677675369348E-4
1.555110343135277E-4
1.6568927010265441E-4
1.765494035481685E-4
1.8814165166321234E-4
2.0051814140401258E-4
2.1372954236718742E-4
2.2781868031965103E-4
2.4278381215977972E-4
2.5860469655360847E-4
2.7546104112083483E-4
2.93423972005024E-4
3.125710999971996E-4
3.3298742357695273E-4
3.5476607912280305E-4
3.780085882077793E-4
4.0282385566925335E-4
4.2932336980700165E-4
4.57609598920383E-4
4.8768010625294025E-4
5.194639753228546E-4
5.533284086111628E-4
5.894141942012794E-4
6.278745215511129E-4
6.6887676129011E-4
7.126041537370341E-4
7.592569786130138E-4
8.090520856464567E-4
8.622179931547645E-4
9.189780789306245E-4
9.79365100016404E-4
0.0010432665738820373
0.0011113584523651443
0.001183925354550419
0.001261272738301147
0.0013437269926980006
0.001431635228784312
0.001525364570199886
0.0016253303966590753
0.001732001260515677
0.001845873134249582
0.0019671502817882013
0.002095778253262235
0.002232927380622556
0.0023791374366124753
0.002534934987022276
0.002700821115572298
0.002877261744555014
0.0030651550769817525
0.0032656420024029745
0.0034799488225214434
0.0037092381637270234
0.003954060666679744
0.004214324572045645
0.004491403584117704
0.004785551954660633
0.005096763920060128
0.005424780662607052
0.005776423246776901
0.00615593346592734
0.00656546788488575
0.007005512535706506
0.007475202968696241
0.007972015544478784
0.00849201046194459
0.009032780225768698
0.009590483607594881
0.010161043342908668
0.010853129958712359
0.011633314274407926
0.012473020083594511
0.013347999992558802
0.01423785564951185
0.015125568073452483
0.015996394056354713
0.016837397791555738
0.01764009355855687
0.01839693771578649
0.02084303663165954
0.02289457091026148
0.024592383088275046
0.025973729375647
0.02707261603678985
0.027920103295220895
0.028544544899666194
0.028971154190780044
0.02922195232614385
0.0293184599217869
0.05613678304949212
0.052497851331838534
0.04909452607095938
0.04591153648066807
0.042934657652860024
0.040150672280501044
0.03754732638429574
0.03511325350423619
0.032837511756850006
0.03070922406250964
