1.7615132557510614E-7
3.5420425735195904E-7
5.341795133712407E-7
7.160980496927804E-7
8.999810631929237E-7
1.085849994394374E-6
1.2737265303288617E-6
1.4636326074329777E-6
1.655590414477523E-6
1.8496223955307446E-6
2.0457512529558023E-6
2.243999950442828E-6
2.4443917160759965E-6
2.646950045435909E-6
2.851698704737749E-6
3.0586617340055785E-6
3.2678634502831714E-6
3.4793284508818112E-6
3.6930816166654635E-6
3.909148115373778E-6
4.127553404983333E-6
4.348323237107609E-6
4.57148366043611E-6
4.797061024213166E-6
5.025081981756836E-6
5.255573494018486E-6
5.488562833183447E-6
5.724077586313346E-6
5.962145659030652E-6
6.202795279245838E-6
6.44605500092791E-6
6.69195370791863E-6
6.940520617791226E-6
7.19178528575394E-6
7.445777608599145E-6
7.703614073821405E-6
7.966308594396747E-6
8.235300099432217E-6
8.512434255280353E-6
8.799764509249782E-6
9.099025267004572E-6
9.410576172989073E-6
9.731612429808905E-6
1.0053887046010763E-5
1.0363736607708066E-5
1.0655401251396044E-5
1.0950209521310714E-5
1.1248196092831154E-5
1.154939604183575E-5
1.1853844849398245E-5
1.2161578406538544E-5
1.2472633019029197E-5
1.27870454122577E-5
1.3104852736145542E-5
1.3426092570124172E-5
1.3750802928168511E-5
1.407902226388856E-5
1.441078947567931E-5
1.4746143911929681E-5
1.508512537629063E-5
1.525162280742781E-5
1.5419926654933138E-5
1.5590057402410734E-5
1.5762035772381082E-5
1.5935882729054494E-5
1.6111619481134127E-5
1.628926748464856E-5
1.6468848445814587E-5
1.6650384323930222E-5
1.6833897334298432E-5
1.701940995118219E-5
1.720694491079114E-5
1.7396525214300474E-5
1.7588174130902838E-5
1.7781915200893553E-5
1.7977772238790097E-5
1.8175769336486693E-5
1.8375930866444466E-5
1.857828148491831E-5
1.8782846135220975E-5
1.8989650051025663E-5
1.919871875970762E-5
1.941007808572588E-5
1.9623754154045973E-5
1.983977339360448E-5
2.0058162540816405E-5
2.0278948643126348E-5
2.050215906260406E-5
2.0727821479585537E-5
2.0955963896360422E-5
2.1186614640906243E-5
2.1419802370670698E-5
2.1655556076402293E-5
2.1893905086030264E-5
2.2134879068594188E-5
2.2377421793100995E-5
2.2624721191545924E-5
2.2878865171846376E-5
2.3142872748672295E-5
2.3420727710116595E-5
2.3717116962013676E-5
2.4036623227405072E-5
2.4381988453229605E-5
2.4750659655177946E-5
2.5127848595435557E-5
2.5474456753967846E-5
2.5752493193664643E-5
2.6033574395397636E-5
2.6317735125773913E-5
2.6605010556837082E-5
2.6895436270811475E-5
2.718904826489324E-5
2.7485882956087942E-5
2.778597718609239E-5
2.80893682262202E-5
2.8396093782369475E-5
2.8706192000030776E-5
2.9019701469333735E-5
2.9336661230130862E-5
2.9657110777116125E-5
2.9981090064978028E-5
3.030863951358734E-5
3.063980001322172E-5
3.097461292982914E-5
3.131312011033315E-5
3.1655363887983874E-5
3.2001387087759674E-5
3.235123303182276E-5
3.2704945545034974E-5
3.306256896053804E-5
3.3424148125403345E-5
3.3789728406357656E-5
3.415935569558858E-5
3.453307641663548E-5
3.49109375303711E-5
3.529298654107763E-5
3.567927150262284E-5
3.606984102473916E-5
3.6464744279410464E-5
3.6864031007369366E-5
3.726775152470813E-5
3.7675956729605466E-5
3.808869810917191E-5
3.850602774641431E-5
3.892799832732136E-5
3.9354663148070206E-5
3.978607612235412E-5
4.0222291788831346E-5
4.066336531869256E-5
4.110935252334729E-5
4.1560309862225446E-5
4.20162944506922E-5
4.2477364068072476E-5
4.2943577165781726E-5
4.34149928755585E-5
4.3891671017793824E-5
4.436953122022455E-5
4.4854398396878964E-5
4.5349095367620114E-5
4.5858094808808875E-5
4.638788511115606E-5
4.694705890141528E-5
4.7545769238182056E-5
4.819388445454612E-5
4.889574517845441E-5
4.963450903108786E-5
5.033096916190523E-5
5.08793492848462E-5
5.14338279758485E-5
5.19944754110718E-5
5.256136258634949E-5
5.313456132605353E-5
5.371414429190937E-5
5.4300184991750446E-5
5.489275778820034E-5
5.549193790727054E-5
5.6097801446862876E-5
5.6710425385163364E-5
5.7329887588915824E-5
5.795626682156355E-5
5.858964275137207E-5
5.923009595963493E-5
5.987770794904964E-5
6.0532561152343765E-5
6.119473894121481E-5
6.186432563564103E-5
6.254140651360961E-5
6.322606782130159E-5
6.391839678375943E-5
6.46184816160623E-5
6.532641153502214E-5
6.604227677140622E-5
6.676616858269158E-5
6.749817926634363E-5
6.823840217361E-5
6.898693172381672E-5
6.974386341914498E-5
7.050929385986748E-5
7.128332076001602E-5
7.206604296345128E-5
7.285756046029984E-5
7.365797440372423E-5
7.446738712698496E-5
7.528590216075723E-5
7.61136242506559E-5
7.695065937492708E-5
7.779711476226101E-5
7.8653098909676E-5
7.951872160043122E-5
8.039409392191413E-5
8.127932828345765E-5
8.217453843403654E-5
8.307983947979209E-5
8.399534790133677E-5
8.492118157079077E-5
8.585745976849736E-5
8.680430319937251E-5
8.775260514298535E-5
8.871180254901594E-5
8.968531274789489E-5
9.067916057855226E-5
9.170292700914871E-5
9.277055713473132E-5
9.390057407639183E-5
9.511465520202439E-5
9.643041134802687E-5
9.783258575628108E-5
9.918402193653335E-5
1.0027102572812956E-4
1.0137027484363051E-4
1.0248191103327344E-4
1.0360607764142687E-4
1.0474291961113286E-4
1.0589258348760201E-4
1.0705521742063112E-4
1.0823097116591906E-4
1.0941999608525375E-4
1.1062244514555018E-4
1.1183847291671497E-4
1.1306823556831856E-4
1.1431189087611952E-4
1.1556959823741183E-4
1.1684151869422466E-4
1.1812781496344901E-4
1.1942865147302576E-4
1.2074419440336201E-4
1.220746117332037E-4
1.2342007328922585E-4
1.2478075079865202E-4
1.2615681794424672E-4
1.27548450421074E-4
1.2895582599444373E-4
1.3037912455850605E-4
1.3181852819499655E-4
1.3327422123165516E-4
1.347463902998814E-4
1.3623522439122198E-4
1.377409149123077E-4
1.3926365573789043E-4
1.4080364326165697E-4
1.4236107644452234E-4
1.4393615686012778E-4
1.4552908873729486E-4
1.4714007899920754E-4
1.487693372991171E-4
1.504170760523851E-4
1.520835104646974E-4
1.5376885855630324E-4
1.5547334118214853E-4
1.5719718204779538E-4
1.5894060772102438E-4
1.607038476390458E-4
1.6248713411124932E-4
1.6429070231744055E-4
1.6611479030152323E-4
1.6795963896060594E-4
1.698254920295079E-4
1.7171259606067033E-4
1.7360432386485141E-4
1.7551455641173224E-4
1.7744681398943607E-4
1.794083554009537E-4
1.8141204041445666E-4
1.8347839425294224E-4
1.856373701154439E-4
1.879283330363142E-4
1.903911557923523E-4
1.930194275413878E-4
1.9560032821314686E-4
1.9776443248335047E-4
1.9995317901982989E-4
2.0216684880027962E-4
2.0440572479204743E-4
2.0667009186488733E-4
2.0896023670021998E-4
2.1127644769701104E-4
2.1361901487437603E-4
2.1598822977102685E-4
2.1838438534167717E-4
2.208077758505244E-4
2.2325869773050176E-4
2.25737450362482E-4
2.2824433677807597E-4
2.3077966428956768E-4
2.3334374505039118E-4
2.3593689654946998E-4
2.3855944204259085E-4
2.4121171092390857E-4
2.4389403904056145E-4
2.4660676895327157E-4
2.4935025014571156E-4
2.5212483918532193E-4
2.549308998381695E-4
2.5776880314033897E-4
2.6063892742828076E-4
2.635416583304285E-4
2.664773887223329E-4
2.694465186474714E-4
2.7244945520581745E-4
2.7548661241216815E-4
2.7855841102616686E-4
2.81665278355881E-4
2.848076480367125E-4
2.879859597873779E-4
2.9120065914459565E-4
2.9445219717808344E-4
2.977410301873874E-4
3.0106761938201277E-4
3.0443243054626454E-4
3.0783593369014794E-4
3.112786026876326E-4
3.147609149035166E-4
3.1828335081008507E-4
3.218463935947042E-4
3.254505287594479E-4
3.290962437137918E-4
3.3278402736138733E-4
3.3651436968186005E-4
3.4028776130855335E-4
3.440773878335163E-4
3.4790179630620556E-4
3.517635265126169E-4
3.556699536519441E-4
3.5963645122782744E-4
3.636904188472742E-4
3.6787574071384436E-4
3.7225579244721846E-4
3.769040796610349E-4
3.8183543911253823E-4
3.8675016337211564E-4
3.9107568508531157E-4
3.954504058666649E-4
3.9987478034354476E-4
4.0434925749214596E-4
4.0887428024456447E-4
4.134502851019126E-4
4.180777017538335E-4
4.227569527047154E-4
4.2748845290690475E-4
4.3227260940119556E-4
4.3710990577435415E-4
4.4200089600802343E-4
4.46946198567532E-4
4.519464907237312E-4
4.570025031011757E-4
4.6211501444610054E-4
4.672848466078369E-4
4.7251285972741216E-4
4.7779994762728556E-4
4.831470333962768E-4
4.885550651639141E-4
4.94025012058544E-4
4.995578603437197E-4
5.051546097274818E-4
5.108162698392911E-4
5.165438568695267E-4
5.22338390366539E-4
5.282008901864198E-4
5.341323735907398E-4
5.401338524876474E-4
5.462063308118025E-4
5.523508020387793E-4
5.585682468296489E-4
5.648596308015552E-4
5.71225902420253E-4
5.776679910106072E-4
5.841868048812174E-4
5.907832295594075E-4
5.974581261328958E-4
6.04212329694592E-4
6.110466478870414E-4
6.179618595431235E-4
6.249587134197147E-4
6.320379270210901E-4
6.392001855089549E-4
6.464461406960454E-4
6.537764101203408E-4
6.611915761970094E-4
6.68692185445261E-4
6.762787477873987E-4
6.839117333218321E-4
6.916127265282692E-4
6.993808344011533E-4
7.072206088261995E-4
7.151468806025927E-4
7.231915740207191E-4
7.314123705240485E-4
7.399011350611118E-4
7.487768902969132E-4
7.580941908695741E-4
7.674725386582798E-4
7.761058648579426E-4
7.848281019187142E-4
7.936392089361673E-4
8.025391049589008E-4
8.115276691258377E-4
8.206047408391938E-4
8.297701199715507E-4
8.390235671053897E-4
8.483648038035828E-4
8.578009388933376E-4
8.673386190851994E-4
8.769840438332611E-4
8.867429798344038E-4
8.966207751740339E-4
9.066223731256921E-4
9.16752325611716E-4
9.270148063320905E-4
9.374136235683656E-4
9.479522326695096E-4
9.586337482263523E-4
9.694609559412011E-4
9.804363241990356E-4
9.91562015346638E-4
0.0010028398966858043
0.0010142715511867468
0.0010258582879276454
0.0010376011522661688
0.001049500935748739
0.0010615581857631293
0.0010737732149399457
0.0010861461103083693
0.0010986767422115026
0.0011113647729865104
0.0011242096654146426
0.0011372106909461927
0.0011503669377052575
0.0011636773182791247
0.001177140577297047
0.0011907552988029769
0.0012045199134268457
0.001218432705358813
0.0012324918191308815
0.0012466952662101261
0.0012610409314077488
0.0012755265791080826
0.0012901498593215622
0.001304908313565616
0.0013197993805773927
0.0013348204018620454
0.0013499686270803902
0.001365188159475427
0.0013804963428395414
0.0013958821720202047
0.0014113395020798386
0.0014268737678754492
0.0014425123781098537
0.0014583193441398674
0.001474412349648417
0.0014909632034466025
0.0015080896577211568
0.0015253700123191655
0.0015417802012977226
0.0015582755602030452
0.0015748525416729962
0.0015915075703679686
0.001608237046234407
0.001625037347660839
0.0016419048345290598
0.0016588358511629554
0.0016764769538972486
0.0016947947816177173
0.0017137568127157143
0.001733331348326115
0.0017534874958607559
0.0017741951528324727
0.0017954249909650816
0.0018171484405845376
0.0018393376752867897
0.0018619655968777028
0.0018850058205806723
0.001908432660507485
0.0019322211153881806
0.0019563468545555737
0.001980786204180354
0.002005516133752552
0.0020305142428053806
0.002055758747877434
0.002081228469709317
0.002106902820670829
0.0021327617924149192
0.0021587859437546394
0.002184956388759402
0.002211254785066927
0.002237663322407315
0.002264164711335662
0.0022907421721698397
0.002317379424129955
0.0023440606746761563
0.002370770609041524
0.002397494379956703
0.002424217597563175
0.00245092631951191
0.002477607041244411
0.0025042466864530102
0.002530832597717443
0.002557352527314733
0.0025837946281995114
0.0026101474451518253
0.002636399906089729
0.002662541313543746
0.002688561336290607
0.002714387767131117
0.0027400222379081133
0.0027654360760582105
0.0027906031066398133
0.0028155080704586792
0.0028401610137922394
0.0028646194284865814
0.0028890174982685985
0.0029135817434024587
0.0029385245114013463
0.0029634834215698665
0.0029873292485250794
0.003010949480795521
0.003034338125639913
0.0030574894481288297
0.0030803979649954944
0.0031030584386052317
0.003125465871041607
0.0032045496616264187
0.0032814216701280152
0.003356122075934639
0.0034286904294556922
0.0034991656612446886
0.0035675860909959592
0.0036339894364166856
0.0036984128219760466
0.003760892787533011
0.003821465296844518
0.0038801657459555717
0.003937028971472877
0.003992089258723548
0.0040453803498005075
0.0040969354514959954
0.004146787243124782
0.004194967884238527
0.004241509022232761
0.00428644179984792
0.004329796862565922
0.004371604365903571
0.004411893982604321
0.004450694909729674
0.0044880358756516
0.004523945146947297
0.004558450535197652
0.004591579403690658
0.004623358674031085
0.004653814832657678
0.004682973937269119
0.0047108616231600125
0.004737503109468074
0.004762923205333779
0.00478714631597356
0.004810196448667827
0.004832097218664952
0.004852871855002235
0.004872543206245157
0.004891133746145881
0.004908665579222166
0.004925160446257809
0.004940639729725531
0.004955124459133579
0.004968575400167206
0.0049810037640665135
0.004992395681230602
0.005002733998494625
0.005012007528026914
0.00502022852973783
0.005027461648494358
0.005033865560041036
0.0050397293757719255
0.005045397893568709
0.00505074179967201
0.0050547991780080185
0.005058106452825619
0.005060680212924665
0.005062536766203529
0.005063692143909696
0.005064162104829941
0.010049160110926676
0.009934490784849648
0.009821129935272507
0.0097090626311768
0.009598274111926135
0.00948874978532179
0.009380475225680536
0.009273436171934407
0.009167618525752137
0.00906300834968205
0.008959591865316141
0.008857355451475134
0.00875628564241419
0.008656369126049142
0.008557592742203001
0.00845994348087239
0.008363408480513817
0.008267975026349517
0.00817363054869258
0.008080362621291247
0.007988158959692073
0.007897007419621753
0.00780689599538746
0.007717812818295398
0.007629746155087455
0.007542684406395602
0.007456616105214028
0.007371529915388691
0.007287414630124071
0.007204259170506976
0.007122052584047221
0.007040784043234929
0.0069604428441143165
0.006881018404873764
0.006802500264451941
0.006724878081159862
0.006648141631318691
0.0065722808079130305
0.006497285619259654
0.006423146187691357
0.006349852748255869
0.00627739564742965
0.006205765341846272
0.006134952397039393
0.006064910669320513
0.00599560368477279
0.005926986643214081
0.005859008996741859
0.005791621716307008
0.005724791924078486
0.005658528014448971
0.005592917327405288
0.005528166550912017
0.005464577901579085
0.005402228408288608
0.00534059031013202
0.005279655490122665
0.005219415923891124
0.005159863678628357
0.005100990912040913
