0.00000000000000000000
0.00000000000000000000
0.00000000000000000000
0.00000000000000000000
0.00000000000000000000
0.00000000000000000000
0.00000000000000000000
0.00000000000000000000
0.01099999999999999936
0.00000000000000000000
0.00000000000000000000
0.00000000000000000000
0.00100000000000000002
0.00800000000000000017
0.00000000000000000000
0.00600000000000000012
0.00899999999999999932
0.01099999999999999936
0.01600000000000000033
0.04600000000000000616
0.03599999999999999728
0.09400000000000001410
0.10000000000000000555
0.10700000000000002565
0.11900000000000000855
0.17499999999999998890
0.21899999999999997247
0.20399999999999998690
0.41399999999999992362
0.63499999999999978684
1.02499999999999991118
1.37599999999999988987
1.99300000000000010481
3.69200000000000017053
4.20199999999999995737
5.33199999999999896261
6.52899999999999991473
7.41100000000000047606
8.76800000000000068212
9.31599999999999894840
10.05400000000000204636
