4.31863718100998E-6
4.318637180924455E-6
4.31863718083887E-6
4.318637180753222E-6
4.318637180667515E-6
4.318637180581745E-6
4.318637180495916E-6
4.318637180410024E-6
4.3186371803240725E-6
4.31863718023806E-6
4.318637180151984E-6
4.31863718006585E-6
4.318637179979654E-6
4.318637179893395E-6
4.318637179807079E-6
4.318637179720698E-6
4.318637179634259E-6
4.3186371795477575E-6
4.318637179461197E-6
4.318637179374572E-6
4.31863717928789E-6
4.318637179201145E-6
4.318637179114341E-6
4.318637179027473E-6
4.318637178940545E-6
4.318637178853556E-6
4.318637178766507E-6
4.318637178679396E-6
4.318637178592226E-6
8.63727435683528E-6
0.03267988374172891
0.031222813540164554
0.029830707568265405
0.028500669630556114
0.027229932652481446
0.02601585291240554
0.024855904532483073
0.023747674217102614
0.022688856228000064
0.02167724758553763
0.020710743486017022
0.019787332925271284
0.01890509451914183
0.01806219251181444
0.017256872963346128
0.016487460108078916
0.015752352875992935
0.015050021569412464
0.01437900468782892
0.013737905893958163
0.013125391114491063
0.01254018576933132
0.011981072123439785
0.011446886755715441
0.010936518139643648
0.010448904330723914
0.009983030755956777
0.00953792810091854
0.009112670290186493
0.008706372557088416
1.1485918933781544E-5
1.1485918933044671E-5
1.1485918932307648E-5
1.1485918931570478E-5
1.1485918930833153E-5
1.1485918930095687E-5
1.1485918929358069E-5
1.1485918928620306E-5
1.1485918927882392E-5
1.1485918927144328E-5
1.148591892640612E-5
1.148591892566776E-5
1.1485918924929254E-5
1.14859189241906E-5
1.1485918923451796E-5
1.1485918922712843E-5
1.1485918921973744E-5
1.1485918921234496E-5
1.1485918920495097E-5
1.1485918919755551E-5
1.1485918919015854E-5
1.1485918918276013E-5
1.1485918917536023E-5
1.1485918916795886E-5
1.1485918916055598E-5
1.1485918915315167E-5
1.1485918914574582E-5
1.148591891383385E-5
1.1485918913092964E-5
2.2971837823221232E-5
0.001517194036592068
0.0029589155157965785
0.004328569745771207
0.005629410056116757
0.006864544574973378
0.00803694270036171
0.009149441279739502
0.010204750511283044
0.011205459579931165
0.01215404204074148
0.01305286096160233
0.013904173836816809
0.014710137282534135
0.015472811524443764
0.016194164687584243
0.016876076897549133
0.017520344201808938
0.01812868231931901
0.018702730226051074
0.019244053583584577
0.01975414801742809
0.020234442251309194
0.020686301103291983
0.021111028349241785
0.02150986945887133
0.02188401420935675
0.022234599181321903
0.02256271014182867
0.0228693843188976
0.023155612571988834
4.183864959815652E-5
4.183864964384562E-5
4.1838649689486686E-5
4.1838649735079095E-5
4.183864978062207E-5
4.1838649826115E-5
4.1838649871557164E-5
4.1838649916947904E-5
4.1838649962286495E-5
4.1838650007572305E-5
4.1838650052804596E-5
4.1838650097982765E-5
4.183865014310608E-5
4.183865018817385E-5
4.183865023318539E-5
4.1838650278140026E-5
4.1838650323037075E-5
4.183865036787589E-5
4.183865041265576E-5
4.183865045737598E-5
4.183865050203587E-5
4.183865054663481E-5
4.1838650591172097E-5
4.183865063564702E-5
4.1838650680058894E-5
4.1838650724407066E-5
4.183865076869083E-5
4.1838650812909533E-5
4.183865085706247E-5
4.1838650901148994E-5
