2.512923998941394E-7
2.512923998876782E-7
2.5129239988121733E-7
2.512923998747567E-7
2.5129239986829627E-7
2.512923998618361E-7
2.512923998553761E-7
2.5129239984891637E-7
2.512923998424568E-7
2.5129239983599763E-7
2.5129239982953853E-7
2.5129239982307974E-7
2.512923998166211E-7
2.5129239981016276E-7
2.5129239980370477E-7
2.5129239979724683E-7
2.5129239979078915E-7
2.512923997843318E-7
2.512923997778747E-7
2.5129239977141756E-7
2.512923997649609E-7
2.5129239975850444E-7
2.51292399752048E-7
2.5129239974559217E-7
2.512923997391363E-7
2.5129239973268074E-7
2.5129239972622534E-7
2.512923997197702E-7
2.5129239971331534E-7
2.5129239970686074E-7
2.5129239970040635E-7
2.512923996939521E-7
2.5129239968749825E-7
2.512923996810445E-7
2.5129239967459095E-7
2.512923996681377E-7
2.5129239966168466E-7
2.512923996552319E-7
2.5129239964877926E-7
2.51292399642327E-7
2.51292399635875E-7
2.51292399629423E-7
2.512923996229714E-7
2.5129239961652E-7
2.5129239961006875E-7
2.512923996036179E-7
2.5129239959716706E-7
2.5129239959071664E-7
2.512923995842664E-7
2.512923995778163E-7
2.5129239957136654E-7
2.512923995649171E-7
2.5129239955846776E-7
2.5129239955201856E-7
2.512923995455698E-7
2.512923995391211E-7
2.512923995326727E-7
2.5129239952622455E-7
2.512923995197766E-7
2.5129239951332885E-7
2.5129239950688145E-7
2.512923995004342E-7
2.5129239949398717E-7
2.5129239948754045E-7
2.5129239948109385E-7
2.5129239947464755E-7
2.512923994682013E-7
2.512923994617556E-7
2.512923994553099E-7
2.512923994488645E-7
2.512923994424192E-7
2.512923994359744E-7
2.5129239942952966E-7
2.512923994230852E-7
2.5129239941664094E-7
2.5129239941019703E-7
2.5129239940375317E-7
2.512923993973096E-7
2.5129239939086625E-7
2.5129239938442325E-7
2.5129239937798034E-7
2.512923993715377E-7
2.5129239936509533E-7
2.5129239935865317E-7
2.512923993522113E-7
2.512923993457699E-7
2.512923993393281E-7
2.512923993328869E-7
2.512923993264459E-7
2.512923993200052E-7
2.512923993135643E-7
2.512923993071243E-7
2.512923993006841E-7
2.512923992942442E-7
2.512923992878046E-7
2.512923992813652E-7
2.5129239927492613E-7
2.5129239926848715E-7
2.5129239926204837E-7
2.5129239925560997E-7
2.512923992491717E-7
2.5129239924273374E-7
2.512923992362959E-7
2.512923992298584E-7
2.512923992234211E-7
2.5129239921698405E-7
2.5129239921054713E-7
2.512923992041106E-7
2.5129239919767413E-7
2.512923991912379E-7
2.512923991848021E-7
2.512923991783664E-7
2.512923991719308E-7
2.5129239916549567E-7
2.5129239915906055E-7
2.512923991526259E-7
2.512923991461913E-7
2.5129239913975704E-7
2.51292399133323E-7
2.5129239912688907E-7
2.512923991204555E-7
2.5129239911402206E-7
2.5129239910758895E-7
2.5129239910115595E-7
2.512923990947233E-7
2.512923990882908E-7
2.512923990818586E-7
2.5129239907542663E-7
2.5129239906899474E-7
2.5129239906256327E-7
2.5129239905613196E-7
2.512923990497008E-7
2.5129239904327003E-7
2.512923990368393E-7
2.512923990304091E-7
2.512923990239789E-7
2.512923990175489E-7
2.512923990111193E-7
2.512923990046898E-7
2.5129239899826077E-7
2.5129239899183173E-7
2.5129239898540323E-7
2.5129239897897446E-7
2.5129239897254585E-7
2.512923989661178E-7
2.512923989596901E-7
2.5129239895326246E-7
2.512923989468351E-7
2.5129239894040794E-7
2.512923989339811E-7
2.5129239892755427E-7
2.5129239892112793E-7
2.5129239891470176E-7
2.512923989082757E-7
2.5129239890184994E-7
2.512923988954244E-7
2.512923988889992E-7
2.51292398882574E-7
2.512923988761492E-7
2.512923988697246E-7
2.512923988633003E-7
2.5129239885687604E-7
2.5129239885045225E-7
2.5129239884402856E-7
2.512923988376052E-7
2.512923988311819E-7
2.51292398824759E-7
2.5129239881833614E-7
2.5129239881191357E-7
2.512923988054913E-7
2.512923987990693E-7
2.512923987926474E-7
2.512923987862259E-7
2.512923987798045E-7
2.512923987733833E-7
2.5129239876696243E-7
2.512923987605417E-7
2.512923987541213E-7
2.512923987477012E-7
2.512923987412812E-7
2.512923987348615E-7
2.5129239872844266E-7
2.5129239872202305E-7
2.512923987156036E-7
2.5129239870918457E-7
2.512923987027661E-7
2.5129239869634773E-7
2.5129239868992976E-7
2.512923986835118E-7
2.5129239867709414E-7
2.5129239867067665E-7
2.5129239866425953E-7
2.512923986578425E-7
2.512923986514257E-7
2.512923986450093E-7
2.5129239863859295E-7
2.512923986321769E-7
2.512923986257612E-7
2.512923986193456E-7
2.512923986129305E-7
2.512923986065152E-7
2.512923986001001E-7
2.5129239859368554E-7
2.51292398587271E-7
2.5129239858085696E-7
2.512923985744429E-7
2.512923985680292E-7
2.512923985616156E-7
2.512923985552024E-7
2.5129239854878924E-7
2.5129239854237646E-7
2.51292398535964E-7
2.512923985295519E-7
2.5129239852313976E-7
2.5129239851672815E-7
2.5129239851031605E-7
2.512923985039045E-7
2.5129239849749325E-7
2.512923984910823E-7
2.512923984846716E-7
2.512923984782612E-7
2.512923984718509E-7
2.5129239846544083E-7
2.5129239845903096E-7
2.5129239845262146E-7
2.512923984462121E-7
2.512923984398029E-7
2.512923984333942E-7
2.5129239842698543E-7
2.5129239842057704E-7
2.512923984141688E-7
2.512923984077609E-7
2.5129239840135315E-7
2.512923983949456E-7
2.512923983885384E-7
2.5129239838213144E-7
2.512923983757244E-7
2.5129239836931794E-7
2.5129239836291183E-7
2.5129239835650567E-7
2.5129239835009993E-7
2.512923983436938E-7
2.5129239833728845E-7
2.5129239833088335E-7
2.512923983244784E-7
2.512923983180736E-7
2.512923983116692E-7
2.5129239830526494E-7
2.5129239829886084E-7
2.5129239829245706E-7
2.512923982860536E-7
2.512923982796502E-7
2.5129239827324715E-7
2.512923982668441E-7
2.512923982604416E-7
2.5129239825403914E-7
2.51292398247637E-7
2.5129239824123513E-7
2.512923982348334E-7
2.512923982284321E-7
2.512923982220312E-7
2.5129239821562985E-7
2.5129239820922866E-7
2.5129239820282817E-7
2.512923981964279E-7
2.512923981900279E-7
2.51292398183628E-7
2.512923981772284E-7
2.5129239817082906E-7
2.5129239816443E-7
2.5129239815803103E-7
2.512923981516323E-7
2.512923981452339E-7
2.5129239813883557E-7
2.5129239813243766E-7
2.512923981260398E-7
2.512923981196426E-7
2.512923981132452E-7
2.512923981068484E-7
2.512923981004512E-7
2.5129239809405437E-7
2.5129239808765805E-7
2.512923980812619E-7
2.51292398074866E-7
2.5129239806847037E-7
2.5129239806207485E-7
2.512923980556796E-7
2.5129239804928454E-7
2.5129239804288976E-7
2.5129239803649525E-7
2.5129239803010105E-7
2.5129239802370706E-7
2.512923980173134E-7
2.512923980109196E-7
2.5129239800452595E-7
2.5129239799813275E-7
2.5129239799173993E-7
2.512923979853472E-7
2.5129239797895487E-7
2.512923979725625E-7
2.5129239796617055E-7
2.512923979597786E-7
2.5129239795338713E-7
2.512923979469959E-7
2.5129239794060487E-7
2.5129239793421417E-7
2.512923979278233E-7
2.5129239792143286E-7
2.512923979150427E-7
2.5129239790865283E-7
2.51292397902263E-7
2.5129239789587364E-7
2.512923978894843E-7
2.5129239788309536E-7
2.512923978767066E-7
2.5129239787031834E-7
2.5129239786393007E-7
2.512923978575418E-7
2.512923978511538E-7
2.512923978447662E-7
2.5129239783837885E-7
2.5129239783199174E-7
2.512923978256048E-7
2.51292397819218E-7
2.512923978128317E-7
2.5129239780644565E-7
2.5129239780005945E-7
2.5129239779367367E-7
2.512923977872882E-7
2.5129239778090284E-7
2.5129239777451775E-7
2.512923977681329E-7
2.5129239776174825E-7
2.5129239775536385E-7
2.512923977489799E-7
2.5129239774259583E-7
2.5129239773621206E-7
2.512923977298287E-7
2.512923977234454E-7
2.512923977170624E-7
2.5129239771067984E-7
2.512923977042972E-7
2.5129239769791506E-7
2.5129239769153277E-7
2.51292397685151E-7
2.512923976787694E-7
2.512923976723882E-7
2.512923976660068E-7
2.51292397659626E-7
2.512923976532454E-7
2.512923976468649E-7
2.5129239764048463E-7
2.512923976341046E-7
2.512923976277248E-7
2.5129239762134534E-7
2.5129239761496597E-7
2.5129239760858685E-7
2.512923976022081E-7
2.5129239759582943E-7
2.512923975894511E-7
2.5129239758307306E-7
2.512923975766952E-7
2.512923975703175E-7
2.5129239756394007E-7
2.51292397557563E-7
2.5129239755118587E-7
2.5129239754480924E-7
2.512923975384325E-7
2.512923975320565E-7
2.5129239752568043E-7
2.5129239751930445E-7
2.5129239751292904E-7
2.512923975065537E-7
2.5129239750017844E-7
2.5129239749380357E-7
2.512923974874289E-7
2.512923974810545E-7
2.512923974746802E-7
2.5129239746830623E-7
2.512923974619324E-7
2.51292397455559E-7
2.5129239744918584E-7
2.512923974428127E-7
2.512923974364397E-7
2.5129239743006725E-7
2.512923974236951E-7
2.512923974173227E-7
2.51292397410951E-7
2.5129239740457934E-7
2.5129239739820796E-7
2.5129239739183674E-7
2.51292397385466E-7
2.51292397379095E-7
2.5129239737272465E-7
2.5129239736635454E-7
2.512923973599844E-7
2.5129239735361453E-7
2.5129239734724495E-7
2.5129239734087553E-7
2.5129239733450637E-7
2.512923973281374E-7
2.512923973217686E-7
2.512923973154002E-7
2.5129239730903196E-7
2.5129239730266407E-7
2.5129239729629645E-7
2.5129239728992877E-7
2.5129239728356147E-7
2.5129239727719464E-7
2.5129239727082776E-7
2.512923972644612E-7
2.5129239725809505E-7
2.512923972517287E-7
2.5129239724536303E-7
2.5129239723899737E-7
2.512923972326318E-7
2.5129239722626683E-7
2.5129239721990186E-7
2.512923972135369E-7
2.512923972071725E-7
2.512923972008083E-7
2.5129239719444434E-7
2.5129239718808047E-7
2.512923971817168E-7
2.5129239717535327E-7
2.5129239716899004E-7
2.512923971626272E-7
2.5129239715626464E-7
2.5129239714990237E-7
2.5129239714354014E-7
2.512923971371778E-7
2.512923971308165E-7
2.512923971244551E-7
2.512923971180935E-7
2.512923971117331E-7
2.5129239710537157E-7
2.512923970990117E-7
2.5129239709265104E-7
2.5129239708629093E-7
2.512923970799315E-7
2.5129239707357173E-7
2.5129239706721205E-7
2.5129239706085305E-7
2.512923970544942E-7
2.5129239704813554E-7
2.51292397041777E-7
2.512923970354205E-7
2.512923970290641E-7
2.5129239702270613E-7
2.5129239701634814E-7
2.5129239700999423E-7
2.512923970036373E-7
2.512923969972793E-7
2.512923969909265E-7
2.512923969845685E-7
2.512923969782157E-7
2.5129239697185774E-7
2.5129239696550494E-7
2.5129239695914695E-7
2.5129239695279415E-7
2.5129239694643616E-7
2.5129239694008315E-7
2.5129239693372537E-7
2.512923969273723E-7
2.512923969210172E-7
2.5129239691466184E-7
2.5129239690830755E-7
2.512923969019531E-7
2.512923968955983E-7
2.512923968892448E-7
2.5129239688289164E-7
2.512923968765401E-7
2.5129239687018737E-7
2.512923968638346E-7
2.5129239685748187E-7
2.512923968511291E-7
2.512923968447764E-7
2.5129239683842845E-7
2.512923968320762E-7
2.5129239682572454E-7
2.51292396819376E-7
2.512923968130239E-7
2.512923968066758E-7
2.5129239680032494E-7
2.512923967939756E-7
2.512923967876268E-7
2.5129239678127733E-7
2.5129239677492856E-7
2.5129239676858047E-7
2.512923967622318E-7
2.5129239675588376E-7
2.5129239674953636E-7
2.5129239674318896E-7
2.5129239673684167E-7
2.5129239673049443E-7
2.5129239672414777E-7
2.512923967178012E-7
2.5129239671145456E-7
2.51292396705108E-7
5.025847933848331E-7
0.002044649707128813
0.0020389405900947117
0.002033247421252592
0.0020275701560461376
0.0020219087500423514
0.002016263158931307
0.0020106333385257105
0.0020050192447606603
0.0019994208336932607
0.0019938380615022724
0.0019882708844878583
0.001982719259071202
0.0019771831417942274
0.0019716624893191437
0.001966157258428287
0.0019606674060237165
0.0019551928891269016
0.0019497336648783658
0.0019442896905374277
0.0019388609234818254
0.0019334473212074378
0.0019280488413279488
0.0019226654415745315
0.0019172970797955192
0.001911943713956107
0.0019066053021380518
0.0019012818025393292
0.0018959731734738165
0.0018906793733710202
0.0018854003607757161
0.00188013609434771
0.0018748865328614484
0.00186965163520576
0.0018644313603835352
0.0018592256675114044
0.0018540345158194883
0.0018488578646510142
0.0018436956734620932
0.001838547901821335
0.0018334145094096295
0.0018282954560197753
0.0018231907015562325
0.0018181002060347988
0.0018130239295823165
0.0018079618324363697
0.0018029138749449851
0.0017978800175663667
0.0017928602208685579
0.001787854445529189
0.0017828626523351465
0.001777884802182305
0.0017729208560752284
0.0017679707751268915
0.0017630345205583693
0.0017581120536985554
0.0017532033359838844
0.0017483083289580495
0.0017434269942716762
0.0017385592936820912
0.001733705189052991
0.0017288646423542049
0.0017240376156613668
0.0017192240711556535
0.0017144239711235083
0.0017096372779563567
0.0017048639541502992
0.0017001039623058833
0.0016953572651277865
0.0016906238254245508
0.0016859036061082965
0.0016811965701944674
0.0016765026808015493
0.001671821901150754
0.0016671541945658056
0.0016624995244726463
0.0016578578543991363
0.0016532291479748164
0.0016486133689306208
0.001644010481098611
0.0016394204484117228
0.0016348432349034515
0.0016302788047076189
0.001625727122058108
0.0016211881512885845
0.0016166618568322262
0.0016121482032214714
0.0016076471550877517
0.0016031586771612083
0.0015986827342704447
0.0015942192913422754
0.0015897683134014433
0.0015853297655703661
0.0015809036130688822
0.0015764898212139685
0.0015720883554195073
0.0015676991811960164
0.001563322264150377
0.0015589575699856075
0.0015546050645005864
0.0015502647135897819
0.0015459364832430403
0.0015416203395452795
0.001537316248676266
0.0015330241769103531
0.0015287440906162403
0.0015244759562566918
0.0015202197403883298
0.0015159754096613128
0.0015117429308191624
0.0015075222706984776
0.0015033133962286613
0.0014991162744317193
0.0014949308724219814
0.0014907571574058615
0.0014865950966816176
0.0014824446576390893
0.0014783058077594588
0.0014741785146150277
0.0014700627458689324
0.0014659584692749326
0.001461865652677145
0.0014577842640098161
0.0014537142712970801
0.0014496556426527067
0.0014456083462798667
0.001441572350470891
0.0014375476236070206
0.0014335341341581828
0.001429531850682755
0.0014255407418272896
0.0014215607763263145
0.0014175919230021011
0.0014136341507643899
0.0014096874286101898
0.0014057517256235103
0.0014018270109751655
0.0013979132539224924
0.001394010423809162
0.0013901184900649212
0.0013862374222053553
0.001382367189831672
0.0013785077626304644
0.0013746591103734678
0.0013708212029173651
0.0013669940102034818
0.001363177502257648
0.0013593716491899011
0.0013555764211943
0.0013517917885486554
0.0013480177216143464
0.0013442541908360404
0.0013405011667415357
0.001336758619941481
0.001333026521129149
0.001329304841080238
0.001325593550652655
0.0013218926207862552
0.001318202022502641
0.001314521726904932
0.0013108517051775323
0.0013071919285859498
0.0013035423684765303
0.0012999029962762394
0.0012962737834924685
0.0012926547017127936
0.0012890457226047672
0.0012854468179156887
0.001281857959472391
0.0012782791191810006
0.0012747102690267734
0.0012711513810738293
0.0012676024274649517
0.0012640633804213725
0.0012605342122425488
0.0012570148953059482
0.0012535054020668492
0.0012500057050581139
0.0012465157768899564
0.0012430355902497818
0.0012395651179019076
0.0012361043326874026
0.0012326532075238495
0.0012292117154051366
0.0012257798294012445
0.0012223575226580489
0.0012189447683970897
0.0012155415399153875
0.0012121478105852192
0.0012087635538538953
0.0012053887432435782
0.001202023352351048
0.001198667354847524
0.0011953207244784349
0.0011919834350632165
0.0011886554604951258
0.00118533677474098
0.0011820273518410318
0.0011787271659087033
0.0011754361911303956
0.0011721544017653089
0.0011688817721452003
0.0011656182766742137
0.0011623638898286513
0.0011591185861568034
0.001155882340278714
0.001152655126885999
0.0011494369207416355
0.0011462276966797635
0.001143027429605515
0.0011398360944947484
0.0011366536663939338
0.0011334801204198792
0.0011303154317595695
0.0011271595756699717
0.001124012527477819
0.0011208742625794395
0.0011177447564405315
0.0011146239845959858
0.0011115119226496979
0.0011084085462743358
0.0011053138312111979
0.001102227753269971
0.0010991502883285769
0.001096081412332941
0.0010930211012968381
0.0010899693313016704
0.001086926078496285
0.0010838913190967848
0.0010808650293863465
0.0010778471857150094
0.0010748377644994992
0.0010718367422230415
0.0010688440954351674
0.0010658598007514996
0.0010628838348536247
0.0010599161744888562
0.001056956796470056
0.001054005677675451
0.0010510627950484496
0.001048128125597458
0.0010452016463956965
0.0010422833345809833
0.0010393731673556009
0.0010364711219860746
0.0010335771758030006
0.0010306913062008618
0.0010278134906378479
0.001024943706635665
0.0010220819317793663
0.00101922814371714
0.0010163823201601752
0.0010135444388824591
0.0010107144777205695
0.0010078924145735307
0.0010050782274026334
0.0010022718942312295
9.994733931445894E-4
9.96682702289685E-4
9.938997998750227E-4
9.91124664170498E-4
9.883572735071681E-4
9.855976062771547E-4
9.828456409333506E-4
9.801013559893389E-4
9.773647300191906E-4
9.746357416572817E-4
9.719143695981291E-4
9.692005925962079E-4
9.6649438946578E-4
9.637957390807314E-4
9.611046203743882E-4
9.584210123393555E-4
9.557448940273281E-4
9.530762445489353E-4
9.50415043073564E-4
9.477612688291928E-4
9.451149011022176E-4
9.424759192372803E-4
9.398443026371104E-4
9.372200307623423E-4
9.346030831313593E-4
9.319934393201153E-4
9.2939107896198E-4
9.267959817475635E-4
9.242081274245433E-4
9.216274957975202E-4
9.190540667278309E-4
9.164878201333971E-4
9.139287359885516E-4
9.113767943238795E-4
9.088319752260543E-4
9.06294258837676E-4
9.037636253570992E-4
9.012400550382839E-4
8.987235281906235E-4
8.962140251787932E-4
8.937115264225672E-4
8.912160123966934E-4
8.887274636307023E-4
8.862458607087574E-4
8.837711842695034E-4
8.81303415005893E-4
8.788425336650445E-4
8.763885210480668E-4
8.739413580099223E-4
8.715010254592448E-4
8.690675043582058E-4
8.666407757223427E-4
8.642208206204134E-4
8.618076201742345E-4
8.594011555585297E-4
8.57001408000776E-4
8.546083587810395E-4
8.522219892318356E-4
8.49842280737968E-4
8.474692147363807E-4
8.451027727160024E-4
8.427429362175975E-4
8.40389686833603E-4
8.380430062079959E-4
8.357028760361297E-4
8.333692780645883E-4
8.310421940910454E-4
8.28721605964091E-4
8.264074955831028E-4
8.240998448980974E-4
8.217986359095754E-4
8.19503850668373E-4
8.172154712755195E-4
8.149334798820921E-4
8.126578586890588E-4
8.103885899471484E-4
8.081256559566875E-4
8.058690390674786E-4
8.036187216786362E-4
8.013746862384433E-4
7.991369152442173E-4
7.969053912421642E-4
7.946800968272323E-4
7.924610146429717E-4
7.902481273813946E-4
7.880414177828316E-4
7.858408686357888E-4
7.836464627768075E-4
7.814581830903283E-4
7.792760125085482E-4
7.770999340112801E-4
7.749299306258182E-4
7.727659854268008E-4
7.706080815360544E-4
7.684562021224756E-4
7.663103304018955E-4
7.641704496369333E-4
7.620365431368558E-4
7.599085942574508E-4
7.577865864008917E-4
7.556705030155951E-4
7.535603275960908E-4
7.514560436828904E-4
7.49357634862351E-4
7.472650847665317E-4
7.451783770730778E-4
7.430974955050837E-4
7.41022423830948E-4
7.389531458642519E-4
7.368896454636345E-4
7.348319065326488E-4
7.327799130196422E-4
7.307336489176144E-4
7.286930982640999E-4
7.266582451410263E-4
7.246290736745958E-4
7.226055680351605E-4
7.205877124370787E-4
7.18575491138599E-4
7.165688884417316E-4
7.145678886921191E-4
7.125724762789086E-4
7.105826356346377E-4
7.085983512350832E-4
7.066196075991688E-4
7.046463892888108E-4
7.026786809088202E-4
7.007164671067551E-4
6.987597325728139E-4
6.968084620397038E-4
6.948626402825184E-4
6.929222521186159E-4
6.909872824075068E-4
6.890577160507202E-4
6.871335379916848E-4
6.852147332156109E-4
6.83301286749372E-4
6.813931836613784E-4
6.794904090614691E-4
6.77592948100778E-4
6.757007859716242E-4
6.738139079073949E-4
6.719322991824202E-4
6.700559451118654E-4
6.681848310516064E-4
6.663189423981109E-4
6.644582645883376E-4
6.626027830995971E-4
6.607524834494562E-4
6.589073511956083E-4
6.570673719357706E-4
6.552325313075648E-4
6.534028149883922E-4
6.515782086953396E-4
6.497586981850575E-4
6.479442692536441E-4
6.46134907736534E-4
6.443305995083869E-4
6.425313304829803E-4
6.407370866130962E-4
6.389478538903973E-4
6.371636183453407E-4
6.353843660470412E-4
6.336100831031826E-4
6.318407556599036E-4
6.300763699016674E-4
6.283169120511957E-4
6.265623683693217E-4
6.248127251548907E-4
6.230679687446683E-4
6.213280855132111E-4
6.195930618727844E-4
6.178628842732356E-4
6.161375392018897E-4
6.144170131834591E-4
6.127012927799188E-4
6.109903645904095E-4
6.092842152511437E-4
6.075828314352836E-4
6.058861998528412E-4
6.04194307250588E-4
6.025071404119275E-4
6.008246861568205E-4
5.991469313416644E-4
5.974738628591908E-4
5.958054676383681E-4
5.941417326442971E-4
5.924826448781204E-4
5.908281913768995E-4
5.891783592135511E-4
5.875331354967051E-4
5.858925073706215E-4
5.842564620151025E-4
5.826249866453771E-4
5.80998068512015E-4
5.793756949008197E-4
5.777578531327244E-4
5.76144530563716E-4
5.745357145847106E-4
5.729313926214764E-4
5.713315521345311E-4
5.697361806190338E-4
5.681452656047136E-4
5.665587946557512E-4
5.649767553706919E-4
5.633991353823496E-4
5.618259223577058E-4
5.602571039978433E-4
5.586926680378017E-4
5.571326022465302E-4
5.555768944267651E-4
5.540255324149586E-4
5.524785040811672E-4
5.509357973289598E-4
5.493974000953364E-4
5.47863300350639E-4
5.463334860984362E-4
5.448079453754588E-4
5.432866662514905E-4
5.417696368292901E-4
5.402568452444884E-4
5.387482796655101E-4
5.372439282934676E-4
5.357437793620882E-4
5.342478211376252E-4
5.32756041918746E-4
5.312684300364708E-4
5.297849738540627E-4
5.283056617669597E-4
5.268304822026705E-4
5.253594236206931E-4
5.238924745124253E-4
5.22429623401088E-4
5.209708588416114E-4
5.195161694205843E-4
5.180655437561439E-4
5.166189704978968E-4
5.151764383268311E-4
5.13737935955239E-4
5.123034521266201E-4
5.10872975615603E-4
5.094464952278615E-4
5.080239998000287E-4
5.06605478199611E-4
6.966689490267793E-7
6.966689490111283E-7
6.966689489954776E-7
6.966689489798276E-7
6.966689489641784E-7
6.966689489485298E-7
6.966689489328819E-7
6.966689489172346E-7
6.966689489015879E-7
6.966689488859419E-7
6.966689488702967E-7
6.96668948854652E-7
6.966689488390077E-7
6.966689488233643E-7
6.966689488077216E-7
6.966689487920793E-7
6.966689487764379E-7
6.966689487607969E-7
6.966689487451567E-7
6.96668948729517E-7
6.966689487138781E-7
6.966689486982399E-7
6.966689486826022E-7
6.966689486669652E-7
6.966689486513288E-7
6.966689486356932E-7
6.96668948620058E-7
6.966689486044237E-7
6.966689485887897E-7
6.966689485731565E-7
6.966689485575242E-7
6.966689485418922E-7
6.966689485262611E-7
6.966689485106306E-7
6.966689484950006E-7
6.966689484793711E-7
6.966689484637425E-7
6.966689484481146E-7
6.966689484324872E-7
6.966689484168604E-7
6.966689484012345E-7
6.966689483856088E-7
6.966689483699841E-7
6.966689483543601E-7
6.966689483387367E-7
6.966689483231137E-7
6.966689483074915E-7
6.966689482918697E-7
6.966689482762489E-7
6.966689482606285E-7
6.9666894824501E-7
6.966689482293906E-7
6.96668948213772E-7
6.966689481981539E-7
6.966689481825366E-7
6.9666894816692E-7
6.966689481513048E-7
6.966689481356896E-7
6.96668948120075E-7
6.966689481044613E-7
6.96668948088848E-7
6.966689480732353E-7
6.966689480576236E-7
6.966689480420119E-7
6.966689480264016E-7
6.966689480107916E-7
6.966689479951823E-7
6.966689479795736E-7
6.966689479639655E-7
6.96668947948358E-7
6.966689479327512E-7
6.966689479171453E-7
6.966689479015396E-7
6.966689478859349E-7
6.966689478703306E-7
6.966689478547271E-7
6.96668947839124E-7
6.966689478235218E-7
6.966689478079202E-7
6.966689477923193E-7
6.966689477767191E-7
6.966689477611191E-7
6.966689477455202E-7
6.966689477299218E-7
6.96668947714324E-7
6.96668947698727E-7
6.966689476831304E-7
6.966689476675348E-7
6.966689476519394E-7
6.966689476363452E-7
6.966689476207512E-7
6.966689476051579E-7
6.966689475895653E-7
6.966689475739731E-7
6.96668947558382E-7
6.966689475427914E-7
6.966689475272014E-7
6.966689475116119E-7
6.96668947496023E-7
6.966689474804352E-7
6.966689474648475E-7
6.966689474492607E-7
6.966689474336746E-7
6.966689474180891E-7
6.966689474025043E-7
6.966689473869197E-7
6.966689473713363E-7
6.966689473557533E-7
6.966689473401708E-7
6.966689473245892E-7
6.96668947309009E-7
6.966689472934282E-7
6.966689472778481E-7
6.966689472622691E-7
6.966689472466905E-7
6.966689472311127E-7
6.966689472155354E-7
6.966689471999589E-7
6.96668947184383E-7
6.966689471688077E-7
6.966689471532331E-7
6.966689471376592E-7
6.966689471220859E-7
6.966689471065133E-7
6.966689470909413E-7
6.966689470753698E-7
6.966689470597989E-7
6.966689470442288E-7
6.966689470286596E-7
6.966689470130908E-7
6.966689469975225E-7
6.966689469819552E-7
6.966689469663882E-7
6.966689469508218E-7
6.966689469352566E-7
6.966689469196914E-7
6.966689469041271E-7
6.966689468885633E-7
6.966689468730005E-7
6.96668946857438E-7
6.966689468418763E-7
6.966689468263151E-7
6.966689468107546E-7
6.966689467951949E-7
6.966689467796357E-7
6.966689467640773E-7
6.966689467485194E-7
6.966689467329625E-7
6.966689467174058E-7
6.966689467018494E-7
6.966689466862942E-7
6.966689466707395E-7
6.966689466551856E-7
6.966689466396322E-7
6.966689466240794E-7
6.966689466085276E-7
6.966689465929759E-7
6.966689465774252E-7
6.966689465618749E-7
6.966689465463254E-7
6.966689465307767E-7
6.966689465152287E-7
6.966689464996808E-7
6.966689464841338E-7
6.966689464685876E-7
6.966689464530419E-7
6.96668946437497E-7
6.966689464219526E-7
6.966689464064088E-7
6.966689463908657E-7
6.966689463753234E-7
6.966689463597815E-7
6.966689463442404E-7
6.966689463286999E-7
6.9666894631316E-7
6.966689462976208E-7
6.966689462820822E-7
6.966689462665445E-7
6.966689462510069E-7
6.966689462354702E-7
6.966689462199344E-7
6.96668946204399E-7
6.966689461888644E-7
6.966689461733303E-7
6.966689461577971E-7
6.96668946142266E-7
6.966689461267336E-7
6.966689461112046E-7
6.966689460956722E-7
6.966689460801417E-7
6.966689460646109E-7
6.966689460490819E-7
6.96668946033553E-7
6.966689460180241E-7
6.966689460024977E-7
6.966689459869714E-7
6.96668945971446E-7
6.966689459559209E-7
6.966689459403967E-7
6.966689459248724E-7
6.966689459093495E-7
6.966689458938271E-7
6.966689458783053E-7
6.966689458627842E-7
6.966689458472634E-7
6.966689458317435E-7
6.966689458162242E-7
6.966689458007057E-7
6.966689457851874E-7
6.966689457696703E-7
6.966689457541533E-7
6.966689457386375E-7
6.96668945723122E-7
6.966689457076073E-7
6.966689456920933E-7
6.966689456765796E-7
6.96668945661067E-7
6.966689456455547E-7
6.966689456300435E-7
6.966689456145325E-7
6.966689455990223E-7
6.966689455835126E-7
6.966689455680038E-7
6.966689455524956E-7
6.966689455369875E-7
6.966689455214804E-7
6.966689455059739E-7
6.966689454904681E-7
6.966689454749634E-7
6.96668945459459E-7
6.966689454439547E-7
6.966689454284515E-7
6.96668945412949E-7
6.966689453974472E-7
6.966689453819458E-7
6.966689453664451E-7
6.966689453509453E-7
6.96668945335446E-7
6.966689453199474E-7
6.9666894530445E-7
6.966689452889523E-7
6.966689452734553E-7
6.966689452579591E-7
6.966689452424638E-7
6.96668945226969E-7
6.966689452114749E-7
6.966689451959813E-7
6.966689451804885E-7
6.966689451649963E-7
6.966689451495045E-7
6.966689451340137E-7
6.966689451185232E-7
6.966689451030336E-7
6.966689450875445E-7
6.966689450720562E-7
6.966689450565684E-7
6.966689450410814E-7
6.966689450255956E-7
6.966689450101095E-7
6.966689449946246E-7
6.966689449791388E-7
6.966689449636553E-7
6.966689449481722E-7
6.966689449326896E-7
6.966689449172077E-7
6.966689449017265E-7
6.966689448862457E-7
6.966689448707657E-7
6.966689448552863E-7
6.966689448398078E-7
6.966689448243295E-7
6.966689448088521E-7
6.966689447933754E-7
6.966689447778992E-7
6.966689447624243E-7
6.96668944746949E-7
6.966689447314743E-7
6.966689447160007E-7
6.966689447005278E-7
6.966689446850554E-7
6.966689446695838E-7
6.966689446541128E-7
6.966689446386426E-7
6.966689446231726E-7
6.966689446077038E-7
6.966689445922354E-7
6.966689445767677E-7
6.966689445613004E-7
6.966689445458341E-7
6.966689445303682E-7
6.96668944514903E-7
6.966689444994384E-7
6.966689444839744E-7
6.96668944468511E-7
6.966689444530484E-7
6.966689444375865E-7
6.966689444221256E-7
6.966689444066652E-7
6.966689443912068E-7
6.966689443757464E-7
6.966689443602879E-7
6.966689443448277E-7
6.966689443293696E-7
6.966689443139134E-7
6.966689442984573E-7
6.966689442830019E-7
6.966689442675469E-7
6.966689442520928E-7
6.96668944236639E-7
6.966689442211861E-7
6.966689442057336E-7
6.966689441902821E-7
6.966689441748309E-7
6.966689441593805E-7
6.966689441439309E-7
6.966689441284818E-7
6.966689441130332E-7
6.966689440975854E-7
6.966689440821382E-7
6.966689440666919E-7
6.966689440512457E-7
6.966689440358005E-7
6.966689440203559E-7
6.966689440049121E-7
6.966689439894687E-7
6.966689439740259E-7
6.966689439585842E-7
6.966689439431427E-7
6.966689439277021E-7
6.966689439122615E-7
6.966689438968221E-7
6.966689438813834E-7
6.966689438659451E-7
6.966689438505076E-7
6.966689438350711E-7
6.966689438196346E-7
6.966689438041988E-7
6.96668943788764E-7
6.966689437733298E-7
6.966689437578961E-7
6.96668943742463E-7
6.966689437270305E-7
6.966689437115988E-7
6.96668943696168E-7
6.966689436807375E-7
6.966689436653093E-7
6.966689436498797E-7
6.966689436344515E-7
6.966689436190221E-7
6.966689436035945E-7
6.96668943588168E-7
6.966689435727422E-7
6.96668943557317E-7
6.966689435418923E-7
6.966689435264684E-7
6.966689435110451E-7
6.966689434956224E-7
6.966689434802002E-7
6.966689434647788E-7
6.966689434493578E-7
6.966689434339379E-7
6.966689434185186E-7
6.966689434030995E-7
6.966689433876811E-7
6.966689433722635E-7
6.966689433568465E-7
6.966689433414303E-7
6.966689433260145E-7
6.966689433105997E-7
6.966689432951853E-7
6.966689432797718E-7
6.966689432643587E-7
6.966689432489474E-7
6.96668943233535E-7
6.966689432181237E-7
6.966689432027125E-7
6.966689431873028E-7
6.966689431718936E-7
6.966689431564849E-7
6.966689431410771E-7
6.966689431256699E-7
6.966689431102632E-7
6.966689430948573E-7
6.966689430794518E-7
6.966689430640473E-7
6.966689430486431E-7
6.966689430332397E-7
6.966689430178372E-7
6.96668943002435E-7
6.966689429870343E-7
6.966689429716328E-7
6.966689429562323E-7
6.966689429408326E-7
6.966689429254336E-7
6.966689429100355E-7
6.966689428946378E-7
6.966689428792412E-7
6.966689428638446E-7
6.96668942848449E-7
6.966689428330541E-7
6.966689428176597E-7
6.966689428022663E-7
6.966689427868726E-7
6.966689427714801E-7
6.966689427560882E-7
6.966689427406971E-7
6.966689427253064E-7
6.966689427099164E-7
6.966689426945271E-7
6.966689426791387E-7
6.96668942663751E-7
6.966689426483633E-7
6.966689426329767E-7
6.966689426175905E-7
6.966689426022051E-7
6.966689425868204E-7
6.966689425714366E-7
6.966689425560529E-7
6.9666894254067E-7
6.966689425252881E-7
6.966689425099065E-7
6.966689424945258E-7
6.966689424791452E-7
6.966689424637655E-7
6.966689424483863E-7
6.966689424330082E-7
6.966689424176307E-7
6.966689424022533E-7
6.966689423868772E-7
6.966689423715015E-7
6.966689423561262E-7
6.966689423407516E-7
6.966689423253779E-7
6.966689423100049E-7
6.966689422946322E-7
6.966689422792605E-7
6.966689422638894E-7
6.966689422485189E-7
6.966689422331485E-7
6.966689422177793E-7
6.966689422024105E-7
6.966689421870424E-7
6.96668942171675E-7
6.966689421563083E-7
6.966689421409425E-7
6.966689421255769E-7
6.96668942110212E-7
6.966689420948479E-7
6.966689420794841E-7
6.966689420641211E-7
6.966689420487591E-7
6.966689420333972E-7
6.96668942018037E-7
6.966689420026763E-7
6.966689419873172E-7
6.966689419719611E-7
6.966689419566035E-7
6.966689419412509E-7
6.966689419258932E-7
6.966689419105406E-7
6.96668941895183E-7
6.966689418798304E-7
6.966689418644727E-7
6.966689418491189E-7
6.966689418337625E-7
6.966689418184072E-7
6.966689418030524E-7
6.966689417876999E-7
6.966689417723474E-7
6.966689417569975E-7
6.966689417416478E-7
6.966689417263004E-7
6.966689417109526E-7
6.966689416956055E-7
6.966689416802593E-7
6.966689416649127E-7
6.966689416495667E-7
6.966689416342222E-7
6.966689416188773E-7
6.966689416035341E-7
6.966689415881914E-7
6.966689415728493E-7
6.96668941557508E-7
6.96668941542167E-7
6.966689415268261E-7
6.966689415114865E-7
6.966689414961471E-7
6.966689414808091E-7
6.966689414654711E-7
6.966689414501342E-7
6.966689414347978E-7
6.966689414194619E-7
6.966689414041269E-7
6.966689413887917E-7
6.96668941373458E-7
6.966689413581248E-7
6.96668941342792E-7
6.966689413274603E-7
6.96668941312129E-7
1.393337882562938E-6
5.723238382907675E-6
1.1428716007244307E-5
1.7116483078437123E-5
2.278658966149844E-5
2.843908568140283E-5
3.407402092346196E-5
3.9691445033699444E-5
4.5291407519224174E-5
5.0873957748602566E-5
5.643914495223021E-5
6.198701822270205E-5
6.751762651518448E-5
7.303101864778014E-5
7.852724330189895E-5
8.400634902262183E-5
8.946838421907013E-5
9.491339716476802E-5
1.0034143599800774E-4
1.0575254872221217E-4
1.1114678320629753E-4
1.1652418718503361E-4
1.2188480825940616E-4
1.2722869389697542E-4
1.325558914322318E-4
1.3786644806696133E-4
1.431604108705937E-4
1.4843782678056362E-4
1.536987426026669E-4
1.5894320501140977E-4
1.641712605503665E-4
1.6938295563253048E-4
1.745783365406661E-4
1.7975744942766127E-4
1.849203403168736E-4
1.9006705510248313E-4
1.9519763954984118E-4
2.003121392958146E-4
2.0541059984913472E-4
2.1049306659074376E-4
2.1555958477414045E-4
2.2061019952572167E-4
2.2564495584512803E-4
2.3066389860558562E-4
2.356670725542512E-4
2.4065452231254798E-4
2.456262923765096E-4
2.505824271171211E-4
2.555229707806529E-4
2.604479674890033E-4
2.653574612400349E-4
2.7025149590790876E-4
2.7513011524342743E-4
2.799933628743546E-4
2.848412823057696E-4
2.896739169203836E-4
2.9449130997888297E-4
2.992935046202556E-4
3.040805438621286E-4
3.0885247060109084E-4
3.1360932761302857E-4
3.1835115755345187E-4
3.2307800295782737E-4
3.277899062418986E-4
3.32486909702019E-4
3.371690555154746E-4
3.418363857408127E-4
3.464889423181633E-4
3.511267670695718E-4
3.557499016993057E-4
3.6035838779419283E-4
3.6495226682393554E-4
3.6953158014143867E-4
3.740963689831204E-4
3.7864667446924413E-4
3.83182537604225E-4
3.8770399927696086E-4
3.922111002611394E-4
3.9670388121556036E-4
4.011823826844566E-4
4.056466450978035E-4
4.10096708771631E-4
4.1453261390835125E-4
4.1895440059705935E-4
4.2336210881385207E-4
4.2775577842214005E-4
4.321354491729615E-4
4.3650116070529196E-4
4.408529525463523E-4
4.451908641119189E-4
4.495149347066391E-4
4.538252035243354E-4
4.5812170964830846E-4
4.624044920516579E-4
4.666735895975745E-4
4.7092904103965516E-4
4.751708850222024E-4
4.793991600805371E-4
4.8361390464129355E-4
4.878151570227276E-4
4.920029554350211E-4
4.961773379805807E-4
5.003383426543448E-4
5.044860073440726E-4
5.086203698306591E-4
5.127414677884206E-4
5.168493387854104E-4
5.209440202837026E-4
5.250255496396918E-4
5.290939641044017E-4
5.331493008237699E-4
5.371915968389497E-4
5.412208890865944E-4
5.452372143991694E-4
5.49240609505235E-4
5.532311110297491E-4
5.572087554943355E-4
5.611735793176112E-4
5.65125618815454E-4
5.690649102012993E-4
5.729914895864355E-4
5.769053929802793E-4
5.808066562906854E-4
5.846953153242204E-4
5.885714057864563E-4
5.924349632822519E-4
5.962860233160496E-4
6.001246212921512E-4
6.039507925150073E-4
6.077645721895027E-4
6.115659954212432E-4
6.153550972168324E-4
6.191319124841592E-4
6.228964760326794E-4
6.26648822573696E-4
6.303889867206443E-4
6.341170029893643E-4
6.378329057983936E-4
6.415367294692318E-4
6.452285082266312E-4
6.489082761988631E-4
6.525760674180096E-4
6.562319158202253E-4
6.598758552460262E-4
6.635079194405584E-4
6.671281420538675E-4
6.707365566411879E-4
6.743331966632061E-4
6.779180954863394E-4
6.814912863829972E-4
6.850528025318666E-4
6.88602677018175E-4
6.921409428339628E-4
6.956676328783511E-4
6.991827799578203E-4
7.026864167864658E-4
7.06178575986282E-4
7.09659290087412E-4
7.131285915284208E-4
7.165865126565683E-4
7.200330857280713E-4
7.234683429083643E-4
7.268923162723689E-4
7.303050378047543E-4
7.337065394002021E-4
7.370968528636649E-4
7.404760099106372E-4
7.438440421674064E-4
7.472009811713162E-4
7.505468583710429E-4
7.538817051268216E-4
7.572055527107283E-4
7.605184323069396E-4
7.638203750119756E-4
7.671114118349723E-4
7.703915736979227E-4
7.736608914359472E-4
7.769193957975366E-4
7.801671174448057E-4
7.834040869537625E-4
7.866303348145498E-4
7.898458914316839E-4
7.930507871243415E-4
7.962450521265732E-4
7.994287165875767E-4
8.026018105719426E-4
8.057643640598994E-4
8.08916406947569E-4
8.12057969047203E-4
8.151890800874332E-4
8.183097697135359E-4
8.214200674876408E-4
8.245200028890199E-4
8.276096053143038E-4
8.306889040777282E-4
8.337579284113869E-4
8.36816707465461E-4
8.398652703084782E-4
8.429036459275382E-4
8.459318632285684E-4
8.489499510365438E-4
8.519579380957435E-4
8.549558530699883E-4
8.579437245428715E-4
8.609215810179939E-4
8.638894509192054E-4
8.668473625908493E-4
8.697953442979802E-4
8.727334242266127E-4
8.756616304839568E-4
8.785799910986295E-4
8.814885340209163E-4
8.843872871229772E-4
8.872762781991044E-4
8.901555349659336E-4
8.930250850626806E-4
8.958849560513611E-4
8.98735175417041E-4
9.015757705680449E-4
9.044067688361899E-4
9.072281974770121E-4
9.100400836699972E-4
9.128424545187908E-4
9.15635337051442E-4
9.184187582206164E-4
9.211927449038194E-4
9.239573239036248E-4
9.267125219478902E-4
9.294583656899784E-4
9.321948817089814E-4
9.349220965099447E-4
9.376400365240759E-4
9.403487281089722E-4
9.43048197548828E-4
9.457384710546606E-4
9.484195747645262E-4
9.510915347437328E-4
9.537543769850541E-4
9.564081274089474E-4
9.590528118637631E-4
9.616884561259669E-4
9.64315085900335E-4
9.669327268201837E-4
9.695414044475718E-4
9.721411442735076E-4
9.747319717181713E-4
9.773139121311077E-4
9.798869907914301E-4
9.82451232908081E-4
9.850066636199546E-4
9.875533079961546E-4
9.900911910362014E-4
9.92620337670227E-4
9.951407727591675E-4
9.97652521094983E-4
0.0010001556074008538
0.0010026500563313871
0.0010051358924728032
0.0010076131403431547
0.0010100818243925199
0.0010125419690032041
0.0010149935984899196
0.0010174367371000035
0.0010198714090136301
0.0010222976383439664
0.0010247154491373912
0.0010271248653736871
0.0010295259109662433
0.0010319186097622415
0.0010343029855428335
0.0010366790620233636
0.0010390468628535489
0.0010414064116176548
0.0010437577318347057
0.0010461008469586685
0.0010484357803786193
0.0010507625554189767
0.001053081195339647
0.0010553917233362365
0.0010576941625402296
0.0010599885360191655
0.001062274866776842
0.0010645531777534888
0.0010668234918259493
0.0010690858318078526
0.001071340220449824
0.001073586680439644
0.0010758252344024437
0.0010780559049008666
0.0010802787144352586
0.0010824936854438613
0.0010847008403029469
0.001086900201327054
0.001089091790769109
0.0010912756308206466
0.0010934517436119527
0.0010956201512122674
0.0010977808756299375
0.0010999339388125622
0.0011020793626472607
0.001104217168960741
0.0011063473795195225
0.0011084700160301096
0.0011105851001391286
0.0011126926534335434
0.0011147926974407626
0.0011168852536288768
0.0011189703434067843
0.0011210479881243846
0.0011231182090726919
0.0011251810274840548
0.001127236464532307
0.0011292845413329099
0.0011313252789431417
0.0011333586983622642
0.001135384820531654
0.0011374036663349947
0.0011394152565984035
0.0011414196120906573
0.0011434167535232611
0.00114540670155068
0.0011473894767704774
0.0011493650997234529
0.001151333590893836
0.0011532949707093907
0.0011552492595416257
0.0011571964777059146
0.0011591366454616725
0.001161069783012499
0.001162995910506317
0.0011649150480355765
0.0011668272156373333
0.0011687324332934712
0.0011706307209308029
0.0011725220984212337
0.0011744065855819304
0.0011762842021754583
0.0011781549679099207
0.001180018902439112
0.0011818760253626917
0.00118372635622628
0.0011855699145216483
0.001187406719686852
0.001189236791106353
0.0011910601481112083
0.0011928768099791751
0.0011946867959348772
0.0011964901251499257
0.0011982868167431096
0.0012000768897804661
0.0012018603632754758
0.0012036372561891903
0.0012054075874303714
0.0012071713758556102
0.0012089286402695088
0.0012106793994247909
0.0012124236720224262
0.001214161476711804
0.0012158928320908455
0.0012176177567061377
0.0012193362690531024
0.0012210483875760769
0.001222754130668496
0.001224453516673013
0.0012261465638816178
0.0012278332905357847
0.0012295137148266154
0.001231187854894937
0.0012328557288314751
0.0012345173546769574
0.0012361727504222521
0.001237821934008495
0.0012394649233272222
0.0012411017362205128
0.0012427323904810918
0.001244356903852467
0.0012459752940290718
0.001247587578656384
0.0012491937753310398
0.001250793901600979
0.0012523879749655558
0.0012539760128756768
0.001255558032733912
0.0012571340518946325
0.0012587040876641396
0.0012602681573007635
0.0012618262780149966
0.0012633784669696547
0.0012649247412799289
0.0012664651180135593
0.0012679996141909413
0.0012695282467852355
0.001271051032722526
0.0012725679888818877
0.0012740791320955385
0.001275584479148959
0.0012770840467810005
0.0012785778516840134
0.0012800659105039389
0.001281548239840471
0.0012830248562471433
0.0012844957762314577
0.001285961016254975
0.0012874205927334624
0.0012888745220370206
0.0012903228204901348
0.001291765504371855
0.001293202589915893
0.0012946340933107287
0.001296060030699709
0.0012974804181812077
0.0012988952718086773
0.0013003046075908168
0.0013017084414916323
0.0013031067894306264
0.0013044996672828078
0.0013058870908788833
0.0013072690760053348
0.0013086456384045209
0.0013100167937748475
0.001311382557770789
0.001312742946003054
0.001314097974038691
0.001315447657401169
0.0013167920115705232
0.0013181310519834405
0.0013194647940333668
0.0013207932530706265
0.0013221164444025201
0.0013234343832934467
0.0013247470849649813
0.001326054564596007
0.0013273568373228138
0.001328653918239205
0.0013299458223965898
0.0013312325648041146
0.0013325141604287431
0.0013337906241953892
0.001335061970986991
0.0013363282156446197
0.0013375893729676094
0.001338845457713624
0.0013400964845988088
0.0013413424682978308
0.0013425834234440373
0.0013438193646295347
0.0013450503064052766
0.0013462762632812063
0.001347497249726319
0.0013487132801687789
0.001349924368996033
0.001351130530554882
0.0013523317791516191
0.0013535281290521022
0.0013547195944818538
0.0013559061896261792
0.001357087928630256
0.0013582648255992355
0.001359436894598359
0.0013606041496530134
0.0013617666047488705
0.001362924273831973
0.0013640771708088454
0.0013652253095465653
0.0013663687038728705
0.0013675073675762986
0.001368641314406209
0.0013697705580729355
0.001370895112247888
0.0013720149905636276
0.0013731302066139531
0.0013742407739540134
0.0013753467061004188
0.0013764480165313296
0.0013775447186865203
0.0013786368259675306
0.0013797243517377164
0.0013808073093223695
0.0013818857120087974
0.001382959573046444
0.0013840289056469663
0.0013850937229843195
0.0013861540381948805
0.0013872098643775118
0.0013882612145937152
0.001389308101867632
0.0013903505391862124
0.0013913885394992976
0.0013924221157196898
0.0013934512807232669
0.001394476047349078
0.0013954964283994181
0.0013965124366399498
0.001397524084799764
0.0013985313855715007
0.0013995343516114338
0.001400532995539552
0.0014015273299396787
0.001402517367359554
0.0014035031203108977
0.0014044846012695412
3.179576877075253E-11
9.528863541219238E-11
1.9038020794735172E-10
3.1697237254226936E-10
4.749672927279932E-10
6.642674086246662E-10
8.847754361676904E-10
1.136394366335967E-9
1.4190274643822003E-9
1.7325782690652666E-9
2.076950591884641E-9
2.4520485163168853E-9
2.8577763970541577E-9
3.2940388592448034E-9
3.760740797735931E-9
4.257787376318082E-9
4.785084026971864E-9
5.342536449116652E-9
5.930050608861288E-9
6.547532738256791E-9
7.194889334551074E-9
7.87202715944566E-9
8.578853238354414E-9
9.315274859664224E-9
1.0081199573997715E-8
1.0876535193477937E-8
1.1701189790994974E-8
1.2555071699474605E-8
1.3438089511148902E-8
1.4350152076828754E-8
1.5291168505178402E-8
1.6261048161991896E-8
1.725970066947153E-8
1.8287035905508176E-8
1.934296400296358E-8
2.0427395348954643E-8
2.154024058413949E-8
2.2681410602005656E-8
2.3850816548160076E-8
2.5048369819620945E-8
2.6273982064111654E-8
2.7527565179356448E-8
2.8809031312378148E-8
3.011829285879767E-8
3.145526246213549E-8
3.281985301311489E-8
3.4211977648967334E-8
3.5631549752739436E-8
3.7078482952601977E-8
3.8552691121160895E-8
4.005408837476972E-8
4.158258907284446E-8
4.313810781717984E-8
4.472055945126776E-8
4.63298590596173E-8
4.796592196707689E-8
4.9628663738157975E-8
5.131800017636088E-8
5.303384732350224E-8
5.477612145904441E-8
5.654473909942662E-8
5.833961699739796E-8
6.016067214135224E-8
6.200782175466469E-8
6.388098329503021E-8
6.578007445380407E-8
6.770501315534345E-8
6.965571755635165E-8
7.163210604522369E-8
7.363409724139382E-8
7.566160999468453E-8
7.771456338465794E-8
7.979287671996832E-8
8.189646953771683E-8
8.402526160280786E-8
8.617917290730712E-8
8.835812366980157E-8
9.056203433476122E-8
9.279082557190225E-8
9.504441827555247E-8
9.732273356401821E-8
9.962569277895273E-8
1.01953217484727E-7
1.0430522946780165E-7
1.0668165073610092E-7
1.090824035183882E-7
1.1150741026364364E-7
1.139565936404429E-7
1.1642987653633821E-7
1.1892718205724071E-7
1.2144843352680483E-7
1.2399355448581417E-7
1.2656246869156936E-7
1.2915510011727678E-7
1.3177137295144053E-7
1.3441121159725442E-7
1.370745406719969E-7
1.3976128500642692E-7
1.4247136964418186E-7
1.4520471984117722E-7
1.479612610650073E-7
1.507409189943487E-7
1.535436195183644E-7
1.5636928873611007E-7
1.592178529559419E-7
1.6208923869492648E-7
1.6498337267825146E-7
1.6790018183863873E-7
1.708395933157589E-7
1.738015344556471E-7
1.7678593281012129E-7
1.7979271613620147E-7
1.8282181239553058E-7
1.8587314975379725E-7
1.8894665658016047E-7
1.9204226144667495E-7
1.9515989312771917E-7
1.982994805994245E-7
2.0146095303910576E-7
2.0464423982469408E-7
2.078492705341707E-7
2.1107597494500235E-7
2.143242830335789E-7
2.1759412497465218E-7
2.208854311407761E-7
2.2419813210174918E-7
2.2753215862405766E-7
2.30887441670321E-7
2.3426391239873886E-7
2.3766150216253918E-7
2.410801425094279E-7
2.44519765181041E-7
2.479803021123974E-7
2.514616854313536E-7
2.549638474580597E-7
2.584867207044175E-7
2.620302378735398E-7
2.6559433185921156E-7
2.691789357453514E-7
2.727839828054759E-7
2.7640940650216596E-7
2.800551404865333E-7
2.837211185976881E-7
2.8740727486221153E-7
2.911135434936249E-7
2.9483985889186436E-7
2.985861556427546E-7
3.023523685174862E-7
3.061384324720923E-7
3.099442826469285E-7
3.137698543661534E-7
3.1761508313721067E-7
3.214799046503132E-7
3.2536425477792805E-7
3.292680695742634E-7
3.331912852747566E-7
3.371338382955641E-7
3.4109566523305243E-7
3.4507670286329097E-7
3.490768881415461E-7
3.530961582017773E-7
3.5713445035613317E-7
3.611917020944516E-7
3.652678510837579E-7
3.693628351677679E-7
3.7347659236638993E-7
3.7760906087523045E-7
3.8176017906509783E-7
3.8592988548151146E-7
3.9011811884420974E-7
3.9432481804666056E-7
3.985499221555727E-7
4.0279337041040903E-7
4.0705510222290033E-7
4.113350571765627E-7
4.1563317502621297E-7
4.1994939569748894E-7
4.24283659286369E-7
4.286359060586932E-7
4.330060764496872E-7
4.37394111063486E-7
4.41799950672659E-7
4.462235362177392E-7
4.5066480880674934E-7
4.551237097147343E-7
4.5960018038328985E-7
4.64094162420098E-7
4.686055975984592E-7
4.731344278568274E-7
4.776805952983494E-7
4.822440421904002E-7
4.868247109641252E-7
4.91422544213978E-7
4.960374846972663E-7
5.006694753336923E-7
5.053184592048997E-7
5.099843795540195E-7
5.14667179785217E-7
5.193668034632418E-7
5.240831943129776E-7
5.288162962189938E-7
5.335660532250986E-7
5.383324095338944E-7
5.431153095063306E-7
5.479146976612635E-7
5.527305186750139E-7
5.575627173809257E-7
5.62411238768927E-7
5.67276027985093E-7
5.721570303312082E-7
5.770541912643335E-7
5.819674563963695E-7
5.868967714936263E-7
5.918420824763899E-7
5.968033354184938E-7
6.017804765468892E-7
6.067734522412184E-7
6.117822090333872E-7
6.168066936071415E-7
6.218468527976421E-7
6.269026335910425E-7
6.319739831240691E-7
6.370608486835993E-7
6.421631777062434E-7
6.472809177779276E-7
6.52414016633477E-7
6.575624221562014E-7
6.627260823774802E-7
6.679049454763512E-7
6.730989597790988E-7
6.783080737588425E-7
6.835322360351315E-7
6.887713953735323E-7
6.940255006852256E-7
6.992945010266001E-7
7.045783455988482E-7
7.098769837475621E-7
7.151903649623358E-7
7.205184388763589E-7
7.258611552660216E-7
7.312184640505152E-7
7.365903152914347E-7
7.419766591923842E-7
7.47377446098581E-7
7.52792626496462E-7
7.582221510132926E-7
7.636659704167738E-7
7.69124035614655E-7
7.745962976543421E-7
7.800827077225119E-7
7.855832171447237E-7
7.91097777385036E-7
7.966263400456201E-7
8.021688568663788E-7
8.077252797245621E-7
8.132955606343888E-7
8.188796517466656E-7
8.244775053484076E-7
8.300890738624617E-7
8.357143098471306E-7
8.413531659957954E-7
8.470055951365436E-7
8.526715502317957E-7
8.583509843779298E-7
8.640438508049164E-7
8.697501028759435E-7
8.754696940870499E-7
8.812025780667573E-7
8.869487085757027E-7
8.927080395062754E-7
8.984805248822482E-7
9.042661188584182E-7
9.100647757202419E-7
9.15876449883474E-7
9.217010958938082E-7
9.275386684265169E-7
9.333891222860935E-7
9.392524124058957E-7
9.451284938477865E-7
9.510173218017832E-7
9.569188515857015E-7
9.628330386448E-7
9.687598385514322E-7
9.746992070046946E-7
9.80651099830074E-7
9.866154729790996E-7
9.925922825289983E-7
9.985814846823433E-7
1.0045830357667082E-6
1.010596892234327E-6
1.0166230106617421E-6
1.0226613477494713E-6
1.0287118603216549E-6
1.0347745053257225E-6
1.0408492398320507E-6
1.046936021033621E-6
1.0530348062456893E-6
1.0591455529054359E-6
1.0652682185716417E-6
1.071402760924347E-6
1.0775491377645198E-6
1.0837073070137173E-6
1.0898772267137598E-6
1.0960588550263958E-6
1.1022521502329701E-6
1.1084570707340995E-6
1.1146735750493361E-6
1.1209016218168479E-6
1.127141169793085E-6
1.1333921778524581E-6
1.139654604987013E-6
1.1459284103061019E-6
1.1522135530360676E-6
1.1585099925199171E-6
1.1648176882169974E-6
1.1711365997026816E-6
1.1774666866680422E-6
1.183807908919539E-6
1.1901602263786963E-6
1.1965235990817904E-6
1.2028979871795273E-6
1.2092833509367326E-6
1.2156796507320376E-6
1.222086847057562E-6
1.2285049005186035E-6
1.2349337718333276E-6
1.241373421832453E-6
1.2478238114589443E-6
1.2542849017677013E-6
1.260756653925254E-6
1.2672390292094513E-6
1.2737319890091546E-6
1.2802354948239355E-6
1.2867495082637664E-6
1.2932739910487207E-6
1.2998089050086656E-6
1.306354212082962E-6
1.3129098743201632E-6
1.3194758538777125E-6
1.3260521130216427E-6
1.3326386141262808E-6
1.3392353196739453E-6
1.3458421922546497E-6
1.3524591945658097E-6
1.3590862894119396E-6
1.3657234397043626E-6
1.3723706084609162E-6
1.3790277588056575E-6
1.385694853968571E-6
1.3923718572852746E-6
1.3990587321967322E-6
1.4057554422489581E-6
1.4124619510927314E-6
1.4191782224833082E-6
1.4259042202801268E-6
1.4326399084465282E-6
1.4393852510494647E-6
1.446140212259217E-6
1.452904756349105E-6
1.4596788476952065E-6
1.4664624507760743E-6
1.4732555301724506E-6
1.4800580505669883E-6
1.4868699767439648E-6
1.4936912735890076E-6
1.5005219060888081E-6
1.5073618393308487E-6
1.5142110385031192E-6
1.5210694688938418E-6
1.5279370958911939E-6
1.5348138849830299E-6
1.5416998017566086E-6
1.5485948118983172E-6
1.5554988811933986E-6
1.562411975525673E-6
1.5693340608772704E-6
1.5762651033283572E-6
1.5832050690568643E-6
1.5901539243382177E-6
1.597111635545069E-6
1.6040781691470232E-6
1.6110534917103723E-6
1.618037569897829E-6
1.6250303704682573E-6
1.6320318602764073E-6
1.6390420062726476E-6
1.6460607755027046E-6
1.6530881351073925E-6
1.660124052322354E-6
1.6671684944777943E-6
1.6742214289982235E-6
1.6812828234021883E-6
1.6883526453020162E-6
1.6954308624035517E-6
1.7025174425059008E-6
1.7096123535011673E-6
1.7167155633741976E-6
1.7238270402023206E-6
1.730946752155092E-6
1.7380746674940398E-6
1.745210754572407E-6
1.7523549818348941E-6
1.7595073178174082E-6
1.7666677311468057E-6
1.7738361905406445E-6
1.7810126648069244E-6
1.7881971228438424E-6
1.7953895336395357E-6
1.802589866271832E-6
1.809798089908003E-6
1.8170141738045142E-6
1.8242380873067697E-6
1.8314697998488742E-6
1.8387092809533755E-6
1.8459565002310276E-6
1.8532114273805356E-6
1.8604740321883147E-6
1.8677442845282428E-6
1.8750221543614206E-6
1.8823076117359227E-6
1.8896006267865544E-6
1.8969011697346136E-6
1.904209210887646E-6
1.9115247206392013E-6
1.9188476694685974E-6
1.9261780279406757E-6
1.933515766705565E-6
1.940860856498441E-6
1.9482132681392858E-6
1.955572972532654E-6
1.962939940667434E-6
1.970314143616604E-6
1.9776955525370118E-6
1.9850841386691273E-6
1.9924798733368092E-6
1.9998827279470737E-6
2.0072926739898578E-6
2.014709683037786E-6
2.022133726745942E-6
2.0295647768516316E-6
2.037002805174157E-6
2.0444477836145818E-6
2.0518996841554957E-6
2.059358478860794E-6
2.066824139875448E-6
2.07429663942527E-6
2.08177594981669E-6
2.0892620434365257E-6
2.0967548927517555E-6
2.1042544703092976E-6
2.111760748735772E-6
2.1192737007372974E-6
2.1267932990992422E-6
2.1343195166860117E-6
2.1418523264408225E-6
2.1493917013854898E-6
2.156937614620182E-6
2.1644900393232246E-6
2.172048948750858E-6
2.1796143162370334E-6
2.1871861151931834E-6
2.1947643191079975E-6
2.2023489015472133E-6
2.2099398361533967E-6
2.217537096645717E-6
2.2251406568197383E-6
2.2327504905471916E-6
2.2403665717757697E-6
2.2479888745289035E-6
2.2556173729055506E-6
2.2632520410799785E-6
2.2708928533015513E-6
2.2785397838945132E-6
2.2861928072577844E-6
2.2938518978647364E-6
2.30151703026299E-6
2.309188179074193E-6
2.316865318993823E-6
2.324548424790958E-6
2.3322374713080942E-6
2.339932433460905E-6
2.347633286238054E-6
2.3553400047009807E-6
2.363052563983689E-6
2.370770939292542E-6
2.3784951059060573E-6
2.386225039174697E-6
2.393960714520669E-6
2.4017021074377097E-6
2.409449193490895E-6
2.4172019483164187E-6
2.424960347621402E-6
2.4327243671836867E-6
2.44049398285163E-6
2.448269170543905E-6
2.4560499062492973E-6
2.4638361660265046E-6
2.47162792600394E-6
2.4794251623795236E-6
2.487227851420492E-6
