1.7599105834343953E-5
1.7599105834827307E-5
1.7599105835309763E-5
1.7599105835791305E-5
1.7599105836271955E-5
1.75991058367517E-5
1.7599105837230546E-5
3.519821167636924E-5
0.10970994668357616
0.09337014928057785
0.07946394899783885
0.0676288962411177
0.05755651837011058
0.04898428322271732
0.04168875992745597
0.03547979736106116
4.186582324309445E-5
4.186582323830985E-5
4.1865823233523464E-5
4.186582322873528E-5
4.186582322394531E-5
4.186582321915355E-5
4.186582321435999E-5
8.373164640953145E-5
0.018833038746911553
0.03450194117450226
0.04748482123084289
0.05818844973456552
0.06695887875428082
0.07409048915128547
0.07983369483209467
0.08440149966772054
1.6121278247161795E-4
1.6121278254816512E-4
1.6121278262273234E-4
1.612127826952837E-4
1.6121278276578385E-4
1.6121278283419692E-4
1.612127829004874E-4
1.612127829646199E-4
