0.01299999999999999940
0.00000000000000000000
0.00000000000000000000
0.00000000000000000000
0.00000000000000000000
0.00000000000000000000
0.00000000000000000000
0.00000000000000000000
0.00000000000000000000
0.00000000000000000000
0.00000000000000000000
0.00000000000000000000
0.00100000000000000002
0.00000000000000000000
0.00000000000000000000
0.00100000000000000002
0.00400000000000000008
0.00200000000000000004
0.01100000000000000283
0.02200000000000000566
0.03299999999999999462
0.04400000000000001132
0.06199999999999998568
0.06799999999999999101
0.08400000000000001910
0.09300000000000001321
0.11099999999999998757
0.12299999999999997047
0.27900000000000002576
0.45099999999999995648
0.63900000000000001243
0.80999999999999983125
1.77600000000000002309
2.78699999999999992184
3.70300000000000029132
4.69700000000000006395
5.79299999999999926104
6.78900000000000058975
7.83299999999999840838
9.07899999999999884892
10.63499999999999978684
