1.6714805310499565E-6
3.339588306450912E-6
5.004324574832841E-6
6.665690598468986E-6
8.32368765321392E-6
9.97831702844148E-6
1.1629580026982641E-5
1.3277477965063268E-5
1.4922012172241836E-5
1.6563183991346925E-5
1.8200994778414765E-5
1.983544590262658E-5
2.146653874624594E-5
2.3094274704555862E-5
2.471865518579603E-5
2.6339681611099674E-5
2.7957355414430613E-5
2.957167804252002E-5
3.118265095480307E-5
3.279027562335565E-5
3.4394553532830937E-5
3.599548618039576E-5
3.759307507566694E-5
3.918732174064749E-5
4.0778227709662976E-5
4.236579452929736E-5
4.39500237583291E-5
4.553091696766687E-5
4.71084757402855E-5
4.868270167116158E-5
5.025359636720899E-5
5.182116144721455E-5
5.338539854177309E-5
5.494630929322316E-5
5.650389535558192E-5
5.8058158394480466E-5
5.9609100087098506E-5
6.115672212209982E-5
6.270102619956649E-5
6.424201403093383E-5
6.577968733892534E-5
6.73140478574868E-5
6.884509733172075E-5
7.03728375178212E-5
7.189727018300731E-5
7.341839710545817E-5
7.493622007424618E-5
7.645074088927151E-5
7.796196136119579E-5
7.946988331137571E-5
8.0974508571797E-5
8.24758389850076E-5
8.397387640405152E-5
8.546862269240196E-5
8.696007972389462E-5
8.844824938266101E-5
8.993313356306133E-5
9.141473416961752E-5
9.289305311694615E-5
9.436809232969127E-5
9.58398537424568E-5
9.730833929973971E-5
9.877355095586207E-5
1.0023549067490329E-4
1.0169416043063273E-4
1.0314956220644187E-4
1.046016979952763E-4
1.0605056979956777E-4
1.0749617963116601E-4
1.0893852951127063E-4
1.1037762147036263E-4
1.1181345754813638E-4
1.1324603979343064E-4
1.146753702641602E-4
1.1610145102724735E-4
1.1752428415855291E-4
1.1894387174280703E-4
1.2036021587354072E-4
1.2177331865301646E-4
1.2318318219215895E-4
1.245898086104861E-4
1.2599320003603922E-4
1.2739335860531377E-4
1.2879028646319E-4
1.301839857628626E-4
1.3157445866577124E-4
1.32961707341531E-4
1.3434573396786166E-4
1.3572654073051827E-4
1.371041298232206E-4
1.384785034475826E-4
1.3984966381304243E-4
1.4121761313679176E-4
1.4258235364370507E-4
1.439438875662693E-4
1.453022171445121E-4
1.466573446259321E-4
1.4800927226542732E-4
1.4935800232522336E-4
1.5070353707480344E-4
1.520458787908364E-4
1.5338502975710528E-4
1.5472099226443558E-4
1.5605376861062362E-4
1.5738336110036603E-4
1.5870977204518553E-4
1.600330037633613E-4
1.613530585798556E-4
1.6266993882624168E-4
1.6398364684063195E-4
1.652941849676055E-4
1.666015555581353E-4
1.679057609695157E-4
1.6920680356529049E-4
1.7050468571517855E-4
1.7179940979500296E-4
1.7309097818661597E-4
1.7437939327782722E-4
1.7566465746233028E-4
1.7694677313962907E-4
1.7822574271496433E-4
1.7950156859924062E-4
1.8077425320895193E-4
1.8204379896610872E-4
1.8331020829816385E-4
1.8457348363793807E-4
1.8583362742354638E-4
1.8709064209832446E-4
1.8834453011075318E-4
1.8959529391438543E-4
1.908429359677699E-4
1.920874587343787E-4
1.933288646825315E-4
1.9456715628532006E-4
1.9580233602053463E-4
1.970344063705883E-4
1.9826336982244197E-4
1.994892288675284E-4
2.007119860016786E-4
2.0193164372504446E-4
2.031482045420247E-4
2.043616709611879E-4
2.0557204549519756E-4
2.067793306607361E-4
2.0798352897842908E-4
2.0918464297276868E-4
2.1038267517203688E-4
2.115776281082311E-4
2.127695043169857E-4
2.139583063374969E-4
2.1514403671244505E-4
2.1632669798791869E-4
2.1750629271333845E-4
2.1868282344137673E-4
2.1985629272788522E-4
2.2102670313181428E-4
2.221940572151371E-4
2.2335835754277222E-4
2.2451960668250603E-4
2.2567780720491465E-4
2.2683296168328666E-4
2.2798507269354532E-4
2.2913414281417E-4
2.3028017462611958E-4
2.3142317071275282E-4
2.325631336597508E-4
2.33700066055038E-4
2.3483397048870475E-4
2.3596484955292803E-4
2.370927058418928E-4
2.382175419517132E-4
2.393393604803541E-4
2.4045816402755137E-4
2.4157395519473323E-4
2.4268673658494109E-4
2.4379651080275026E-4
2.449032804541922E-4
2.4600704814667417E-4
2.471078164889098E-4
2.482055880908528E-4
2.4930036556366884E-4
2.503921515197899E-4
2.5148094857320436E-4
2.5256675934036226E-4
2.536495864426712E-4
2.547294325130194E-4
2.558063002122656E-4
2.5688019226986466E-4
2.579511115816238E-4
2.5901906143951703E-4
2.600840460594239E-4
2.611460717641772E-4
2.6220514957064754E-4
2.632613007037434E-4
2.6431456803955374E-4
2.653650392029198E-4
2.6641289185558417E-4
2.6745847983018805E-4
2.6850249176905874E-4
2.695462335012945E-4
2.7059211265936995E-4
2.7164443820882684E-4
2.727106837449372E-4
2.7380338965484906E-4
2.74942873623058E-4
2.7616084836915494E-4
2.7750486916052126E-4
2.7904321482684634E-4
2.808693347552492E-4
2.831044196684338E-4
2.858961165188413E-4
2.8941115376365247E-4
2.938199928799763E-4
2.9927286949071343E-4
3.058688326415952E-4
3.136223470582191E-4
3.224349009182086E-4
3.3208065196352424E-4
3.4221419095259236E-4
3.524043132720733E-4
3.6219076712182366E-4
3.711532366408578E-4
3.789762658094942E-4
3.8549319466087785E-4
3.906975680635313E-4
3.947203914854921E-4
3.977822620118163E-4
4.001363962146299E-4
4.020191322076588E-4
4.036189265594666E-4
4.0506636156270945E-4
4.064403407661627E-4
4.07782266920902E-4
4.091108122533566E-4
4.104330942389641E-4
4.117513497195704E-4
4.1306613807892125E-4
4.143775661367636E-4
4.156856505486976E-4
4.1699039615190707E-4
4.182918070217313E-4
4.1958988723833884E-4
4.208846408866508E-4
4.221760720562627E-4
4.2346418484136863E-4
4.2474898334068294E-4
4.2603047165736343E-4
4.2730865389893353E-4
4.285835341772065E-4
4.298551166082066E-4
4.311234053120929E-4
4.32388404413081E-4
4.3365011803936745E-4
4.3490855032304995E-4
4.361637054000526E-4
4.3741558741004733E-4
4.386642004963766E-4
4.399095488059769E-4
4.411516364892998E-4
4.4239046770023637E-4
4.4362604659603896E-4
4.448583773372434E-4
4.4608746408759335E-4
4.4731331101396075E-4
4.485359222862704E-4
4.4975530207742046E-4
4.509714545632063E-4
4.521843839222439E-4
4.5339409433589026E-4
4.5460058998816796E-4
4.558038750656855E-4
4.57003953757562E-4
4.582008302553478E-4
4.5939450875294853E-4
4.605849934465469E-4
4.601008080034745E-4
4.596168099109331E-4
4.5913300212284094E-4
4.5864938758143797E-4
4.581659692172719E-4
4.576827499491831E-4
4.571997326842866E-4
4.567169203179587E-4
4.5623431573382057E-4
4.557519218037243E-4
4.552697413877351E-4
4.547877773341174E-4
4.5430603247932004E-4
4.538245096479608E-4
4.533432116528104E-4
4.5286214129477937E-4
4.5238130136290123E-4
4.519006946343194E-4
4.514203238742713E-4
4.509401918360733E-4
4.504603012611063E-4
4.49980654878803E-4
4.49501255406631E-4
4.4902210555007843E-4
4.485432080026401E-4
4.4806456544580457E-4
4.4758618054903745E-4
4.4710805596976944E-4
4.466301943533788E-4
4.4615259833318146E-4
4.4567527053041435E-4
4.4519821355422124E-4
4.447214300016407E-4
4.442449224575902E-4
4.437686934948522E-4
4.432927456740639E-4
4.428170815436992E-4
4.423417036400564E-4
4.4186661448724637E-4
4.413918165971771E-4
4.4091731246954024E-4
4.4044310459179887E-4
4.399691954391736E-4
4.394955874746276E-4
4.3902228314885735E-4
4.385492849002748E-4
4.380765951549983E-4
4.376042163268353E-4
4.3713215081727356E-4
4.3666040101546553E-4
4.3618896929821554E-4
4.3571785802996795E-4
4.352470695627945E-4
4.34776606236379E-4
4.343064703780085E-4
4.338366643025567E-4
4.3336719031247594E-4
4.328980506977786E-4
4.3242924773602984E-4
4.3196078369233326E-4
4.314926608193173E-4
4.3102488135712385E-4
4.3055744753339807E-4
4.300903615632722E-4
4.296236256493559E-4
4.2915724198172274E-4
4.286912127379001E-4
4.282255400828548E-4
4.2776022616898253E-4
4.2729527313609486E-4
4.268306831114084E-4
4.263664582095323E-4
4.259026005324562E-4
4.254391121695395E-4
4.249759951974978E-4
4.2451325168039355E-4
4.2405088366962286E-4
4.2358889320390393E-4
4.2312728230926616E-4
4.2266605299903835E-4
4.2220520727383724E-4
4.2174474712155624E-4
4.212846745173544E-4
4.20824991423644E-4
4.2036569979008066E-4
4.199068015535521E-4
4.194482986381651E-4
4.1899019295523675E-4
4.185324864032814E-4
4.18075180868002E-4
4.176182782222771E-4
4.171617803261505E-4
4.167056890268207E-4
4.162500061586299E-4
4.157947335430536E-4
4.1533987298868907E-4
4.148854262912449E-4
4.1443139523353144E-4
4.139777815854493E-4
4.1352458710397776E-4
4.130718135331661E-4
4.126194626041229E-4
4.1216753603500557E-4
4.117160355310085E-4
4.1126496278435446E-4
4.1081431947428417E-4
4.1036410726704586E-4
4.0991432781588413E-4
4.0946498276103196E-4
4.0901607372969824E-4
4.0856760233606057E-4
4.0811957018125234E-4
4.0767197885335457E-4
4.072248299273856E-4
4.067781249652919E-4
4.0633186551593714E-4
4.0588605311509343E-4
4.054406892854313E-4
4.049957755365106E-4
4.045513133647693E-4
4.0410730425351617E-4
4.0366374967291973E-4
4.032206510799991E-4
4.027780099186156E-4
4.0233582761946247E-4
4.0189410560005607E-4
4.0145284526472584E-4
4.010120480046054E-4
4.0057171519762525E-4
4.001318482085018E-4
3.9969244838872843E-4
3.9925351707656594E-4
3.988150555970362E-4
3.98377065261912E-4
3.979395473697055E-4
3.975025032056641E-4
3.970659340417592E-4
3.966298411366773E-4
3.961942257358116E-4
3.9575908907125615E-4
3.953244323617928E-4
3.948902568128862E-4
3.944565636166736E-4
3.9402335395195777E-4
3.935906289841982E-4
3.931583898655029E-4
3.927266377346198E-4
3.922953737169292E-4
3.9186459892443605E-4
3.9143431445576147E-4
3.9100452139613457E-4
3.905752208173851E-4
3.901464137779363E-4
3.897181013227944E-4
3.892902844835446E-4
3.888629642783411E-4
3.884361417119002E-4
3.8800981777549227E-4
3.8758399344693566E-4
3.8715866969058784E-4
3.867338474573383E-4
3.863095276846026E-4
3.8588571129631393E-4
3.85462399202915E-4
3.8503959230135407E-4
3.8461729147507543E-4
3.841954975940133E-4
3.8377421151458355E-4
3.833534340796802E-4
3.8293316611866463E-4
3.825134084473629E-4
3.820941618680556E-4
3.816754271694734E-4
3.8125720512678977E-4
3.8083949650161543E-4
3.804223020419908E-4
3.8000562248238095E-4
3.7958945854366967E-4
3.791738109331534E-4
3.7875868034453926E-4
3.7834406745795016E-4
3.7792997293994296E-4
3.7751639744358184E-4
3.7710334160864534E-4
3.7669080606219437E-4
3.7627879142009256E-4
3.758672982909741E-4
3.754563272863663E-4
3.7504587904599E-4
3.7463595429962045E-4
3.7422655401506453E-4
3.738176797441878E-4
3.73409334413389E-4
3.7300152408635003E-4
3.7259426179804767E-4
3.721875756806023E-4
3.717815257274887E-4
3.7137623742038606E-4
3.7097196722245225E-4
3.7056922624287335E-4
3.7016900620561794E-4
3.6977317817420895E-4
3.693851701680744E-4
3.690110726661467E-4
3.686613627211475E-4
3.6835345974865384E-4
3.68115297484564E-4
3.679899721920854E-4
3.6804125579181405E-4
3.683593058970932E-4
3.6906527064942867E-4
3.703127719922179E-4
3.722836802777831E-4
3.751755179700562E-4
3.7917866222483674E-4
3.8444356285901064E-4
3.910414172690427E-4
3.9892553589075983E-4
4.079037337680443E-4
4.176328446080352E-4
4.2764346506695967E-4
4.373959991793872E-4
4.463594762367077E-4
4.5409570914189035E-4
4.603270850333418E-4
4.6496940056752064E-4
4.681214809941863E-4
4.700171864112667E-4
4.70957067204465E-4
4.712414168660006E-4
4.711222939637554E-4
4.7078202484685785E-4
4.7033506830727016E-4
4.698436279001965E-4
4.693366936569997E-4
4.6882566444275247E-4
4.6831422826364237E-4
4.678033303951581E-4
4.6729315183817406E-4
4.6678371655562014E-4
4.6627502729018085E-4
4.6576708535485915E-4
4.6525989204778117E-4
4.6475344865220554E-4
4.642477564365373E-4
4.6374281665433775E-4
4.6323863054433705E-4
4.6273519933044596E-4
4.622325242217675E-4
4.617306064126062E-4
4.612294470824841E-4
4.607290473961475E-4
4.60229408503581E-4
4.597305315400191E-4
4.592324176259552E-4
4.587350678671544E-4
4.582384833546645E-4
4.5774266516482824E-4
4.5724761435929145E-4
4.5675333198501804E-4
4.5625981907429703E-4
4.557670766447559E-4
4.552751056993723E-4
4.547839072264811E-4
4.542934821997895E-4
4.538038315783861E-4
4.533149563067499E-4
4.5282685731476316E-4
4.5233953551772246E-4
4.5185299181634605E-4
4.513672270967891E-4
4.5088224223064884E-4
4.5039803807498004E-4
4.499146154723007E-4
4.494319752506063E-4
4.4895011822337845E-4
4.4846904518959437E-4
4.479887569337383E-4
4.47509254225811E-4
4.470305378213393E-4
4.4655260846138844E-4
4.4607546687256935E-4
4.4559911376704865E-4
4.451235498425623E-4
4.4464877578242107E-4
4.4417479225552267E-4
4.43701599916361E-4
4.432291994050363E-4
4.427575913472645E-4
4.422867763543871E-4
4.418167550233813E-4
4.413475279368678E-4
4.4087909566312405E-4
4.404114587560893E-4
4.3994461775537875E-4
4.3947857318629E-4
4.3901332555981265E-4
4.3854887537264067E-4
4.380852231071779E-4
4.3762236923155E-4
4.371603141996143E-4
4.366990584509668E-4
4.362386024109538E-4
4.35778946490681E-4
4.353200910870211E-4
4.3486203658262517E-4
4.344047833459307E-4
4.339483317311723E-4
4.334926820783888E-4
4.330378347134344E-4
4.325837899479873E-4
4.321305480795575E-4
4.3167810939149956E-4
4.3122647415301855E-4
4.3077564261917927E-4
4.3032561503091846E-4
4.298763916150507E-4
4.294279725842786E-4
4.289803581372028E-4
4.2853354845833044E-4
4.2808754371808386E-4
4.2764234407281017E-4
4.2719794966479004E-4
4.267543606222479E-4
4.2631157705935914E-4
4.258695990762611E-4
4.254284267590596E-4
4.249880601798417E-4
4.245484993966818E-4
4.2410974445365095E-4
4.236717953808269E-4
4.232346521943031E-4
4.227983148961975E-4
4.2236278347466017E-4
4.2192805790388494E-4
4.214941381441154E-4
4.210610241416587E-4
4.206287158288882E-4
4.2019721312425704E-4
4.197665159323063E-4
4.193366241436725E-4
4.1890753763509914E-4
4.184792562694431E-4
4.1805177989568553E-4
4.176251083489397E-4
4.171992414504605E-4
4.1677417900765393E-4
4.163499208140856E-4
4.159264666494897E-4
4.1550381627977864E-4
4.150819694570508E-4
4.1466092591960094E-4
4.142406853919287E-4
4.1382124758474896E-4
4.134026121949975E-4
4.129847789058437E-4
4.125677473866983E-4
4.1215151729322104E-4
4.117360882673333E-4
4.1132145993722326E-4
4.1090763191735824E-4
4.1049460380849183E-4
4.100823751976734E-4
4.096709456582583E-4
4.0926031474991536E-4
4.088504820186385E-4
4.0844144699675347E-4
4.080332092029281E-4
4.0762576814218257E-4
4.0721912330589653E-4
4.0681327417182E-4
4.0640822020408286E-4
4.060039608532032E-4
4.056004955560967E-4
4.051978237360861E-4
4.047959448029119E-4
4.043948581527406E-4
4.0399456316817206E-4
4.0359505921825457E-4
4.031963456584882E-4
4.027984218308387E-4
4.024012870637447E-4
4.020049406721281E-4
4.016093819574027E-4
4.012146102074855E-4
4.008206246968066E-4
4.004274246863154E-4
4.0003500942349435E-4
3.9964337814236685E-4
3.9925253006350693E-4
3.988624643940488E-4
3.984731803276988E-4
3.980846770447425E-4
3.9769695371205666E-4
3.9731000948311823E-4
3.969238434980145E-4
3.965384548834533E-4
3.961538427527733E-4
3.9577000620595306E-4
3.953869443296229E-4
3.950046561970737E-4
3.946231408682679E-4
3.942423973898493E-4
3.9386242479515443E-4
3.934832221042213E-4
3.9310478832380226E-4
3.9272712244737065E-4
3.923502234551361E-4
3.9197409031405177E-4
3.915987219778261E-4
3.912241173869336E-4
3.908502754686253E-4
3.9047719513694016E-4
3.901048752927152E-4
3.8973331482359706E-4
3.893625126040527E-4
3.889924674953808E-4
3.886231783457226E-4
3.8825464399007344E-4
3.878868632502931E-4
3.875198349351184E-4
3.8715355784017406E-4
3.867880307479836E-4
3.864232524279821E-4
3.860592216365273E-4
3.856959371169099E-4
3.8533339759936784E-4
3.849716018010967E-4
3.8461054842626216E-4
3.8425023616601084E-4
3.838906636984831E-4
3.8353182968882713E-4
3.83173732789208E-4
3.828163716388208E-4
3.824597448639053E-4
3.8210385107775543E-4
3.817486888807343E-4
3.813942568602859E-4
3.8104055359094703E-4
3.806875776343617E-4
3.8033532753929406E-4
3.7998380184163896E-4
3.796329990644385E-4
3.7928291771789364E-4
3.789335562993774E-4
3.7858491329344907E-4
3.7823698717186774E-4
3.7788977639360356E-4
3.775432794048566E-4
3.7719749463906583E-4
3.7685242051692527E-4
3.7650805544639846E-4
3.7616439782273185E-4
3.758214460284697E-4
3.75479198433468E-4
3.7513765339491147E-4
3.7479680925732846E-4
3.744566643526098E-4
3.741172170000454E-4
3.7377846550638047E-4
3.734404081659644E-4
3.7310304326113123E-4
3.7276636906320644E-4
3.724303838351559E-4
3.7209508583846716E-4
3.7176047335067225E-4
3.714265447090251E-4
3.7109329841698954E-4
3.7076073339788564E-4
3.704288495847375E-4
3.700976492582722E-4
3.697671400048888E-4
3.69437341083538E-4
3.6910829675413525E-4
3.6878010338023106E-4
3.684529628871213E-4
3.6812728487272783E-4
3.678038751246763E-4
3.674842712396836E-4
3.6717131717912683E-4
3.668701057159882E-4
3.665894527837153E-4
3.663440832352931E-4
3.6615767357295066E-4
3.660667720079039E-4
3.6612535412810566E-4
3.6640934415228224E-4
3.6701985783354037E-4
3.6808331516962787E-4
3.697461618904182E-4
3.7216206991010987E-4
3.7547052057316415E-4
3.797678130960793E-4
3.8507459205559103E-4
3.9130718286215475E-4
3.9826204756344085E-4
4.0562204492982214E-4
4.1298897212027033E-4
4.1993949996934927E-4
4.26093240892653E-4
4.3117570198376767E-4
4.350584742884991E-4
4.377653708335013E-4
4.394443781269989E-4
4.4031662333228423E-4
4.406200633291465E-4
4.405645948207696E-4
4.403079523696261E-4
4.3995233656892986E-4
4.3955482780939963E-4
4.391426812148641E-4
4.387268497310571E-4
4.3831094705265485E-4
4.3789591457181004E-4
4.374819333115049E-4
4.370690250767676E-4
4.3665718978602047E-4
4.36246425864013E-4
4.358367317248351E-4
4.354281057719272E-4
4.3502054639809424E-4
4.34614051985518E-4
4.342086209057676E-4
4.338042515198124E-4
4.334009421780361E-4
4.3299869122024324E-4
4.3259749697567454E-4
4.3219735776301794E-4
4.317982718904187E-4
4.3140023765549166E-4
4.310032533453304E-4
4.3060731723652053E-4
4.302124275951482E-4
4.298185826768122E-4
4.294257807266335E-4
4.290340199792671E-4
4.2864329865891E-4
4.282536149793128E-4
4.2786496714379026E-4
4.274773533452289E-4
4.270907717661E-4
4.267052205784659E-4
4.2632069794399226E-4
4.2593720201395546E-4
4.255547309292537E-4
4.251732828204155E-4
4.247928558076076E-4
4.244134480006473E-4
4.2403505749900785E-4
4.2365768239182905E-4
4.2328132075792604E-4
4.229059706657993E-4
4.225316301736435E-4
4.2215829732935754E-4
4.2178597017055526E-4
4.214146467245751E-4
4.2104432500849107E-4
4.2067500302912287E-4
4.203066787830485E-4
4.1993935025661416E-4
4.195730154259454E-4
4.192076722569606E-4
4.1884331870538035E-4
4.1847995271674054E-4
4.1811757222640436E-4
4.177561751595757E-4
4.1739575943130954E-4
4.170363229465256E-4
4.1667786360002164E-4
4.163203792764849E-4
4.1596386785050564E-4
4.156083271865926E-4
4.1525375513918174E-4
4.1490014955265303E-4
4.1454750826134184E-4
4.141958290895556E-4
4.1384510985158305E-4
4.1349534835171217E-4
4.1314654238424096E-4
4.1279868973349365E-4
4.124517881738332E-4
4.121058354696762E-4
4.117608293755065E-4
4.1141676763589024E-4
4.110736479854892E-4
4.1073146814907653E-4
4.1039022584154946E-4
4.1004991876794525E-4
4.097105446234551E-4
4.0937210109343914E-4
4.09034585853441E-4
4.0869799656920224E-4
4.0836233089667774E-4
4.0802758648204873E-4
4.076937609617409E-4
4.0736085196243615E-4
4.070288571010893E-4
4.06697773984942E-4
4.063676002115385E-4
4.0603833336874006E-4
4.057099710347406E-4
4.0538251077808235E-4
4.050559501576677E-4
4.0473028672277867E-4
4.0440551801308966E-4
4.040816415586823E-4
4.037586548800624E-4
4.034365554881734E-4
4.03115340884412E-4
4.0279500856064417E-4
4.024755559992195E-4
4.0215698067298697E-4
4.0183928004531005E-4
4.015224515700818E-4
4.012064926917404E-4
4.008914008452847E-4
4.0057717345628937E-4
4.0026380794091994E-4
3.9995130170594805E-4
3.99639652148767E-4
3.993288566574082E-4
3.9901891261055495E-4
3.9870981737755845E-4
3.9840156831845306E-4
3.980941627839731E-4
3.977875981155653E-4
3.974818716454077E-4
3.971769806964225E-4
3.968729225822937E-4
3.9656969460748003E-4
3.9626729406723276E-4
3.9596571824761017E-4
3.956649644254938E-4
3.953650298686027E-4
3.9506591183551036E-4
3.947676075756607E-4
3.9447011432938153E-4
3.941734293279021E-4
3.9387754979336925E-4
3.9358247293886105E-4
3.9328819596840404E-4
3.929947160769892E-4
3.927020304505866E-4
3.9241013626616203E-4
3.92119030691694E-4
3.9182871088618666E-4
3.915391739996897E-4
3.912504171733098E-4
3.9096243753923104E-4
3.9067523222072864E-4
3.903887983321854E-4
3.90103132979108E-4
3.8981823325814403E-4
3.8953409625709667E-4
3.892507190549428E-4
3.8896809872184765E-4
3.886862323191844E-4
3.8840511689954525E-4
3.881247495067631E-4
3.8784512717592766E-4
3.8756624693339815E-4
3.8728810579682547E-4
3.8701070077516546E-4
3.867340288686957E-4
3.8645808706903634E-4
3.8618287235916266E-4
3.859083817134245E-4
3.85634612097564E-4
3.853615604687313E-4
3.850892237755034E-4
3.8481759895790224E-4
3.845466829474099E-4
3.842764726669877E-4
3.840069650310962E-4
3.8373815694570974E-4
3.8347004530833506E-4
3.832026270080324E-4
3.8293589892543034E-4
3.8266985793274663E-4
3.824045008938044E-4
3.8213982466405285E-4
3.8187582609058575E-4
3.8161250201215947E-4
3.8134984925921277E-4
3.81087864653884E-4
3.808265450100343E-4
3.8056588713326444E-4
3.803058878209338E-4
3.8004654386218173E-4
3.7978785203794674E-4
3.7952980912098644E-4
3.7927241187589867E-4
3.7901565705914E-4
3.787595414190479E-4
3.785040616958611E-4
3.7824921462174024E-4
3.779949969207882E-4
3.7774140530907294E-4
3.774884364946469E-4
3.7723608717757113E-4
3.7698435404993316E-4
3.7673323379587364E-4
3.764827230916045E-4
3.762328186054339E-4
3.759835169977867E-4
3.757348149212286E-4
3.754867090204891E-4
3.752391959324834E-4
3.7499227228633724E-4
3.747459347034083E-4
3.745001797973129E-4
3.742550041739473E-4
3.7401040443151343E-4
3.7376637716054323E-4
3.735229189439223E-4
3.7328002635691527E-4
3.730376959671927E-4
3.727959243348528E-4
3.725547080124505E-4
3.723140435450216E-4
3.720739274701086E-4
3.718343563177882E-4
3.715953266106975E-4
3.713568348640594E-4
3.711188775857129E-4
3.708814512761363E-4
3.7064455242847937E-4
3.704081775285872E-4
3.701723230550315E-4
3.69936985479137E-4
3.6970216126501167E-4
3.694678468695746E-4
3.692340387425869E-4
3.69000733326682E-4
3.6876792705739996E-4
3.6853561636322974E-4
3.683037976656759E-4
3.6807246737939083E-4
3.6784162191248857E-4
3.6761125766735073E-4
3.673813710427212E-4
3.6715195843913055E-4
3.669230162726892E-4
3.66694541009446E-4
3.664665292490363E-4
3.6623897792350786E-4
3.6601188475834343E-4
3.65785249314413E-4
3.655590752813623E-4
3.653333753889685E-4
3.6510818162934687E-4
3.648835659089765E-4
3.646596804889905E-4
3.644368346046447E-4
3.6421563462454544E-4
3.639972309619848E-4
3.6378373561175614E-4
3.6357889711153033E-4
3.6338913779540035E-4
3.632250573941372E-4
3.6310346510460347E-4
3.6304989073673686E-4
3.6310131809968023E-4
3.633085733489071E-4
3.6373742503691565E-4
3.6446711863928095E-4
3.655849630028254E-4
3.671759440152442E-4
3.693073539682454E-4
3.7201009979001635E-4
3.752603637137506E-4
3.7896692685481545E-4
3.829697885739564E-4
3.870539448345606E-4
3.9097824197458257E-4
3.945140878608171E-4
3.974844392127983E-4
3.9979206514722463E-4
4.014288332141545E-4
4.02464008913769E-4
4.0301675705958035E-4
4.032229414495433E-4
4.0320678342652605E-4
4.0306414383145306E-4
4.028584807431743E-4
4.0262588919775643E-4
4.023838818909654E-4
4.021395972465659E-4
4.018954198732395E-4
4.0165197674207534E-4
4.014093878697931E-4
4.01167665813077E-4
4.009268081931516E-4
4.0068681160368306E-4
4.004476726333356E-4
4.0020938786575476E-4
3.9997195387954723E-4
3.997353672482653E-4
3.994996245403886E-4
3.9926472231930694E-4
3.990306571433041E-4
3.987974255655387E-4
3.9856502413402977E-4
3.9833344939163736E-4
3.9810269787604895E-4
3.978727661197593E-4
3.976436506500581E-4
3.9741534798901074E-4
3.9718785465344384E-4
3.969611671549288E-4
3.9673528199976604E-4
3.965101956889703E-4
3.962859047182547E-4
3.9606240557801527E-4
3.958396947533172E-4
3.956177687238789E-4
3.9539662396405795E-4
3.9517625694283654E-4
3.949566641238073E-4
3.94737841965159E-4
3.945197869196642E-4
3.9430249543466396E-4
3.940859639520548E-4
3.938701889082769E-4
3.936551667343001E-4
3.9344089385571145E-4
3.9322736669280194E-4
3.9301458166064935E-4
3.9280253516920066E-4
3.925912236233486E-4
3.9238064342301003E-4
3.9217079096320006E-4
3.9196166263410413E-4
3.917532548211477E-4
3.915455639050675E-4
3.9133858626197416E-4
3.9113231826341896E-4
3.909267562764552E-4
3.9072189666369925E-4
3.9051773578338767E-4
3.903142699894365E-4
3.9011149563149446E-4
3.899094090549965E-4
3.8970800660121665E-4
3.8950728460731616E-4
3.8930723940639237E-4
3.891078673275263E-4
3.889091646958256E-4
3.8871112783247087E-4
3.885137530547557E-4
3.8831703667612644E-4
3.8812097500622316E-4
3.879255643509174E-4
3.877308010123474E-4
3.8753668128895175E-4
3.8734320147550583E-4
3.87150357863153E-4
3.869581467394344E-4
3.8676656438832023E-4
3.865756070902386E-4
3.8638527112210073E-4
3.8619555275732996E-4
3.86006448265886E-4
3.8581795391428756E-4
3.856300659656385E-4
3.8544278067964577E-4
3.852560943126458E-4
3.850700031176185E-4
3.8488450334421076E-4
3.846995912387536E-4
3.84515263044279E-4
3.843315150005364E-4
3.8414834334400796E-4
3.839657443079248E-4
3.837837141222801E-4
3.836022490138409E-4
3.834213452061647E-4
3.8324099891960705E-4
3.8306120637133503E-4
3.828819637753365E-4
3.827032673424317E-4
3.825251132802811E-4
3.8234749779339353E-4
3.8217041708313597E-4
3.819938673477403E-4
3.818178447823108E-4
3.8164234557882864E-4
3.814673659261614E-4
3.812929020100664E-4
3.8111895001319567E-4
3.80945506115102E-4
3.8077256649224345E-4
3.806001273179854E-4
3.804281847626072E-4
3.802567349933033E-4
3.800857741741869E-4
3.799152984662937E-4
3.7974530402758264E-4
3.7957578701294006E-4
3.794067435741811E-4
3.7923816986005083E-4
3.7907006201622653E-4
3.7890241618532066E-4
3.7873522850687905E-4
3.785684951173856E-4
3.784022121502606E-4
3.782363757358632E-4
3.7807098200149324E-4
3.7790602707139006E-4
3.7774150706673535E-4
3.7757741810565186E-4
3.77413756303207E-4
3.7725051777141177E-4
3.7708769861922146E-4
3.769252949525384E-4
3.767633028742112E-4
3.7660171848403654E-4
3.7644053787876043E-4
3.76279757152079E-4
3.7611937239464096E-4
3.7595937969404816E-4
3.757997751348562E-4
3.756405547985797E-4
3.7548171476369077E-4
3.75323251105623E-4
3.751651598967736E-4
3.7500743720650614E-4
3.7485007910115247E-4
3.746930816440173E-4
3.745364408953815E-4
3.743801529125038E-4
3.7422421374962676E-4
3.740686194579813E-4
3.739133660857879E-4
3.7375844967826654E-4
3.736038662776365E-4
3.734496119231269E-4
3.7329568265097963E-4
3.7314207449445555E-4
3.729887834838423E-4
3.7283580564646097E-4
3.7268313700667424E-4
3.7253077358589276E-4
3.7237871140258336E-4
3.7222694647227926E-4
3.7207547480758895E-4
3.719242924182053E-4
3.7177339531091507E-4
3.716227794896098E-4
3.714724409552979E-4
3.7132237570611416E-4
3.711725797373338E-4
3.7102304904138397E-4
3.708737796078564E-4
3.7072476742352177E-4
3.7057600847234274E-4
3.7042749873548997E-4
3.7027923419135587E-4
3.701312108155717E-4
3.699834245810223E-4
3.698358714578642E-4
3.6968854741354257E-4
3.695414484128095E-4
3.693945704177416E-4
3.6924790938776123E-4
3.691014612796537E-4
3.689552220475902E-4
3.688091876431471E-4
3.6866335401532837E-4
3.6851771711058766E-4
3.683722728728508E-4
3.682270172435412E-4
3.680819461616018E-4
3.6793705556352165E-4
3.677923413833598E-4
3.676477995527727E-4
3.6750342600104096E-4
3.6735921665509723E-4
3.6721516743955284E-4
3.670712742767288E-4
3.6692753308668354E-4
3.6678393978724507E-4
3.6664049029403996E-4
3.664971805205261E-4
3.66354006378026E-4
3.6621096377575794E-4
3.6606804862087126E-4
3.659252568184794E-4
3.657825842716968E-4
3.65640026881675E-4
3.65497580547637E-4
3.653552411669163E-4
3.6521300463499527E-4
3.6507086684554435E-4
3.6492882369045914E-4
3.647868710599047E-4
3.646450048423537E-4
3.6450322092462795E-4
3.6436151519194315E-4
3.6421988352795093E-4
3.6407832181478407E-4
3.6393682593309826E-4
3.6379539176212153E-4
3.6365401517969825E-4
3.635126920623372E-4
3.633714182852591E-4
3.6323018972244465E-4
3.6308900224668383E-4
3.629478517296287E-4
3.628067340418424E-4
3.6266564505285566E-4
3.6252458063122585E-4
3.623835366446162E-4
3.6224250895991656E-4
3.6210149344348386E-4
3.6196048596168694E-4
3.618194823822468E-4
3.6167847857753604E-4
3.615374704326705E-4
3.61396453864944E-4
3.612554248694496E-4
3.611143796235006E-4
3.6097331471949905E-4
3.608322276705608E-4
3.6069111797893235E-4
3.605499893321031E-4
3.604088539917505E-4
3.6026774131724007E-4
3.601267138394917E-4
3.599858966686714E-4
3.59845529623442E-4
3.5970605660423546E-4
3.595682734220094E-4
3.594335628818454E-4
3.5930425243372986E-4
3.5918413104016556E-4
3.59079151155005E-4
3.589983092185216E-4
3.5895463343607327E-4
3.589661046709536E-4
3.590562018106924E-4
3.5925362730230767E-4
3.5959069303918574E-4
3.6009991889002745E-4
3.6080870257390076E-4
3.617324943346297E-4
3.628676711195987E-4
3.64186015699391E-4
3.6563300613728597E-4
3.6713166073031283E-4
3.6859233524771083E-4
3.699269141997868E-4
3.7106398449856544E-4
3.719607161479003E-4
3.726079099305693E-4
3.7302690907277316E-4
3.732599157381166E-4
3.7335741044106704E-4
3.733668625106148E-4
3.7332565178296016E-4
3.732589251725315E-4
3.731811820788905E-4
3.7309954089597466E-4
3.7301693310835544E-4
3.72934346066121E-4
3.7285204003385423E-4
3.72770063420505E-4
3.7268841931117024E-4
3.7260710443501446E-4
3.7252611507653525E-4
3.724454475137772E-4
3.723650980183246E-4
3.7228506285529413E-4
3.722053382833284E-4
3.7212592055459095E-4
3.7204680591476234E-4
3.7196799060303527E-4
3.7188947085211254E-4
3.718112428882062E-4
3.7173330293103335E-4
3.716556471938201E-4
3.715782718832988E-4
3.715011731997108E-4
3.7142434733680924E-4
3.7134779048186015E-4
3.7127149881565073E-4
3.711954685124894E-4
3.711196957402142E-4
3.710441766601994E-4
3.7096890742736155E-4
3.708938841901701E-4
3.7081910309065373E-4
3.7074456026441196E-4
3.7067025184062737E-4
3.7059617394207326E-4
3.7052232268513146E-4
3.704486941798015E-4
3.703752845297171E-4
3.703020898321601E-4
3.7022910617807834E-4
3.701563296799012E-4
3.700837564709472E-4
3.700113827048386E-4
3.699392045549255E-4
3.6986721821371746E-4
3.697954198923234E-4
3.6972380581989955E-4
3.6965237224310504E-4
3.695811154255673E-4
3.6951003164735285E-4
3.6943911720444813E-4
3.693683684082478E-4
3.69297781585049E-4
3.692273530755572E-4
3.6915707923439417E-4
3.6908695642961993E-4
3.690169810422564E-4
3.6894714946582194E-4
3.6887745810587456E-4
3.6880790337955727E-4
3.687384817151566E-4
3.6866918955166426E-4
3.686000233383498E-4
3.6853097953433504E-4
3.6846205460818154E-4
3.683932450374816E-4
3.6832454730845616E-4
3.682559579155619E-4
3.681874733611038E-4
3.6811909015485415E-4
3.6805080481367786E-4
3.6798261386116767E-4
3.6791451382728313E-4
3.678465012479952E-4
3.6777857266494186E-4
3.677107246250858E-4
3.6764295368038076E-4
3.6757525638744397E-4
3.675076293072352E-4
3.6744006900474123E-4
3.6737257204866704E-4
3.673051350111331E-4
3.6723775446738025E-4
3.671704269954787E-4
3.6710314917604356E-4
3.670359175919567E-4
3.6696872882809517E-4
3.669015794710641E-4
3.6683446610893635E-4
3.6676738533099925E-4
3.6670033372750393E-4
3.6663330788942245E-4
3.665663044082116E-4
3.6649931987557964E-4
3.6643235088326036E-4
3.663653940227924E-4
3.6629844588530446E-4
3.662315030613038E-4
3.6616456214047375E-4
3.660976197114728E-4
3.660306723617415E-4
3.6596371667731403E-4
3.658967492426335E-4
3.6582976664037496E-4
3.657627654512712E-4
3.656957422539451E-4
3.6562869362474575E-4
3.655616161375911E-4
3.6549450636381335E-4
3.6542736087201183E-4
3.6536017622790863E-4
3.6529294899421093E-4
3.652256757304729E-4
3.6515835299297163E-4
3.650909773345784E-4
3.6502354530464125E-4
3.649560534488664E-4
3.648884983092094E-4
3.6482087642376713E-4
3.647531843266766E-4
3.646854185480165E-4
3.646175756137138E-4
3.645496520454545E-4
3.6448164436059835E-4
3.6441354907209927E-4
3.6434536268842684E-4
3.6427708171349625E-4
3.642087026465978E-4
3.6414022198233355E-4
3.640716362105578E-4
3.640029418163194E-4
3.639341352798099E-4
3.63865213076316E-4
3.63796171676173E-4
3.6372700754472515E-4
3.636577171422896E-4
3.6358829692412106E-4
3.6351874334038237E-4
3.6344905283612025E-4
3.6337922185124234E-4
3.633092468204959E-4
3.6323912417345636E-4
3.631688503345129E-4
3.630984217228608E-4
3.6302783475249784E-4
3.6295708583222014E-4
3.6288617136562615E-4
3.628150877511215E-4
3.6274383138192685E-4
3.6267239864608953E-4
3.6260078592649877E-4
3.625289896009035E-4
3.6245700604193296E-4
3.6238483161712243E-4
3.6231246268893924E-4
3.6223989561481255E-4
3.621671267471683E-4
3.620941524334645E-4
3.620209690162294E-4
3.6194757283310533E-4
3.618739602168927E-4
3.61800127495597E-4
3.61726070992481E-4
3.6165178702611507E-4
3.6157727191043533E-4
3.615025219548022E-4
3.614275334640593E-4
3.6135230273860047E-4
3.612768260744331E-4
3.612010997632486E-4
3.611251200924938E-4
3.6104888334544414E-4
3.6097238580127974E-4
3.6089562373516467E-4
3.6081859341832853E-4
3.607412911181477E-4
3.606637130982336E-4
3.605858556185191E-4
3.6050771493534875E-4
3.604292873015717E-4
3.603505689666362E-4
3.602715561766859E-4
3.601922451746594E-4
3.601126322003907E-4
3.6003271349071246E-4
3.5995248527956054E-4
3.598719437980807E-4
3.597910852747412E-4
3.5970990593543723E-4
3.596284020036091E-4
3.595465697003558E-4
3.5946440524454895E-4
3.593819048529552E-4
3.5929906474035353E-4
3.5921588111965713E-4
3.5913235020204E-4
3.590484681970585E-4
3.58964231312781E-4
3.5887963575591654E-4
3.5879467773194273E-4
3.5870935344524055E-4
3.586236590992262E-4
3.585375908964863E-4
3.5845114503891493E-4
3.5836431772785153E-4
3.5827710516422E-4
3.581895035486686E-4
3.5810150908171487E-4
3.580131179638874E-4
3.579243263958704E-4
3.5783513057865285E-4
3.577455267136712E-4
3.5765551100296424E-4
3.5756507964931824E-4
3.5747422885642105E-4
3.573829548290135E-4
3.5729125377304444E-4
3.5719912189582383E-4
3.571065554061797E-4
3.57013550514616E-4
3.56920103433469E-4
3.568262103770675E-4
3.567318675618942E-4
3.566370712067443E-4
3.565418175328911E-4
3.56446102764248E-4
3.563499231275393E-4
3.5625327485247455E-4
3.561561541719501E-4
3.5605855732230725E-4
3.5596048054374954E-4
3.558619200811625E-4
3.557628721859437E-4
3.5566333312029343E-4
3.555632991673254E-4
3.554627666545323E-4
3.5536173200695744E-4
3.5526019186427136E-4
3.551581433307137E-4
3.5505558449149346E-4
3.5495251544373003E-4
3.548489402821086E-4
3.5474487078256605E-4
3.5464033297261273E-4
3.5453537837616873E-4
3.544301024388056E-4
3.5432467335918725E-4
3.5421937504655064E-4
3.5411466785211545E-4
3.5401126968324513E-4
3.539102577556366E-4
3.538131874248634E-4
3.5372221941439377E-4
3.5364024069707307E-4
3.53570957607148E-4
3.5351893239322327E-4
3.5348952601124673E-4
3.534887009336734E-4
3.5352263154570646E-4
3.5359707500751196E-4
3.537164860258061E-4
3.5388292788006594E-4
3.5409493977023456E-4
3.5434664148379383E-4
3.546274343616331E-4
3.549226219073723E-4
3.5521507765772783E-4
3.554877552184521E-4
3.5572647875281745E-4
3.5592224144597817E-4
3.560723149165576E-4
3.561798499195862E-4
3.5625218147301033E-4
3.562984933094186E-4
3.563276384529748E-4
3.5634670900402504E-4
3.5636053996309356E-4
3.563719493934563E-4
3.5638233274148425E-4
3.563922677296024E-4
3.5640194822638354E-4
3.564114231901544E-4
3.5642069900016735E-4
3.564297728523912E-4
3.564386406395923E-4
3.564472981556947E-4
3.5645574118579166E-4
3.5646396550629336E-4
3.5647196688507176E-4
3.5647974108160915E-4
3.5648728384714734E-4
3.5649459092483766E-4
3.565016580498887E-4
3.565084809497196E-4
3.56515055344111E-4
3.56521376945356E-4
3.5652744145841505E-4
3.565332445810706E-4
3.565387820040783E-4
3.565440494113255E-4
3.565490424799858E-4
3.565537568806759E-4
3.565581882776133E-4
3.5656233232877257E-4
3.5656618468604586E-4
3.565697409953997E-4
3.5657299689703876E-4
3.565759480255609E-4
3.5657859001012303E-4
3.5658091847459803E-4
3.565829290377414E-4
3.565846173133498E-4
3.5658597891042714E-4
3.5658700943334593E-4
3.5658770448201364E-4
3.5658806732530464E-4
3.565881010874478E-4
3.565878087496726E-4
3.565871931518492E-4
3.5658625699412037E-4
3.5658500283851824E-4
3.565834331105764E-4
3.565815501009312E-4
3.5657935596690996E-4
3.5657685273411384E-4
3.5657404229798913E-4
3.5657092642538916E-4
3.565675067561266E-4
3.565637848045174E-4
3.565597619609123E-4
3.5655543949322305E-4
3.5655081854843554E-4
3.565459001541155E-4
3.565406852199058E-4
3.5653517453901085E-4
3.565293687896751E-4
3.5652326853665214E-4
3.5651687423266236E-4
3.5651018621984373E-4
3.5650320473119195E-4
3.56495929891991E-4
3.5648836172123935E-4
3.56480500133059E-4
3.5647234493810384E-4
3.5646389584495205E-4
3.5645515246149535E-4
3.5644611429631564E-4
3.5643678076005374E-4
3.5642715116676995E-4
3.5641722473529535E-4
3.5640700059057337E-4
3.563964777649962E-4
3.5638565519972707E-4
3.5637453174601795E-4
3.563631061665171E-4
3.5635137713656945E-4
3.563393432455059E-4
3.563270029979257E-4
3.5631435481497085E-4
3.563013970355901E-4
3.562881279177976E-4
3.5627454563991906E-4
3.562606483018336E-4
3.5624643392620373E-4
3.5623190045970006E-4
3.562170457742161E-4
3.562018676680748E-4
3.561863638672265E-4
3.561705320264415E-4
3.5615436973049006E-4
3.56137874495318E-4
3.5612104376921144E-4
3.5610387493395626E-4
3.560863653059883E-4
3.5606851213753347E-4
3.5605031261774377E-4
3.560317638738221E-4
3.560128629721421E-4
3.559936069193566E-4
3.5597399266350217E-4
3.559540170950917E-4
3.559336770482029E-4
3.559129693015573E-4
3.558918905795916E-4
3.558704375535209E-4
3.558486068423969E-4
3.5582639501415334E-4
3.5580379858664963E-4
3.5578081402870326E-4
3.5575743776111615E-4
3.557336661576915E-4
3.557094955462473E-4
3.5568492220961666E-4
3.5565994238664754E-4
3.556345522731879E-4
3.556087480230691E-4
3.5558252574907965E-4
3.555558815239318E-4
3.5552881138122065E-4
3.555013113163765E-4
3.554733772876101E-4
3.554450052168515E-4
3.554161909906781E-4
3.5538693046124144E-4
3.5535721944718063E-4
3.5532705373453473E-4
3.552964290776431E-4
3.55265341200042E-4
3.5523378579535206E-4
3.552017585281613E-4
3.5516925503489746E-4
3.551362709246983E-4
3.5510280178027037E-4
3.5506884315874594E-4
3.5503439059252653E-4
3.5499943959012504E-4
3.5496398563700026E-4
3.549280241963844E-4
3.5489155071010114E-4
3.5485456059938147E-4
3.548170492656688E-4
3.5477901209142134E-4
3.54740444440906E-4
3.5470134166098403E-4
3.5466169908189316E-4
3.546215120180214E-4
3.545807757686763E-4
3.5453948561884425E-4
3.544976368399481E-4
3.54455224690593E-4
3.5441224441731134E-4
3.543686912552973E-4
3.543245604291373E-4
3.542798471535332E-4
3.542345466340194E-4
3.54188654067674E-4
3.541421646438239E-4
3.540950735447427E-4
3.5404737594634526E-4
3.539990670188723E-4
3.539501419275697E-4
3.539005958333663E-4
3.538504238935389E-4
3.53799621262377E-4
3.5374818309183675E-4
3.536961045321945E-4
3.5364338073268843E-4
3.535900068421587E-4
3.535359780096792E-4
3.534812893851845E-4
3.53425936120093E-4
3.533699133679186E-4
3.533132162848835E-4
3.5325584003052053E-4
3.5319777976827103E-4
3.531390306660788E-4
3.530795878969738E-4
3.5301944663965743E-4
3.5295860207907405E-4
3.5289704940698357E-4
3.528347838225253E-4
3.527718005327756E-4
3.5270809475330327E-4
3.526436617087162E-4
3.5257849663320216E-4
3.5251259477107004E-4
3.5244595137727834E-4
3.523785617179613E-4
3.523104210709513E-4
3.522415247262937E-4
3.521718679867571E-4
3.521014461683381E-4
3.520302546007614E-4
3.519582886279744E-4
3.5188554360863643E-4
3.518120149166025E-4
3.517376979414029E-4
3.5166258808871654E-4
3.5158668078083994E-4
3.51509971457151E-4
3.5143245557456743E-4
3.513541286079999E-4
3.5127498605080215E-4
3.51195023415213E-4
3.5111423623279507E-4
3.5103262005487066E-4
3.509501704529475E-4
3.508668830191444E-4
3.507827533666102E-4
3.506977771299373E-4
3.50611949965573E-4
3.50525267552221E-4
3.504377255912442E-4
3.503493198070577E-4
3.5026004594752104E-4
3.50169899784322E-4
3.500788771133591E-4
3.4998697375511766E-4
3.498941855550402E-4
3.4980050838389704E-4
3.4970593813814607E-4
3.4961047074029455E-4
3.495141021392584E-4
3.4941682831072726E-4
3.49318645257557E-4
3.4921954901023816E-4
3.491195356275828E-4
3.490186011979609E-4
3.4891674184193446E-4
3.4881395371828475E-4
3.487102330380308E-4
3.4860557609670185E-4
3.4849997934696144E-4
3.4839343955738713E-4
3.482859541487875E-4
3.4817752188260774E-4
3.4806814421990977E-4
3.4795782790299716E-4
3.4784658966304795E-4
3.477344644359852E-4
3.4762151903512976E-4
3.475078737464051E-4
3.473937344960419E-4
3.4727943763478863E-4
3.4716550740522225E-4
3.470527222893917E-4
3.469421805683261E-4
3.4683534835059385E-4
3.467340671229704E-4
3.4664049588692256E-4
3.465569689481852E-4
3.464857668586855E-4
3.464288236819829E-4
3.4638742223924533E-4
3.4636194923673864E-4
3.463517822978927E-4
3.4635535444435956E-4
3.4637039305512174E-4
3.46394276373007E-4
3.4642441374838854E-4
3.4645855316777435E-4
3.464949527945423E-4
3.465324062385E-4
3.465701590704524E-4
3.4660777693550185E-4
3.466450192933836E-4
3.466817484225272E-4
3.467178777081101E-4
3.46753348086431E-4
3.4678811870754564E-4
3.468221623164993E-4
3.468554614178634E-4
3.4688800469116873E-4
3.469197841472119E-4
3.469507933034753E-4
3.469810262409806E-4
3.4701047721597445E-4
3.4703914053638656E-4
3.4706701053328616E-4
3.470940815567782E-4
3.4712034797594984E-4
3.4714580417914345E-4
3.4717044457422406E-4
3.471942635888471E-4
3.472172556707236E-4
3.472394152878795E-4
3.4726073692891904E-4
3.472812151032788E-4
3.47300844341484E-4
3.473196191954019E-4
3.4733753423849114E-4
3.473545840660495E-4
3.4737076329546064E-4
3.473860665664364E-4
3.4740048854125957E-4
3.4741402390502075E-4
3.474266673658554E-4
3.4743841365517944E-4
3.474492575279201E-4
3.47459193762746E-4
3.4746821716229414E-4
3.474763225533965E-4
3.474835047873015E-4
3.474897587398964E-4
3.4749507931192445E-4
3.474994614292028E-4
3.475029000428357E-4
3.475053901294265E-4
3.475069266912882E-4
3.475075047566499E-4
3.475092372845822E-4
3.475120883341777E-4
3.475160222638904E-4
3.475210037301093E-4
3.475269976857369E-4
3.475339693787745E-4
3.4754188435090944E-4
3.4755070843610824E-4
3.4756040775921155E-4
3.475709487345365E-4
3.4758229806447965E-4
3.475944227381282E-4
3.4760729002986996E-4
3.4762086749801665E-4
3.476351229834194E-4
3.476500246080978E-4
3.4766554077387006E-4
3.476816401609856E-4
3.4769829172676516E-4
3.4771546470424325E-4
3.477331286008123E-4
3.4775125319687675E-4
3.477698085445066E-4
3.4778876496609586E-4
3.478080930530257E-4
3.478277636643339E-4
3.478477479253829E-4
3.4786801722653805E-4
3.4788854322184584E-4
3.47909297827718E-4
3.479302532216184E-4
3.479513818407565E-4
3.479726563807803E-4
3.4799404979447975E-4
3.4801553529048747E-4
3.480370863319889E-4
3.4805867663543263E-4
3.480802801692481E-4
3.4810187115256325E-4
3.4812342405393215E-4
3.4814491359005874E-4
3.4816631472453106E-4
3.4818760266655725E-4
3.4820875286970497E-4
3.4822974103064497E-4
3.4825054308790075E-4
3.482711352205973E-4
3.482914938472194E-4
3.4831159562437E-4
3.483314174455347E-4
3.4835093643984774E-4
3.483701299708659E-4
3.483889756353419E-4
3.4840745126200326E-4
3.4842553491033713E-4
3.4844320486937676E-4
3.484604396564913E-4
3.4847721801618164E-4
3.484935189188796E-4
3.485093215597485E-4
3.4852460535749055E-4
3.4853934995315833E-4
3.4855353520896475E-4
3.485671412071074E-4
3.4858014824858336E-4
3.4859253685201954E-4
3.486042877524997E-4
3.4861538190039665E-4
3.4862580046021203E-4
3.486355248094149E-4
3.48644536537286E-4
3.486528174437669E-4
3.486603495383117E-4
3.48667115038742E-4
3.4867309637010756E-4
3.486782761635488E-4
3.486826372551631E-4
3.486861626848762E-4
3.486888356953168E-4
3.4869063973069395E-4
3.4869155843567985E-4
3.486915756542933E-4
3.4869067542879164E-4
3.4868884199856077E-4
3.4868605979901493E-4
3.486823134604922E-4
3.4867758780716366E-4
3.486718678559371E-4
3.486651388153697E-4
3.4865738608458286E-4
3.486485952521798E-4
3.486387520951681E-4
3.4862784257788676E-4
3.4861585285093195E-4
3.4860276925009406E-4
3.4858857829529104E-4
3.485732666895094E-4
3.485568213177492E-4
3.4853922924596924E-4
3.4852047772003964E-4
3.485005541646944E-4
3.4847944618249146E-4
3.484571415527717E-4
3.4843362823062555E-4
3.484088943458623E-4
3.4838292820198034E-4
3.483557182751441E-4
3.48327253213161E-4
3.482975218344674E-4
3.482665131271125E-4
3.4823421624774784E-4
3.482006205206214E-4
3.48165715436574E-4
3.481294906520397E-4
3.480919359880464E-4
3.480530414292272E-4
3.4801279712282795E-4
3.479711933777224E-4
3.479282206634282E-4
3.478838696091293E-4
3.4783813100269784E-4
3.4779099578972515E-4
3.4774245507254915E-4
3.4769250010929076E-4
3.476411223128909E-4
3.4758831325015305E-4
3.475340646407846E-4
3.4747836835644894E-4
3.47421216419814E-4
3.473626010036071E-4
3.4730251442967384E-4
3.4724094916803954E-4
3.471778978359729E-4
3.4711335319705463E-4
3.470473081602492E-4
3.4697975577897887E-4
3.4691068925020224E-4
3.468401019134946E-4
3.4676798725013326E-4
3.466943388821867E-4
3.4661915057160325E-4
3.4654241621930677E-4
3.464641298642954E-4
3.463842856827403E-4
3.463028779870911E-4
3.462199012251853E-4
3.461353499793556E-4
3.460492189655453E-4
3.459615030324277E-4
3.4587219716052234E-4
3.4578129646132275E-4
3.4568879617642126E-4
3.455946916766378E-4
3.454989784611576E-4
3.454016521566632E-4
3.453027085164763E-4
3.452021434197E-4
3.4509995287036505E-4
3.449961329965794E-4
3.448906800496801E-4
3.4478359040338865E-4
3.4467486055297057E-4
3.4456448711439597E-4
3.444524668235052E-4
3.4433879653517736E-4
3.4422347322250036E-4
3.441064939759459E-4
3.439878560025467E-4
3.438675566250779E-4
3.437455932812385E-4
3.436219635228404E-4
3.434966650149974E-4
3.4336969553531614E-4
3.4324105297309535E-4
3.431107353285228E-4
3.429787407118759E-4
3.4284506734273245E-4
3.427097135491701E-4
3.425726777669852E-4
3.42433958538904E-4
3.4229355451379824E-4
3.421514644459077E-4
3.420076871940633E-4
3.4186222172091166E-4
3.417150670921464E-4
3.415662224757389E-4
3.414156871411754E-4
3.412634604586978E-4
3.4110954189854956E-4
3.4095393103024223E-4
3.407966275218577E-4
3.4063763113945176E-4
3.4047694174671716E-4
3.4031455930531466E-4
3.4015048387684885E-4
3.399847156288491E-4
3.3981725485014816E-4
3.396481019877009E-4
3.3947725773070416E-4
3.393047231955978E-4
3.391305003186252E-4
3.389545926594338E-4
3.387770069863425E-4
3.3859775628450914E-4
3.3841686523403353E-4
3.3823437975603047E-4
3.3805038287234467E-4
3.378650197080676E-4
3.3767853465449516E-4
3.3749132297450856E-4
3.373039968049756E-4
3.371174610024447E-4
3.369329874907776E-4
3.3675226864146124E-4
3.365774231767756E-4
3.3641092600121894E-4
3.362554405674964E-4
3.361135516009416E-4
3.3598742575547725E-4
3.358784605381009E-4
3.3578700483363457E-4
3.357122339722598E-4
3.3565223122840337E-4
3.3560427138851456E-4
3.355652398000809E-4
3.355320779881414E-4
3.3550214405190344E-4
3.354734142830929E-4
3.354445133763208E-4
3.3541461570828457E-4
3.3538328697503735E-4
3.353503291845135E-4
3.353156650011308E-4
3.3527926851702737E-4
3.352411317266522E-4
3.3520125155804504E-4
3.3515962599001896E-4
3.351162532034207E-4
3.350711314599962E-4
3.350242590935777E-4
3.3497563450969603E-4
3.3492525618519E-4
3.348731226678197E-4
3.3481923257587976E-4
3.34763584597813E-4
3.347061774918253E-4
3.346470100855026E-4
3.3458608127542633E-4
3.345233900267944E-4
3.3445893537303775E-4
3.34392716415441E-4
3.3432473232276443E-4
3.34254982330866E-4
3.34183465742323E-4
3.3411018192605775E-4
3.340351303169623E-4
3.339583104155242E-4
3.3387972178745417E-4
3.3379936406331223E-4
3.3371723693813933E-4
3.336333401710865E-4
3.335476735850445E-4
3.334602370662778E-4
3.3337103056405606E-4
3.332800540902888E-4
3.331873077191601E-4
3.3309279158676424E-4
3.329965058907436E-4
3.3289845088992407E-4
3.3279862690395836E-4
3.3269703431296107E-4
3.3259367355715163E-4
3.3248854513649576E-4
3.323816496103492E-4
3.3227298759709947E-4
3.3274712383026656E-4
3.332130742111168E-4
3.3367088468470185E-4
3.3412060102990714E-4
3.3456226885985387E-4
3.349959336223029E-4
3.3542164060005713E-4
3.358394349113663E-4
3.362493615103259E-4
3.366514651872788E-4
3.3704579056921595E-4
3.374323821201774E-4
3.37811284141649E-4
3.381825407729633E-4
3.385461959916959E-4
3.389022936140638E-4
3.3925087729532263E-4
3.395919905301617E-4
3.399256766530996E-4
3.4025197883887976E-4
3.405709401028658E-4
3.408826033014331E-4
3.4118701113236257E-4
3.4148420613523494E-4
3.41774230691821E-4
3.4205712702647283E-4
3.423329372065163E-4
3.426017031426388E-4
3.428634665892805E-4
3.431182691450233E-4
3.433661522529782E-4
3.43607157201174E-4
3.43841325122944E-4
3.4406869699731186E-4
3.4428931364937834E-4
3.4450321575070725E-4
3.4471044381970974E-4
3.449110382220273E-4
3.4510503917091717E-4
3.452924867276342E-4
3.454734208018132E-4
3.4564788115185166E-4
3.458159073852886E-4
3.459775389591887E-4
3.461328151805201E-4
3.462817752065331E-4
3.464244580451411E-4
3.465609025552964E-4
3.466911474473709E-4
3.4681523128352976E-4
3.469331924781102E-4
3.4704506929799734E-4
3.4715089986299646E-4
3.472507221462124E-4
3.473445739744202E-4
3.4743249302843926E-4
3.475145168435075E-4
3.475906828096518E-4
3.476610281720606E-4
3.477255900314559E-4
3.4778440534446255E-4
3.478375109239796E-4
3.478849434395475E-4
3.479267394177184E-4
3.4796293524242425E-4
3.479935671553457E-4
3.4801867125627627E-4
3.4803828350349E-4
3.4805243971410926E-4
3.480611755644668E-4
3.480645265904735E-4
3.4806252818798033E-4
3.480552156131419E-4
3.4804262398278185E-4
3.480247882747532E-4
3.480017433282995E-4
3.479735238444182E-4
3.479401643862196E-4
3.479016993792875E-4
3.478581631120393E-4
3.478095897360834E-4
3.477560132665793E-4
3.476974675825945E-4
3.476339864274608E-4
3.4756560340913357E-4
3.474923520005436E-4
3.474142655399573E-4
3.4733137723132803E-4
3.472437201446513E-4
3.4715132721631993E-4
3.47054231249475E-4
3.4695246491436117E-4
3.468460607486752E-4
3.467350511579208E-4
3.466194684157569E-4
3.4649934466434953E-4
3.463747119147206E-4
3.4624560204709817E-4
3.461120468112638E-4
3.459740778269007E-4
3.4583172658394313E-4
3.456850244429199E-4
3.4553400263530434E-4
3.453786922638565E-4
3.4521912430297114E-4
3.450553295990212E-4
3.44887338870701E-4
3.447151827093721E-4
3.4453889157940305E-4
3.443584958185146E-4
3.441740256381198E-4
3.4398551112366563E-4
3.4379298223497407E-4
3.4359646880658144E-4
3.4339600054807866E-4
3.4319160704444977E-4
3.4298331775641026E-4
3.4277116202074503E-4
3.42555169050646E-4
3.423353679360484E-4
3.421117876439668E-4
3.418844570188313E-4
3.416534047828222E-4
3.41418659536205E-4
3.411802497576627E-4
3.40938203804631E-4
3.40692549913631E-4
3.40443316200599E-4
3.4019053066122203E-4
3.399342211712658E-4
3.3967441548690734E-4
3.394111412450627E-4
3.3914442596371975E-4
3.388742970422636E-4
3.386007817618072E-4
3.3832390728551887E-4
3.3804370065894926E-4
3.3776018881035607E-4
3.374733985510347E-4
3.3718335657563915E-4
3.368900894625107E-4
3.365936236739998E-4
3.362939855567921E-4
3.359912013422297E-4
3.356852971466352E-4
3.3537629897163404E-4
3.3506423270447753E-4
3.3474912411836035E-4
3.3443099887274405E-4
3.3410988251367707E-4
3.33785800474114E-4
3.334587780742329E-4
3.3312884052175644E-4
3.327960129122683E-4
3.324603202295304E-4
3.3212178734580086E-4
3.31780439022149E-4
3.314362999087715E-4
3.310893945453073E-4
3.3073974736115347E-4
3.30387382675778E-4
3.3003232469903417E-4
3.296745975314728E-4
3.2931422516465573E-4
3.2895123148146617E-4
3.285856402564214E-4
3.2821747515598455E-4
3.2784675973887236E-4
3.274735174563658E-4
3.2709777165262167E-4
3.2671954556497796E-4
3.263388623242641E-4
3.2595574495510705E-4
3.2557021637624067E-4
3.2518229940080924E-4
3.2479201673667657E-4
3.243993909867294E-4
3.240044446491826E-4
3.2360720011788397E-4
3.232076796826193E-4
3.2280590552941345E-4
3.224018997408335E-4
3.21995684296293E-4
3.2158728107235167E-4
3.211767118430175E-4
3.207639982800481E-4
3.203491619532494E-4
3.1993222433077676E-4
3.1951320677943716E-4
3.190921305649932E-4
3.1866901685247845E-4
3.1824388670654685E-4
3.178167610919086E-4
3.173876608739953E-4
3.16956606820223E-4
3.165236196027316E-4
3.160887198047052E-4
3.1565192793510605E-4
3.1521326446255223E-4
3.147727498913778E-4
3.143304049275013E-4
3.1388625082872783E-4
3.1344031011962286E-4
3.1299260799829684E-4
3.1254317500007474E-4
3.120920518379916E-4
3.116392978195995E-4
3.111850047987591E-4
3.1072931911600206E-4
3.102724741194078E-4
3.098148351764271E-4
3.0935695700731275E-4
3.088996491926314E-4
3.084440397711312E-4
3.0799161980492334E-4
3.075442457968507E-4
3.071040752823553E-4
3.0667341751933484E-4
3.062544982401827E-4
3.058491634631443E-4
3.054585756913974E-4
3.050829752731091E-4
3.047215785185431E-4
3.043726563280654E-4
3.040337877052607E-4
3.037022285972433E-4
3.0337530050612003E-4
3.030507019220124E-4
3.0272667977880206E-4
3.0240205144412653E-4
3.020761153686886E-4
3.0174851116953824E-4
3.014190838210232E-4
3.010877828217752E-4
3.0075460205374434E-4
3.00419550742046E-4
3.0008264224951184E-4
2.9974389072958595E-4
2.9940331039653265E-4
2.990609154218498E-4
2.987167199271477E-4
2.983707379842503E-4
2.9802298361529344E-4
2.976734707928218E-4
2.97322213439887E-4
2.9696922543014656E-4
2.966145205879611E-4
2.962581126884921E-4
2.959000154578006E-4
2.9554024257294253E-4
2.951788076620704E-4
2.9481572430452546E-4
2.944510060309386E-4
2.940846663233278E-4
2.937167186151931E-4
2.933471762916157E-4
2.929760526893538E-4
2.926033610969405E-4
2.9222911475477884E-4
2.9185332685524134E-4
2.9147601054276456E-4
2.910971789139461E-4
2.907168450176404E-4
2.903350218550579E-4
2.8995172237985774E-4
2.8956695949824686E-4
2.891807460690742E-4
2.887930949039273E-4
2.884040187672296E-4
2.8801353037633405E-4
2.876216424016205E-4
2.872283674665911E-4
2.868337181479648E-4
2.864377069757752E-4
2.860403464334639E-4
4.4698741138982605E-4
4.45406095558068E-4
4.4382969438978956E-4
4.422581955111947E-4
4.406915865717375E-4
4.39129855244092E-4
4.375729892241234E-4
4.3602097623086027E-4
4.344738040064657E-4
4.3293146031620795E-4
4.3139393294843153E-4
4.2986120971452864E-4
4.2833327844891197E-4
4.2681012700898315E-4
4.252917432751075E-4
4.2377811515058225E-4
4.2226923056161035E-4
4.2076507745727044E-4
4.192656438094888E-4
4.1777091761301095E-4
4.1628088688537253E-4
4.1479553966687144E-4
4.1331486402053884E-4
4.1183884803211093E-4
4.103674798100003E-4
4.0890074748526777E-4
4.074386392115936E-4
4.059811431652496E-4
4.045282475450702E-4
4.030799405724241E-4
4.016362104911858E-4
4.001970455677083E-4
3.987624340907934E-4
3.973323643716647E-4
3.959068247439372E-4
3.9448580356359243E-4
3.9306928920894565E-4
3.91657270080622E-4
3.902497346015264E-4
3.8884667121681426E-4
3.8744806839386564E-4
3.860539146222552E-4
3.8466419841372463E-4
3.8327890830215476E-4
3.818980328435372E-4
3.805215606159467E-4
3.7914948021951174E-4
3.777817802763881E-4
3.764184494307298E-4
3.7505947634866214E-4
3.7370484971825234E-4
3.7235455824948205E-4
3.7100859067421964E-4
3.6966693574619184E-4
3.683295822409565E-4
3.66996518955874E-4
3.656677347100794E-4
3.643432183444553E-4
3.6302295872160266E-4
3.617069447258137E-4
3.6039516526304517E-4
3.590876092608876E-4
3.577842656685404E-4
3.564851234567835E-4
3.5519017161794774E-4
3.5389939916588944E-4
3.5261279513596155E-4
3.5133034858498505E-4
3.50052048591224E-4
3.4877788425435473E-4
3.4750784469544086E-4
3.4624191905690275E-4
3.449800965024931E-4
3.4372236621726704E-4
3.424687174075554E-4
3.4121913930093675E-4
3.399736211462113E-4
3.387321522133707E-4
3.374947217935726E-4
3.3626131919911253E-4
3.350319337633967E-4
3.3380655484091374E-4
3.325851718072087E-4
3.3136777405885385E-4
3.3015435101342203E-4
3.289448921094607E-4
3.27739386806462E-4
3.265378245848367E-4
3.2534019494588775E-4
3.241464874117811E-4
3.229566915255189E-4
3.2177079685091384E-4
3.205887929725601E-4
3.1941066949580646E-4
3.1823641604672957E-4
3.17066022272106E-4
3.158994778393857E-4
3.1473677243666485E-4
3.135778957726578E-4
3.124228375766714E-4
3.112715875985756E-4
3.101241356087799E-4
3.0898047139820144E-4
3.0784058477824355E-4
3.067044655807629E-4
3.055721036580476E-4
3.044434888827866E-4
3.033186111480443E-4
3.021974603672336E-4
3.010800264740875E-4
2.999662994226342E-4
2.9885626918716877E-4
2.9774992576222674E-4
2.966472591625573E-4
2.955482594230954E-4
2.9445291659893684E-4
2.933612207653096E-4
2.9227316201754766E-4
2.9118873047106493E-4
2.9010791626132637E-4
2.890307095438242E-4
2.879571004940481E-4
2.8688707930746093E-4
2.858206361994707E-4
2.847577614054038E-4
2.836984451804789E-4
2.8264267779978006E-4
2.81590449558231E-4
2.8054175077056565E-4
2.7949657177130425E-4
2.784549029147261E-4
2.7741673457484307E-4
2.763820571453722E-4
2.753508610397099E-4
2.7432313669090516E-4
2.7329887455163304E-4
2.7227806509416816E-4
2.7126069881035865E-4
2.702467662115995E-4
2.6923625782880476E-4
2.682291642123839E-4
2.6722547593221324E-4
2.6622518357760964E-4
2.6522827775730506E-4
2.642347490994193E-4
2.6324458825143556E-4
2.6225778588017106E-4
2.6127433267175346E-4
2.602942193315928E-4
2.5931743658435646E-4
2.583439751739419E-4
2.5737382586345106E-4
2.564069794351647E-4
2.5544342669051463E-4
2.544831584500589E-4
2.535261655534551E-4
2.525724388594338E-4
2.516219692457739E-4
2.5067474760927504E-4
2.497307648657314E-4
2.487900119499069E-4
2.478524798155089E-4
2.469181594351601E-4
2.4598704180037656E-4
2.450591179215371E-4
2.4413437882786073E-4
2.432128155673793E-4
2.4229441920691142E-4
2.413791808320372E-4
2.4046709154707118E-4
2.3955814247503891E-4
2.3865232475764773E-4
2.3774962955526343E-4
2.3685004804688335E-4
2.3595357143011054E-4
2.3506019092112864E-4
2.3416989775467548E-4
2.3328268318401673E-4
2.3239853848092197E-4
2.3151745493563716E-4
2.3063942385686013E-4
2.2976443657171406E-4
2.2889248442572205E-4
2.280235587827817E-4
2.2715765102513898E-4
2.26294752553363E-4
2.254348547863206E-4
2.245779491611508E-4
2.2372402713323843E-4
2.228730801761917E-4
2.2202509978181897E-4
2.2118007746011237E-4
2.2033800473925062E-4
2.19498873165646E-4
2.1866267430411713E-4
2.17829399738373E-4
2.169990410722831E-4
2.1617158993302715E-4
2.1534703797867257E-4
2.1452537691578404E-4
2.137065985390939E-4
2.128906948180187E-4
2.1207765807913195E-4
2.1126748137779899E-4
2.1046015922781102E-4
2.0965568897937846E-4
2.0885407331642394E-4
2.0805532458625716E-4
2.072594719537934E-4
2.0646657261300843E-4
2.056767283394773E-4
2.0489010829379242E-4
2.0410697789625802E-4
2.0332773154519367E-4
2.0255292393325477E-4
2.017832911871178E-4
2.010197501284975E-4
2.0026336334743314E-4
1.9951526135276806E-4
1.9877652189596498E-4
1.9804801981087748E-4
1.973302748852119E-4
1.9662333468974919E-4
1.9592672809477354E-4
1.952395105580915E-4
1.9456039702835857E-4
1.9388795123002518E-4
1.9322078251547255E-4
1.9255770155796582E-4
1.9189780403778208E-4
1.9124047860617972E-4
1.905853592187918E-4
1.8993225288463673E-4
1.8928107034925514E-4
1.8863177498298607E-4
1.8798435244788027E-4
1.873387961098439E-4
1.8669510142924682E-4
1.8605326429054205E-4
1.8541328063905816E-4
1.8477514642953566E-4
1.841388576225516E-4
1.8350441018451444E-4
1.8287180008766076E-4
1.8224102331005062E-4
1.8161207583556355E-4
1.8098495365389446E-4
1.8035965276054895E-4
1.7973616915683996E-4
1.7911449884988346E-4
1.7849463785259357E-4
1.778765821836794E-4
1.7726032786763996E-4
1.7664587093476052E-4
1.7603320742110904E-4
1.754223333685306E-4
1.7481324482464415E-4
1.7420593784283844E-4
1.7360040848226775E-4
1.7299665280784716E-4
1.7239466689024952E-4
1.7179444680590016E-4
1.7119598863697325E-4
1.7059928847138798E-4
1.7000434240280332E-4
1.6941114653061537E-4
1.68819696959952E-4
1.6822998980166922E-4
1.6764202117234685E-4
1.6705578719428477E-4
1.6647128399549792E-4
1.6588850770971286E-4
1.6530745447636348E-4
1.6472812044058708E-4
1.6415050175321936E-4
0.04469665965838503
