1.120539209741143E-5
2.2495848005094033E-5
3.3832699231287506E-5
4.518255992428917E-5
5.651964413598519E-5
6.782648079021184E-5
7.909321412305643E-5
9.03159533991825E-5
1.0149474445755978E-4
1.1263167236319385E-4
1.237294225459687E-4
1.3479041046646627E-4
1.4581641322058492E-4
1.5680854233687255E-4
1.677673856308387E-4
1.7869318848771004E-4
1.8958600444695246E-4
2.0044579409287975E-4
2.1127247908645302E-4
2.220659670896962E-4
2.328261614606636E-4
2.4355296439514503E-4
2.5424627775482204E-4
2.6490600323689656E-4
2.7553204239762956E-4
2.861242966521068E-4
2.966826672714844E-4
3.072070553801284E-4
3.1769736195277963E-4
3.281534878117413E-4
3.3857533362409713E-4
3.489627998989538E-4
3.593157869847115E-4
3.6963419506636473E-4
3.7991792416283015E-4
3.901668741243042E-4
4.003809446296522E-4
4.1056003518382924E-4
4.207040451153306E-4
4.308128735736755E-4
4.408864195269238E-4
4.509245817592295E-4
4.6092725886842564E-4
4.7089434926364987E-4
4.808257511630078E-4
4.907213625912914E-4
5.005810813777556E-4
5.104048051539964E-4
5.201924313519951E-4
5.299438572024729E-4
5.396589797338475E-4
5.493376957723942E-4
5.589799019447922E-4
5.68585494685416E-4
5.781543702529262E-4
5.876864247649044E-4
5.97181554266986E-4
6.066396548670691E-4
6.160606229903799E-4
6.254443558556129E-4
6.347907523490235E-4
6.440997146031982E-4
6.533711508027047E-4
6.62604980088695E-4
6.718011409899764E-4
6.809596056684795E-4
6.900804035652967E-4
6.991636599366566E-4
7.082096574710136E-4
7.172189328761036E-4
7.261924251723852E-4
7.351316984565895E-4
7.440392688898163E-4
7.529190729886211E-4
7.617771207096497E-4
7.706223802514041E-4
7.794679389110941E-4
7.883324717170315E-4
7.972420221981724E-4
8.062320528442526E-4
8.153496530859729E-4
8.24655699575231E-4
8.342266520772922E-4
8.441555509385793E-4
8.545516807113395E-4
8.655383103073729E-4
8.772479509003734E-4
8.898147269018985E-4
9.033637609195546E-4
9.179979356074339E-4
9.337829817063916E-4
9.507324735952887E-4
9.687948655459381E-4
9.878450150457515E-4
0.001007682554216313
0.001028038871726266
0.001048593337610372
0.0010689978617686453
0.0010889071919812983
0.0011080109105306663
0.0011148568963662575
0.0011204034688121539
0.0011246217522759188
0.0011275691282321583
0.0011293724088249815
0.0011302043443836163
0.0011302579870897693
0.0011297233606585879
0.0011287698022210543
0.0011275356268367616
0.0011261249561381435
0.001124610153721293
0.0011230376197683988
0.001121434737365751
0.0011198163215465871
0.0011181896816611105
0.0011165580849088366
0.0011149228450059335
0.001113284434863092
0.001111643008445735
0.0011099986145665893
0.001108351272437145
0.0011067009942821442
0.0011050477909243588
0.0011033916728790394
0.001101732650514295
0.0011000707340675195
0.0010984059336471845
0.0010967382592339337
0.001095067720681716
0.001093394327718928
0.001091718089949611
0.001090039016854663
0.0010883571177930907
0.0010866724020032906
0.0010849848786043555
0.0010832945565974219
0.0010816014448670383
0.0010799055521825763
0.0010782068871996642
0.001076505458461648
0.0010748012744010928
0.0010730943433413164
0.0010713846734979394
0.0010696722729804879
0.0010679571497940188
0.0010662393118408007
0.0010645187669220486
0.0010627955227397626
0.001061069586898727
0.0010593409669088507
0.0010576096701881217
0.0010558757040668068
0.0010541390757940917
0.001052399792549481
0.0010506578614634075
0.0010489132896554438
0.0010471660843056547
0.0010454162527876508
0.0010436638029146632
0.0010419087433898569
0.0010401510846199443
0.00103839084016521
0.0010366280292863966
0.0010348626813509126
0.0010330948433369084
0.0010313245924072271
0.0010295520566271268
0.0010277774485104559
0.0010260011183631844
0.001024223637522491
0.001022445925707485
0.0010206694418571811
0.0010188964638989998
0.0010171304894130043
0.0010153767951915406
0.0010136431976300504
0.0010119410552898538
0.0010102865465374438
0.001008702234842738
0.0010072188977932725
0.0010058775394590793
0.0010047314277602238
0.0010038479011834794
0.0010033095808218344
0.0010032145204258976
0.0010036747539137725
0.0010048126892899857
0.0010067548866513904
0.0010096229785917501
0.001013521861721821
0.0010185257981808955
0.0010246636659605654
0.0010319051901817112
0.0010401504357475117
0.0010492249845299327
0.0010588829115947274
0.0010688188331402118
0.0010786889566172856
0.0010881394020538244
0.0010968384091688997
0.0011045078139185279
0.0011109487714347438
0.0011160573705952686
0.0011198275106531132
0.0011223408558396102
0.0011237462528020468
0.0011242329991920884
0.0011240032375239462
0.0011232483032704006
0.0011221322904556446
0.0011207839666081063
0.0011192961551596697
0.001117730360605333
0.0011161239787861282
0.0011144978014382284
0.0011128623452168044
0.0011112224166508907
0.0011095799838892072
0.0011079357618624223
0.0011062899789659926
0.0011046426997937215
0.0011029939419897117
0.0011013437119996524
0.0010996920140775098
0.0010980388520834751
0.00109638422975257
0.0010947281507232964
0.0010930706185415277
0.0010914116366631597
0.0010897512084568138
0.0010880893372065606
0.0010864260261146833
0.0010847612783044793
0.0010830950968230804
0.001081427484644312
0.0010797584446715757
0.0010780879797407622
0.001076416092623182
0.0010747427860285262
0.0010730680626078496
0.0010713919249565646
0.0010697143756174606
0.0010680354170837473
0.0010663550518020999
0.0010646732821757302
0.0010629901105674608
0.0010613055393028379
0.0010596195706732401
0.0010579322069390325
0.001056243450332783
0.0010545533030625813
0.001052861767315615
0.001051168845262198
0.001049474539060789
0.001047778850864944
0.0010460817828341325
0.001044383337152097
0.0010426835160597856
0.001040982321916039
0.0010392797573103873
0.0010375758252722605
0.001035870529655981
0.0010341638758413919
0.0010324558719923686
0.0010307465312856413
0.001029035875799321
0.001027323943191824
0.0010256107979888962
0.001023896550340088
0.0010221813866491125
0.001020465618697058
0.0010187497609504316
0.0010170346498464772
0.001015321624067308
0.0010136127910679602
0.001011911412012307
0.0010102224438976934
0.0010085532824123263
0.0010069147494688564
0.0010053223618929578
0.0010037978980118704
0.0010023712420157086
0.0010010824275534969
9.99983719686358E-4
9.991414698136193E-4
9.98637359955462E-4
9.98568538325527E-4
9.990460653855093E-4
0.0010001910760016447
0.0010021281614791709
0.0010049757238309665
0.0010088334749679651
0.0010137678331654807
0.0010197966466731158
0.0010268753310041859
0.0010348869727966896
0.0010436390361522208
0.0010528688399911849
0.0010622588811678678
0.0010714614358149927
0.0010801299473546739
0.0010879529385813271
0.0010946850781609677
0.0011001700230376021
0.0011043509336549561
0.001107266934193058
0.0011090367047497563
0.0011098330532879072
0.0011098539565192148
0.001109295724460429
0.0011083326660139459
0.0011071054213539924
0.0011057177561051043
0.0011042398110508067
0.001102714983365089
0.0011011677756541669
0.00109961075108923
0.0010980497194726098
0.0010964870820420706
0.0010949237148516968
0.0010933598948521975
0.0010917956952371042
0.0010902311303378274
0.0010886662004311323
0.0010871009031356948
0.0010855352357078132
0.0010839691953885195
0.0010824027794423387
0.0010808359851638934
0.0010792688098827544
0.0010777012509682001
0.0010761333058338692
0.001074564971942307
0.0010729962468094057
0.0010714271280087232
0.0010698576131756893
0.001068287700011705
0.001066717386288094
0.001065146669849958
0.0010635755486198947
0.0010620040206015956
0.0010604320838833172
0.0010588597366412273
0.001057286977142619
0.0010557138037490155
0.001054140214919131
0.001052566209211715
0.0010509917852882843
0.0010494169419157213
0.001047841677968765
0.0010462659924324023
0.0010446898844041796
0.0010431133530964846
0.0010415363978388836
0.0010399590180807348
0.0010383812133944485
0.001036802983480202
0.0010352243281736722
0.001033645247459825
0.0010320657414986502
0.0010304858106739093
0.0010289054556856213
0.001027324677724344
0.0010257434787960674
0.0010241618623201899
0.0010225798342148801
0.0010209974048382524
0.0010194145924074978
0.001017831428926689
0.0010162479702973013
0.0010146643132738996
0.0010130806234059854
0.0010114971802544985
0.0010099144491879065
0.001008333193139149
0.0010067546429611619
0.0010051807514048674
0.0010036145628859175
0.0010020607382067864
0.0010005262785958736
9.9902149415651E-4
9.97561254290658E-4
9.961665370260807E-4
9.948662550101604E-4
9.936992733155122E-4
9.927164455144476E-4
9.919823819549965E-4
9.915765379087372E-4
9.915930900252414E-4
9.921389901916705E-4
9.933295899554493E-4
9.95281364189084E-4
9.981015705466912E-4
0.0010018751780521346
0.0010066500563078896
0.001012422147897836
0.001019122996120483
0.0010266123634049451
0.0010346785401514746
0.001043048157112228
0.001051405863288943
0.001059422303468982
0.0010667868237356495
0.0010732397918223973
0.0010785988776760539
0.0010827744314023673
0.0010857711820994476
0.0010876763911267613
0.0010886375297492292
0.0010888346484946964
0.0010884532506185022
0.0010876625556657162
0.0010866019616822512
0.0010853760635397044
0.001084056567164797
0.0010826883777101267
0.0010812971169045582
0.0010798960429300333
0.0010784913361727635
0.0010770855682152045
0.001075679681753311
0.0010742739749049703
0.0010728685252930992
0.0010714633466931
0.0010700584377994345
0.0010686537946966155
0.0010672494133771135
0.0010658452901153826
0.0010644414215004675
0.0010630378044323417
0.0010616344361158157
0.001060231314053886
0.001058828436040594
0.0010574258001534095
0.0010560234047452034
0.0010546212484358346
0.0010532193301033947
0.0010518176488751546
0.0010504162041182217
0.001049014995429982
0.001047614022628311
0.001046213285741634
0.0010448127849988207
0.0010434125208189742
0.0010420124938011152
0.0010406127047138181
0.0010392131544847822
0.0010378138441904047
0.001036414775045344
0.0010350159483921146
0.0010336173656907237
0.0010322190285083747
0.0010308209385092749
0.0010294230974445503
0.0010280255071423608
0.0010266281694982608
0.0010252310864660042
0.001023834260049109
0.0010224376922938249
0.0010210413852847974
0.0010196453411459277
0.0010182495620513167
0.0010168540502556026
0.0010154588081612238
0.0010140638384552368
0.001012669144375227
0.001011274730211451
0.0010098806022346657
0.001008486770378905
0.0010070932512412127
0.00100570007333951
0.0010043072861736799
0.001002914975573387
0.0010015232892355151
0.0010001324784374927
9.98742964868406E-4
9.97355445548749E-4
9.959710540420649E-4
9.94591602545888E-4
9.932199365853547E-4
9.918604409457049E-4
9.90519740354831E-4
9.892076383564484E-4
9.879383286632258E-4
9.867318898258296E-4
9.856160306187004E-4
9.846279853192425E-4
9.838163632847766E-4
9.832426401582652E-4
9.829818522258226E-4
9.831219465239699E-4
9.837611855877326E-4
9.85003055032796E-4
9.869483228031816E-4
9.89684284451478E-4
9.932717977986368E-4
9.97731405711734E-4
0.0010030305421502097
0.001009074325600022
0.0010157025508734454
0.001022694983543326
0.001029785910842524
0.001036687171069857
0.001043116923371721
0.0010488297324462374
0.0010536426808463865
0.0010574525916720243
0.001060241119189877
0.001062067087891872
0.001063048311588366
0.0010633373498673674
0.0010630965894392757
0.001062477451655627
0.0010616067390662631
0.0010605808487984894
0.001059466588634953
0.0010583061879725203
0.0010571239418343036
0.0010559325195150337
0.0010547378748456387
0.0010535425116314336
0.0010523473662712292
0.0010511527512616038
0.001049958764384389
0.001048765440656975
0.0010475727998100791
0.0010463808584217126
0.0010451896323167564
0.0010439991368652605
0.0010428093869491678
0.0010416203968980733
0.0010404321804272536
0.0010392447505796962
0.0010380581196719866
0.0010368722992439056
0.001035687300011656
0.0010345031318245426
0.0010333198036250454
0.001032137323412116
0.0010309556982076363
0.0010297749340258768
0.001028595035845895
0.0010274160075867374
0.0010262378520853569
0.001025060571077144
0.0010238841651789767
0.0010227086338746774
0.0010215339755028168
0.0010203601872467484
0.0010191872651267894
0.0010180152039944773
0.0010168439975288025
0.0010156736382343438
0.0010145041174412434
0.0010133354253069114
0.0010121675508194532
0.0010110004818027155
0.0010098342049229946
0.0010086687056973995
0.0010075039685040923
0.0010063399765948466
0.0010051767121108603
0.0010040141561038457
0.0010028522885663397
0.0010016910884789816
0.0010005305338895761
9.993706020518043E-4
9.982112696752272E-4
9.970525133805135E-4
9.958943105280776E-4
9.94736640715793E-4
9.935794884562178E-4
9.924228478975963E-4
9.912667310223028E-4
9.90111181649745E-4
9.889562989329232E-4
9.878022760504259E-4
9.86649462662166E-4
9.854984636081677E-4
9.843502913886417E-4
9.832065960657765E-4
9.820700028761128E-4
9.80944593908636E-4
9.79836573658833E-4
9.787551559584556E-4
9.777136973678137E-4
9.767310743823451E-4
9.758332535183141E-4
9.750549309127751E-4
9.74441022033407E-4
9.740476702087514E-4
9.73942333014966E-4
9.74202428238279E-4
9.749120172357623E-4
9.761561190221934E-4
9.780125221404102E-4
9.805414072540353E-4
9.83773680325609E-4
9.876995522606917E-4
9.92259891558452E-4
9.97341241609101E-4
0.0010027779647562647
0.0010083622091512268
0.0010138614749463839
0.0010190418519836124
0.0010236934196733113
0.0010276533407595433
0.0010308222507054339
0.0010331707788969312
0.0010347351931593962
0.0010356036441977877
0.0010358965493016444
0.0010357456613615142
0.0010352760577296445
0.0010345938661913212
0.0010337806065496553
0.0010328932610827789
0.001031968112669859
0.0010310261696462172
0.0010300784501202959
0.001029130156945422
0.001028183483077284
0.0010272392417504431
0.001026297688761934
0.0010253588811717264
0.00102442281137361
0.0010234894494612432
0.0010225587544303914
0.0010216306767578344
0.0010207051591025734
0.0010197821366987048
0.0010188615377075343
0.001017943283558856
0.001017027289283248
0.0010161134638355246
0.0010152017104095481
0.0010142919267445546
0.001013384005423171
0.0010124778341612823
0.0010115732960899288
0.0010106702700293712
0.0010097686307554991
0.0010088682492587304
0.0010079689929955588
0.0010070707261328968
0.001006173309785363
0.0010052766022456594
0.0010043804592081787
0.0010034847339859883
0.0010025892777213317
0.001001693939589757
0.0010007985669980514
9.999030057760653E-4
9.99007100362601E-4
9.981106939854515E-4
9.972136288357468E-4
9.96315746236706E-4
9.954168868069766E-4
9.945168906186244E-4
9.936155973500037E-4
9.927128464336736E-4
9.918084771996863E-4
9.90902329014765E-4
9.899942414183047E-4
9.890840542569976E-4
9.881716078215235E-4
9.872567429919867E-4
9.863393014048767E-4
9.85419125665789E-4
9.844960596532009E-4
9.835699489966511E-4
9.826406418800985E-4
9.81707990438439E-4
9.807718532143786E-4
9.798320994738466E-4
9.788886167142413E-4
9.779413235443146E-4
9.769901914043538E-4
9.760352804970126E-4
9.7507679799102E-4
9.741151901874682E-4
9.731512849330482E-4
9.721865059118446E-4
9.712231859006129E-4
9.702650103265838E-4
9.693176233337297E-4
9.683894228411454E-4
9.67492554651998E-4
9.666440840378874E-4
9.658672726097032E-4
9.651928174986442E-4
9.646598227754322E-4
9.643161812516107E-4
9.642179697377489E-4
9.644274336838179E-4
9.650091953045283E-4
9.660244978712698E-4
9.675236169250378E-4
9.695370130951849E-4
9.721127947454708E-4
9.752142547481236E-4
9.787637431467656E-4
9.826430277784842E-4
9.86699622212939E-4
9.907591589569061E-4
9.946425591865083E-4
9.98185452878207E-4
0.0010012564353053823
0.0010037706558443063
0.001005696071438746
0.0010070513091778909
0.001007896029372983
0.0010083163681464677
0.0010084089409394875
0.001008266758710347
0.001007969377447571
0.001007578109549033
0.0010071357222931469
0.0010066691599699233
0.0010061936047464904
0.001005716511808971
0.0010052408332381375
0.001004767200439635
0.001004295199056095
0.0010038240143868456
0.001003352713392446
0.0010028803498188061
0.0010024059968669165
0.0010019287551830938
0.0010014477540171223
0.001000962150903373
0.0010004711311131442
9.999739070911716E-4
9.994697178999422E-4
9.989578286729811E-4
9.984375300769904E-4
9.979081377827234E-4
9.973689919444701E-4
9.96819456688018E-4
9.962589196069902E-4
9.956867912674478E-4
9.951025047206033E-4
9.94505515023586E-4
9.93895298768091E-4
9.932713536168554E-4
9.926331978477947E-4
9.919803699057462E-4
9.913124279616662E-4
9.906289494792098E-4
9.899295307885618E-4
9.892137866674398E-4
9.88481349929148E-4
9.877318710175879E-4
9.86965017609135E-4
9.861804742212765E-4
9.853779418279001E-4
9.845571374811721E-4
9.83717793939876E-4
9.82859659304144E-4
9.81982496656492E-4
9.810860837090798E-4
9.801702124571402E-4
9.792346888385641E-4
9.782793323997153E-4
9.773039759676987E-4
9.763084653297047E-4
9.752926589207097E-4
9.742564275222606E-4
9.731996539778565E-4
9.721222329356908E-4
9.710240706397275E-4
9.699050848087111E-4
9.687652046769707E-4
9.676043713319078E-4
9.664225385896835E-4
9.652196748325869E-4
9.639957665339726E-4
9.627508246854143E-4
9.61484896106153E-4
9.601980827722892E-4
9.588905739840095E-4
9.5756269851671E-4
9.562150069416183E-4
9.548483979763537E-4
9.534643066915024E-4
9.520649758840573E-4
9.506538335630029E-4
9.49235997185407E-4
9.478189162355528E-4
9.464131457351197E-4
9.4503321135941E-4
9.436984805371661E-4
9.424338949256177E-4
9.412703547976986E-4
9.40244488744234E-4
9.393975134675069E-4
9.387729143663131E-4
9.384127840147777E-4
9.383528591751074E-4
9.433114599987002E-4
9.48459585171924E-4
9.537807767377315E-4
9.59231054513034E-4
9.647386317285227E-4
9.702076609547121E-4
9.755261706729833E-4
9.80577444180732E-4
9.852531748697764E-4
9.89466084894801E-4
9.931595710452562E-4
9.963124630495875E-4
9.989380587093963E-4
0.0010010779422249558
0.001002792284629401
0.0010041489930957422
0.0010052140318594996
0.0010060445574745914
0.0010066854927262548
0.0010071691883855134
0.0010075171920111902
0.001007742972331637
0.0010078546559924761
0.0010078572268164693
0.0010077540201997234
0.0010075475985266726
0.001007240195480916
0.0010068339108568597
0.0010063307837417986
0.001005732815821155
0.0010050419776781
0.001004260210376487
0.0010033894260156407
0.001002431508116903
0.0010013883119886911
0.0010002616650864856
9.99053367368671E-4
9.977651916483006E-4
9.963988839407948E-4
9.949561638076356E-4
9.934387246961084E-4
9.918482342751065E-4
9.90186334767071E-4
9.884546432760808E-4
9.866547521121523E-4
9.847882291117798E-4
9.828566179547586E-4
9.808614384773384E-4
9.788041869817291E-4
9.766863365420187E-4
9.745093373065222E-4
9.722746167966238E-4
9.699835802021165E-4
9.67637610673112E-4
9.652380696085312E-4
9.627862969412328E-4
9.602836114197982E-4
9.577313108870197E-4
9.551306725551234E-4
9.52482953277763E-4
9.497893898188296E-4
9.470511991180929E-4
9.442695785537367E-4
9.414457062018183E-4
9.385807410927177E-4
9.35675823464666E-4
9.327320750145014E-4
9.297505991459511E-4
9.267324812160028E-4
9.236787887805292E-4
9.20590571841455E-4
9.174688631000793E-4
9.143146782255728E-4
9.111290161561093E-4
9.079128594657931E-4
9.046671748591612E-4
9.013929139060998E-4
8.98091014218582E-4
8.947624014206764E-4
8.914079925095598E-4
8.880287015971736E-4
8.84625449623505E-4
8.811991805184706E-4
8.777508875339896E-4
8.742816551180735E-4
8.707927237329114E-4
8.672855872624218E-4
8.637621347140383E-4
8.602248490684628E-4
8.566770752383953E-4
8.531233646224804E-4
8.495698938747771E-4
8.460249385389704E-4
8.424993571513454E-4
8.390070090098423E-4
8.355649925340371E-4
8.321935582531317E-4
8.289155323020903E-4
8.257550973820607E-4
8.22735833264311E-4
0.0012940444669070166
0.0012820023554185088
0.00127026840671803
0.0012588291226616841
0.0012476564474734198
0.001236707802295066
0.0012259282848017144
0.001215255084972074
0.0012046236775789118
0.0011939748666778107
0.0011832614281796717
0.001172453056150341
0.0011615386244810963
0.0011505253724500722
0.00113943534498333
0.0011283000430303948
0.0011171545698853518
0.0011060325050816656
0.0010949623501868763
0.0010839658369477798
0.001073057872650414
0.0010622475763711625
0.001051539785966126
0.0010409365395250203
0.001030438250279204
0.0010200444970852064
0.0010097544836293272
9.995672696916534E-4
9.894818717226788E-4
9.794973002159554E-4
9.696125713475837E-4
9.598267099011787E-4
9.50138749792791E-4
9.405477340780484E-4
9.310527148774574E-4
9.216527532938144E-4
9.123469193299102E-4
9.031342918069581E-4
8.940139582837592E-4
8.849850149765739E-4
8.760465666797131E-4
8.671977266868316E-4
8.584376167129272E-4
8.497653668170256E-4
8.411801153255596E-4
8.326810087564263E-4
8.242672017437262E-4
8.159378569631619E-4
8.076921450581114E-4
7.995292445663545E-4
7.914483418474535E-4
7.834486310107808E-4
7.755293138441874E-4
7.676895997433085E-4
7.599287056414973E-4
7.522458559403851E-4
7.446402824410626E-4
7.371112242758722E-4
7.296579278408097E-4
7.222796467285297E-4
7.149756416619506E-4
7.077451804284513E-4
7.005875378146578E-4
6.935019955418145E-4
6.864878422017359E-4
6.795443731933488E-4
6.726708906598271E-4
6.658667034263498E-4
6.591311269385587E-4
6.524634832018607E-4
6.458631007219168E-4
6.393293144469893E-4
6.328614657135726E-4
6.264589021981073E-4
6.201209778803112E-4
6.138470530287624E-4
6.076364942287901E-4
6.01488674489648E-4
5.954029734975923E-4
5.893787781319932E-4
5.834154834450261E-4
5.775124944388379E-4
5.716692291794724E-4
5.658851240901934E-4
5.60159642693715E-4
5.544922896390007E-4
5.488826325441436E-4
5.433303349532853E-4
5.378352044034175E-4
5.323972599731101E-4
5.270168233479594E-4
5.216946358562487E-4
5.164320004847783E-4
5.112309420008365E-4
5.060943696691609E-4
5.010262159370616E-4
4.960315121039087E-4
4.911163509189184E-4
4.8628768018385186E-4
4.8155287575098E-4
0.04836595511767073
