3.918431489718959E-6
7.827781622909494E-6
1.1728047807549305E-5
1.5619227489128508E-5
1.950131815015309E-5
2.3374317309646752E-5
2.7238222522651197E-5
3.109303137972504E-5
3.4938741506441043E-5
3.877535056288187E-5
4.2602856243134544E-5
4.642125627478308E-5
5.02305484183999E-5
5.4030730467035725E-5
5.7821800245708025E-5
6.16037556108879E-5
6.537659444998571E-5
6.914031468083542E-5
7.28949142511769E-5
7.664039113813768E-5
8.03767433477127E-5
8.410396891424272E-5
8.782206589989208E-5
9.15310323941241E-5
9.523086651317563E-5
9.892156639953048E-5
1.0260313022139128E-4
1.0627555617215015E-4
1.0993884246985773E-4
1.1359298735669138E-4
1.1723798909842174E-4
1.2087384598387898E-4
1.2450055632441637E-4
1.2811811845337353E-4
1.3172653072553793E-4
1.3532579151660657E-4
1.3891589922264443E-4
1.4249685225954312E-4
1.460686490624783E-4
1.496312880853655E-4
1.5318476780031443E-4
1.567290866970837E-4
1.6026424328253306E-4
1.6379023608007474E-4
1.6730706362912416E-4
1.708147244845496E-4
1.7431321721612055E-4
1.7780254040795405E-4
1.812826926579632E-4
1.847536725773001E-4
1.882154787898027E-4
1.9166810993143565E-4
1.9511156464973494E-4
1.985458416032485E-4
2.0197093946097648E-4
2.0538685690181172E-4
2.0879359261397819E-4
2.12191145294469E-4
2.1557951364848353E-4
2.1895869638886384E-4
2.223286922355297E-4
2.2568949991491388E-4
2.290411181593955E-4
2.3238354570673285E-4
2.35716781299497E-4
2.3904082368450143E-4
2.4235567161223526E-4
2.456613238362914E-4
2.489577791127968E-4
2.5224503619984174E-4
2.5552309385690734E-4
2.5879195084429346E-4
2.6205160592254534E-4
2.6530205785188043E-4
2.685433053916139E-4
2.717753472995831E-4
2.7499818233157485E-4
2.782118092407451E-4
2.8141622677704765E-4
2.8461143368665326E-4
2.877974287113752E-4
2.9097421058808933E-4
2.94141778048158E-4
2.9730012981685027E-4
3.0044926461276225E-4
3.0358918114724E-4
3.06719878123798E-4
3.098413542375398E-4
3.1295360817457844E-4
3.1605663861145457E-4
3.19150444214557E-4
3.222350236395401E-4
3.2531037553074494E-4
3.2837649852061516E-4
3.31433391229117E-4
3.344810522631567E-4
3.3751948021599874E-4
3.40548673666685E-4
3.435686311794508E-4
3.465793513031433E-4
3.495808325706397E-4
3.525730734982662E-4
3.555560725852148E-4
3.58529828312964E-4
3.614943391447055E-4
3.6444960352477685E-4
3.673956198781239E-4
3.7033238660982593E-4
3.7325990210477605E-4
3.7617816472772854E-4
3.790871728242027E-4
3.819869247233508E-4
3.848774187452556E-4
3.877586532180412E-4
3.9063062651632975E-4
3.9349333714527065E-4
3.9634678392001793E-4
3.9919096634119446E-4
4.0202588536467136E-4
4.0485154494812294E-4
4.0766795509475975E-4
4.104751377180187E-4
4.132731376973107E-4
4.1606204325286134E-4
4.188420226210276E-4
4.2161338846856037E-4
4.243767081495663E-4
4.271329873796233E-4
4.2988396753913187E-4
4.326325923401829E-4
4.353837164468844E-4
4.3814514318987286E-4
4.409290841643886E-4
4.437541200975127E-4
4.466476964537872E-4
4.496490938926596E-4
4.5281266072781857E-4
4.562108795830546E-4
4.599365801801017E-4
4.641033497985196E-4
4.688430114291507E-4
4.742990453686149E-4
4.806151404854157E-4
4.8791876453936465E-4
4.96300743998415E-4
5.05793212475377E-4
5.163496293895543E-4
5.278314550970077E-4
5.400060252708025E-4
5.525588539732123E-4
5.651209895119707E-4
5.773085830105355E-4
5.887683853015757E-4
5.992205767239118E-4
6.084901207109917E-4
6.16520102058151E-4
6.233647979873459E-4
6.291652683220843E-4
6.341143996117829E-4
6.38420232516629E-4
6.422755336011863E-4
6.458384993160158E-4
6.492255414244085E-4
6.525137864114073E-4
6.557492099931633E-4
6.589563712285346E-4
6.62146943733016E-4
6.653258155588289E-4
6.684947655731917E-4
6.716543469935325E-4
6.748047045639948E-4
6.779458708722018E-4
6.810778541034582E-4
6.842006584905026E-4
6.873142878380833E-4
6.865003144329697E-4
6.856862548915244E-4
6.848721155688809E-4
6.840579027750342E-4
6.832436227747078E-4
6.824292817872291E-4
6.816148859864011E-4
6.808004415003733E-4
6.799859544115226E-4
6.79171430756325E-4
6.783568765252354E-4
6.775422976625673E-4
6.7672770006637E-4
6.759130895883118E-4
6.750984720335629E-4
6.742838531606773E-4
6.7346923868148E-4
6.726546342609503E-4
6.718400455171144E-4
6.710254780209298E-4
6.702109372961763E-4
6.693964288193499E-4
6.685819580195515E-4
6.677675302783864E-4
6.669531509298551E-4
6.661388252602518E-4
6.65324558508063E-4
6.645103558638676E-4
6.636962224702389E-4
6.628821634216434E-4
6.620681837643476E-4
6.612542884963206E-4
6.604404825671452E-4
6.596267708779248E-4
6.588131582811893E-4
6.57999649580808E-4
6.571862495319071E-4
6.563729628407767E-4
6.555597941647901E-4
6.547467481123217E-4
6.539338292426643E-4
6.531210420659472E-4
6.523083910430637E-4
6.514958805855891E-4
6.506835150557084E-4
6.498712987661398E-4
6.490592359800706E-4
6.482473309110755E-4
6.47435587723058E-4
6.466240105301773E-4
6.458126033967857E-4
6.450013703373661E-4
6.441903153164659E-4
6.433794422486394E-4
6.425687549983905E-4
6.417582573801116E-4
6.409479531580334E-4
6.401378460461654E-4
6.393279397082519E-4
6.385182377577147E-4
6.37708743757609E-4
6.36899461220574E-4
6.360903936087932E-4
6.352815443339443E-4
6.344729167571656E-4
6.336645141890091E-4
6.328563398894099E-4
6.320483970676462E-4
6.312406888823068E-4
6.304332184412586E-4
6.296259888016168E-4
6.288190029697169E-4
6.280122639010881E-4
6.27205774500427E-4
6.26399537621579E-4
6.255935560675129E-4
6.247878325903042E-4
6.239823698911203E-4
6.231771706202E-4
6.223722373768459E-4
6.21567572709412E-4
6.207631791152907E-4
6.199590590409113E-4
6.191552148817307E-4
6.18351648982232E-4
6.175483636359231E-4
6.167453610853352E-4
6.159426435220291E-4
6.151402130865972E-4
6.143380718686726E-4
6.135362219069351E-4
6.127346651891253E-4
6.119334036520545E-4
6.111324391816211E-4
6.103317736128287E-4
6.095314087298017E-4
6.087313462658107E-4
6.079315879032923E-4
6.071321352738782E-4
6.063329899584169E-4
6.055341534870093E-4
6.047356273390376E-4
6.039374129431997E-4
6.031395116775445E-4
6.023419248695154E-4
6.01544653795991E-4
6.007476996833445E-4
5.999510637075174E-4
5.991547469941443E-4
5.983587506187921E-4
5.975630756074723E-4
5.967677229377781E-4
5.959726935414635E-4
5.951779883102852E-4
5.943836081090831E-4
5.935895538046866E-4
5.927958263287691E-4
5.920024268121902E-4
5.912093568670722E-4
5.904166191681942E-4
5.89624218628671E-4
5.888321647309929E-4
5.880404760558194E-4
5.872491888975319E-4
5.864583733011564E-4
5.8566816224497E-4
5.848788035057048E-4
5.840907495874947E-4
5.833048096521679E-4
5.825223992457581E-4
5.817459389465774E-4
5.809794710734023E-4
5.802295817468081E-4
5.795067286322669E-4
5.788270737136214E-4
5.782148925104663E-4
5.777055601137874E-4
5.773489838977497E-4
5.772131521273647E-4
5.773872011258269E-4
5.779831013685953E-4
5.791347908714528E-4
5.80993447483354E-4
5.837177230947748E-4
5.874582920221516E-4
5.92337066779074E-4
5.9842285974472E-4
6.057068940023963E-4
6.140829738893015E-4
6.233377674869538E-4
6.3315600288017E-4
6.431431552537312E-4
6.528645859663463E-4
6.618958466831431E-4
6.698752108800929E-4
6.765477826322703E-4
6.817916837768813E-4
6.856208577271157E-4
6.88164883794267E-4
6.896319959731269E-4
6.902652727338516E-4
6.903024772385137E-4
6.899473374272322E-4
6.893554599376529E-4
6.886334668288816E-4
6.878469325368006E-4
6.87031933162625E-4
6.862061054776061E-4
6.853770357711017E-4
6.845475561506738E-4
6.837185676481313E-4
6.828903091199193E-4
6.820628325464522E-4
6.812361481283046E-4
6.804102590835473E-4
6.795851678124044E-4
6.787608766160023E-4
6.779373877377996E-4
6.771147033635907E-4
6.762928256215031E-4
6.75471756582008E-4
6.746514982579167E-4
6.738320526043957E-4
6.730134215189744E-4
6.721956068415524E-4
6.713786103544224E-4
6.70562433782277E-4
6.697470787922318E-4
6.689325469938438E-4
6.681188399391334E-4
6.6730595912261E-4
6.664939059813015E-4
6.656826818947768E-4
6.648722881851833E-4
6.640627261172813E-4
6.632539968984745E-4
6.624461016788526E-4
6.616390415512346E-4
6.608328175512066E-4
6.600274306571706E-4
6.592228817903962E-4
6.584191718150647E-4
6.576163015383268E-4
6.568142717103566E-4
6.560130830244129E-4
6.55212736116896E-4
6.544132315674121E-4
6.536145698988414E-4
6.52816751577402E-4
6.520197770127269E-4
6.512236465579303E-4
6.504283605096895E-4
6.496339191083194E-4
6.488403225378567E-4
6.480475709261405E-4
6.472556643448992E-4
6.464646028098416E-4
6.456743862807447E-4
6.448850146615495E-4
6.440964878004563E-4
6.433088054900253E-4
6.425219674672743E-4
6.417359734137876E-4
6.409508229558188E-4
6.401665156644011E-4
6.393830510554595E-4
6.386004285899233E-4
6.378186476738447E-4
6.370377076585149E-4
6.362576078405918E-4
6.354783474622163E-4
6.346999257111457E-4
6.339223417208801E-4
6.331455945707922E-4
6.323696832862668E-4
6.315946068388314E-4
6.308203641463003E-4
6.300469540729139E-4
6.292743754294846E-4
6.285026269735407E-4
6.277317074094792E-4
6.269616153887115E-4
6.261923495098265E-4
6.254239083187372E-4
6.246562903088453E-4
6.238894939212028E-4
6.231235175446743E-4
6.223583595161014E-4
6.215940181204746E-4
6.208304915911025E-4
6.200677781097852E-4
6.193058758069902E-4
6.185447827620298E-4
6.177844970032444E-4
6.170250165081824E-4
6.162663392037857E-4
6.155084629665788E-4
6.147513856228583E-4
6.139951049488843E-4
6.132396186710771E-4
6.124849244662096E-4
6.117310199616127E-4
6.109779027353723E-4
6.102255703165351E-4
6.094740201853147E-4
6.087232497732993E-4
6.079732564636637E-4
6.072240375913818E-4
6.064755904434407E-4
6.057279122590615E-4
6.049810002299156E-4
6.042348515003502E-4
6.034894631676081E-4
6.027448322820617E-4
6.020009558474343E-4
6.012578308210357E-4
6.005154541139936E-4
5.997738225914924E-4
5.990329330730062E-4
5.982927823325441E-4
5.975533670988896E-4
5.968146840558462E-4
5.960767298424906E-4
5.953395010534288E-4
5.946029942390638E-4
5.938672059059078E-4
5.931321325169669E-4
5.92397770492317E-4
5.916641162101386E-4
5.909311660087977E-4
5.901989161913508E-4
5.894673630355079E-4
5.887365028157324E-4
5.880063318517575E-4
5.872768466136502E-4
5.865480439455321E-4
5.858199215334092E-4
5.850924788650581E-4
5.84365719160797E-4
5.836396531782027E-4
5.829143065514345E-4
5.821897336389937E-4
5.814660430566161E-4
5.80743443636945E-4
5.800223250989742E-4
5.793033959331263E-4
5.785879125526722E-4
5.778780488783303E-4
5.771774735048829E-4
5.764922199507648E-4
5.758319488795613E-4
5.752117004103306E-4
5.746542061529389E-4
5.741927573730455E-4
5.738744904312647E-4
5.737637424501016E-4
5.73944854718522E-4
5.745234933261439E-4
5.756252903602778E-4
5.773905012563809E-4
5.799635687561794E-4
5.834771148340864E-4
5.880310090523576E-4
5.936686978488168E-4
6.003546325497848E-4
6.079579089142936E-4
6.162475241720611E-4
6.249034577026443E-4
6.335449325078616E-4
6.417731367428511E-4
6.492214197854587E-4
6.556029549493272E-4
6.607453929562467E-4
6.646047048208087E-4
6.67255675412451E-4
6.68862706636853E-4
6.696395602425754E-4
6.698086640983284E-4
6.695690824976799E-4
6.690781173353332E-4
6.684466338949666E-4
6.677444893078329E-4
6.670109440246451E-4
6.662655595956025E-4
6.655168939413665E-4
6.647681890585679E-4
6.640204873497477E-4
6.632740644171693E-4
6.625289762254932E-4
6.617852289772365E-4
6.610428204665781E-4
6.603017475045464E-4
6.595620067954279E-4
6.588235949880212E-4
6.580865086758202E-4
6.573507443972124E-4
6.56616298635683E-4
6.558831678200273E-4
6.551513483245698E-4
6.544208364693949E-4
6.536916285205771E-4
6.529637206904302E-4
6.522371091377512E-4
6.515117899680762E-4
6.507877592339435E-4
6.500650129351587E-4
6.493435470190699E-4
6.486233573808462E-4
6.479044398637562E-4
6.471867902594637E-4
6.464704043083159E-4
6.457552776996447E-4
6.45041406072064E-4
6.443287850137809E-4
6.436174100629011E-4
6.429072767077458E-4
6.421983803871667E-4
6.414907164908668E-4
6.407842803597267E-4
6.400790672861266E-4
6.393750725142822E-4
6.386722912405698E-4
6.379707186138668E-4
6.372703497358852E-4
6.36571179661513E-4
6.358732033991567E-4
6.351764159110836E-4
6.344808121137672E-4
6.337863868782344E-4
6.330931350304171E-4
6.324010513515004E-4
6.317101305782756E-4
6.310203674034929E-4
6.30331756476218E-4
6.296442924021863E-4
6.289579697441615E-4
6.282727830222936E-4
6.27588726714477E-4
6.269057952567105E-4
6.262239830434606E-4
6.255432844280198E-4
6.248636937228713E-4
6.241852052000492E-4
6.23507813091506E-4
6.228315115894746E-4
6.221562948468315E-4
6.214821569774631E-4
6.208090920566316E-4
6.201370941213396E-4
6.194661571706963E-4
6.187962751662846E-4
6.181274420325266E-4
6.174596516570521E-4
6.16792897891062E-4
6.161271745496983E-4
6.154624754124123E-4
6.1479879422333E-4
6.141361246916189E-4
6.134744604918589E-4
6.128137952644062E-4
6.121541226157635E-4
6.114954361189467E-4
6.108377293138548E-4
6.101809957076359E-4
6.095252287750558E-4
6.088704219588643E-4
6.082165686701686E-4
6.075636622887941E-4
6.069116961636594E-4
6.062606636131419E-4
6.056105579254432E-4
6.04961372358963E-4
6.043131001426644E-4
6.036657344764427E-4
6.030192685314943E-4
6.023736954506876E-4
6.017290083489286E-4
6.010852003135313E-4
6.004422644045868E-4
5.998001936553362E-4
5.991589810725341E-4
5.985186196368217E-4
5.978791023030991E-4
5.972404220008911E-4
5.966025716347204E-4
5.959655440844779E-4
5.953293322057932E-4
5.946939288304092E-4
5.940593267665489E-4
5.934255187992906E-4
5.92792497690941E-4
5.921602561814055E-4
5.915287869885669E-4
5.908980828086526E-4
5.90268136316612E-4
5.896389401664943E-4
5.890104869918204E-4
5.883827694059601E-4
5.877557800025089E-4
5.871295113556696E-4
5.865039560206316E-4
5.858791065339692E-4
5.852549554140491E-4
5.846314951615089E-4
5.84008718259854E-4
5.83386617176399E-4
5.827651843639675E-4
5.821444122644203E-4
5.815242933163516E-4
5.809048199722096E-4
5.802859847363196E-4
5.796677802483515E-4
5.790501994636963E-4
5.784332360362846E-4
5.778168851154504E-4
5.772011449711318E-4
5.765860202386722E-4
5.759715282553388E-4
5.753577111524141E-4
5.747446583825399E-4
5.741325476456105E-4
5.735217173028119E-4
5.729127909881132E-4
5.723068858025969E-4
5.717059493482145E-4
5.711132870638742E-4
5.705343571734014E-4
5.699779204952765E-4
5.694576270804949E-4
5.689940877875562E-4
5.686174003624147E-4
5.683699613555351E-4
5.683091906550928E-4
5.685095369210186E-4
5.690628630579303E-4
5.700761137085806E-4
5.716651610409638E-4
5.739440451504997E-4
5.770095738084678E-4
5.809224270708737E-4
5.856873629466434E-4
5.912364781202393E-4
5.974202211997173E-4
6.040104489563881E-4
6.107179385044978E-4
6.17223558684771E-4
6.232184872598271E-4
6.284456401861645E-4
6.32733148727274E-4
6.360121022768126E-4
6.383147370253337E-4
6.397545858662032E-4
6.404949304968517E-4
6.407144523986713E-4
6.405784418227446E-4
6.40220786806149E-4
6.397377513437169E-4
6.391910181777725E-4
6.386157595746542E-4
6.380297239696211E-4
6.374407626448856E-4
6.368518774096465E-4
6.362640387536547E-4
6.356775013451052E-4
6.350923128383226E-4
6.345084735869663E-4
6.339259759016825E-4
6.333448111608016E-4
6.327649706573837E-4
6.321864456504026E-4
6.316092273662676E-4
6.310333070002845E-4
6.304586757180715E-4
6.298853246569242E-4
6.29313244927133E-4
6.287424276132517E-4
6.281728637753286E-4
6.276045444500841E-4
6.270374606520514E-4
6.264716033746729E-4
6.259069635913586E-4
6.253435322565017E-4
6.247813003064557E-4
6.242202586604824E-4
6.236603982216509E-4
6.231017098777114E-4
6.225441845019298E-4
6.219878129538936E-4
6.214325860802778E-4
6.208784947155903E-4
6.20325529682879E-4
6.19773681794412E-4
6.192229418523266E-4
6.18673300649261E-4
6.18124748968947E-4
6.175772775867843E-4
6.170308772703857E-4
6.164855387801048E-4
6.159412528695298E-4
6.153980102859697E-4
6.148558017709032E-4
6.143146180604183E-4
6.137744498856268E-4
6.132352879730598E-4
6.126971230450462E-4
6.121599458200708E-4
6.116237470131222E-4
6.1108851733601E-4
6.10554247497681E-4
6.100209282045139E-4
6.094885501605988E-4
6.089571040680047E-4
6.084265806270313E-4
6.078969705364534E-4
6.073682644937445E-4
6.06840453195299E-4
6.06313527336635E-4
6.057874776125932E-4
6.05262294717522E-4
6.047379693454541E-4
6.042144921902726E-4
6.036918539458776E-4
6.031700453063305E-4
6.026490569660047E-4
6.021288796197183E-4
6.016095039628729E-4
6.010909206915732E-4
6.00573120502749E-4
6.000560940942744E-4
5.995398321650725E-4
5.99024325415225E-4
5.985095645460762E-4
5.979955402603302E-4
5.974822432621467E-4
5.969696642572397E-4
5.964577939529597E-4
5.959466230583914E-4
5.954361422844383E-4
5.949263423439084E-4
5.944172139515985E-4
5.939087478243829E-4
5.934009346812948E-4
5.928937652436114E-4
5.923872302349381E-4
5.918813203812939E-4
5.913760264111972E-4
5.908713390557528E-4
5.903672490487369E-4
5.898637471266936E-4
5.893608240290198E-4
5.888584704980599E-4
5.883566772792041E-4
5.878554351209825E-4
5.873547347751687E-4
5.868545669968821E-4
5.863549225446937E-4
5.858557921807366E-4
5.853571666708179E-4
5.848590367845362E-4
5.843613932954028E-4
5.838642269809633E-4
5.833675286229271E-4
5.828712890072994E-4
5.823754989245206E-4
5.818801491696019E-4
5.813852305422755E-4
5.808907338471416E-4
5.803966498938278E-4
5.799029694971452E-4
5.794096834772555E-4
5.789167826598399E-4
5.784242578762751E-4
5.779320999638157E-4
5.774402997657782E-4
5.769488481317328E-4
5.764577359177022E-4
5.759669539863651E-4
5.754764932072684E-4
5.749863444570509E-4
5.744964986196886E-4
5.740069465867911E-4
5.73517679258001E-4
5.730286875416629E-4
5.725399623561201E-4
5.720514946325119E-4
5.715632753210579E-4
5.71075295405373E-4
5.705875459347957E-4
5.701000180964469E-4
5.696127033729468E-4
5.691255938808562E-4
5.68638683081703E-4
5.681519672430282E-4
5.676654483722482E-4
5.671791399687508E-4
5.666930780245498E-4
5.662073415254091E-4
5.657220896396016E-4
5.652376272960976E-4
5.647545174294895E-4
5.64273767125624E-4
5.637971260654924E-4
5.633275478362696E-4
5.628698749174211E-4
5.624318109974527E-4
5.620252312249104E-4
5.616678407609476E-4
5.613851123685943E-4
5.612123058396737E-4
5.611961972313585E-4
5.613959449366818E-4
5.618823411377034E-4
5.627346204081062E-4
5.64034122446057E-4
5.658545266708246E-4
5.68249132772527E-4
5.712366843082007E-4
5.747883032974887E-4
5.788188608166489E-4
5.83186130509632E-4
5.877000393307914E-4
5.921422210178986E-4
5.962933080389703E-4
5.999627964532784E-4
6.030148850653831E-4
6.05384180865482E-4
6.07077676353208E-4
6.081632079393226E-4
6.087483502107968E-4
6.08955992788647E-4
6.08902892358384E-4
6.08685478600179E-4
6.083741570703695E-4
6.080146212127875E-4
6.076332121637499E-4
6.072433482431075E-4
6.068510131284024E-4
6.064585084733275E-4
6.060665793434565E-4
6.056754178136523E-4
6.052850551520355E-4
6.048954858476406E-4
6.045066983100127E-4
6.04118680457644E-4
6.03731420379186E-4
6.033449063649089E-4
6.029591268988535E-4
6.025740706511559E-4
6.021897264705471E-4
6.018060833770298E-4
6.014231305547225E-4
6.010408573448714E-4
6.006592532390299E-4
6.002783078724029E-4
5.998980110173446E-4
5.995183525770236E-4
5.991393225792406E-4
5.987609111703971E-4
5.98383108609622E-4
5.980059052630419E-4
5.976292915982017E-4
5.972532581786269E-4
5.968777956585372E-4
5.965028947776855E-4
5.961285463563529E-4
5.957547412904673E-4
5.953814705468593E-4
5.950087251586552E-4
5.946364962207922E-4
5.942647748856687E-4
5.938935523589172E-4
5.935228198953E-4
5.931525687947317E-4
5.927827903984167E-4
5.924134760851095E-4
5.920446172674882E-4
5.916762053886414E-4
5.913082319186715E-4
5.909406883514073E-4
5.905735662012247E-4
5.902068569999748E-4
5.898405522940185E-4
5.894746436413622E-4
5.891091226088973E-4
5.88743980769739E-4
5.883792097006646E-4
5.880148009796488E-4
5.876507461834908E-4
5.872870368855364E-4
5.869236646534965E-4
5.865606210473469E-4
5.861978976173238E-4
5.858354859020052E-4
5.854733774264729E-4
5.851115637005647E-4
5.847500362172059E-4
5.84388786450818E-4
5.840278058558179E-4
5.836670858651808E-4
5.833066178890898E-4
5.829463933136568E-4
5.825864034997159E-4
5.822266397816922E-4
5.818670934665377E-4
5.81507755832738E-4
5.811486181293898E-4
5.807896715753416E-4
5.80430907358399E-4
5.800723166345978E-4
5.79713890527539E-4
5.793556201277812E-4
5.78997496492297E-4
5.786395106439919E-4
5.782816535712696E-4
5.779239162276679E-4
5.775662895315369E-4
5.772087643657808E-4
5.768513315776506E-4
5.76493981978585E-4
5.76136706344103E-4
5.757794954137505E-4
5.754223398910902E-4
5.750652304437414E-4
5.747081577034644E-4
5.743511122662942E-4
5.739940846927097E-4
5.736370655078558E-4
5.732800452018044E-4
5.729230142298491E-4
5.725659630128521E-4
5.72208881937619E-4
5.718517613573188E-4
5.714945915919421E-4
5.711373629287845E-4
5.707800656229795E-4
5.704226898980555E-4
5.700652259465301E-4
5.697076639305343E-4
5.693499939824742E-4
5.689922062057153E-4
5.686342906753015E-4
5.682762374387034E-4
5.679180365165906E-4
5.675596779036358E-4
5.672011515693408E-4
5.668424474588936E-4
5.664835554940468E-4
5.661244655740165E-4
5.657651675764141E-4
5.654056513581901E-4
5.650459067566079E-4
5.64685923590232E-4
5.643256916599418E-4
5.63965200749964E-4
5.636044406289235E-4
5.632434010509231E-4
5.628820717566542E-4
5.625204424745701E-4
5.62158502922178E-4
5.617962428076308E-4
5.614336518319998E-4
5.610707196931786E-4
5.607074360935971E-4
5.603437907566666E-4
5.599797734628236E-4
5.596153741285528E-4
5.592505829774361E-4
5.588853909034251E-4
5.585197902254613E-4
5.58153776218007E-4
5.57787350138337E-4
5.574205250600829E-4
5.570533368144887E-4
5.566858639443941E-4
5.563182630504756E-4
5.559508295287773E-4
5.555840986617135E-4
5.552190082836876E-4
5.548571512281895E-4
5.545011520063606E-4
5.541552048653129E-4
5.538258050482396E-4
5.535226855796247E-4
5.532599311778786E-4
5.530571730013725E-4
5.529406715951496E-4
5.529439791008333E-4
5.53107759167793E-4
5.534782761511822E-4
5.541041018612319E-4
5.550307887031629E-4
5.562936600732511E-4
5.579094529418658E-4
5.598682065803952E-4
5.621273235194864E-4
5.646098748703493E-4
5.672087557601191E-4
5.697971478338669E-4
5.722441053835525E-4
5.744324168561824E-4
5.762748245226675E-4
5.777247373970196E-4
5.787789022807088E-4
5.794717407796528E-4
5.798634221984031E-4
5.800253302746635E-4
5.80026822864102E-4
5.799261018151118E-4
5.797661929559394E-4
5.795753070008236E-4
5.793698474076342E-4
5.791582306153202E-4
5.789442304478678E-4
5.78729301572818E-4
5.785139109326565E-4
5.782982202341057E-4
5.780822863628611E-4
5.778661409710902E-4
5.776498103148793E-4
5.774333189082506E-4
5.772166899831798E-4
5.769999455389832E-4
5.767831063655828E-4
5.765661920665011E-4
5.76349221081579E-4
5.761322107094291E-4
5.759151771296201E-4
5.756981354245994E-4
5.754810996013465E-4
5.75264082612776E-4
5.750470963788756E-4
5.748301518075904E-4
5.746132588154551E-4
5.743964263479752E-4
5.741796623997559E-4
5.739629740343903E-4
5.737463674040967E-4
5.735298477691155E-4
5.733134195168711E-4
5.730970861808857E-4
5.72880850459463E-4
5.7266471423414E-4
5.724486785879025E-4
5.722327438231695E-4
5.72016909479558E-4
5.718011743514085E-4
5.715855365051029E-4
5.713699932961449E-4
5.711545413860322E-4
5.709391767589058E-4
5.707238947379825E-4
5.705086900017775E-4
5.70293556600109E-4
5.700784879699012E-4
5.698634769507687E-4
5.696485158004053E-4
5.69433596209758E-4
5.692187093180105E-4
5.690038457273534E-4
5.687889955175625E-4
5.685741482603821E-4
5.683592930337056E-4
5.681444184355734E-4
5.67929512597966E-4
5.677145632004199E-4
5.674995574834464E-4
5.67284482261772E-4
5.670693239373855E-4
5.668540685124088E-4
5.66638701601785E-4
5.664232084457875E-4
5.662075739223491E-4
5.659917825592181E-4
5.65775818545938E-4
5.655596657456566E-4
5.653433077067621E-4
5.651267276743507E-4
5.64909908601527E-4
5.646928331605359E-4
5.644754837537374E-4
5.642578425244048E-4
5.64039891367377E-4
5.638216119395379E-4
5.636029856701495E-4
5.633839937710176E-4
5.631646172465096E-4
5.629448369034134E-4
5.627246333606514E-4
5.625039870588365E-4
5.622828782696809E-4
5.620612871052632E-4
5.618391935271389E-4
5.616165773553173E-4
5.613934182770847E-4
5.611696958556953E-4
5.609453895389138E-4
5.607204786674259E-4
5.604949424831059E-4
5.602687601371492E-4
5.600419106980743E-4
5.598143731595861E-4
5.595861264483081E-4
5.593571494313882E-4
5.591274209239702E-4
5.588969196965382E-4
5.586656244821386E-4
5.584335139834696E-4
5.58200566879851E-4
5.579667618340767E-4
5.577320774991322E-4
5.574964925248044E-4
5.572599855641658E-4
5.570225352799422E-4
5.567841203507674E-4
5.565447194773196E-4
5.563043113883416E-4
5.560628748465524E-4
5.55820388654449E-4
5.55576831659991E-4
5.553321827621825E-4
5.550864209165398E-4
5.54839525140461E-4
5.545914745184831E-4
5.543422482074354E-4
5.540918254414924E-4
5.538401855371226E-4
5.535873078979363E-4
5.533331720194357E-4
5.530777574936643E-4
5.528210440137582E-4
5.525630113784027E-4
5.523036394962047E-4
5.520429083899662E-4
5.517807982009069E-4
5.515172891928602E-4
5.51252361756561E-4
5.509859964142894E-4
5.507181738255112E-4
5.504488747949735E-4
5.50178080286557E-4
5.499057714501612E-4
5.496319296771425E-4
5.493565367166682E-4
5.490795749183578E-4
5.488010277295456E-4
5.485208806912036E-4
5.482391233818628E-4
5.479557531089468E-4
5.47670781719511E-4
5.473842477965162E-4
5.470962378327606E-4
5.468069218265949E-4
5.465166111475961E-4
5.462258493508521E-4
5.459355494835874E-4
5.456471935335106E-4
5.45363109691543E-4
5.450868391247107E-4
5.44823593543673E-4
5.445807853902179E-4
5.443685819095389E-4
5.442003924903342E-4
5.440931489106458E-4
5.440671898186345E-4
5.441455307543088E-4
5.443523134369706E-4
5.447103101467423E-4
5.452375312504663E-4
5.459432446425577E-4
5.468240251309953E-4
5.478607230241645E-4
5.490173523793441E-4
5.502427313160206E-4
5.514752029841979E-4
5.526499912852326E-4
5.537079084102666E-4
5.546035358395799E-4
5.553109295949191E-4
5.558254719259511E-4
5.561615633260519E-4
5.563470439138361E-4
5.564160947845307E-4
5.564025768024906E-4
5.563352891122896E-4
5.562357428181504E-4
5.561181605189599E-4
5.5599086869579E-4
5.55858161808321E-4
5.557219703527985E-4
5.555830354847992E-4
5.554500266645528E-4
5.553227999480211E-4
5.552011603655526E-4
5.550849033343758E-4
5.549738250021192E-4
5.548677241283355E-4
5.54766402288108E-4
5.546696638593019E-4
5.545773159963196E-4
5.544891686040375E-4
5.544050343119257E-4
5.543247284483587E-4
5.542480690151031E-4
5.541748766619919E-4
5.541049746617742E-4
5.540381888851533E-4
5.539743477759937E-4
5.539132823267153E-4
5.538548260538599E-4
5.537988149738309E-4
5.537450875788186E-4
5.536934848128836E-4
5.536438500482287E-4
5.535960290616342E-4
5.535498700110655E-4
5.53505223412452E-4
5.534619421166314E-4
5.534198812864691E-4
5.533788983741407E-4
5.533388530985769E-4
5.532996074230824E-4
5.532610255331091E-4
5.53222973814202E-4
5.531853208301006E-4
5.531479373010039E-4
5.531106960819994E-4
5.530734721416446E-4
5.530361425407149E-4
5.529985864111023E-4
5.529606849348746E-4
5.529223213234934E-4
5.52883380797178E-4
5.528437505644353E-4
5.5280331980173E-4
5.527619796333213E-4
5.527196231112353E-4
5.526761451954052E-4
5.526314427339413E-4
5.525854144435722E-4
5.52537960890214E-4
5.52488984469694E-4
5.524383893886296E-4
5.523860816454354E-4
5.523319690114888E-4
5.522759610124315E-4
5.522179689096155E-4
5.52157905681695E-4
5.520956860063519E-4
5.520312262421683E-4
5.519644444106316E-4
5.518952601782885E-4
5.518235948390253E-4
5.517493712964894E-4
5.516725140466515E-4
5.515929491604993E-4
5.515106042668583E-4
5.51425408535361E-4
5.513372926595386E-4
5.512461888400468E-4
5.511520307680247E-4
5.510547536085802E-4
5.509542939844112E-4
5.508505899595502E-4
5.507435810232395E-4
5.506332080739337E-4
5.50519413403426E-4
5.504021406811046E-4
5.502813349383321E-4
5.501569425529493E-4
5.500289112338982E-4
5.498971900059789E-4
5.497617291947138E-4
5.496224804113454E-4
5.494793965379495E-4
5.493324317126647E-4
5.491815413150508E-4
5.490266819515511E-4
5.488678114410896E-4
5.487048888007677E-4
5.485378742316887E-4
5.483667291048981E-4
5.481914159474246E-4
5.480118984284558E-4
5.478281413456091E-4
5.476401106113244E-4
5.474477732393681E-4
5.472510973314474E-4
5.4705005206393E-4
5.468446076746811E-4
5.466347354500077E-4
5.464204077117068E-4
5.462015978042264E-4
5.45978280081931E-4
5.45750429896474E-4
5.45518023584277E-4
5.452810384541099E-4
5.450394527747804E-4
5.447932457629273E-4
5.445423975709096E-4
5.442868892748066E-4
5.44026702862516E-4
5.437618212219514E-4
5.434922281293425E-4
5.432179082376367E-4
5.429388470649961E-4
5.426550309833987E-4
5.423664472073274E-4
5.420730837825744E-4
5.417749295751448E-4
5.41471974260271E-4
5.411642083115987E-4
5.408516229905977E-4
5.405342103364473E-4
5.402119631568756E-4
5.398848750211555E-4
5.395529402578395E-4
5.392161539629755E-4
5.388745120308621E-4
5.385280112321452E-4
5.381766493886621E-4
5.37820425740218E-4
5.374593416806658E-4
5.37093402181899E-4
5.367226184565554E-4
5.363470127730039E-4
5.359666268712178E-4
5.355815361653637E-4
5.351918728516041E-4
5.347978620886487E-4
5.343998763901245E-4
5.339985139172436E-4
5.335947059832445E-4
5.331898571564293E-4
5.32786017249081E-4
5.323860777480578E-4
5.319939757980317E-4
5.316148771668105E-4
5.312552968558116E-4
5.30923104064519E-4
5.306273498286517E-4
5.303778546697877E-4
5.301845051914632E-4
5.300562389770764E-4
5.299997520508851E-4
5.300180438045403E-4
5.301090118215316E-4
5.302643994313506E-4
5.304694430094424E-4
5.307035198230418E-4
5.30941931996922E-4
5.311586896372864E-4
5.313298430232256E-4
5.314366712874784E-4
5.31467977955874E-4
5.31420932534002E-4
5.313002935822894E-4
5.311163153625494E-4
5.308819967311198E-4
5.306104399847814E-4
5.303129235885163E-4
5.299979529363337E-4
5.296711997336151E-4
5.293360133477543E-4
5.289941401274377E-4
5.286463796856027E-4
5.297781491456607E-4
5.308790630867572E-4
5.319494463608813E-4
5.329895996596297E-4
5.339998164529661E-4
5.349803872552308E-4
5.359316004227587E-4
5.368537422607548E-4
5.377470970406605E-4
5.386119470117918E-4
5.394485724129172E-4
5.402572514837867E-4
5.410382604766025E-4
5.417918736674354E-4
5.425183633675927E-4
5.432179999349211E-4
5.438910517850702E-4
5.445377854026855E-4
5.451584653525664E-4
5.457533542907575E-4
5.46322712975591E-4
5.468668002786812E-4
5.473858731958569E-4
5.478801868580522E-4
5.483499945421372E-4
5.487955476817025E-4
5.492170958777852E-4
5.496148869095505E-4
5.499891667449209E-4
5.503401795511506E-4
5.506681677053516E-4
5.509733718049684E-4
5.512560306782042E-4
5.515163813943952E-4
5.517546592743332E-4
5.51971097900543E-4
5.521659291275073E-4
5.52339383091841E-4
5.524916882224194E-4
5.526230712504539E-4
5.527337572195209E-4
5.528239694955467E-4
5.528939297767325E-4
5.529438581034405E-4
5.529739728680302E-4
5.529844908246466E-4
5.529756270989586E-4
5.529475951978514E-4
5.529006070190719E-4
5.528348728608285E-4
5.527506014313399E-4
5.526479998583411E-4
5.525272736985414E-4
5.523886269470368E-4
5.522322620466715E-4
5.520583798973641E-4
5.518671798653772E-4
5.516588597925467E-4
5.514336160054638E-4
5.511916433246144E-4
5.509331350734695E-4
5.506582830875347E-4
5.503672777233567E-4
5.500603078674721E-4
5.497375609453321E-4
5.49399222930169E-4
5.490454783518197E-4
5.486765103055109E-4
5.482925004606003E-4
5.478936290692685E-4
5.474800749751723E-4
5.47052015622054E-4
5.466096270623098E-4
5.461530839655106E-4
5.456825596268837E-4
5.451982259757554E-4
5.447002535839405E-4
5.441888116741047E-4
5.436640681280732E-4
5.431261894951019E-4
5.42575341000108E-4
5.420116865518591E-4
5.414353887511188E-4
5.408466088987545E-4
5.402455070038006E-4
5.396322417914871E-4
5.390069707112194E-4
5.38369849944527E-4
5.377210344129654E-4
5.370606777859763E-4
5.363889324887176E-4
5.357059497098471E-4
5.35011879409264E-4
5.343068703258164E-4
5.335910699849685E-4
5.328646247064295E-4
5.32127679611739E-4
5.313803786318187E-4
5.30622864514486E-4
5.298552788319229E-4
5.29077761988116E-4
5.282904532262499E-4
5.274934906360704E-4
5.266870111611987E-4
5.25871150606424E-4
5.250460436449458E-4
5.242118238255826E-4
5.233686235799464E-4
5.225165742295773E-4
5.216558059930398E-4
5.20786447992991E-4
5.199086282631973E-4
5.190224737555317E-4
5.181281103469245E-4
5.172256628462757E-4
5.163152550013456E-4
5.153970095055936E-4
5.144710480049909E-4
5.135374911048009E-4
5.125964583763281E-4
5.116480683636525E-4
5.10692438590362E-4
5.09729685566375E-4
5.087599247949851E-4
5.07783270780508E-4
5.067998370373776E-4
5.058097361025753E-4
5.048130795554429E-4
5.038099780534438E-4
5.028005414012393E-4
5.01784878687391E-4
5.007630985540031E-4
4.997353097193879E-4
4.98701621966002E-4
4.976621479534542E-4
4.966170064390986E-4
4.955663278020411E-4
4.945102631695333E-4
4.934489989016172E-4
4.923827786057872E-4
4.913119350529612E-4
4.902369340877832E-4
4.891584315521876E-4
4.880773420805602E-4
4.869949152562939E-4
4.85912810265046E-4
4.8483315554201156E-4
4.837585761713371E-4
4.826921703878061E-4
4.8163741867138146E-4
4.80598015057521E-4
4.795776197234172E-4
4.7857954299897903E-4
4.7760638185741705E-4
4.766596397094942E-4
4.7573936942426807E-4
4.748438890182063E-4
4.739696288792993E-4
4.7311117415920574E-4
4.7226155709912494E-4
4.714128218448955E-4
4.705568256487671E-4
4.696861659528896E-4
4.6879505847281056E-4
4.6787996923511413E-4
4.6693984560089484E-4
4.659758937075404E-4
4.6499097857201105E-4
4.6398882759739706E-4
4.629732558979206E-4
4.619475908738555E-4
4.609143784185546E-4
4.59875350219864E-4
4.58831562920484E-4
4.5778360318894293E-4
7.181138856134274E-4
7.140779673846498E-4
7.100635026750288E-4
7.060703952937501E-4
7.020985428816962E-4
6.981478419889472E-4
6.942181893521054E-4
6.903094821292142E-4
6.864216179267078E-4
6.825544947993949E-4
6.787080112487294E-4
6.748820662210879E-4
6.710765591060548E-4
6.672913897347113E-4
6.635264583779322E-4
6.597816657446864E-4
6.56056912980344E-4
6.523521016649883E-4
6.486671338117357E-4
6.450019118650582E-4
6.413563386991136E-4
6.377303176160814E-4
6.341237523445023E-4
6.305365470376266E-4
6.269686062717637E-4
6.23419835044643E-4
6.198901387737731E-4
6.163794232948141E-4
6.128875948599482E-4
6.094145601362642E-4
6.059602262041364E-4
6.025245005556208E-4
5.991072910928478E-4
5.957085061264256E-4
5.923280543738462E-4
5.88965844957897E-4
5.856217874050779E-4
5.822957916440276E-4
5.789877680039482E-4
5.756976272130417E-4
5.724252803969476E-4
5.691706390771869E-4
5.659336151696126E-4
5.627141209828635E-4
5.595120692168243E-4
5.563273729610944E-4
5.531599456934524E-4
5.50009701278337E-4
5.46876553965325E-4
5.437604183876195E-4
5.406612095605386E-4
5.375788428800157E-4
5.345132341210961E-4
5.314642994364477E-4
5.284319553548719E-4
5.254161187798189E-4
5.224167069879113E-4
5.194336376274704E-4
5.16466828717049E-4
5.135161986439656E-4
5.105816661628517E-4
5.076631503941932E-4
5.047605708228859E-4
5.018738472967924E-4
4.990029000253021E-4
4.961476495778995E-4
4.933080168827368E-4
4.904839232252084E-4
4.876752902465343E-4
4.8488203994234485E-4
4.8210409466127477E-4
4.793413771035563E-4
4.765938103196227E-4
4.738613177087134E-4
4.711438230174828E-4
4.684412503386185E-4
4.657535241094592E-4
4.630805691106215E-4
4.604223104646282E-4
4.577786736345444E-4
4.551495844226153E-4
4.525349689689093E-4
4.499347537499687E-4
4.4734886557746173E-4
4.447772315968414E-4
4.422197792860054E-4
4.396764364539677E-4
4.3714713123952606E-4
4.3463179210994105E-4
4.3213034785961614E-4
4.2964272760878306E-4
4.2716886080219343E-4
4.24708677207812E-4
4.222621069155155E-4
4.1982908033579795E-4
4.174095281984776E-4
4.1500338155141253E-4
4.1261057175921343E-4
4.1023103050196786E-4
4.078646897739678E-4
4.0551148188243755E-4
4.0317133944627E-4
4.008441953947669E-4
3.9852998296638185E-4
3.962286357074681E-4
3.939400874710339E-4
3.9166427241549496E-4
3.8940112500344016E-4
3.8715058000039526E-4
3.849125724735929E-4
3.8268703779074773E-4
3.8047391161883423E-4
3.782731299228706E-4
3.7608462896470557E-4
3.739083453018095E-4
3.717442157860706E-4
3.695921775625955E-4
3.674521680685128E-4
3.6532412503178087E-4
3.632079864700065E-4
3.6110369068926223E-4
3.5901117628292197E-4
3.5693038213051916E-4
3.5486124739666017E-4
3.5280371153006724E-4
3.507577142629152E-4
3.487231956108619E-4
3.4670009587461925E-4
3.4468835564492167E-4
3.4268791581475253E-4
3.4069871760664144E-4
3.3872070263034647E-4
3.367538129998725E-4
3.347979915625985E-4
3.328531823328866E-4
3.309193312849547E-4
3.2899638775206393E-4
3.270843068051764E-4
3.2518305313933017E-4
3.23292607157929E-4
3.214129740644521E-4
3.1954419676332146E-4
3.176863731187354E-4
3.158396774907167E-4
3.1400438536306226E-4
3.121808983066762E-4
3.103697646831539E-4
3.0857168983442737E-4
3.0678752869417957E-4
3.050182545307577E-4
3.0326490039720615E-4
3.015284747492429E-4
2.998098586999458E-4
2.981096978591727E-4
2.964283047533274E-4
2.9476558711690154E-4
2.931210129430567E-4
2.914936167228536E-4
2.898820453461424E-4
2.8828463872432656E-4
2.866995394896861E-4
2.8512482611715525E-4
2.835586616256317E-4
2.819994442477024E-4
2.804459390004672E-4
2.788973648143229E-4
2.7735341585371663E-4
2.7581420946678136E-4
2.7428017285306374E-4
2.727518979209415E-4
2.712300010096837E-4
2.697150180652619E-4
2.6820734994237387E-4
2.667072545796023E-4
2.652148704551818E-4
0.04626785248010654
