1.6317852506741009E-4
3.271435442846222E-4
4.918453587353779E-4
6.571364066314168E-4
8.227799267348138E-4
9.884706947034226E-4
0.0011538665640102477
0.001318627402438371
0.0014824561467179495
0.001645135662604271
0.0018065553947340335
0.0019667236336159055
0.0021257643315799792
0.002283900920031229
0.0024414323242247463
0.002598707284052315
0.002756101801754681
0.002914001645969154
0.003072788672198853
0.003232827659083264
0.003394450147701417
0.0035579332112297924
0.00372347332592181
0.003891157652940777
0.004060936553490293
0.004069423433818803
0.00407863285003966
0.0040880716722874405
0.004097201606967234
0.004105472441750583
0.004112361381821906
0.004117415086034607
0.004120289901927396
0.00412078513872358
0.004118864287263872
0.004114660135103044
0.004108461834083853
0.004100684983620889
0.004091829139424089
0.004082429926579944
0.004073014098046487
0.004064064750920959
0.004056000616957211
0.004049168958740998
0.00404384778093957
0.004040251244134611
0.004038532825465611
0.004038783228999648
0.004041022970643805
0.00404519176642514
0.004051137875538266
0.004058610618455628
0.004067258886265102
0.004076637893781965
0.0040862257371598164
0.004095450382267237
0.004103726447444047
0.004110499579706066
0.0041152945034926775
0.004117761210911457
0.0041177126562864505
0.004115147221083356
0.0041102506294209366
0.004103375161727501
0.004094998587543905
0.0040856700860393775
0.004075953831454095
0.004066381294801869
0.004057420096528059
0.0040494614818424
0.0040428225118236604
0.004037755320091889
0.004034455518753582
0.004033064494854685
0.0040336641271650426
0.00403626558114663
0.004040795452643468
0.004047082874764285
0.004054850944896636
0.004063715448442553
0.004073193411597371
0.004082723313738268
0.004091697632647622
0.004099506708342386
0.004105590769227384
0.004109494614631294
0.0041109173600767275
0.004109748540016108
0.004106082564217548
0.004100206646843574
0.00409256273713201
0.00408369041701336
0.004074162958630229
0.004064530423842129
0.0040552807043344125
0.004046822709823083
0.004039488333239892
0.004033544583271161
0.004029206225582274
0.004026641986925321
0.004025971901217734
0.004027256766990876
0.004030482938731327
0.00403554621146593
0.0040422384111459975
0.004050240075780972
0.004059122386689736
0.004068361035908602
0.00407736371207029
0.004085511197584066
0.004092209706486141
0.004096949272818851
0.004099360230437789
0.004099257955439734
0.004096666140591953
0.004091811810952001
0.004085091110568342
0.004077012281644407
0.004068128667697275
0.0040589771984696175
0.0040500351290511105
0.004041700682953444
0.004034294775594842
0.004028074856840916
0.004023250332738403
0.0040199958982871774
0.004018450088484656
0.004018705150656649
0.004020791247724389
0.004024658638872732
0.004030161407548181
0.004037046187346836
0.004044949272054086
0.00405340520871608
0.004061869133134067
0.004069753511544768
0.004076477568342339
0.004081524695979393
0.00408450006802038
0.0040851784083049385
0.004083531577529502
0.004079728323227958
0.004074104339737573
0.004067108410673973
0.004059237221701741
0.004050974478904367
0.004042747570254257
0.004034907965180743
0.004027732972625406
0.004021440146104853
0.004016313559400969
0.004012583765767122
0.004010431670596075
0.004009983384895554
0.004011298813442048
0.004014357362692919
0.004019044097749981
0.004025139606347995
0.004032316840845661
0.00404014802987903
0.004048124048357238
0.004055687195279781
0.00406227610633752
0.0040673786896714345
0.004070585998029632
0.004071637699207994
0.0040704494036544955
0.004067114518032832
0.004061878660622554
0.004055091785971901
0.004047149544034256
0.004038438276139114
0.004029295873393954
0.00401999425580978
0.004010741367900218
0.0040045471544404385
0.004001096288208393
0.004000091950006668
0.004001254787848894
0.004004314304067925
0.004008995047760172
0.004015000519982515
0.0040219976220233
0.004029604394053296
0.004037383789941868
0.004044846070179575
0.004051461782653904
0.004056686064665971
0.004059993111659781
0.0040609172776127555
0.0040590948208753955
0.004054298519077014
0.004046457175921681
0.004035654190556176
0.0040221039029956955
0.004006110287773967
0.003988017665611224
0.003968165210513152
0.00394685499456724
0.003924337896629065
0.003974974253621318
0.004016217698726378
0.004048868866107986
0.004073665971735874
0.004091289562666198
0.0041023613526406716
0.004107439102097729
0.0041070098436105954
0.004101483598409336
0.004091189559071851
0.004076376600875283
0.004057219754899963
0.004033833736985414
0.0040062936797946565
0.003974661876710741
0.003939017762521867
0.003899486842899254
0.0038562633412489024
0.003809621541394525
0.00375991257968251
0.0037075466752973076
0.003652964643120508
0.003596605597377883
0.003538878652057261
0.0034801446032730237
0.005348817868933418
0.005140667505734531
0.0049409319382237304
0.004749325905367792
0.004565561162828641
0.0043893495068323875
0.004220402189485008
0.0040584272992246935
0.0039031265834401896
0.0037541928636607197
0.0036113089233945927
0.003474148558515062
0.0033423802702418764
0.0032156737637423637
0.003093708964890482
0.0029761867142184756
0.0028628397226668134
0.0027534419185335874
0.002647814171015841
0.0025458247352526248
0.0024473837132562275
0.0023524322254578883
0.0022609284308650448
0.0021728334584515223
0.0020881002683428825
0.052137828027440984
