7.333512798070627E-6
1.46478083312724E-5
2.1942854603307904E-5
2.921861964482949E-5
3.64750714941308E-5
4.371217819678377E-5
5.092990780432433E-5
5.812822837243095E-5
6.530710795905602E-5
7.246651462255576E-5
7.960641641981979E-5
8.672678140440042E-5
9.382757762464136E-5
1.0090877312180674E-4
1.0797033592820933E-4
1.1501223406534015E-4
1.2203443554199688E-4
1.2903690835241462E-4
1.3601962047439577E-4
1.4298253986744195E-4
1.4992563447088566E-4
1.5684887220202438E-4
1.6375222095425587E-4
1.7063564859521362E-4
1.7749912296490648E-4
1.8434261187385732E-4
1.9116608310124647E-4
1.9796950439305541E-4
2.0475284346021337E-4
2.115160679767481E-4
2.182591455779362E-4
2.249820438584598E-4
2.316847303705637E-4
2.383671726222182E-4
2.4502933807528295E-4
2.516711941436766E-4
2.5829270819154856E-4
2.648938475314571E-4
2.7147457942254815E-4
2.7803487106874277E-4
2.845746896169256E-4
2.9109400215513993E-4
2.975927757107874E-4
3.040709772488331E-4
3.1052857367001554E-4
3.169655318090623E-4
3.233818184329112E-4
3.297774002389384E-4
3.361522438531915E-4
3.4250631582862927E-4
3.488395826433673E-4
3.551520106989341E-4
3.6144356631852905E-4
3.6771421574529337E-4
3.739639251405911E-4
3.8019266058230436E-4
3.8640038806316105E-4
3.925870734891119E-4
3.987526826778207E-4
4.048971813573947E-4
4.1102053516561815E-4
4.171227096502742E-4
4.232036702717396E-4
4.2926338241032914E-4
4.353018113833662E-4
4.413189224819051E-4
4.473146810465071E-4
4.5328905261940005E-4
4.5924200324347987E-4
4.651735000388056E-4
4.710835122941015E-4
4.769720134966584E-4
4.8283898503967366E-4
4.886844228693766E-4
4.945083491791867E-4
5.003108325844076E-4
5.060920222292027E-4
5.118522042448574E-4
5.175918931730225E-4
5.233119766300793E-4
5.290139387110919E-4
5.347001961800044E-4
5.403745905550677E-4
5.460430870722339E-4
5.517147352772436E-4
5.574029412991357E-4
5.631270829272949E-4
5.689144588114138E-4
5.748024961957774E-4
5.80841043969371E-4
5.870944515828248E-4
5.936429910526564E-4
6.005830429654408E-4
6.08025376209244E-4
6.160908547493227E-4
6.249030563397868E-4
6.345776299701977E-4
6.452087628717977E-4
6.568538343573489E-4
6.695180965177E-4
6.83141868530451E-4
6.975930473703124E-4
7.126675167399201E-4
7.280991514884707E-4
7.435795933676809E-4
7.587860429703429E-4
7.734133907074784E-4
7.872056224534721E-4
7.999810644836761E-4
8.116469370219514E-4
8.222007667130827E-4
8.317189802586507E-4
8.403357123269399E-4
8.482167345770153E-4
8.555339280775532E-4
8.624448096346671E-4
8.690796883232285E-4
8.755367786742976E-4
8.818837519320209E-4
8.881632295295669E-4
8.943996871264641E-4
9.006058791447175E-4
9.06787793763731E-4
9.129479369651866E-4
9.190872266231223E-4
9.178724320453371E-4
9.166563449784779E-4
9.154389941276015E-4
9.142203922737627E-4
9.130005490338646E-4
9.117794734759026E-4
9.105571745174733E-4
9.093336609659233E-4
9.081089415203197E-4
9.068830247714335E-4
9.05655919201716E-4
9.044276331852949E-4
9.031981749879784E-4
9.019675527672684E-4
9.007357745723848E-4
8.995028483442964E-4
8.982687819157678E-4
8.970335830114081E-4
8.957972592477415E-4
8.945598181332772E-4
8.933212670685952E-4
8.920816133464414E-4
8.908408641518321E-4
8.895990265621726E-4
8.88356107547383E-4
8.871121139700348E-4
8.858670525855006E-4
8.846209300421112E-4
8.833737528813291E-4
8.82125527537925E-4
8.808762603401741E-4
8.796259575100563E-4
8.783746251634697E-4
8.771222693104574E-4
8.758688958554449E-4
8.746145105974848E-4
8.733591192305163E-4
8.721027273436366E-4
8.708453404213808E-4
8.695869638440156E-4
8.683276028878423E-4
8.670672627255147E-4
8.658059484263617E-4
8.645436649567303E-4
8.632804171803325E-4
8.620162098586085E-4
8.607510476510967E-4
8.594849351158225E-4
8.582178767096893E-4
8.569498767888918E-4
8.556809396093273E-4
8.54411069327033E-4
8.531402699986278E-4
8.518685455817638E-4
8.505958999355975E-4
8.493223368212759E-4
8.480478599024387E-4
8.467724727457709E-4
8.454961788216019E-4
8.442189815046547E-4
8.429408840750605E-4
8.416618897199574E-4
8.403820015362982E-4
8.391012225361803E-4
8.378195556573524E-4
8.365370037842143E-4
8.352535697897771E-4
8.339692566188455E-4
8.326840674510493E-4
8.313980060160227E-4
8.301110771937315E-4
8.288232881401029E-4
8.275346503633902E-4
8.262451834900303E-4
8.249549219763101E-4
8.236639268559499E-4
8.223723059211175E-4
8.21080247724823E-4
8.197880777254166E-4
8.184963490578844E-4
8.172059860784521E-4
8.15918506133269E-4
8.146363538059042E-4
8.133633915307146E-4
8.121055994075513E-4
8.108720426203907E-4
8.096761628772706E-4
8.08537435028746E-4
8.074833945660049E-4
8.065519789757908E-4
8.057940306920415E-4
8.05275681210516E-4
8.050801830077745E-4
8.053085988777404E-4
8.060786328687922E-4
8.075208433626321E-4
8.097715758516448E-4
8.129622455503445E-4
8.172051195955161E-4
8.225764797353504E-4
8.29098905163511E-4
8.367252393711958E-4
8.453273665511015E-4
8.546929706318405E-4
8.645327802510127E-4
8.744993492110586E-4
8.842163309151965E-4
8.933148660658327E-4
9.014716955300839E-4
9.084425628070057E-4
9.140848517221523E-4
9.183653195093113E-4
9.213518613672252E-4
9.231916848161251E-4
9.240810964984375E-4
9.242334817186043E-4
9.238516317285971E-4
9.231086041500547E-4
9.221385513100782E-4
9.210363672821055E-4
9.198633382864439E-4
9.186555268328667E-4
9.174321846131897E-4
9.162025772173341E-4
9.149706913491091E-4
9.137380441292394E-4
9.125051396129587E-4
9.112721222728022E-4
9.100390281659528E-4
9.088058662655309E-4
9.075726400943681E-4
9.063393522730258E-4
9.051060052297324E-4
9.038726012740279E-4
9.026391426010452E-4
9.014056312920756E-4
9.001720693151468E-4
8.9893845852562E-4
8.977048006667922E-4
8.964710973705304E-4
8.952373501579048E-4
8.940035604398472E-4
8.927697295178242E-4
8.915358585845204E-4
8.903019487245485E-4
8.890680009151618E-4
8.878340160269948E-4
8.865999948248094E-4
8.853659379682645E-4
8.84131846012697E-4
8.828977194099194E-4
8.816635585090337E-4
8.804293635572587E-4
8.791951347007754E-4
8.779608719855866E-4
8.767265753583846E-4
8.754922446674483E-4
8.74257879663539E-4
8.730234800008218E-4
8.717890452377955E-4
8.705545748382389E-4
8.693200681721699E-4
8.680855245168168E-4
8.668509430576062E-4
8.656163228891625E-4
8.643816630163167E-4
8.63146962355136E-4
8.61912219733956E-4
8.606774338944324E-4
8.594426034926014E-4
8.582077270999524E-4
8.569728032045112E-4
8.55737830211936E-4
8.545028064466227E-4
8.532677301528207E-4
8.520325994957625E-4
8.507974125627948E-4
8.495621673645323E-4
8.483268618360091E-4
8.470914938378465E-4
8.45856061157427E-4
8.446205615100816E-4
8.433849925402876E-4
8.421493518228817E-4
8.409136368642994E-4
8.396778451038625E-4
8.384419739151651E-4
8.372060206076705E-4
8.359699824287403E-4
8.347338565666051E-4
8.334976401553104E-4
8.32261330283752E-4
8.310249240131221E-4
8.297884184113301E-4
8.285518106212039E-4
8.27315097994855E-4
8.26078278355554E-4
8.248413505012393E-4
8.23604315158151E-4
8.223671767582063E-4
8.211299466964488E-4
8.19892649197706E-4
8.18655331693006E-4
8.174180828314319E-4
8.161810631429235E-4
8.149445561898773E-4
8.137090521091285E-4
8.124753810538039E-4
8.112449213962457E-4
8.100199165776362E-4
8.088039445912035E-4
8.076025938028356E-4
8.064244054252681E-4
8.052821421348536E-4
8.041944279501623E-4
8.031877690115641E-4
8.022989003485063E-4
8.015773038849674E-4
8.010876067202495E-4
8.009114045450395E-4
8.01147885440386E-4
8.019124941684732E-4
8.03332833296649E-4
8.055411122889786E-4
8.08662791438855E-4
8.128016581764999E-4
8.180223957425223E-4
8.243326525977063E-4
8.316674963900309E-4
8.398796660143477E-4
8.487389302198747E-4
8.579429099484405E-4
8.671398996912107E-4
8.759617782141642E-4
8.840625625810965E-4
8.911562485483433E-4
8.970469884357006E-4
9.016457884262828E-4
9.049706564157825E-4
9.07130828187322E-4
9.08299277054546E-4
9.086800741597284E-4
9.084776113831553E-4
9.078732051482682E-4
9.070118289600331E-4
9.05998724092053E-4
9.049033958699454E-4
9.037675544580385E-4
9.026138582114621E-4
9.014533824361073E-4
9.002909568395328E-4
8.991284383956542E-4
8.979664458564134E-4
8.968051524598381E-4
8.956445954946659E-4
8.944847779485495E-4
8.933256958826028E-4
8.921673442508014E-4
8.910097178181683E-4
8.898528112576574E-4
8.88696619156679E-4
8.875411360187687E-4
8.863863562652899E-4
8.852322742371794E-4
8.840788841967168E-4
8.829261803293423E-4
8.817741567454811E-4
8.806228074824063E-4
8.794721265061168E-4
8.783221077132359E-4
8.771727449329242E-4
8.760240319288046E-4
8.74875962400904E-4
8.737285299875935E-4
8.725817282675437E-4
8.714355507616795E-4
8.702899909351371E-4
8.691450421992254E-4
8.680006979133795E-4
8.66856951387114E-4
8.657137958819753E-4
8.645712246134829E-4
8.634292307530612E-4
8.622878074299677E-4
8.611469477332091E-4
8.600066447134438E-4
8.58866891384877E-4
8.577276807271333E-4
8.565890056871261E-4
8.554508591809037E-4
8.543132340954824E-4
8.531761232906611E-4
8.520395196008232E-4
8.509034158367113E-4
8.497678047871951E-4
8.486326792210087E-4
8.474980318884785E-4
8.463638555232213E-4
8.452301428438317E-4
8.440968865555405E-4
8.429640793518606E-4
8.418317139162017E-4
8.406997829234739E-4
8.395682790416638E-4
8.384371949333929E-4
8.373065232574471E-4
8.361762566702968E-4
8.350463878275856E-4
8.339169093856048E-4
8.327878140027445E-4
8.316590943409293E-4
8.305307430670535E-4
8.294027528544115E-4
8.282751163841878E-4
8.271478263470651E-4
8.260208754451485E-4
8.248942563945803E-4
8.237679619296637E-4
8.226419848101828E-4
8.215163178353942E-4
8.203909538716754E-4
8.19265885907709E-4
8.181411071642707E-4
8.170166113105318E-4
8.158923928846783E-4
8.14768448099713E-4
8.136447763625824E-4
8.125213830902153E-4
8.113982848387619E-4
8.102755184773863E-4
8.091531572880132E-4
8.080313386684546E-4
8.069103108309829E-4
8.057905098422381E-4
8.046726838660184E-4
8.035580887729748E-4
8.024487883214079E-4
8.013481022943464E-4
8.002612557823068E-4
7.991962893549549E-4
7.981652885414793E-4
7.971859752943834E-4
7.962836658432181E-4
7.954935301506969E-4
7.948629818583969E-4
7.944538840436684E-4
7.943440862891494E-4
7.946276396288513E-4
7.954129143006962E-4
7.968178349707891E-4
7.989616214024834E-4
8.019528402850432E-4
8.058742569535225E-4
8.107658725390659E-4
8.166084943124201E-4
8.233109683042368E-4
8.307044971546027E-4
8.385469886562791E-4
8.465389865925331E-4
8.543505335163702E-4
8.616557257698787E-4
8.681694284765903E-4
8.736793907417451E-4
8.780674164385271E-4
8.8131541834021E-4
8.834956256825522E-4
8.847479337936857E-4
8.852502134149986E-4
8.851884514414669E-4
8.847326352520379E-4
8.840218205422132E-4
8.831588407520787E-4
8.822126778356223E-4
8.812252867531066E-4
8.802197266506408E-4
8.792073839775525E-4
8.781932669305562E-4
8.771793130532265E-4
8.761661681531253E-4
8.751540092320609E-4
8.741428691796889E-4
8.731327443459527E-4
8.721236237423404E-4
8.711154952973682E-4
8.701083468544173E-4
8.69102166282235E-4
8.680969414867819E-4
8.670926604172951E-4
8.660893110719267E-4
8.65086881502981E-4
8.640853598217613E-4
8.630847342030498E-4
8.620849928892197E-4
8.610861241940142E-4
8.60088116505989E-4
8.5909095829164E-4
8.580946380982302E-4
8.570991445563241E-4
8.561044663820454E-4
8.551105923790682E-4
8.54117511440357E-4
8.53125212549664E-4
8.521336847827912E-4
8.511429173086425E-4
8.501528993900549E-4
8.491636203844384E-4
8.481750697442242E-4
8.471872370171372E-4
8.462001118462911E-4
8.452136839701282E-4
8.44227943222209E-4
8.43242879530853E-4
8.422584829186513E-4
8.412747435018452E-4
8.402916514895931E-4
8.393091971831203E-4
8.383273709747688E-4
8.373461633469488E-4
8.363655648710023E-4
8.353855662059773E-4
8.344061580973369E-4
8.334273313755842E-4
8.324490769548365E-4
8.314713858313302E-4
8.304942490818783E-4
8.29517657862281E-4
8.285416034056911E-4
8.27566077020945E-4
8.265910700908587E-4
8.256165740705017E-4
8.24642580485441E-4
8.236690809299742E-4
8.226960670653416E-4
8.217235306179304E-4
8.207514633774757E-4
8.197798571952573E-4
8.188087039822972E-4
8.178379957075673E-4
8.168677243962142E-4
8.158978821278185E-4
8.149284610347096E-4
8.139594533004172E-4
8.129908511583852E-4
8.120226468912567E-4
8.110548328313626E-4
8.100874013637747E-4
8.091203449346998E-4
8.081536560709593E-4
8.071873274220273E-4
8.062213518473862E-4
8.052557225934331E-4
8.042904336443566E-4
8.033254804052933E-4
8.023608610086894E-4
8.013965787678632E-4
8.004326467014868E-4
7.994690957206864E-4
7.985059891561184E-4
7.975434480130579E-4
7.965816939472346E-4
7.956211207674258E-4
7.946624106024704E-4
7.937067179163116E-4
7.927559532055704E-4
7.918132077616369E-4
7.908833696245612E-4
7.899739856698229E-4
7.890964207301337E-4
7.882673449927888E-4
7.875105375893079E-4
7.868589196004381E-4
7.863566192033782E-4
7.860607285480424E-4
7.860422520562317E-4
7.863856023522784E-4
7.871859248995983E-4
7.885435917077666E-4
7.905554646493482E-4
7.933030329580555E-4
7.968382658229278E-4
8.011688940987713E-4
8.062456519088515E-4
8.119544975904632E-4
8.181167065241507E-4
8.244987857077479E-4
8.308324054610855E-4
8.368422676341959E-4
8.422776004795038E-4
8.469415009417943E-4
8.507122505249403E-4
8.535522564922781E-4
8.555031152267515E-4
8.566686426453116E-4
8.57190502999085E-4
8.572223936864318E-4
8.569082524638612E-4
8.56367974125751E-4
8.556915059792783E-4
8.549399083385963E-4
8.541506952968477E-4
8.533446660718166E-4
8.525321688980595E-4
8.517177843535571E-4
8.509032931691287E-4
8.500892901719423E-4
8.492759376520008E-4
8.484632648418515E-4
8.4765126774413E-4
8.468399363399525E-4
8.460292603992297E-4
8.452192303622629E-4
8.444098373872348E-4
8.436010733064241E-4
8.427929305789463E-4
8.419854022450801E-4
8.411784818821371E-4
8.403721635618558E-4
8.395664418092637E-4
8.387613115630012E-4
8.379567681370482E-4
8.37152807183846E-4
8.363494246587649E-4
8.355466167858962E-4
8.34744380025133E-4
8.339427110405178E-4
8.331416066698156E-4
8.32341063895296E-4
8.315410798156919E-4
8.307416516192941E-4
8.29942776558183E-4
8.291444519235424E-4
8.283466750220406E-4
8.275494431532578E-4
8.267527535881253E-4
8.259566035483552E-4
8.251609901868366E-4
8.243659105689741E-4
8.235713616549454E-4
8.227773402828479E-4
8.219838431527252E-4
8.21190866811437E-4
8.203984076383572E-4
8.196064618318794E-4
8.188150253967076E-4
8.180240941319045E-4
8.172336636196894E-4
8.164437292149532E-4
8.156542860354814E-4
8.14865328952857E-4
8.140768525840296E-4
8.132888512835289E-4
8.12501319136307E-4
8.117142499511897E-4
8.109276372549207E-4
8.101414742867745E-4
8.09355753993737E-4
8.085704690262202E-4
8.077856117342997E-4
8.070011741644676E-4
8.062171480568708E-4
8.054335248430306E-4
8.046502956440281E-4
8.038674512691293E-4
8.030849822148509E-4
8.023028786644446E-4
8.015211304877957E-4
8.007397272417223E-4
7.999586581707003E-4
7.991779122080182E-4
7.983974779774933E-4
7.976173437959359E-4
7.968374976768728E-4
7.960579273366056E-4
7.952786202048874E-4
7.944995634449867E-4
7.937207439928682E-4
7.929421486351102E-4
7.921637641641979E-4
7.913855776860981E-4
7.90607577222368E-4
7.898297528714696E-4
7.890520990111989E-4
7.882746183998147E-4
7.874973296651335E-4
7.867202807013451E-4
7.859435721185336E-4
7.851673973583149E-4
7.843921096783591E-4
7.836183311653286E-4
7.828471253525826E-4
7.820802626316972E-4
7.813206155385426E-4
7.805727272277902E-4
7.798435976986996E-4
7.791437236717511E-4
7.784884030945269E-4
7.778992672207102E-4
7.774059266472628E-4
7.770475118214009E-4
7.768737613539237E-4
7.769451841285022E-4
7.773317306265298E-4
7.781094064070223E-4
7.793544035699247E-4
7.811346604008893E-4
7.834992953467535E-4
7.864670462155421E-4
7.900155454766075E-4
7.94073769012235E-4
7.985200661016623E-4
8.031876153833551E-4
8.078779021805224E-4
8.123810508432501E-4
8.164999889054675E-4
8.200740420457569E-4
8.229972038822671E-4
8.252272751759739E-4
8.26784171950283E-4
8.277383639634511E-4
8.281927697775301E-4
8.28262724037563E-4
8.280584713262493E-4
8.276732136296626E-4
8.271776879867589E-4
8.266203697962902E-4
8.260314626169123E-4
8.254278943575786E-4
8.248182082239706E-4
8.242062795239522E-4
8.235936983106556E-4
8.229810767372996E-4
8.223686638328258E-4
8.217565914968478E-4
8.211449570659475E-4
8.205338460718565E-4
8.199233372832406E-4
8.193135036455521E-4
8.187044125204831E-4
8.180961258447513E-4
8.174887002817931E-4
8.168821873706811E-4
8.162766336723118E-4
8.156720809128905E-4
8.150685661247591E-4
8.144661217846066E-4
8.138647759490877E-4
8.132645523879015E-4
8.126654707143589E-4
8.120675465134739E-4
8.114707914676143E-4
8.108752134797523E-4
8.102808167943424E-4
8.096876021158642E-4
8.090955667250739E-4
8.085047045929719E-4
8.079150064925474E-4
8.073264601083213E-4
8.067390501437139E-4
8.0615275842628E-4
8.055675640108365E-4
8.049834432805131E-4
8.044003700457652E-4
8.038183156413655E-4
8.032372490214181E-4
8.026571368524166E-4
8.020779436043792E-4
8.014996316400828E-4
8.009221613024393E-4
8.003454910000266E-4
7.997695772908096E-4
7.991943749640829E-4
7.986198371206533E-4
7.980459152512896E-4
7.974725593134836E-4
7.968997178065192E-4
7.963273378449024E-4
7.95755365230163E-4
7.951837445210548E-4
7.946124191021871E-4
7.940413312511005E-4
7.934704222038233E-4
7.928996322189228E-4
7.923289006400811E-4
7.917581659572154E-4
7.911873658661712E-4
7.906164373270025E-4
7.900453166208676E-4
7.894739394055728E-4
7.88902240769755E-4
7.883301552857659E-4
7.877576170612431E-4
7.871845597894192E-4
7.866109167981713E-4
7.860366210978534E-4
7.854616054279372E-4
7.848858023025269E-4
7.843091440548485E-4
7.837315628809286E-4
7.831529908829055E-4
7.825733601129262E-4
7.819926026196614E-4
7.814106505016726E-4
7.808274359764672E-4
7.802428914831541E-4
7.796569498545031E-4
7.790695446284499E-4
7.784806106331874E-4
7.77890085096945E-4
7.772979097414168E-4
7.767040346765415E-4
7.761084255145831E-4
7.755110760918841E-4
7.749120306972973E-4
7.743114219588563E-4
7.737095337352545E-4
7.731069026227622E-4
7.72504476945696E-4
7.719038578765608E-4
7.713076525036403E-4
7.707199711707349E-4
7.701470980587599E-4
7.695983504469729E-4
7.690871134217277E-4
7.68631988550212E-4
7.682579253187598E-4
7.679971164806645E-4
7.678893450385792E-4
7.679813947252865E-4
7.68325112097459E-4
7.689737780486452E-4
7.699766470794891E-4
7.713718605090549E-4
7.731784103538127E-4
7.753883420426239E-4
7.779607960621087E-4
7.808196256122404E-4
7.838560316013744E-4
7.869368601490064E-4
7.899180005587069E-4
7.926609749358661E-4
7.95049729508631E-4
7.970042342049433E-4
7.984880197401558E-4
7.995081754154278E-4
8.001082065240107E-4
8.003559025468238E-4
8.003294107486359E-4
8.001047264864747E-4
7.997468861192931E-4
7.993057155350075E-4
7.988391527302668E-4
7.983678787773952E-4
7.979031721927225E-4
7.974503335003488E-4
7.970113226660765E-4
7.965864655501292E-4
7.961753967906528E-4
7.957775055702226E-4
7.953921146415457E-4
7.95018540441821E-4
7.946561094826964E-4
7.943041617389154E-4
7.939620510198125E-4
7.936291448278366E-4
7.933048241617938E-4
7.929884833192529E-4
7.926795297012667E-4
7.92377383619389E-4
7.920814781049597E-4
7.917912587206435E-4
7.915061833741812E-4
7.912257221343597E-4
7.909493570491492E-4
7.906765819660072E-4
7.904069023543194E-4
7.901398351299505E-4
7.898749084818923E-4
7.896116617009889E-4
7.893496450107055E-4
7.890884193999367E-4
7.888275564578184E-4
7.885666382105368E-4
7.883052569600977E-4
7.880430151250566E-4
7.877795250831731E-4
7.875144090159728E-4
7.872472987552071E-4
7.869778356311766E-4
7.867056703229126E-4
7.864304627101908E-4
7.86151881727357E-4
7.858696052189476E-4
7.855833197970943E-4
7.85292720700677E-4
7.849975116562285E-4
7.846974047405522E-4
7.843921202450514E-4
7.840813865417425E-4
7.837649399509372E-4
7.834425246105824E-4
7.831138923472263E-4
7.827788025486098E-4
7.824370220378558E-4
7.820883249492472E-4
7.817324926055609E-4
7.813693133969694E-4
7.809985826614669E-4
7.806201025668158E-4
7.802336819939988E-4
7.798391364221549E-4
7.794362878149917E-4
7.790249645086463E-4
7.786050011009928E-4
7.781762383423747E-4
7.777385230277421E-4
7.772917078901915E-4
7.768356514958771E-4
7.76370218140299E-4
7.75895277745931E-4
7.754107057612073E-4
7.749163830608161E-4
7.744121958473484E-4
7.738980355542844E-4
7.733737987503965E-4
7.728393870457349E-4
7.722947069995674E-4
7.717396700311743E-4
7.711741923353868E-4
7.705981948070076E-4
7.700116029827098E-4
7.694143470180712E-4
7.688063617350702E-4
7.68187586809171E-4
7.675579672278982E-4
7.669174542662739E-4
7.6626600742325E-4
7.656035981005001E-4
7.649302163568856E-4
7.642458829410664E-4
7.635506701148075E-4
7.628447366576716E-4
7.621283849791224E-4
7.6140215143363E-4
7.606669444892903E-4
7.599242487142374E-4
7.591764144462125E-4
7.584270516494545E-4
7.576815393011171E-4
7.569476456972354E-4
7.56236227514109E-4
7.555619348084724E-4
7.549437968614588E-4
7.544055062618907E-4
7.539751688956504E-4
7.536842656518832E-4
7.535656027954108E-4
7.53650136460237E-4
7.539627563128219E-4
7.545173945795443E-4
7.553121452581667E-4
7.563253523941581E-4
7.575137473017061E-4
7.588135779465362E-4
7.601452238365788E-4
7.614210653880854E-4
7.625555329149348E-4
7.634755455248966E-4
7.641292308466832E-4
7.644910694599919E-4
7.645624246916745E-4
7.643675749437328E-4
7.639464876477794E-4
7.63346282251146E-4
7.626134019377498E-4
7.617879799743321E-4
7.638665472971969E-4
7.65834032172014E-4
7.677050937587029E-4
7.694885059261074E-4
7.711892703307679E-4
7.728102608226101E-4
7.743532950291602E-4
7.75819729703759E-4
7.772107435004555E-4
7.785274510782361E-4
7.797709416896711E-4
7.809422899063855E-4
7.820425580349074E-4
7.83072796597846E-4
7.840340444834789E-4
7.849273290573654E-4
7.857536662709954E-4
7.865140607695384E-4
7.872095059986825E-4
7.878409843105741E-4
7.884094670688791E-4
7.88915914752953E-4
7.893612770611373E-4
7.897464930131857E-4
7.900724910518371E-4
7.90340189143515E-4
7.90550494878198E-4
7.907043055684315E-4
7.908025083475122E-4
7.9084598026684E-4
7.90835588392447E-4
7.907721899007082E-4
7.906566321732439E-4
7.904897528910152E-4
7.902723801276211E-4
7.900053324418059E-4
7.896894189691799E-4
7.89325439513155E-4
7.88914184635114E-4
7.884564357438075E-4
7.879529651839875E-4
7.874045363242889E-4
7.868119036443564E-4
7.861758128212299E-4
7.854970008149916E-4
7.847761959536737E-4
7.840141180174465E-4
7.832114783220796E-4
7.823689798016928E-4
7.814873170907868E-4
7.805671766055781E-4
7.796092366246276E-4
7.786141673687812E-4
7.775826310804141E-4
7.76515282102E-4
7.754127669539939E-4
7.742757244120512E-4
7.731047855835669E-4
7.719005739835657E-4
7.706637056099258E-4
7.693947890179556E-4
7.680944253943193E-4
7.667632086303212E-4
7.654017253945598E-4
7.640105552049403E-4
7.625902705000642E-4
7.611414367100015E-4
7.596646123264342E-4
7.581603489722023E-4
7.566291914702301E-4
7.550716779118611E-4
7.534883397245886E-4
7.518797017392105E-4
7.502462822564177E-4
7.485885931128494E-4
7.469071397467096E-4
7.452024212631167E-4
7.434749304996076E-4
7.417251540926945E-4
7.399535725474393E-4
7.381606603141886E-4
7.363468858810898E-4
7.345127118997851E-4
7.326585953786523E-4
7.307849880096819E-4
7.288923367526615E-4
7.269810849015774E-4
7.250516740302155E-4
7.23104547495671E-4
7.211401566216503E-4
7.191589713498381E-4
7.171614980991847E-4
7.151483088507769E-4
7.131200870620904E-4
7.110776977765215E-4
7.09022290912102E-4
7.069554476018817E-4
7.048793787084921E-4
7.027971810155794E-4
7.00713148673915E-4
6.986331239083127E-4
6.965648510547174E-4
6.94518272368467E-4
6.925056757123642E-4
6.90541579336017E-4
6.886422271042437E-4
6.868245809858032E-4
6.851047487049933E-4
6.834958808997656E-4
6.820057107340772E-4
6.806340695453382E-4
6.793708551001179E-4
6.781949998659161E-4
6.770749304854951E-4
6.759707939408345E-4
6.748383649483598E-4
6.736341173692122E-4
6.723205652242774E-4
6.708707956062877E-4
6.692712238240294E-4
6.675220043582404E-4
6.656351206238449E-4
6.636307609820656E-4
6.615329689439809E-4
6.593656104139812E-4
0.00103082756771218
0.001022607757890885
0.0010144379711086622
0.001006324750241865
9.982715687521224E-4
9.902799432072566E-4
9.823502942061949E-4
9.74482504925661E-4
9.666762302174049E-4
9.589310428611778E-4
9.5124649233297E-4
9.436221245610867E-4
9.360574873417023E-4
9.285521314933809E-4
9.211056110234637E-4
9.137174831261842E-4
9.063873081621251E-4
8.991146496367757E-4
8.918990741792268E-4
8.847401515210079E-4
8.776374544750574E-4
8.705905589148278E-4
8.635990437535272E-4
8.566624909234941E-4
8.497804853557046E-4
8.429526149594163E-4
8.361784706019328E-4
8.294576460885125E-4
8.227897381423983E-4
8.161743463849762E-4
8.096110733160686E-4
8.030995242943466E-4
7.966393075178763E-4
7.902300340047844E-4
7.838713175740551E-4
7.775627748264463E-4
7.713040251255308E-4
7.650946905788619E-4
7.589343960192589E-4
7.528227689862111E-4
7.467594397074116E-4
7.407440410804001E-4
7.347762086543284E-4
7.288555806118477E-4
7.229817977511089E-4
7.171545034678824E-4
7.113733437377889E-4
7.056379670986523E-4
6.999480246329617E-4
6.943031699504531E-4
6.887030591707955E-4
6.831473509063987E-4
6.776357062453252E-4
6.721677887343181E-4
6.667432643619363E-4
6.613618015418032E-4
6.560230710959582E-4
6.507267462383234E-4
6.454725025582714E-4
6.402600180043052E-4
6.35088972867841E-4
6.299590497670995E-4
6.248699336310979E-4
6.1982131168375E-4
6.148128734280696E-4
6.09844310630473E-4
6.049153173051912E-4
6.000255896987742E-4
5.95174826274704E-4
5.903627276981068E-4
5.855889968205608E-4
5.8085333866501E-4
5.761554604107718E-4
5.714950713786491E-4
5.668718830161504E-4
5.622856088828174E-4
5.577359646357072E-4
5.532226680150721E-4
5.487454388304012E-4
5.443039989471355E-4
5.398980722747786E-4
5.355273847579102E-4
5.31191664373253E-4
5.268906411391532E-4
5.226240471500305E-4
5.18391616659897E-4
5.141930862599066E-4
5.100281952313551E-4
5.058966862171093E-4
5.017983064543231E-4
4.977328099668742E-4
4.936999613469391E-4
4.896995420801717E-4
4.8573136079738897E-4
4.8179526935473364E-4
4.778911872006752E-4
4.740191369654501E-4
4.7017929440484543E-4
4.6637205544539643E-4
4.6259812172088597E-4
4.588586032239184E-4
4.551551321375588E-4
4.5148997539511365E-4
4.4786612532438856E-4
4.4428733886986795E-4
4.4075808832065247E-4
4.372833832290252E-4
4.338684281215386E-4
4.305180975439868E-4
4.272362413770816E-4
4.2402487822065717E-4
4.208833865709789E-4
4.178078497600911E-4
4.147907334803945E-4
4.118210561353263E-4
4.088851413494377E-4
4.059679231034779E-4
4.03054631456632E-4
4.0013256211424554E-4
3.971925725525923E-4
3.9422998364116E-4
3.912447001683484E-4
3.882405600661207E-4
3.852241165983491E-4
3.8220318385755566E-4
0.047465129342711986
