9.228716525360389E-6
1.845734228444491E-5
2.7685881324362953E-5
3.691433812026003E-5
4.6142717618955145E-5
5.537102528360584E-5
6.459926713876427E-5
7.382744981505566E-5
8.30555805925753E-5
9.228366744196094E-5
1.0151171906195489E-4
1.1073974491214131E-4
1.1996775523940756E-4
1.2919576109657668E-4
1.3842377435155546E-4
1.476518076852808E-4
1.5687987457671242E-4
1.6610798927312119E-4
1.7533616674397724E-4
1.8456442261684545E-4
1.9379277309385245E-4
2.030212348475208E-4
2.1224982489505834E-4
2.214785604505432E-4
2.3070745875488708E-4
2.3993653688394816E-4
2.4916581153573464E-4
2.583952987982437E-4
2.676250139001531E-4
2.7685497094726333E-4
2.860851826483024E-4
2.953156600343963E-4
3.04546412177182E-4
3.1377744591116357E-4
3.2300876556643805E-4
3.3224037271835675E-4
3.4147226596098804E-4
3.507044407113734E-4
3.599368890515252E-4
3.691695996148693E-4
3.7840255752334445E-4
3.8763574438068816E-4
3.9686913832647945E-4
4.0610271415437017E-4
4.1533644349653836E-4
4.245702950748636E-4
4.3380423501757846E-4
4.4303822723836727E-4
4.5227223387297083E-4
4.615062157665061E-4
4.707401330028979E-4
4.7997394546615715E-4
4.892076134217858E-4
4.984410981054158E-4
5.076743623049583E-4
5.169073709220907E-4
5.261400914989258E-4
5.353724946961806E-4
5.446045547100941E-4
5.538362496167946E-4
5.630675616346677E-4
5.722984772975479E-4
5.815289875341518E-4
5.907590876519827E-4
5.999887772269344E-4
6.092180599027722E-4
6.184469431076E-4
6.276754376970569E-4
6.369035575363466E-4
6.461313190350785E-4
6.553587406502633E-4
6.645858423735654E-4
6.738126452190423E-4
6.83039170727061E-4
6.922654404989669E-4
7.014914757753244E-4
7.107172970683749E-4
7.199429238567863E-4
7.291683743479026E-4
7.383936653098546E-4
7.476188119729321E-4
7.568438279970104E-4
7.660687254994121E-4
7.75293515135692E-4
7.845182062244071E-4
7.937428069061084E-4
8.029673243265398E-4
8.121917648342791E-4
8.214161341839464E-4
8.306404377373002E-4
8.39864680655944E-4
8.490888680811724E-4
8.583130052981823E-4
8.675370978835304E-4
8.767611518361318E-4
8.859851736932633E-4
8.952091706338354E-4
9.044331505715075E-4
9.136571222409798E-4
9.228810952803074E-4
9.228763637820412E-4
9.228717467130372E-4
9.228672528360217E-4
9.228628916961622E-4
9.228586736503111E-4
9.228546098905243E-4
9.228507124604764E-4
9.22846994263373E-4
9.228434690598237E-4
9.228401514541025E-4
9.228370568671921E-4
9.228342014949569E-4
9.228316022498939E-4
9.228292766848738E-4
9.228272428975023E-4
9.228255194138114E-4
9.228241250502531E-4
9.228230787532317E-4
9.228223994157343E-4
9.228221056710262E-4
9.228222156638411E-4
9.228227467999819E-4
9.228237154758357E-4
9.228251367899397E-4
9.228270242393111E-4
9.228293894040137E-4
9.228322416240519E-4
9.228355876733931E-4
9.228394314365401E-4
9.228437735936965E-4
9.228486113210736E-4
9.228539380133404E-4
9.228597430354973E-4
9.228660115116529E-4
9.228727241581474E-4
9.228798571683174E-4
9.228873821557376E-4
9.228952661622446E-4
9.229034717361256E-4
9.2291195708485E-4
9.229206763054052E-4
9.2292957969381E-4
9.229386141337169E-4
9.229477235621678E-4
9.229568495086346E-4
9.229659317014796E-4
9.229749087339536E-4
9.22983718779859E-4
9.229923003472141E-4
9.230005930565591E-4
9.230085384291219E-4
9.230160806690364E-4
9.230231674230279E-4
9.230297505007361E-4
9.2303578653904E-4
9.230412375944217E-4
9.230460716485882E-4
9.230502630143019E-4
9.230537926304878E-4
9.230566482383072E-4
9.230588244328271E-4
9.230603225881256E-4
9.230611506571079E-4
9.23061322850731E-4
9.230608592047671E-4
9.230597850454613E-4
9.230581303683216E-4
9.230559291468154E-4
9.230532185896614E-4
9.230500383668004E-4
9.23046429824723E-4
9.230424352118669E-4
9.230380969339397E-4
9.23033456857607E-4
9.230285556788278E-4
9.230234323694855E-4
9.230181237128036E-4
9.230126639346541E-4
9.230070844342658E-4
9.230014136142491E-4
9.229956768064637E-4
9.22989896287133E-4
9.229840913719164E-4
9.229782785795865E-4
9.229724718514178E-4
9.229666828126148E-4
9.229609210619351E-4
9.229551944762748E-4
9.229495095178395E-4
9.229438715333309E-4
9.229382850365481E-4
9.22932753967617E-4
9.229272819245672E-4
9.229218723650621E-4
9.229165287780994E-4
9.229112548271305E-4
9.229060544673713E-4
9.229009320409857E-4
9.228958923535039E-4
9.228909407362457E-4
9.228860831030262E-4
9.228813259913164E-4
9.22876676602644E-4
9.22872142841439E-4
9.228677333514508E-4
9.228634575487269E-4
9.228593256500331E-4
9.228553486954904E-4
9.228515385640862E-4
9.228479079806279E-4
9.228444705126379E-4
9.228412405555954E-4
9.228382333049485E-4
9.228354647132431E-4
9.228329514308213E-4
9.228307107285395E-4
9.228287604011329E-4
9.228271186499584E-4
9.228258039441404E-4
9.228248348593483E-4
9.22824229893831E-4
9.228240072617028E-4
9.228241846639512E-4
9.228247790381361E-4
9.228258062883527E-4
9.228272809976162E-4
9.228292161254781E-4
9.228316226943938E-4
9.228345094690005E-4
9.228378826331569E-4
9.228417454702447E-4
9.228460980528095E-4
9.228509369481595E-4
9.22856254946927E-4
9.228620408219217E-4
9.228682791247394E-4
9.22874950027573E-4
9.228820292174401E-4
9.228894878496368E-4
9.228972925665971E-4
9.229054055874068E-4
9.229137848721976E-4
9.229223843642728E-4
9.229311543113092E-4
9.229400416652749E-4
9.229489905588413E-4
9.229579428540926E-4
9.229668387573583E-4
9.229756174918975E-4
9.229842180182691E-4
9.229925797903753E-4
9.230006435334835E-4
9.230083520292304E-4
9.230156508915282E-4
9.230224893166586E-4
9.230288207906467E-4
9.230346037372727E-4
9.230398020908686E-4
9.2304438577933E-4
9.230483311046162E-4
9.23051621010212E-4
9.230542452278E-4
9.230562002983659E-4
9.23057489466304E-4
9.230581224485746E-4
9.230581150843929E-4
9.230574888744553E-4
9.230562704218263E-4
9.230544907895363E-4
9.230521847923434E-4
9.230493902419451E-4
9.230461471661599E-4
9.230424970230959E-4
9.230384819310857E-4
9.23034143934204E-4
9.230295243215006E-4
9.23024663015789E-4
9.23019598044961E-4
9.230143651055187E-4
9.23008997224481E-4
9.230035245221151E-4
9.22997974074355E-4
9.229923698703119E-4
9.229867328572222E-4
9.229810810626574E-4
9.229754297817223E-4
9.22969791815806E-4
9.229641777486775E-4
9.229585962460506E-4
9.229530543650525E-4
9.229475578617224E-4
9.229421114865057E-4
9.22936719259346E-4
9.229313847185519E-4
9.229261111399013E-4
9.229209017246753E-4
9.229157597571696E-4
9.229106887339327E-4
9.229056924682066E-4
9.229007751723939E-4
9.228959415237171E-4
9.228911967257058E-4
9.22886546547861E-4
9.228819973651171E-4
9.228775561964323E-4
9.228732307417345E-4
9.228690294163474E-4
9.228649613818912E-4
9.228610365725656E-4
9.228572657155686E-4
9.228536603443694E-4
9.228502328033976E-4
9.228469962426702E-4
9.22843964600823E-4
9.228411525749713E-4
9.228385755758235E-4
9.228362496665233E-4
9.228341914837531E-4
9.228324181397617E-4
9.228309471041616E-4
9.228297960645503E-4
9.228289827653124E-4
9.228285248242904E-4
9.228284395274336E-4
9.228287436019787E-4
9.228294529692524E-4
9.228305824787442E-4
9.228321456257226E-4
9.228341542552916E-4
9.228366182564866E-4
9.228395452506302E-4
9.228429402788611E-4
9.228468054943527E-4
9.228511398653145E-4
9.228559388953461E-4
9.228611943680945E-4
9.228668941234427E-4
9.228730218725307E-4
9.228795570588698E-4
9.228864747725056E-4
9.228937457237756E-4
9.22901336282446E-4
9.229092085871329E-4
9.229173207287671E-4
9.229256270104924E-4
9.22934078284824E-4
9.229426223672082E-4
9.229512045231827E-4
9.229597680244857E-4
9.229682547673429E-4
9.229766059442773E-4
9.22984762758844E-4
9.229926671709026E-4
9.230002626585837E-4
9.230074949817604E-4
9.230143129309958E-4
9.230206690453988E-4
9.230265202827892E-4
9.230318286260084E-4
9.23036561610138E-4
9.230406927568902E-4
9.230442019043174E-4
9.230470754224558E-4
9.230493063082535E-4
9.230508941562989E-4
9.230518450052091E-4
9.230521710629605E-4
9.230518903179713E-4
9.230510260460015E-4
9.230496062260778E-4
9.230476628813107E-4
9.230452313626419E-4
9.230423495952088E-4
9.230390573079008E-4
9.230353952669128E-4
9.230314045335594E-4
9.230271257653425E-4
9.23022598577344E-4
9.230178609784458E-4
9.230129488938352E-4
9.230078957818653E-4
9.230027323496693E-4
9.229974863683168E-4
9.229921825846824E-4
9.229868427239646E-4
9.229814855739138E-4
9.229761271395119E-4
9.229707808552095E-4
9.229654578407501E-4
9.229601671866338E-4
9.229549162551377E-4
9.229497109843252E-4
9.229445561842296E-4
9.229394558156915E-4
9.229344132450086E-4
9.229294314698378E-4
9.229245133141299E-4
9.229196615919259E-4
9.229148792416793E-4
9.229101694347637E-4
9.229055356603342E-4
9.229009817918076E-4
9.228965121510238E-4
9.228921315459849E-4
9.228878453090289E-4
9.228836593348192E-4
9.228795801174999E-4
9.228756147862012E-4
9.228717711380062E-4
9.228680576673978E-4
9.228644835910382E-4
9.228610588667261E-4
9.228577942051894E-4
9.228547010733547E-4
9.228517916876488E-4
9.228490789958349E-4
9.228465766458733E-4
9.228442989403296E-4
9.228422607748537E-4
9.228404775593832E-4
9.228389651208474E-4
9.228377395863183E-4
9.228368172458007E-4
9.228362143941536E-4
9.228359471519711E-4
9.228360312656743E-4
9.228364818875066E-4
9.228373133366569E-4
9.228385388433023E-4
9.228401702779289E-4
9.228422178689548E-4
9.228446899122836E-4
9.228475924770731E-4
9.228509291126163E-4
9.228547005618049E-4
9.228589044871684E-4
9.228635352158994E-4
9.22868583510605E-4
9.22874036372723E-4
9.228798768855577E-4
9.228860841037571E-4
9.228926329957356E-4
9.2289949444499E-4
9.229066353155062E-4
9.229140185854963E-4
9.229216035525078E-4
9.229293461115705E-4
9.229371991064877E-4
9.229451127526318E-4
9.229530351278324E-4
9.229609127259554E-4
9.229686910659492E-4
9.229763153471955E-4
9.229837311402231E-4
9.229908851003222E-4
9.229977256901221E-4
9.230042038962389E-4
9.230102739243408E-4
9.230158938567234E-4
9.230210262566457E-4
9.2302563870433E-4
9.230297042507019E-4
9.230332017765228E-4
9.230361162467222E-4
9.230384388522083E-4
9.230401670342889E-4
9.230413043900014E-4
9.230418604598947E-4
9.230418504032152E-4
9.230412945686694E-4
9.230402179721004E-4
9.230386496951598E-4
9.230366222214318E-4
9.230341707282723E-4
9.230313323538549E-4
9.23028145459405E-4
9.230246489064602E-4
9.230208813680279E-4
9.230168806909644E-4
9.230126833246705E-4
9.230083238283989E-4
9.230038344663738E-4
9.229992448964023E-4
9.229945819541531E-4
9.229898695317284E-4
9.22985128545857E-4
9.229803769880857E-4
9.229756300468596E-4
9.229709002895317E-4
9.2296619789104E-4
9.229615308958049E-4
9.229569054988768E-4
9.229523263337797E-4
9.229477967560099E-4
9.229433191122158E-4
9.229388949877011E-4
9.22934525427063E-4
9.229302111251637E-4
9.229259525876812E-4
9.229217503058972E-4
9.229176049021237E-4
9.22913517247514E-4
9.229094885575488E-4
9.229055204836504E-4
9.229016151725876E-4
9.228977753238711E-4
9.228940042447838E-4
9.22890305902581E-4
9.228866849733372E-4
9.228831468867487E-4
9.228796978661879E-4
9.22876344963112E-4
9.228730960849071E-4
9.228699600151044E-4
9.228669464248462E-4
9.228640658743954E-4
9.228613298034384E-4
9.228587505088776E-4
9.228563411088428E-4
9.228541154916051E-4
9.22852088248206E-4
9.228502745876778E-4
9.228486902338645E-4
9.228473513030555E-4
9.228462741618996E-4
9.228454752653265E-4
9.228449709745687E-4
9.228447773557929E-4
9.228449099602488E-4
9.228453835873918E-4
9.228462120329432E-4
9.228474078244139E-4
9.228489819472119E-4
9.228509435650243E-4
9.228532997387814E-4
9.228560551490005E-4
9.228592118268773E-4
9.228627688998777E-4
9.228667223579536E-4
9.228710648467188E-4
9.228757854940633E-4
9.228808697765676E-4
9.228862994318992E-4
9.228920524229628E-4
9.228981029589267E-4
9.229044215774869E-4
9.229109752916962E-4
9.22917727803472E-4
9.22924639784561E-4
9.229316692241404E-4
9.229387718406559E-4
9.229459015536725E-4
9.229530110098154E-4
9.229600521550767E-4
9.229669768440339E-4
9.229737374750948E-4
9.229802876393522E-4
9.229865827696831E-4
9.229925807758445E-4
9.22998242650928E-4
9.230035330345299E-4
9.230084207184004E-4
9.23012879081235E-4
9.230168864406164E-4
9.230204263118778E-4
9.23023487565875E-4
9.230260644801638E-4
9.23028156680942E-4
9.230297689760895E-4
9.230309110827811E-4
9.230315972562105E-4
9.230318458289508E-4
9.23031678673156E-4
9.230311206001651E-4
9.230301987139465E-4
9.230289417361294E-4
9.230273793211017E-4
9.230255413796723E-4
9.230234574291705E-4
9.230211559865907E-4
9.230186640194744E-4
9.230160064668087E-4
9.230132058393627E-4
9.230102819057397E-4
9.230072514671113E-4
9.230041282202856E-4
9.230009227055879E-4
9.229976423331855E-4
9.229942914790041E-4
9.22990871639488E-4
9.229873816330783E-4
9.229838178359363E-4
9.229801744387159E-4
9.229764437124545E-4
9.22972616272916E-4
9.229686813336128E-4
9.229646269401133E-4
9.229604401803184E-4
9.229561073675961E-4
9.229516185863636E-4
9.229469675586831E-4
9.229421514949607E-4
9.229371709295811E-4
9.229320295461269E-4
9.22926734011032E-4
9.229212937851295E-4
9.229157209438666E-4
9.229100300055835E-4
9.229042377671871E-4
9.228983631464972E-4
9.228924270304057E-4
9.228864521279795E-4
9.228804628275029E-4
9.228744850563876E-4
9.228685461428075E-4
9.228626746778483E-4
9.228569003768789E-4
9.228512539388201E-4
9.22845766901954E-4
9.228404714949029E-4
9.228354004814231E-4
9.2283058699769E-4
9.228260643808793E-4
9.228218659878708E-4
9.22818025003168E-4
9.228145742352514E-4
9.228115459008405E-4
9.228089713968747E-4
9.228068810603191E-4
9.22805303916295E-4
9.22804267415495E-4
9.228037971622513E-4
9.228039166351893E-4
9.228046469028361E-4
9.228060063371518E-4
9.228080103284075E-4
9.228106710053857E-4
9.228139969653031E-4
9.228179930183107E-4
9.22822659951691E-4
9.228279943192128E-4
9.228339882611471E-4
9.228406293605041E-4
9.228479005408666E-4
9.228557800109347E-4
9.228642412603551E-4
9.228732531108047E-4
9.228827798254368E-4
9.228927812787812E-4
9.229032131880399E-4
9.229140274053758E-4
9.229251722693985E-4
9.229365930124615E-4
9.229482322188996E-4
9.229600303277405E-4
9.229719261718264E-4
9.229838575440471E-4
9.229957617799168E-4
9.230075763448661E-4
9.2301923941372E-4
9.23030690429449E-4
9.23041870628118E-4
9.230527235172759E-4
9.230631952956786E-4
9.230732352033585E-4
9.230827957924979E-4
9.23091833111472E-4
9.231003067965593E-4
9.231081800683183E-4
9.231154196322289E-4
9.231219954859927E-4
9.23127880638591E-4
9.231330507489188E-4
9.231374836942478E-4
9.231411590809211E-4
9.231440577115066E-4
9.231461610238576E-4
9.231474505183435E-4
9.231479071896366E-4
9.231475109790523E-4
9.231462402623649E-4
9.231440713865283E-4
9.231409782665534E-4
9.231369320514419E-4
9.231319008652277E-4
9.231258496262955E-4
9.231187399451747E-4
9.231105300981442E-4
9.231011750713871E-4
9.230906266681457E-4
9.23078833669556E-4
9.23065742038495E-4
9.230512951553937E-4
9.230354340741802E-4
9.230180977875839E-4
9.229992234921351E-4
9.22978746843838E-4
9.229566021976614E-4
9.229327228257969E-4
9.229074845714582E-4
9.228812406040468E-4
9.22854322214716E-4
9.228270395739395E-4
9.227996824520953E-4
9.22772520907655E-4
9.227458059615695E-4
9.227197702286658E-4
9.226946285357417E-4
9.226705785263355E-4
9.226478012520314E-4
9.226264617501771E-4
9.226067096077021E-4
9.225886795107594E-4
9.225724917797706E-4
9.225582528893991E-4
9.225460559728945E-4
9.225359813102115E-4
9.225280967992028E-4
9.225224584091685E-4
9.225191106159986E-4
9.225180868181292E-4
9.22519409732518E-4
9.225230917698947E-4
9.225291353885851E-4
9.225375334262707E-4
9.225482694091995E-4
9.225613178384946E-4
9.2257664445339E-4
9.225942064714919E-4
9.22613952806371E-4
9.226358242631859E-4
9.226597537132823E-4
9.226856662491738E-4
9.227134793216633E-4
9.227431028612899E-4
9.227744393867405E-4
9.228073841032557E-4
9.228418249945018E-4
9.228776429117664E-4
9.229147116646717E-4
9.229528981178556E-4
9.229920622983718E-4
9.23032057518564E-4
9.230727305192725E-4
9.231139216380693E-4
9.231554650070312E-4
9.231971887840897E-4
9.232389154215878E-4
9.232804619748751E-4
9.233216404530201E-4
9.233622582127506E-4
9.234021183955972E-4
9.23441020407109E-4
9.234787604356615E-4
9.235151320071409E-4
9.235499265704706E-4
9.235829341075807E-4
9.236139437604001E-4
9.236427444661888E-4
9.236691255917837E-4
9.236928775565621E-4
9.237137924335661E-4
9.237316645180416E-4
9.23746290852899E-4
9.237574717010797E-4
9.237650109557239E-4
9.237687164801824E-4
9.237684003714902E-4
9.237638791426684E-4
9.237549738212662E-4
9.237415099637187E-4
9.237233175874285E-4
9.237002310247249E-4
9.236720887051287E-4
9.236387328744111E-4
9.236000092607508E-4
9.23555766699833E-4
9.235058567318139E-4
9.234501331837694E-4
9.233884517514038E-4
9.233206695935113E-4
9.232466449518103E-4
9.231662368075779E-4
9.230793045847087E-4
9.22985707906865E-4
9.228853064140604E-4
9.227779596415756E-4
9.226635269616208E-4
9.225418675857883E-4
9.224128406241021E-4
9.222763051945621E-4
9.221321205755542E-4
9.219801463923384E-4
9.21820242828485E-4
9.216522708524052E-4
9.214760924500055E-4
9.212915708554046E-4
9.210985707721327E-4
9.208969585790515E-4
9.207313919599856E-4
9.20599967341485E-4
9.205008272281832E-4
9.204321594513112E-4
9.203921964112995E-4
9.203792143147282E-4
9.203915324090456E-4
9.204275122308431E-4
9.204855568416494E-4
9.205641100765316E-4
9.206616558051004E-4
9.207767172044549E-4
9.20907856043587E-4
9.210536719786525E-4
9.212128018585638E-4
9.213839190402085E-4
9.21565732712596E-4
9.217569872291855E-4
9.219564614475958E-4
9.221629680758417E-4
9.223753530242421E-4
9.225924947620884E-4
9.228133036781901E-4
9.230367214443767E-4
9.232617203811213E-4
9.2348730282442E-4
9.237125004932117E-4
9.239363738566435E-4
9.241580115006826E-4
9.243765294936547E-4
9.245910707505272E-4
9.248008043959426E-4
9.250049251262308E-4
9.252026525709495E-4
9.253932306547077E-4
9.255759269604315E-4
9.257500320954673E-4
9.2591485906232E-4
9.260697426360819E-4
9.262140387509913E-4
9.263471238987936E-4
9.264683945418946E-4
9.265772665444405E-4
9.266731746247024E-4
9.267555718321521E-4
9.268239290526712E-4
9.268777345452082E-4
9.269164935130689E-4
9.26939727712637E-4
9.26946975102007E-4
9.269377895314351E-4
9.26911740476868E-4
9.268684128171303E-4
9.268074066544656E-4
9.267283371772652E-4
9.266308345628223E-4
9.265145439169977E-4
9.263791252466955E-4
9.262242534600243E-4
9.260496183882385E-4
9.258549248226306E-4
9.256398925590094E-4
9.254042564418002E-4
9.25147766399596E-4
9.248701874638464E-4
9.245712997626132E-4
9.242508984816817E-4
9.239087937860708E-4
9.235448106958815E-4
9.231587889116023E-4
9.227505825853966E-4
9.223200600364275E-4
9.218671034099447E-4
9.213916082816269E-4
9.208934832103857E-4
9.203726492445483E-4
9.198290393878786E-4
9.192625980332795E-4
9.186732803731297E-4
9.180610517960247E-4
9.174258872801639E-4
9.167677707937291E-4
9.160866947123451E-4
9.153826592630031E-4
9.14655672002919E-4
9.139057473403779E-4
9.131329061031469E-4
9.123371751582132E-4
9.115185870847974E-4
9.106771799006773E-4
9.098129968400697E-4
9.089260861796655E-4
9.080165011079376E-4
9.070842996317655E-4
9.061295445135131E-4
9.051523032315183E-4
9.041526479563885E-4
9.031306555362098E-4
9.020864074844928E-4
9.010199899650616E-4
9.044552275973439E-4
9.077341134323146E-4
9.108594084215752E-4
9.138338340823449E-4
9.166600730768726E-4
9.193407697708199E-4
9.218785307710116E-4
9.242759254453561E-4
9.265354864372691E-4
9.286597101548616E-4
9.306510572543903E-4
9.325119531178669E-4
9.3424478832471E-4
9.358519191172843E-4
9.373356678601308E-4
9.386983234926781E-4
9.399421419751695E-4
9.410693467274998E-4
9.420821290606655E-4
9.429826486004582E-4
9.437730337030261E-4
9.44455381861911E-4
9.450317601061571E-4
9.455042053890894E-4
9.458747249673445E-4
9.461452967698048E-4
9.463178697560849E-4
9.463943642642643E-4
9.463766723476781E-4
9.462666581006105E-4
9.460661579728599E-4
9.457769810732832E-4
9.45400909462537E-4
9.449396984354194E-4
9.443950767933827E-4
9.43768747107954E-4
9.430623859760362E-4
9.422776442682341E-4
9.414161473715739E-4
9.404794954281612E-4
9.394692635715523E-4
9.383870021627282E-4
9.372342370277802E-4
9.360124696994382E-4
9.347231776647317E-4
9.333678146210544E-4
9.31947810742859E-4
9.304645729611491E-4
9.289194852577676E-4
9.273139089762287E-4
9.256491831505721E-4
9.239266248533441E-4
9.221475295633328E-4
9.203131715532635E-4
9.18424804297025E-4
9.164836608954913E-4
9.144909545192967E-4
9.12447878866387E-4
9.103556086315E-4
9.082152999841197E-4
9.060280910510027E-4
9.037951023988122E-4
9.015174375121057E-4
8.991961832616248E-4
8.968324103577683E-4
8.944271737840973E-4
8.919815132059709E-4
8.894964533497211E-4
8.869730043483108E-4
8.844121620500747E-4
8.81814908287934E-4
8.791822111074451E-4
8.765150249530104E-4
8.738142908126857E-4
8.710809363231367E-4
8.683158758373479E-4
8.655200104587575E-4
8.626942280464142E-4
8.598394031965354E-4
8.569563972065234E-4
8.540460580278323E-4
8.511092202143944E-4
8.481467048731734E-4
8.45159319623219E-4
8.421478585690304E-4
8.391131022933951E-4
8.36055817873872E-4
8.329767589261549E-4
8.298766656763235E-4
8.267562650628525E-4
8.236162708680553E-4
8.204573838775051E-4
8.172802920650143E-4
8.140856707998351E-4
8.108741830721587E-4
8.076464797324785E-4
8.044031997403293E-4
8.011449704176462E-4
7.978724077024933E-4
7.945861163993926E-4
0.0012481838173594383
0.001235824351671639
0.0012235872891311974
0.0012114714178478668
0.0011994755378686203
0.0011875984611026515
0.001175839011237196
0.0011641960236447699
0.001152668345283812
0.0011412548346002498
0.001129954361418374
0.0011187658068327817
0.0011076880631012513
0.0010967200335384591
0.0010858606324104334
0.0010751087848295826
0.001064463426650186
0.0010539235043641722
0.0010434879749970148
0.001033155806003593
0.0010229259751638085
0.0010127974704777834
0.0010027692900604472
9.928404420353316E-4
9.830099444273872E-4
9.73276825054645E-4
9.636401214186015E-4
9.540988805931786E-4
9.446521591121622E-4
9.352990228550755E-4
9.260385469314729E-4
9.168698155636737E-4
9.077919219680656E-4
8.988039682351068E-4
8.899050652082876E-4
8.810943323623341E-4
8.723708976810622E-4
8.63733897535326E-4
8.551824765616175E-4
8.467157875419312E-4
8.383329912855824E-4
8.300332565137272E-4
8.218157597473955E-4
8.136796851998747E-4
8.05624224674293E-4
7.976485774672806E-4
7.897519502795343E-4
7.819335571340924E-4
7.741926193030217E-4
7.665283652431735E-4
7.589400305414518E-4
7.514268578700011E-4
7.439880969514293E-4
7.366230045340395E-4
7.293308443768377E-4
7.221108872437958E-4
7.149624109066609E-4
7.078847001553083E-4
7.008770468144444E-4
6.939387497652125E-4
6.870691149700386E-4
6.802674554989243E-4
6.735330915552173E-4
6.668653504988272E-4
6.602635668648078E-4
6.537270823752616E-4
6.472552459425898E-4
6.408474136622733E-4
6.345029487935836E-4
6.282212217268711E-4
6.220016099364382E-4
6.158434979183286E-4
6.097462771128268E-4
6.037093458118356E-4
5.977321090517719E-4
5.918139784930589E-4
5.859543722876594E-4
5.801527149365301E-4
5.744084371391367E-4
5.687209756374553E-4
5.630897730570633E-4
5.575142777479625E-4
5.519939436278382E-4
5.465282300302973E-4
5.411166015604812E-4
5.357585279601153E-4
5.304534839838063E-4
5.252009492878527E-4
5.20000408332518E-4
5.148513502981391E-4
5.09753269015033E-4
5.047056629066749E-4
4.997080349452063E-4
4.947598926180044E-4
4.898607479037057E-4
4.850101172559299E-4
4.8020752159278764E-4
4.7545248629030475E-4
4.707445411778615E-4
4.6608322053395747E-4
0.04660807936872191
