6.087639521301427E-9
1.2189318692529224E-8
1.830506989129662E-8
2.443492557002705E-8
3.057891825611784E-8
3.673708055210389E-8
4.290944513582188E-8
4.909604476057492E-8
5.5296912255297815E-8
6.151208052472276E-8
6.774158254954601E-8
7.398545138659542E-8
8.02437201689983E-8
8.651642210635043E-8
9.280359048488656E-8
9.910525866765025E-8
1.0542146009466609E-7
1.117522282831124E-7
1.1809759682749437E-7
1.2445759939981812E-7
1.3083226974976658E-7
1.3722164170487433E-7
1.436257491707056E-7
1.5004462613103106E-7
1.564783066480061E-7
1.6292682486235E-7
1.6939021499352602E-7
1.7586851133992107E-7
1.8236174827902688E-7
1.8886996026762253E-7
1.9539318184195478E-7
2.0193144761792286E-7
2.0848479229126095E-7
2.1505325063772162E-7
2.2163685751326104E-7
2.2823564785422314E-7
2.3484965667752615E-7
2.414789190808467E-7
2.481234702428077E-7
2.5478334542316423E-7
2.6145857996299196E-7
2.6814920928487324E-7
2.748552688930865E-7
2.8157679437379376E-7
2.8831382139523056E-7
2.9506638570789595E-7
3.018345231447399E-7
3.086182696213563E-7
3.154176611361728E-7
3.2223273377064133E-7
3.2906352368943043E-7
3.3591006714061665E-7
3.427724004558792E-7
3.4965056005068876E-7
3.5654458242450505E-7
3.634545041609681E-7
3.703803619280932E-7
3.7732219247846536E-7
3.842800326494352E-7
3.912539193633137E-7
3.9824388962756763E-7
4.05249980535019E-7
4.122722292640381E-7
4.193106730787419E-7
4.263653493291947E-7
4.334362954516017E-7
4.4052354896851286E-7
4.476271474890165E-7
4.547471287089437E-7
4.618835304110666E-7
4.6903639046529717E-7
4.762057468288913E-7
4.833916375466476E-7
4.905941007511109E-7
4.978131746627743E-7
5.050488975902827E-7
5.123013079306331E-7
5.19570444169382E-7
5.268563448808483E-7
5.34159048728317E-7
5.414785944642457E-7
5.488150209304704E-7
5.561683670584087E-7
5.635386718692718E-7
5.709259744742641E-7
5.783303140747998E-7
5.857517299627022E-7
5.931902615204176E-7
6.006459482212225E-7
6.08118829629434E-7
6.156089454006174E-7
6.231163352817987E-7
6.306410391116755E-7
6.381830968208262E-7
6.457425484319251E-7
6.533194340599507E-7
6.609137939124045E-7
6.685256682895162E-7
6.761550975844642E-7
6.838021222835867E-7
6.914667829665985E-7
6.991491203068025E-7
7.068491750713111E-7
7.145669881212562E-7
7.223026004120112E-7
7.300560529934048E-7
7.378273870099412E-7
7.456166437010143E-7
7.534238644011335E-7
7.612490905401339E-7
7.690923636434043E-7
7.769537253321018E-7
7.848332173233759E-7
7.927308814305871E-7
8.006467595635311E-7
8.085808937286597E-7
8.16533326029303E-7
8.245040986658932E-7
8.324932539361912E-7
8.405008342355058E-7
8.485268820569216E-7
8.565714399915246E-7
8.646345507286254E-7
8.7271625705599E-7
8.808166018600601E-7
8.889356281261892E-7
8.970733789388627E-7
9.0522989748193E-7
9.134052270388339E-7
9.215994109928385E-7
9.298124928272589E-7
9.380445161256943E-7
9.462955245722556E-7
9.545655619518002E-7
9.628546721501637E-7
9.711628991543903E-7
9.794902870529672E-7
9.878368800360601E-7
9.96202722395747E-7
1.0045878585262473E-6
1.0129923329241682E-6
1.0214161901887314E-6
1.029859475022015E-6
1.0383222322291834E-6
1.0468045067187362E-6
1.0553063435027356E-6
1.0638277876970539E-6
1.072368884521607E-6
1.0809296793005939E-6
1.0895102174627405E-6
1.0981105445415434E-6
1.1067307061755039E-6
1.1153707481083772E-6
1.1240307161894122E-6
1.1327106563735954E-6
1.1414106147218965E-6
1.1501306374015121E-6
1.158870770686112E-6
1.1676310609560853E-6
1.1764115546987885E-6
1.185212298508795E-6
1.194033339088136E-6
1.2028747232465622E-6
1.2117364979017834E-6
1.2206187100797256E-6
1.2295214069147837E-6
1.2384446356500697E-6
1.2473884436376693E-6
1.256352878338901E-6
1.2653379873245636E-6
1.2743438182752062E-6
1.2833704189813733E-6
1.2924178373438733E-6
1.301486121374038E-6
1.3105753191939804E-6
1.3196854790368646E-6
1.3288166492471723E-6
1.3379688782809582E-6
1.3471422147061352E-6
1.3563367072027277E-6
1.3655524045631556E-6
1.3747893556925028E-6
1.3840476096087886E-6
1.3933272154432538E-6
1.4026282224406272E-6
1.4119506799594176E-6
1.4212946374721935E-6
1.430660144565855E-6
1.4400472509419344E-6
1.4494560064168731E-6
1.4588864609223167E-6
1.4683386645054034E-6
1.4778126673290473E-6
1.4873085196722441E-6
1.4968262719303438E-6
1.5063659746153687E-6
1.5159276783562928E-6
1.5255114338993327E-6
1.5351172921082512E-6
1.5447453039646404E-6
1.554395520568221E-6
1.56406799313713E-6
1.5737627730082074E-6
1.5834799116372822E-6
1.5932194605994627E-6
1.6029814715894032E-6
1.6127659964215888E-6
1.6225730870306095E-6
1.632402795471417E-6
1.6422551739195915E-6
1.6521302746716014E-6
1.6620281501450431E-6
1.671948852878887E-6
1.6818924355337181E-6
1.691858950891955E-6
1.7018484518580773E-6
1.7118609914588303E-6
1.7218966228434396E-6
1.7319553992838028E-6
1.7420373741746733E-6
1.7521426010338574E-6
1.7622711335023753E-6
1.772423025344635E-6
1.782598330448598E-6
1.7927971028259337E-6
1.8030193966121757E-6
1.8132652660668712E-6
1.8235347655737295E-6
1.8338279496407721E-6
1.844144872900474E-6
1.8544855901099294E-6
1.8648501561509931E-6
1.875238626030442E-6
1.8856510548801432E-6
1.8960874979572283E-6
1.9065480106442797E-6
1.917032648449518E-6
1.9275414670070235E-6
1.938074522076943E-6
1.948631869545749E-6
1.9592135654264775E-6
1.969819665859007E-6
1.980450227110365E-6
1.991105305575018E-6
2.0017849577752207E-6
2.0124892403613664E-6
2.0232182101123608E-6
2.033971923936008E-6
2.04475043886944E-6
2.0555538120795406E-6
2.0663821008633986E-6
2.0772353626487713E-6
2.0881136549945934E-6
2.099017035591432E-6
2.1099455622620493E-6
2.1208992929618803E-6
2.131878285779587E-6
2.142882598937595E-6
2.1539122907926197E-6
2.1649674198362147E-6
2.176048044695318E-6
2.1871542241327787E-6
2.1982860170479007E-6
2.2094434824769545E-6
2.2206266795936933E-6
2.231835667709865E-6
2.2430705062756937E-6
2.254331254880351E-6
2.2656179732524173E-6
2.2769307212603234E-6
2.2882695589127624E-6
2.2996345463591036E-6
2.3110257438897665E-6
2.3224432119365793E-6
2.333887011073135E-6
2.3453572020151026E-6
2.356853845620539E-6
2.3683770028901747E-6
2.3799267349676907E-6
2.391503103139951E-6
2.403106168837279E-6
2.4147359936336636E-6
2.4263926392469714E-6
2.4380761675391768E-6
2.449786640516537E-6
2.4615241203298163E-6
2.473288669274444E-6
2.4850803497907293E-6
2.4968992244640266E-6
2.5087453560249498E-6
2.5206188073495305E-6
2.5325196414594407E-6
2.544447921522177E-6
2.556403710851266E-6
2.5683870729064705E-6
2.580398071294035E-6
2.59243676976688E-6
2.6045032322248602E-6
2.6165975227150044E-6
2.6287197054317815E-6
2.6347822051960452E-6
2.6408586863693134E-6
2.6469491812123685E-6
2.653053722059755E-6
2.659172341319888E-6
2.66530507147524E-6
2.6714519450824708E-6
2.677612994772615E-6
2.6837882532512415E-6
2.6899777532986407E-6
2.6961815277700048E-6
2.702399609595615E-6
2.7086320317810504E-6
2.7148788274073703E-6
2.7211400296313186E-6
2.727415671685541E-6
2.7337057868787728E-6
2.740010408596049E-6
2.7463295702989296E-6
2.7526633055256963E-6
2.7590116478915506E-6
2.7653746310888527E-6
2.771752288887295E-6
2.778144655134139E-6
2.7845517637544184E-6
2.790973648751134E-6
2.797410344205468E-6
2.803861884276998E-6
2.8103283032038845E-6
2.8168096353030872E-6
2.8233059149705598E-6
2.829817176681453E-6
2.8363434549903206E-6
2.8428847845313135E-6
2.84944120001837E-6
2.8560127362454264E-6
2.8625994280866053E-6
2.8692013104964184E-6
2.875818418509948E-6
2.8824507872430517E-6
2.889098451892556E-6
2.8957614477364506E-6
2.9024398101340702E-6
2.9091335745263025E-6
2.9158427764357636E-6
2.9225674514670078E-6
2.929307635306708E-6
2.936063363723847E-6
2.942834672569913E-6
2.9496215977791047E-6
2.9564241753684923E-6
2.963242441438238E-6
2.970076432171769E-6
2.9769261838359928E-6
2.983791732781467E-6
2.9906731154425967E-6
2.9975703683378403E-6
3.0044835280698897E-6
3.01141263132587E-6
3.0183577148775358E-6
3.025318815581458E-6
3.032295970379225E-6
3.0392892162976416E-6
3.0462985904489123E-6
3.05332413003085E-6
3.0603658723270566E-6
3.067423854707145E-6
3.0744981146269082E-6
3.0815886896285355E-6
3.088695617340803E-6
3.095818935479275E-6
3.1029586818465054E-6
3.1101148943322225E-6
3.117287610913551E-6
3.1244768696551878E-6
3.131682708709628E-6
3.138905166317357E-6
3.1461442808070237E-6
3.1534000905956898E-6
3.160672634189004E-6
3.167961950181408E-6
3.1752680772563397E-6
3.182591054186447E-6
3.1899309198337762E-6
3.197287713149985E-6
3.204661473176549E-6
3.212052239044967E-6
3.219460049976961E-6
3.226884945284691E-6
3.234326964370952E-6
3.2417861467293953E-6
3.2492625319447264E-6
3.256756159692906E-6
3.2642670697413784E-6
3.2717953019492698E-6
3.27934089626759E-6
3.2869038927394576E-6
3.2944843315003135E-6
3.3020822527781057E-6
3.3096976968935287E-6
3.3173307042602237E-6
3.3249813153849926E-6
3.3326495708680132E-6
3.3403355114030477E-6
3.348039177777669E-6
3.3557606108734555E-6
3.3634998516662287E-6
3.371256941226255E-6
3.3790319207184575E-6
3.3868248314026522E-6
3.3946357146337414E-6
3.402464611861956E-6
3.4103115646330544E-6
3.4181766145885463E-6
3.426059803465917E-6
3.433961173098842E-6
3.441880765417415E-6
3.4498186224483587E-6
3.4577747863152512E-6
3.465749299238749E-6
3.4737422035368116E-6
3.481753541624918E-6
3.489783356016293E-6
3.4978316893221303E-6
3.505898584251828E-6
3.5139840836131935E-6
3.5220882303126894E-6
3.530211067355648E-6
3.5383526378465018E-6
3.546512984989018E-6
3.5546921520865028E-6
3.5628901825420634E-6
3.57110711985881E-6
3.5793430076401037E-6
3.5875978895897747E-6
3.5958718095123604E-6
3.6041648113133286E-6
3.612476938999323E-6
3.6208082366783907E-6
3.629158748560208E-6
3.6375285189563152E-6
3.645917592280366E-6
3.6543260130483488E-6
3.6627538258788306E-6
3.6712010754931763E-6
3.6796678067158123E-6
3.688154064474445E-6
3.6966598938003104E-6
3.705185339828402E-6
3.7137304477977167E-6
3.7222952630515028E-6
3.730879831037483E-6
3.7394841973081155E-6
3.7481084075208294E-6
3.7567525074382667E-6
3.7654165429285277E-6
3.774100559965409E-6
3.782804604628671E-6
3.791528723104265E-6
3.8002729616845855E-6
3.8090373667687308E-6
3.817821984862733E-6
3.826626862579835E-6
3.835452046640713E-6
3.844297583873767E-6
3.853163521215336E-6
3.862049905709987E-6
3.870956784510763E-6
3.8798842048794334E-6
3.888832214186767E-6
3.897800859912791E-6
3.906790189647056E-6
3.915800251088904E-6
3.924831092047739E-6
3.93388276044329E-6
3.942955304305902E-6
3.952048771776799E-6
3.961163211108347E-6
3.970298670664378E-6
3.979455198920443E-6
3.988632844464082E-6
3.99783165599516E-6
4.007051682326121E-6
4.016292972382297E-6
4.0255555752022015E-6
4.034839539937837E-6
4.0441449158549895E-6
4.05347175233354E-6
4.0628200988677625E-6
4.07219000506665E-6
4.081581520654207E-6
4.090994695469787E-6
4.100429579468395E-6
4.1098862227210084E-6
4.119364675414884E-6
4.128864987853882E-6
4.138387210458796E-6
4.1479313937676545E-6
4.1574975884360404E-6
4.167085845237411E-6
4.176696215063384E-6
4.186328748924074E-6
4.195983497948365E-6
4.2056605133842426E-6
4.2153598465990265E-6
4.225081549079713E-6
4.2348256724331934E-6
4.244592268386542E-6
4.254381388787288E-6
4.264193085603595E-6
4.274027410924564E-6
4.2838844169603795E-6
4.293764156042551E-6
4.303666680624105E-6
4.3135920432797256E-6
4.3235402967059256E-6
4.333511493721196E-6
4.343505687266105E-6
4.353522930403445E-6
4.363563276318297E-6
4.373626778318122E-6
4.3837134898328445E-6
4.393823464414867E-6
4.403956755739156E-6
4.414113417603274E-6
4.424293503927369E-6
4.434497068754238E-6
4.444724166249338E-6
4.454974850700786E-6
4.465249176519389E-6
4.475547198238693E-6
4.4858689705150015E-6
4.49621454812739E-6
4.506583985977826E-6
4.5169773390911875E-6
4.5273946626154045E-6
4.53783601182155E-6
4.5483014421039895E-6
4.558791008980575E-6
4.569304768092841E-6
4.5798427752062225E-6
4.590405086210377E-6
4.600991757119459E-6
4.6116028440724854E-6
4.622238403333733E-6
4.632898491293139E-6
4.643583164466826E-6
4.65429247949754E-6
4.665026493155267E-6
4.675785262337762E-6
4.686568844071193E-6
4.697377295510777E-6
4.708210673941475E-6
4.719069036778673E-6
4.729952441568922E-6
4.740860945990677E-6
4.75179460785505E-6
4.762753485106582E-6
4.773737635824022E-6
4.784747118221079E-6
4.7957819906471925E-6
4.806842311588314E-6
4.817928139667627E-6
4.829039533646277E-6
4.840176552424096E-6
4.851339255040268E-6
4.86252770067396E-6
4.873741948644973E-6
4.884982058414298E-6
4.896248089584705E-6
4.907540101901204E-6
4.918858155251543E-6
4.9302023096666205E-6
4.94157262532088E-6
4.952969162532672E-6
4.964391981764558E-6
4.975841143623561E-6
4.987316708861432E-6
4.998818738374832E-6
5.01034729320553E-6
5.0219024345404895E-6
5.033484223712079E-6
5.045092722198075E-6
5.056727991621783E-6
5.0683900937521E-6
5.080079090503543E-6
5.091795043936312E-6
5.10353801625631E-6
5.115308069815185E-6
5.1271052671103525E-6
5.138929670785052E-6
5.15078134362836E-6
5.162660348575306E-6
5.174566748706878E-6
5.186500607250127E-6
5.198461987578256E-6
5.210450953210756E-6
5.222467567813518E-6
5.23451189519896E-6
5.246583999326231E-6
5.258683944301383E-6
5.2708117943775774E-6
5.282967613955305E-6
5.295151467582625E-6
5.30736341995544E-6
5.319603535917789E-6
5.33187188046208E-6
5.344168518729469E-6
5.356493516010148E-6
5.368846937743678E-6
5.381228849519366E-6
5.393639317076591E-6
5.406078406305185E-6
5.41854618324583E-6
5.43104271409039E-6
5.443568065182358E-6
5.4561223030172205E-6
5.468705494242835E-6
5.4813177056598705E-6
5.493959004222198E-6
5.506629457037278E-6
5.519329131366578E-6
5.532058094625965E-6
5.544816414386126E-6
5.5576041583729605E-6
5.570421394467978E-6
5.583268190708709E-6
5.596144615289091E-6
5.609050736559882E-6
5.621986623029019E-6
5.6349523433620675E-6
5.647947966382541E-6
5.660973561072342E-6
5.674029196572133E-6
5.687114942181712E-6
5.700230867360389E-6
5.713377041727387E-6
5.7265535350621985E-6
5.739760417304981E-6
5.7529977585569135E-6
5.766265629080575E-6
5.779564099300326E-6
5.792893239802695E-6
5.8062531213366925E-6
5.819643814814251E-6
5.8330653913105575E-6
5.846517922064421E-6
5.860001478478668E-6
5.873516132120467E-6
5.887061954721749E-6
5.9006390181795606E-6
5.914247394556412E-6
5.927887156080683E-6
5.9415583751469554E-6
5.955261124316421E-6
5.968995476317218E-6
5.982761504044847E-6
5.996559280562498E-6
6.010388879101454E-6
6.024250373061478E-6
6.038143836011132E-6
6.0520693416882106E-6
6.066026964000096E-6
6.080016777024139E-6
6.094038855008048E-6
6.108093272370229E-6
6.122180103700238E-6
6.136299423759087E-6
6.1504513074796835E-6
6.1646358299671775E-6
6.178853066499385E-6
6.1931030925271355E-6
6.207385983674684E-6
6.2217018157401E-6
6.2360506646956445E-6
6.2504326066881705E-6
6.264847718039507E-6
6.279296075246882E-6
6.293777754983258E-6
6.308292834097801E-6
6.322841389616238E-6
6.337423498741228E-6
6.352039238852826E-6
6.36668868750885E-6
6.381371922445275E-6
6.396089021576661E-6
6.41084006299653E-6
6.425625124977811E-6
6.440444285973188E-6
6.455297624615598E-6
6.470185219718552E-6
6.4851071502766E-6
6.500063495465735E-6
6.5150543346437936E-6
6.530079747350887E-6
6.545139813309818E-6
6.5602346124265015E-6
6.575364224790357E-6
6.5905287306747885E-6
6.605728210537536E-6
6.6209627450211695E-6
6.636232414953481E-6
6.651537301347898E-6
6.666877485403948E-6
6.6822530485076644E-6
6.697664072232036E-6
6.713110638337431E-6
6.72859282877202E-6
6.744110725672249E-6
6.759664411363247E-6
6.775253968359281E-6
6.7908794793641795E-6
6.806541027271808E-6
6.82223869516648E-6
6.8379725663234245E-6
6.8537427242092405E-6
6.869549252482319E-6
6.8853922349933085E-6
6.901271755785585E-6
6.917187899095676E-6
6.933140749353743E-6
6.9491303911840144E-6
6.965156909405273E-6
6.981220389031295E-6
6.997320915271325E-6
7.013458573530518E-6
7.029633449410423E-6
7.04584562870948E-6
7.062095197423421E-6
7.0783822417457915E-6
7.0947068480684135E-6
7.111069102981857E-6
7.127469093275896E-6
7.143906905940014E-6
7.160382628163873E-6
7.176896347337783E-6
7.19344815105319E-6
7.2100381271031774E-6
7.226666363482927E-6
7.243332948390212E-6
7.260037970225907E-6
7.276781517594415E-6
7.293563679304254E-6
7.31038454436848E-6
7.3272442020051965E-6
7.344142741638059E-6
7.3610802528967805E-6
7.378056825617613E-6
7.395072549843863E-6
7.412127515826399E-6
7.429221814024121E-6
7.446355535104522E-6
7.463528769944152E-6
7.48074160962917E-6
7.497994145455807E-6
7.515286468930912E-6
7.532618671772474E-6
7.549990845910117E-6
7.567403083485623E-6
7.584855476853485E-6
7.602348118581372E-6
7.619881101450722E-6
7.63745451845723E-6
7.65506846281138E-6
7.672723027938999E-6
7.69041830748176E-6
7.708154395297746E-6
7.725931385461992E-6
7.743749372267009E-6
7.761608450223355E-6
7.779508714060158E-6
7.797450258725674E-6
7.815433179387882E-6
7.833457571434973E-6
7.851523530475978E-6
7.869631152341286E-6
7.887780533083261E-6
7.905971768976783E-6
7.924204956519825E-6
7.94248019243406E-6
7.960797573665436E-6
7.979157197384756E-6
7.997559160988314E-6
8.016003562098435E-6
8.034490498564128E-6
8.053020068461704E-6
8.071592370095343E-6
8.090207501997774E-6
8.108865562930845E-6
8.127566651886177E-6
8.146310868085817E-6
8.165098310982831E-6
8.183929080261968E-6
8.202803275840298E-6
8.221720997867881E-6
8.240682346728358E-6
8.25968742303964E-6
8.278736327654537E-6
8.2978291616614E-6
8.316966026384775E-6
8.336147023386043E-6
8.355372254464037E-6
8.374641821655664E-6
8.393955827236528E-6
8.413314373721597E-6
8.432717563865696E-6
8.452165500664193E-6
8.47165828735349E-6
8.491196027411657E-6
8.510778824558893E-6
8.530406782758136E-6
8.550080006215496E-6
8.569798599380724E-6
8.589562666947753E-6
8.609372313855058E-6
8.629227645286075E-6
8.649128766669595E-6
8.669075783680127E-6
8.689068802238257E-6
8.709107928510852E-6
8.729193268911479E-6
8.749324930100532E-6
8.769503018985576E-6
8.789727642721477E-6
8.809998908710674E-6
8.83031692460327E-6
8.850681798297276E-6
8.871093637938705E-6
8.891552551921762E-6
8.912058648888962E-6
8.932612037731285E-6
8.953212827588339E-6
8.97386112784851E-6
8.99455704814912E-6
9.015300698376685E-6
9.03609218866711E-6
9.056931629405912E-6
9.07781913122858E-6
9.098754805020817E-6
9.119738761919029E-6
9.14077111331066E-6
9.161851970834762E-6
9.182981446382431E-6
9.204159652097473E-6
9.22538670037704E-6
9.246662703872368E-6
9.267987775489518E-6
9.289362028390294E-6
9.310785575993054E-6
9.33225853197378E-6
9.353781010267052E-6
9.37535312506716E-6
9.396974990829178E-6
9.418646722270258E-6
9.440368434370768E-6
9.46214024237556E-6
9.483962261795292E-6
9.505834608407755E-6
9.527757398259135E-6
9.549730747665411E-6
9.571754773213676E-6
9.593829591763452E-6
9.615955320448006E-6
9.638132076675724E-6
9.660359978131202E-6
9.682639142776666E-6
9.704969688853032E-6
9.727351734881086E-6
9.749785399662557E-6
9.772270802281177E-6
9.794808062103605E-6
9.817397298780347E-6
9.840038632246584E-6
9.862732182722939E-6
9.88547807071621E-6
9.908276417019938E-6
9.931127342715039E-6
9.954030969170298E-6
9.976987418042732E-6
9.99999681127807E-6
1.0023059271111015E-5
1.0046174920065593E-5
1.0069343880955314E-5
1.009256627688342E-5
1.0115842231242997E-5
1.013917186771715E-5
1.0162555310279079E-5
1.0185992683192184E-5
1.0209484111010175E-5
1.0233029718577078E-5
1.0256629631027376E-5
1.0280283973786043E-5
1.0303992872568619E-5
1.0327756453381332E-5
1.0351574842521252E-5
1.03754481665763E-5
1.0399376552425517E-5
1.042336012723922E-5
1.0447399018479128E-5
1.0471493353898707E-5
1.0495643261543362E-5
1.0519848869750737E-5
1.0544110307151033E-5
1.0568427702667388E-5
1.0592801185516215E-5
1.0617230885207608E-5
1.0641716931545843E-5
1.0666259454629796E-5
1.0690858584853368E-5
1.0715514452906134E-5
1.0740227189773744E-5
1.0764996926738578E-5
1.0789823795380266E-5
1.0814707927576301E-5
1.0839649455502592E-5
1.0864648511634155E-5
1.0889705228745725E-5
1.0914819739912358E-5
1.09399921785101E-5
1.0965222678216677E-5
1.0990511373012111E-5
1.1015858397179418E-5
1.1041263885305268E-5
1.1066727972280634E-5
1.1092250793301538E-5
1.111783248386969E-5
1.1143473179793128E-5
1.1169173017187002E-5
1.1194932132474143E-5
1.1220750662385844E-5
1.1246628743962504E-5
1.127256651455428E-5
1.1298564111821846E-5
1.1324621673737083E-5
1.135073933858359E-5
1.1376917244957669E-5
1.1403155531768782E-5
1.1429454338240338E-5
1.1455813803910368E-5
1.1482234068632233E-5
1.1508715272575351E-5
1.1535257556225822E-5
1.1561861060387205E-5
1.1588525926181252E-5
1.161525229504853E-5
1.1642040308749194E-5
1.1668890109363716E-5
1.1695801839293634E-5
1.1722775641262243E-5
1.1749811658315315E-5
1.1776910033821913E-5
1.1804070911475101E-5
1.1831294435292708E-5
1.1858580749618069E-5
1.1885929999120837E-5
1.1913342328797726E-5
1.194081788397327E-5
1.1968356810300693E-5
1.199595925376259E-5
1.2023625360671807E-5
1.205135527767226E-5
1.207914915173969E-5
1.210700713018249E-5
1.21349293606426E-5
1.2162915991096258E-5
1.2190967169854894E-5
1.2219083045565963E-5
1.224726376721381E-5
1.227550948412049E-5
1.2303820345946725E-5
1.2332196502692683E-5
1.2360638104698916E-5
1.238914530264725E-5
1.2417718247561658E-5
1.2446357090809188E-5
1.2475061984100842E-5
1.2503833079492525E-5
1.2532670529385959E-5
1.2561574486529613E-5
1.2590545104019633E-5
1.261958253530077E-5
1.2648686934167423E-5
1.2677858454764423E-5
1.2707097251588195E-5
1.273640347948756E-5
1.2765777293664837E-5
1.2795218849676766E-5
1.2824728303435448E-5
1.2854305811209453E-5
1.2883951529624728E-5
1.2913665615665644E-5
1.2943448226676015E-5
1.2973299520360102E-5
1.3003219654783629E-5
1.3033208788374829E-5
1.3063267079925489E-5
1.309339468859194E-5
1.3123591773896182E-5
1.3153858495726866E-5
1.3184195014340405E-5
1.3214601490362E-5
1.3245078084786732E-5
1.327562495898058E-5
1.3306242274681595E-5
1.3336930194000926E-5
1.3367688879423876E-5
1.3398518493811075E-5
1.342941920039949E-5
1.3460391162803594E-5
1.3491434545016415E-5
1.3522549511410747E-5
1.3553736226740122E-5
1.3584994856140017E-5
1.3616325565128967E-5
1.364772851960968E-5
1.3679203885870163E-5
1.3710751830584913E-5
1.3742372520815901E-5
1.3774066124013893E-5
1.3805832808019474E-5
1.3837672741064263E-5
1.3869586091772017E-5
1.3901573029159811E-5
1.3933633722639166E-5
1.3965768342017225E-5
1.399797705749795E-5
1.4030260039683191E-5
1.4062617459573936E-5
1.4095049488571476E-5
1.4127556298478528E-5
1.4160138061500403E-5
1.4192794950246264E-5
1.4225527137730202E-5
1.4258334797372473E-5
1.4291218103000676E-5
1.432417722885087E-5
1.4357212349568823E-5
1.4390323640211216E-5
1.4423511276246738E-5
1.445677543355732E-5
1.449011628843936E-5
1.4523534017604821E-5
1.4557028798182471E-5
1.4590600807719096E-5
1.4624250224180642E-5
1.4657977225953394E-5
1.4691781991845212E-5
1.4725664701086667E-5
1.4759625533332285E-5
1.479366466866168E-5
1.4827782287580774E-5
1.4861978571022975E-5
1.4896253700350352E-5
1.4930607857354831E-5
1.496504122425939E-5
1.499955398371922E-5
1.5034146318822954E-5
1.5068818413093748E-5
1.5103570450490567E-5
1.5138402615409341E-5
1.5173315092684112E-5
1.5208308067588206E-5
1.524338172583546E-5
1.527853625358135E-5
1.53137718374242E-5
1.534908866440631E-5
1.5384486922015167E-5
1.5419966798184606E-5
1.5455528481295977E-5
1.549117216017929E-5
1.5526898024114435E-5
1.5562706262832256E-5
1.559859706651584E-5
1.5634570625801584E-5
1.5670627131780382E-5
1.5706766775998793E-5
1.5742989750460215E-5
1.5779296247626012E-5
1.5815686460416756E-5
1.5852160582213278E-5
1.58887188068579E-5
1.5925361328655585E-5
1.5962088342375072E-5
1.5998900043250075E-5
1.6035796626980424E-5
1.6072778289733193E-5
1.6109845228143966E-5
1.614699763931786E-5
1.6184235720830783E-5
1.6221559670730566E-5
1.6258969687538137E-5
1.6296465970248587E-5
1.6334048718332482E-5
1.6371718131736856E-5
1.6409474410886496E-5
1.6447317756684968E-5
1.6485248370515783E-5
1.6523266454243632E-5
1.6561372210215346E-5
1.6599565841261102E-5
1.6637847550695547E-5
1.6676217542318755E-5
1.6714676020417457E-5
1.6753223189765986E-5
1.6791859255627312E-5
1.683058442375419E-5
1.686939890038985E-5
1.6908302892269336E-5
1.6947296606620113E-5
1.6986380251163137E-5
1.702555403411376E-5
1.7064818164182353E-5
1.7104172850575274E-5
1.714361830299553E-5
1.7183154731643532E-5
1.722278234721779E-5
1.726250136091537E-5
1.730231198443258E-5
1.7342214429965508E-5
1.738220891021044E-5
1.7422295638364253E-5
1.7462474828124875E-5
1.7502746693691483E-5
1.754311144976501E-5
1.7583569311548134E-5
1.7624120494745616E-5
1.7664765215564415E-5
1.7705503690713854E-5
1.7746336137405747E-5
1.778726277335439E-5
1.782828381677675E-5
1.7869399486392416E-5
1.7910610001423678E-5
1.7951915581595662E-5
1.7993316447136234E-5
1.8034812818776292E-5
1.8076404917749735E-5
1.8118092965793577E-5
1.8159877185148245E-5
1.820175779855774E-5
1.824373502927E-5
1.8285809101037043E-5
1.8327980238115656E-5
1.8370248665267677E-5
1.841261460776059E-5
1.8455078291368203E-5
1.849763994237133E-5
1.854029978755858E-5
1.8583058054227314E-5
1.8625914970184452E-5
1.8668870763747618E-5
1.871192566374629E-5
1.8755079899522853E-5
1.8798333700934E-5
1.8841687298351896E-5
1.8885140922665697E-5
1.8928694805282786E-5
1.897234917813028E-5
1.9016104273656538E-5
1.9059960324832596E-5
1.9103917565153598E-5
1.9147976228640282E-5
1.91921365498405E-5
1.9236398763830512E-5
1.9280763106216416E-5
1.9325229813135473E-5
1.936979912125726E-5
1.9414471267784942E-5
1.9459246490456357E-5
1.9504125027544936E-5
1.954910711786069E-5
1.9594193000750976E-5
1.9639382916101157E-5
1.9684677104335277E-5
1.9730075806416333E-5
1.977557926384688E-5
1.982118771866915E-5
1.986690141346508E-5
1.991272059135651E-5
1.995864549600501E-5
2.000467637161163E-5
2.005081346291677E-5
2.0097057015199722E-5
2.0143407274278193E-5
2.018986448650782E-5
2.0236428898781586E-5
2.028310075852918E-5
2.032988031371624E-5
2.0376767812843666E-5
2.0423763504946875E-5
2.0470867639594938E-5
2.0518080466889847E-5
2.0565402237465636E-5
2.0612833202487607E-5
2.066037361365145E-5
2.0708023723182485E-5
2.0755783783834896E-5
2.0803654048890877E-5
2.0851634772159973E-5
2.089972620797829E-5
2.0947928611207936E-5
2.099624223723673E-5
2.1044667341977953E-5
2.1093204181870304E-5
2.1141853013878167E-5
2.119061409549179E-5
2.1239487684727885E-5
2.1288474040130165E-5
2.133757342077034E-5
2.1386786086248786E-5
2.1436112296695806E-5
2.1485552312772837E-5
2.1535106395673823E-5
2.1584774807126643E-5
2.1634557809394795E-5
2.168445566527909E-5
2.1734468638119395E-5
2.178459699179674E-5
2.1834840990735298E-5
2.1885200899904525E-5
2.1935676984821283E-5
2.198626951155236E-5
2.2036978746716724E-5
2.2087804957488022E-5
2.21387484115972E-5
2.218980937733506E-5
2.2240988123554988E-5
2.2292284919675736E-5
2.234370003568418E-5
2.239523374213821E-5
2.244688631016976E-5
2.2498658011487678E-5
2.2550549118380845E-5
2.2602559903721275E-5
2.265469064096718E-5
2.270694160416618E-5
2.2759313067958663E-5
2.281180530758091E-5
2.2864418598868496E-5
2.2917153218259583E-5
2.297000944279834E-5
2.3022987550138434E-5
2.3076087818546415E-5
2.3129310526905247E-5
2.3182655954717836E-5
2.3236124382110645E-5
2.328971608983717E-5
2.3343431359281648E-5
2.3397270472462786E-5
2.345123371203718E-5
2.350532136130325E-5
2.3559533704204938E-5
2.361387102533525E-5
2.366833360994026E-5
2.3722921743922712E-5
2.3777635713845944E-5
2.383247580693764E-5
2.3887442311093635E-5
2.39425355148818E-5
2.3997755707545834E-5
2.405310317900922E-5
2.4108578219879018E-5
2.4164181121449735E-5
2.421991217570727E-5
2.4275771675332812E-5
2.4331759913706604E-5
2.4387877184911983E-5
2.444412378373926E-5
2.4500500005689548E-5
2.455700614697866E-5
2.4613642504541117E-5
2.4670409376033865E-5
2.4727307059840315E-5
2.4784335855074138E-5
2.484149606158319E-5
2.4898787979953278E-5
2.4956211911512185E-5
2.501376815833327E-5
2.5071457023239563E-5
2.5129278809807377E-5
2.5187233822370233E-5
2.5245322366022578E-5
2.5303544746623584E-5
2.5361901270800975E-5
2.542039224595466E-5
2.5479017980260487E-5
2.5537778782673945E-5
2.5596674962933865E-5
2.5655706831566036E-5
2.5714874699886826E-5
2.5774178880006874E-5
2.5833619684834603E-5
2.589319742807979E-5
2.5952912424257092E-5
2.601276498868953E-5
2.607275543751208E-5
2.6132884087674942E-5
2.6193151256947093E-5
2.6253557263919587E-5
2.631410242800902E-5
2.637478706946067E-5
2.643561150935199E-5
2.649657606959569E-5
2.6557681072943048E-5
2.6618926842987072E-5
2.6680313704165667E-5
2.6741841981764746E-5
2.6803512001921197E-5
2.6865324091626075E-5
2.692727857872751E-5
2.6989375791933577E-5
2.705161606081548E-5
2.7113999715810107E-5
2.7176527088223093E-5
2.723919851023152E-5
2.7302014314886618E-5
2.7364974836116558E-5
2.7428080408729085E-5
2.7491331368414057E-5
2.7554728051746163E-5
2.7618270796187336E-5
2.768195994008924E-5
2.774579582269575E-5
2.7809778784145273E-5
2.787390916547315E-5
2.7938187308613938E-5
2.8002613556403577E-5
2.8067188252581642E-5
2.813191174179347E-5
2.8196784369592286E-5
2.8261806482441158E-5
2.8326978427715072E-5
2.839230055370283E-5
2.8457773209608948E-5
2.8523396745555504E-5
2.8589171512583856E-5
2.8655097862656475E-5
2.8721176148658466E-5
2.8787406724399427E-5
2.8853789944614732E-5
2.8920326164967326E-5
2.898701574204895E-5
2.9053859033381685E-5
2.9120856397419233E-5
2.91880081935483E-5
2.9255314782089714E-5
2.9322776524299673E-5
2.939039378237094E-5
2.9458166919433718E-5
2.9526096299556825E-5
2.9594182287748625E-5
2.966242524995788E-5
2.973082555307466E-5
2.979938356493107E-5
2.986809965430191E-5
2.993697419090554E-5
3.0006007545404257E-5
3.0075200089405066E-5
3.0144552195459918E-5
3.0214064237066474E-5
3.0283736588668157E-5
3.0353569625654668E-5
3.042356372436218E-5
3.0493719262073547E-5
3.056403661701845E-5
3.0634516168373484E-5
3.070515829626214E-5
3.077596338175475E-5
3.0846931806868626E-5
3.091806395456757E-5
3.098936020876191E-5
3.106082095430811E-5
3.1132446577008486E-5
3.120423746361085E-5
3.127619400180809E-5
3.134831658023755E-5
3.142060558848055E-5
3.149306141706188E-5
3.156568445744894E-5
3.1638475102051184E-5
3.1711433744219234E-5
3.178456077824414E-5
3.185785659935644E-5
3.19313216037251E-5
3.200495618845682E-5
3.2078760751594654E-5
3.2152735692117144E-5
3.222688140993701E-5
3.230119830589997E-5
3.237568678178351E-5
3.245034724029557E-5
3.252518008507312E-5
3.260018572068067E-5
3.2675364552608995E-5
3.275071698727318E-5
3.2826243432011616E-5
3.290194429508373E-5
3.297781998566863E-5
3.305387091386321E-5
3.313009749068026E-5
3.3206500128046724E-5
3.328307923880153E-5
3.335983523669366E-5
3.343676853637985E-5
3.351387955342284E-5
3.3591168704288506E-5
3.366863640634401E-5
3.374628307785509E-5
3.382410913798383E-5
3.390211500678552E-5
3.398030110520672E-5
3.4058667855081904E-5
3.413721567913067E-5
3.421594500095508E-5
3.429485624503616E-5
3.437394983673101E-5
3.445322620226939E-5
3.453268576875028E-5
3.461232896413848E-5
3.469215621726098E-5
3.4772167957803E-5
3.4852364616304595E-5
3.493274662415621E-5
3.5013314413594964E-5
3.509406841770044E-5
3.517500907039018E-5
3.525613680641559E-5
3.53374520613573E-5
3.5418955271620716E-5
3.5500646874431417E-5
3.558252730783041E-5
3.566459701066931E-5
3.5746856422605474E-5
3.582930598409738E-5
3.591194613639936E-5
3.599477732155703E-5
3.6077799982401985E-5
3.616101456254702E-5
3.624442150638116E-5
3.632802125906454E-5
3.641181426652369E-5
3.6495800975446534E-5
3.657998183327745E-5
3.666435728821262E-5
3.674892778919517E-5
3.683369378591047E-5
3.6918655728781496E-5
3.700381406896437E-5
3.708916925834389E-5
3.7174721749528856E-5
3.7260471995848085E-5
3.734642045134597E-5
3.7432567570778296E-5
3.751891380960822E-5
3.760545962400205E-5
3.7692205470825187E-5
3.7779151807638446E-5
3.786629909269374E-5
3.795364778493035E-5
3.804119834397087E-5
3.812895123011729E-5
3.8216906904347045E-5
3.8305065828309E-5
3.8393428464319366E-5
3.848199527535748E-5
3.857076672506158E-5
3.865974327772462E-5
3.8748925398289684E-5
3.883831355234545E-5
3.8927908206121455E-5
3.9017709826483246E-5
3.910771888092746E-5
3.9197935837576524E-5
3.928836116517322E-5
3.937899533307546E-5
3.946983881125032E-5
3.9560892070268316E-5
3.9652155581297194E-5
3.974362981609567E-5
3.983531524700723E-5
3.992721234695352E-5
4.001932158942728E-5
4.011164344848598E-5
4.020417839874432E-5
4.029692691536726E-5
4.038988947406282E-5
4.048306655107446E-5
4.057645862317382E-5
4.067006616765286E-5
4.076388966231648E-5
4.0857929585474486E-5
4.0952186415934206E-5
4.1046660632992084E-5
4.114135271642635E-5
4.1236263146488963E-5
4.133139240389758E-5
4.1426740969827704E-5
4.1522309325905005E-5
4.161809795419708E-5
4.171410733720582E-5
4.181033795792574E-5
4.1906790299901484E-5
4.200346484728402E-5
4.2100362084886197E-5
4.219748249823705E-5
4.2294826573635016E-5
4.2392394798200076E-5
4.2490187659925646E-5
4.258820564772837E-5
4.268644925149788E-5
4.2784918962145E-5
4.2883615271649326E-5
4.298253867310551E-5
4.3081689660769116E-5
4.3181068730101036E-5
4.328067637781123E-5
4.3380513101901226E-5
4.348057940170628E-5
4.358087577793587E-5
4.368140273271412E-5
4.3782160769618344E-5
4.388315039371749E-5
4.3984372111609305E-5
4.408582643145664E-5
4.418751386302291E-5
4.4289434917706676E-5
4.439159010857545E-5
4.449397995039828E-5
4.459660495967786E-5
4.469946565468178E-5
4.480256255547247E-5
4.4905896183936907E-5
4.5009467063815055E-5
4.511327572072789E-5
4.521732268220398E-5
4.5321608477705825E-5
4.542613363865535E-5
4.5530898698458275E-5
4.5635904192528114E-5
4.574115065830896E-5
4.5846638635297844E-5
4.595236866506628E-5
4.6058341291280995E-5
4.6164557059723796E-5
4.627101651831098E-5
4.637772021711193E-5
4.648466870836681E-5
4.65918625465038E-5
4.6699302288155466E-5
4.6806988492174526E-5
4.691492171964881E-5
4.702310253391592E-5
4.713153150057646E-5
4.724020918750755E-5
4.7349136164874945E-5
4.74583130051448E-5
4.75677402830948E-5
4.767741857582473E-5
4.778734846276619E-5
4.789753052569183E-5
4.800796534872407E-5
4.81186535183429E-5
4.8229595623393545E-5
4.834079225509312E-5
4.8452244007036835E-5
4.856395147520384E-5
4.8675915257962095E-5
4.8788135956072986E-5
4.890061417269541E-5
4.9013350513389106E-5
4.912634558611728E-5
4.923960000124928E-5
4.935311437156221E-5
4.946688931224238E-5
4.9580925440885765E-5
4.969522337749847E-5
4.98097837444964E-5
4.992460716670449E-5
5.0039694271355405E-5
5.015504568808781E-5
5.0270662048944094E-5
5.038654398836763E-5
5.050269214319973E-5
5.061910715267586E-5
5.0735789658421545E-5
5.085274030444774E-5
5.096995973714589E-5
5.10874486052824E-5
5.1205207559992816E-5
5.132323725477542E-5
5.144153834548441E-5
5.1560111490322814E-5
5.1678957349834826E-5
5.179807658689786E-5
5.1917469866714104E-5
5.203713785680158E-5
5.2157081226985E-5
5.22773006493863E-5
5.239779679841439E-5
5.251857035075504E-5
5.263962198536004E-5
5.276095238343586E-5
5.288256222843253E-5
5.300445220603159E-5
5.3126623004134005E-5
5.324907531284742E-5
5.337180982447355E-5
5.3494827233494785E-5
5.3618128236560545E-5
5.374171353247361E-5
5.386558382217567E-5
5.3989739808733E-5
5.4114182197321375E-5
5.423891169521109E-5
5.436392901175135E-5
5.4489234858354565E-5
5.461482994848024E-5
5.4740714997618554E-5
5.486689072327385E-5
5.499335784494742E-5
5.5120117084120564E-5
5.524716916423693E-5
5.537451481068457E-5
5.550215475077838E-5
5.563008971374116E-5
5.5758320430685665E-5
5.5886847634595285E-5
5.6015672060305124E-5
5.614479444448289E-5
5.627421552560894E-5
5.640393604395676E-5
5.653395674157281E-5
5.666427836225618E-5
5.679490165153835E-5
5.6925827356662254E-5
5.705705622656123E-5
5.7188589011838024E-5
5.732042646474339E-5
5.745256933915462E-5
5.758501839055344E-5
5.771777437600426E-5
5.7850838054131994E-5
5.798421018509957E-5
5.811789153058545E-5
5.825188285376073E-5
5.838618491926639E-5
5.852079849319007E-5
5.865572434304271E-5
5.879096323773531E-5
5.892651594755505E-5
5.9062383244141423E-5
5.919856590046272E-5
5.933506469079139E-5
5.947188039068004E-5
5.960901377693692E-5
5.9746465627601465E-5
5.988423672191939E-5
6.00223278403178E-5
6.0160739764380416E-5
6.0299473276822226E-5
6.0438529161464294E-5
6.0577908203208324E-5
6.071761118801118E-5
6.085763890285922E-5
6.0997992135742396E-5
6.113867167562843E-5
6.127967831243702E-5
6.142101283701341E-5
6.156267604110235E-5
6.17046687173215E-5
6.184699165913568E-5
6.198964566082944E-5
6.213263151748119E-5
6.2275950024936E-5
6.241960197977893E-5
6.256358817930836E-5
6.270790942150886E-5
6.285256650502395E-5
6.299756022912925E-5
6.314289139370528E-5
6.328856079920997E-5
6.34345692466515E-5
6.358091753756086E-5
6.37276064739643E-5
6.387463685835607E-5
6.402200949367049E-5
6.416972518325465E-5
6.431778473084031E-5
6.446618894051656E-5
6.46149386167019E-5
6.476403456411659E-5
6.491347758775451E-5
6.506326849285528E-5
6.52134080848764E-5
6.536389716946566E-5
6.551473655243236E-5
6.566592703971983E-5
6.581746943737735E-5
6.596936455153163E-5
6.612161318835918E-5
6.627421615405788E-5
6.642717425481882E-5
6.658048829679796E-5
6.673415908608816E-5
6.688818742869068E-5
6.704257413048686E-5
6.719731999720967E-5
6.735242583441576E-5
6.75078924474566E-5
6.766372064145006E-5
6.78199112212521E-5
6.797646499142794E-5
6.81333827562238E-5
6.829066531953814E-5
6.844831348489275E-5
6.860632805540424E-5
6.876470983375538E-5
6.892345962216585E-5
6.908257822236363E-5
6.9242066435556E-5
6.94019250624008E-5
6.956215490297675E-5
6.97227567567548E-5
6.988373142256929E-5
7.004507969858798E-5
7.020680238228323E-5
7.036890027040319E-5
7.053137415894129E-5
7.069422484310827E-5
7.085745311730215E-5
7.102105977507876E-5
7.118504560912308E-5
7.134941141121885E-5
7.151415797222058E-5
7.167928608202327E-5
7.184479652953361E-5
7.201069010264077E-5
7.217696758818771E-5
7.234362977194122E-5
7.251067743856439E-5
7.267811137158676E-5
7.284593235337622E-5
7.301414116511042E-5
7.318273858674856E-5
7.335172539700305E-5
7.352110237331174E-5
7.369087029180995E-5
7.38610299273031E-5
7.403158205323922E-5
7.420252744168173E-5
7.437386686328227E-5
7.454560108725449E-5
7.47177308813471E-5
7.489025701181753E-5
7.506318024340588E-5
7.52365013393089E-5
7.541022106115419E-5
7.558434016897478E-5
7.575885942118362E-5
7.593377957454807E-5
7.610910138416494E-5
7.628482560343551E-5
7.646095298404047E-5
7.663748427591531E-5
7.681442022722512E-5
7.69917615843399E-5
7.716950909181041E-5
7.734766349234305E-5
7.752622552677511E-5
7.770519593405047E-5
7.788457545119439E-5
7.806436481328897E-5
7.824456475344847E-5
7.842517600279418E-5
7.860619929042977E-5
7.878763534341586E-5
7.896948488674544E-5
7.915174864331817E-5
7.933442733391554E-5
7.95175216771754E-5
7.970103238956659E-5
7.988496018536329E-5
8.006930577661977E-5
8.025406987314492E-5
8.043925318247628E-5
8.062485640985474E-5
8.08108802581988E-5
8.099732542807903E-5
8.118419261769259E-5
8.137148252283705E-5
8.155919583688578E-5
8.174733325076185E-5
8.193589545291312E-5
8.212488312928632E-5
8.231429696330266E-5
8.250413763583213E-5
8.269440582516879E-5
8.288510220700634E-5
8.307622745441244E-5
8.326778223780552E-5
8.345976725370058E-5
8.365218322428762E-5
8.38450308970123E-5
8.40383110441615E-5
8.423202446245027E-5
8.442617197261412E-5
8.462075441900296E-5
8.481577266917947E-5
8.501122761352001E-5
8.52071201648193E-5
8.54034512578982E-5
8.56002218492139E-5
8.579743291647518E-5
8.599508545825844E-5
8.61931804936288E-5
8.639171906176354E-5
8.659070222157838E-5
8.679013105135728E-5
8.699000664838519E-5
8.719033012858348E-5
8.73911026261493E-5
8.759232529319671E-5
8.77939992994015E-5
8.799612583164884E-5
8.81987060936837E-5
8.840174130576452E-5
8.86052327043192E-5
8.880918154160426E-5
8.90135890853671E-5
8.921845661851082E-5
8.942378543876153E-5
8.96295768583388E-5
8.983583220362946E-5
9.004255281486244E-5
9.024974004578829E-5
9.045739526336027E-5
9.066551984741833E-5
9.08741151903761E-5
9.108318269691044E-5
9.129272378365297E-5
9.1502739878885E-5
9.171323242223534E-5
9.192420286437983E-5
9.213565266674408E-5
9.23475833012083E-5
9.255999624981518E-5
9.277289300448035E-5
9.29862750667047E-5
9.32001439472901E-5
9.341450116605679E-5
9.362934825156396E-5
9.384468674083223E-5
9.406051817906935E-5
9.427684411939724E-5
9.449366612258238E-5
9.471098575676837E-5
9.492880459721082E-5
9.514712422601418E-5
9.536594623187209E-5
9.558527220980937E-5
9.580510376092523E-5
9.602544249214166E-5
9.624629001595129E-5
9.646764795016886E-5
9.66895179176851E-5
9.691190154622231E-5
9.713480046809291E-5
9.735821631995922E-5
9.758215074259656E-5
9.780660538065772E-5
9.803158188244046E-5
9.82570818996558E-5
9.848310708720079E-5
9.870965910293065E-5
9.89367396074354E-5
9.916435026381737E-5
9.939249273747135E-5
9.962116869586644E-5
9.985037980833023E-5
1.0008012774583517E-4
1.0031041418078694E-4
1.0054124078681482E-4
1.0077260923856372E-4
1.0100452121148918E-4
1.0123697838165396E-4
1.01469982425526E-4
1.0170353501977876E-4
1.0193763784109432E-4
1.0217229256596769E-4
1.0240750087051279E-4
1.0264326443027118E-4
1.0287958492002206E-4
1.0311646401359436E-4
1.0335390338368139E-4
1.035919047016561E-4
1.0383046963738967E-4
1.0406959985907029E-4
1.0430929703302581E-4
1.0454956282354648E-4
1.0479039889271044E-4
1.0503180690021073E-4
1.0527378850318446E-4
1.0551634535604305E-4
1.0575947911030517E-4
1.0600319141443088E-4
1.0624748391365722E-4
1.064923582498369E-4
1.067378160612769E-4
1.0698385898258033E-4
1.0723048864448927E-4
1.0747770667372925E-4
1.0772551469285602E-4
1.0797391432010296E-4
1.0822290716923148E-4
1.0847249484938232E-4
1.0872267896492827E-4
1.0897346111532931E-4
1.0922484289498831E-4
1.0947682589310977E-4
1.0972941169355878E-4
1.0998260187472251E-4
1.1023639800937259E-4
1.1049080166453008E-4
1.1074581440133046E-4
1.1100143777489212E-4
1.112576733341843E-4
1.1151452262189849E-4
1.117719871743203E-4
1.1203006852120241E-4
1.122887681856403E-4
1.125480876839489E-4
1.1280802852554009E-4
1.1306859221280268E-4
1.1332978024098312E-4
1.135915940980682E-4
1.1385403526466896E-4
1.1411710521390593E-4
1.1438080541129565E-4
1.1464513731463924E-4
1.14910102373912E-4
1.1517570203115404E-4
1.1544193772036285E-4
1.1570881086738711E-4
1.1597632288982184E-4
1.1624447519690478E-4
1.1651326918941402E-4
1.1678270625956761E-4
1.1705278779092352E-4
1.1732351515828219E-4
1.1759488972758912E-4
1.1786691285583929E-4
1.1813958589098311E-4
1.1841291017183364E-4
1.1868688702797423E-4
1.1896151777966882E-4
1.1923680373777213E-4
1.1951274620364245E-4
1.1978934646905424E-4
1.2006660581611323E-4
1.2034452551717178E-4
1.206231068347461E-4
1.2090235102143447E-4
1.2118225931983677E-4
1.2146283296247461E-4
1.2174407317171353E-4
1.2202598115968594E-4
1.2230855812821485E-4
1.2259180526873949E-4
1.2287572376224205E-4
1.2316031477917422E-4
1.234455794793869E-4
1.2373151901205973E-4
1.2401813451563162E-4
1.243054271177333E-4
1.2459339793512053E-4
1.2488204807360796E-4
1.251713786280044E-4
1.2546139068205016E-4
1.2575208530835334E-4
1.26043463568329E-4
1.2633552651213908E-4
1.266282751786321E-4
1.269217105952862E-4
1.2721583377815052E-4
1.2751064573178985E-4
1.2780614744922953E-4
1.2810233991190058E-4
1.2839922408958696E-4
1.286968009403733E-4
1.289950714105941E-4
1.2929403643478237E-4
1.2959369693562187E-4
1.2989405382389814E-4
1.3019510799845084E-4
1.3049686034612845E-4
1.3079931174174187E-4
1.311024630480207E-4
1.3140631511556893E-4
1.3171086878282357E-4
1.320161248760116E-4
1.3232208420911026E-4
1.3262874758380734E-4
1.3293611578946057E-4
1.332441896030616E-4
1.3355296978919738E-4
1.3386245710001477E-4
1.341726522751841E-4
1.3448355604186502E-4
1.34795169114673E-4
1.3510749219564582E-4
1.3542052597421175E-4
1.3573427112715736E-4
1.3604872831859843E-4
1.3636389819994858E-4
1.3667978140989134E-4
1.3699637857435146E-4
1.3731369030646723E-4
1.37631717206564E-4
1.3795045986212805E-4
1.382699188477815E-4
1.3859009472525727E-4
1.3891098804337502E-4
1.392325993380189E-4
1.3955492913211403E-4
1.3987797793560557E-4
1.402017462454365E-4
1.4052623454552878E-4
1.408514433067613E-4
1.4117737298695315E-4
1.415040240308437E-4
1.4183139687007514E-4
1.421594919231756E-4
1.424883095955425E-4
1.4281785027942732E-4
1.431481143539197E-4
1.4347910218493354E-4
1.4381081412519336E-4
1.4414325051422122E-4
1.444764116783248E-4
1.4481029793058482E-4
1.4514490957084515E-4
1.454802468857028E-4
1.4581631014849757E-4
1.4615309961930382E-4
1.4649061554492258E-4
1.4682885815887528E-4
1.4716782768139515E-4
1.475075243194238E-4
1.478479482666053E-4
1.4818909970328186E-4
1.4853097879649087E-4
1.4887358569996183E-4
1.492169205541151E-4
1.4956098348605995E-4
1.4990577460959476E-4
1.502512940252077E-4
1.505975418200762E-4
1.5094451806807045E-4
1.51292222829755E-4
1.5164065615239149E-4
1.5198981806994292E-4
1.5233970860307775E-4
1.5269032775917568E-4
1.5304167553233097E-4
1.5339375190336155E-4
1.537465568398131E-4
1.5410009029596757E-4
1.5445435221285027E-4
1.548093425182378E-4
1.5516506112666758E-4
1.5552150793944562E-4
1.5587868284465644E-4
1.5623658571717244E-4
1.5659521641866474E-4
1.5695457479761318E-4
1.5731466068931682E-4
1.5767547391590524E-4
1.5803701428635067E-4
1.5839928159647833E-4
1.587622756289792E-4
1.5912599615342326E-4
1.5949044292627073E-4
1.5985561569088581E-4
1.6022151417754898E-4
1.6058813810347148E-4
1.6095548717280934E-4
1.613235610766764E-4
1.6169235949315948E-4
1.620618820873337E-4
1.6243212851127669E-4
1.6280309840408427E-4
1.6317479139188714E-4
1.6354720708786576E-4
1.6392034509226885E-4
1.642942049924283E-4
1.6466878636277796E-4
1.6504408876487093E-4
1.6542011174739844E-4
1.6579685484620775E-4
1.6617431758432142E-4
1.6655251195308565E-4
1.6693144978720568E-4
1.6731114276576236E-4
1.6769160241322117E-4
1.6807284010043837E-4
1.6845486704566168E-4
1.6883769431552545E-4
1.6922133282604152E-4
1.6960579334358557E-4
1.699910864858791E-4
1.7037722272296468E-4
1.7076421237817855E-4
1.7115206562911742E-4
1.7154079250860066E-4
1.7193040290562896E-4
1.7232090656633486E-4
1.7271231309493414E-4
1.731046319546667E-4
1.734978724687373E-4
1.73892043821249E-4
1.7428715505813348E-4
1.7468321508807557E-4
1.7508023268343424E-4
1.7547821648115835E-4
1.7587717498369817E-4
1.762771165599122E-4
1.7667804944596977E-4
1.7707998174624866E-4
1.7748292143422866E-4
1.7788687635338066E-4
1.7829185421805024E-4
1.7869786261433856E-4
1.79104909000978E-4
1.7951300071020285E-4
1.7992214494861643E-4
1.8033234879805387E-4
1.8074361921643935E-4
1.8115596303864057E-4
1.8156938697731832E-4
1.8198389762377117E-4
1.823995014487772E-4
1.828162048034292E-4
1.8323401391996913E-4
1.8365293491261425E-4
1.84072973778383E-4
1.8449413639791377E-4
1.8491642853628066E-4
1.8533985584380503E-4
1.857644238568635E-4
1.8619013799868998E-4
1.8661700358017707E-4
1.8704502580066854E-4
1.8747420974875268E-4
1.8790456040304845E-4
1.8833608263298766E-4
1.8876878119959543E-4
1.8920266075626494E-4
1.89637725849528E-4
1.90073980919823E-4
1.9051143030225708E-4
1.90950078227366E-4
1.9138992882187006E-4
1.9183098610942492E-4
1.922732540113697E-4
1.9271673634747036E-4
1.9316143683665996E-4
1.9360735909777522E-4
1.9405450665028865E-4
1.9450288291503648E-4
1.9495249121494464E-4
1.954033347757493E-4
1.9585541672671413E-4
1.9630874010134438E-4
1.9676330783809667E-4
1.972191227810851E-4
1.9767618768078404E-4
1.981345051947269E-4
1.9859407788820217E-4
1.99054908234944E-4
1.995169986178214E-4
1.9998035132952203E-4
2.0044496857323345E-4
2.009108524633205E-4
2.0137800502599955E-4
2.018464282000077E-4
2.0231612383727138E-4
2.027870937035677E-4
2.0325933947918593E-4
2.037328627595829E-4
2.042076650560363E-4
2.0468374779629433E-4
2.051611123252212E-4
2.05639759905441E-4
2.0611969171797527E-4
2.0660090886288077E-4
2.0708341235988053E-4
2.0756720314899388E-4
2.080522820911619E-4
2.0853864996887085E-4
2.0902630748676997E-4
2.0951525527228914E-4
2.1000549387624988E-4
2.1049702377347592E-4
2.1098984536339996E-4
2.114839589706644E-4
2.1197936484572343E-4
2.1247606316543866E-4
2.1297405403367193E-4
2.1347333748187618E-4
2.1397391346968285E-4
2.1447578188548514E-4
2.1497894254701865E-4
2.1548339520193933E-4
2.1598913952839826E-4
2.1649617513561214E-4
2.1700450156443292E-4
2.175141182879125E-4
2.1802502471186453E-4
2.1853722017542432E-4
2.1905070395160476E-4
2.195654752478496E-4
2.2008153320658344E-4
2.20598876905759E-4
2.211175053594011E-4
2.2163741751814924E-4
2.2215861226979375E-4
2.2268108843981303E-4
2.232048447919051E-4
2.237298800285179E-4
2.242561927913748E-4
2.2478378166199969E-4
2.2531264516223679E-4
2.2584278175477032E-4
2.2637418984363758E-4
2.2690686777474277E-4
2.2744081383636698E-4
2.2797602625967362E-4
2.2851250321921358E-4
2.290502428334259E-4
2.2958924316513618E-4
2.301295022220526E-4
2.3067101795725876E-4
2.312137882697039E-4
2.3175781100469073E-4
2.3230308395435925E-4
2.3284960485817042E-4
2.3339737140338422E-4
2.3394638122553715E-4
2.3449663190891603E-4
2.3504812098702966E-4
2.3560084594307786E-4
2.3615480421041715E-4
2.36709993173025E-4
2.3726641016596033E-4
2.3782405247582198E-4
2.3838291734120458E-4
2.3894300195315306E-4
2.3950430345561093E-4
2.4006681894587052E-4
2.4063054547501813E-4
2.4119548004837677E-4
2.417616196259469E-4
2.4232896112284577E-4
2.4289750140974077E-4
2.4346723731328502E-4
2.440381656165467E-4
2.4461028305943806E-4
2.4518358633914027E-4
2.4575807211052827E-4
2.4633373698659073E-4
2.4691057753884913E-4
2.4748859029777363E-4
2.4806777175319757E-4
2.4864811835472833E-4
2.492296265121563E-4
2.498122925958624E-4
2.50396112937222E-4
2.509810838290067E-4
2.5156720152578517E-4
2.5215446224431865E-4
2.527428621639587E-4
2.533323974270389E-4
2.5392306413926435E-4
2.5451485837010173E-4
2.551077761531644E-4
2.557018134865967E-4
2.5629696633345633E-4
2.568932306220912E-4
2.5749060224651956E-4
2.580890770668035E-4
2.586886509094218E-4
2.592893195676415E-4
2.5989107880188434E-4
2.604939243400958E-4
2.6109785187810686E-4
2.6170285707999774E-4
2.6230893557845634E-4
2.629160829751377E-4
2.6352429484101695E-4
2.641335667167464E-4
2.6474389411300435E-4
2.6535527251084554E-4
2.6596769736204814E-4
2.665811640894595E-4
2.6719566808733835E-4
2.6781120472169724E-4
2.6842776933064054E-4
2.6904535722470233E-4
2.696639636871804E-4
2.7028358397447074E-4
2.7090421331639724E-4
2.715258469165412E-4
2.721484799525697E-4
2.7277210757655775E-4
2.7339672491531356E-4
2.74022327070699E-4
2.746489091199492E-4
2.7527646611598795E-4
2.7590499308774517E-4
2.765344850404695E-4
2.771649369560385E-4
2.7779634379326883E-4
2.784287004882233E-4
2.7906200195451734E-4
2.7969624308362095E-4
2.803314187451625E-4
2.809675237872262E-4
2.816045530366512E-4
2.822425012993279E-4
2.8288136336049124E-4
2.835211339850136E-4
2.841618079176951E-4
2.8480337988355146E-4
2.854458445881012E-4
2.8608919671765107E-4
2.867334309395789E-4
2.873785419026146E-4
2.880245242371196E-4
2.8867137255536514E-4
2.8931908145180793E-4
2.8996764550336584E-4
2.9061705926968775E-4
2.9126731729342835E-4
2.9191841410051316E-4
2.9257034420040985E-4
2.9322310208639176E-4
2.9387668223580343E-4
2.945310791103231E-4
2.9518628715622443E-4
2.9584230080463564E-4
2.964991144717966E-4
2.9715672255931726E-4
2.9781511945443137E-4
2.98474299530249E-4
2.991342571460116E-4
2.9979498664733874E-4
3.004564823664799E-4
3.011187386225592E-4
3.0178174972182465E-4
3.024455099578893E-4
3.031100136119761E-4
3.037752549531586E-4
3.044412282386012E-4
3.051079277137972E-4
3.057753476128062E-4
3.0644348215848923E-4
3.0711232556274284E-4
3.0778187202673156E-4
3.084521157411186E-4
3.0912305088629514E-4
3.097946716326084E-4
3.104669721405869E-4
3.1113994656116787E-4
3.118135890359173E-4
3.124878936972535E-4
3.1316285466866605E-4
3.1383846606493587E-4
3.145147219923509E-4
3.151916165489208E-4
3.158691438245926E-4
3.1654729790146335E-4
3.172260728539888E-4
3.1790546274919384E-4
3.1858546164687977E-4
3.192660635998309E-4
3.1994726265402055E-4
3.2062905284881176E-4
3.2131142821716015E-4
3.219943827858151E-4
3.2267791057551684E-4
3.233620056011948E-4
3.240466618721653E-4
3.247318733923227E-4
3.2541763416033437E-4
3.261039381698334E-4
3.267907794096079E-4
3.2747815186379023E-4
3.281660495120449E-4
3.288544663297553E-4
3.295433962882093E-4
3.3023824777448507E-4
3.309389648277155E-4
3.3164549177119694E-4
3.3235777321124127E-4
3.33075754036036E-4
3.3379937941450434E-4
3.3452859479517303E-4
3.352633459050408E-4
3.3600357874845425E-4
3.367492396059848E-4
3.375002750333117E-4
3.3825663186010915E-4
3.390182571889349E-4
3.3978509839412694E-4
3.405571031207003E-4
3.4133421928324927E-4
3.421163950648553E-4
3.42903578915997E-4
3.4369571955346253E-4
3.444927659592693E-4
3.4529466737958693E-4
3.461013733236608E-4
3.469128335627434E-4
3.477289981290284E-4
3.485498173145861E-4
3.493752416703057E-4
3.50205222004842E-4
3.5103970938356294E-4
3.518786551274997E-4
3.527220108123074E-4
3.535697282672241E-4
3.544217595740315E-4
3.552780570660255E-4
3.5613857332698835E-4
3.5700326119016005E-4
3.578720737372196E-4
3.587449642972675E-4
3.596218864458092E-4
3.6050279400374753E-4
3.613876410363732E-4
3.622763818523643E-4
3.631689710027848E-4
3.6406536328008896E-4
3.649655137171287E-4
3.658693775861654E-4
3.6677691039788476E-4
3.6768806790041475E-4
3.6860280607834523E-4
3.695210811517559E-4
3.704428495752451E-4
3.713680680369604E-4
3.72296693457636E-4
3.732286829896308E-4
3.7416399401597023E-4
3.7510258414939556E-4
3.76044411231411E-4
3.769894333313368E-4
3.779376087453666E-4
3.788888959956273E-4
3.7984325382924044E-4
3.8080064121739227E-4
3.8176101735440073E-4
3.8272434165678997E-4
3.836905737623672E-4
3.846596735293026E-4
3.8563160103521237E-4
3.8660631657624553E-4
3.8758378066617563E-4
3.88563954035491E-4
3.8954679763049356E-4
3.9053227261239817E-4
3.9152034035643647E-4
3.925109624509611E-4
3.9350410069655806E-4
3.9449971710515795E-4
3.954977738991522E-4
3.964982335105135E-4
3.975010585799173E-4
3.98506211955866E-4
3.9951365669382225E-4
4.005233560553365E-4
4.0153527350718474E-4
4.0254937272050576E-4
4.035656175699436E-4
4.0458397213279107E-4
4.056044006881388E-4
4.0662686771602446E-4
4.076513378965872E-4
4.086777761092267E-4
4.0970614743176045E-4
4.1073641713958837E-4
4.117685507048581E-4
4.128025137956363E-4
4.138382722750779E-4
4.1487579220060556E-4
4.159150398230828E-4
4.1695598158599895E-4
4.179985841246536E-4
4.1904281426534255E-4
4.200886390245475E-4
4.211360256081309E-4
4.221849414105318E-4
4.232353540139651E-4
4.242872311876229E-4
4.253405408868793E-4
4.2639525125249877E-4
4.274513306098485E-4
4.285087474681098E-4
4.295674705194958E-4
4.306274686384705E-4
4.3168871088097215E-4
4.3275116648363676E-4
4.338148048630283E-4
4.348795956148675E-4
4.359455085132663E-4
4.3701251350996466E-4
4.3808058073357097E-4
4.391496804888013E-4
4.402197832557268E-4
4.412908596890208E-4
4.4236288061720965E-4
4.434358170419241E-4
4.4450964013715725E-4
4.455843212485222E-4
4.466598318925153E-4
4.477361437557777E-4
4.488132286943642E-4
4.4989105873301244E-4
4.5096960606441427E-4
4.5204884304849243E-4
4.5312874221167706E-4
4.5420927624618615E-4
4.552904180093084E-4
4.5637214052268987E-4
4.5745441697162155E-4
4.5853722070432994E-4
4.5962052523127107E-4
4.6070430422442667E-4
4.6178853151660344E-4
4.628731811007339E-4
4.639582271291802E-4
4.6504364391304056E-4
4.661294059214589E-4
4.6721548778093656E-4
4.683018642746464E-4
4.6938851034175E-4
4.7047540107671544E-4
4.715625117286408E-4
4.726498177005783E-4
4.737372945488614E-4
4.748249179824322E-4
4.759126638621764E-4
4.7700050820025536E-4
4.7808842715944366E-4
4.7917639705246913E-4
4.802643943413541E-4
4.8135239563675865E-4
4.824403776973284E-4
4.8352831742904415E-4
4.8461619188457317E-4
4.8570397826262096E-4
4.867916539072914E-4
4.878791963074428E-4
4.889665830960487E-4
4.900537920495647E-4
4.911408010872907E-4
4.922275882707411E-4
4.933141318030162E-4
4.944004100281736E-4
4.954864014306039E-4
4.965720846344083E-4
4.976574384027815E-4
4.987424416373891E-4
4.998270733777553E-4
5.009113128006504E-4
5.019951392194786E-4
5.030785320836701E-4
5.041614709780746E-4
5.052439356223587E-4
5.063259058704018E-4
5.074073617097006E-4
5.084882832607671E-4
5.09568650776539E-4
5.106484446417817E-4
5.117276453725032E-4
5.128062336153633E-4
5.138841901470845E-4
5.14961495873875E-4
5.160381318308425E-4
5.17114079181416E-4
5.18189319216768E-4
5.192638333552405E-4
5.203376031417712E-4
5.214106102473248E-4
5.224828364683216E-4
5.235542637260717E-4
5.246248740662143E-4
5.256946496581508E-4
5.267635727944872E-4
5.278316258904759E-4
5.288987914834612E-4
5.299650522323226E-4
5.310303909169259E-4
5.320947904375732E-4
5.331582338144565E-4
5.342207041871101E-4
5.352821848138681E-4
5.36342659071327E-4
5.374021104538005E-4
5.384605225727854E-4
5.395178791564307E-4
5.40574164048998E-4
5.416293612103348E-4
5.426834547153461E-4
5.437364287534653E-4
5.447882676281299E-4
5.458389557562603E-4
5.468884776677405E-4
5.47936818004896E-4
5.489839615219784E-4
5.50029893084651E-4
5.510745976694783E-4
5.521180603634124E-4
5.531602663632853E-4
5.542012009753028E-4
5.55240849614538E-4
5.562791978044308E-4
5.573162311762876E-4
5.583519354687782E-4
5.593862965274417E-4
5.604193003041931E-4
5.61450932856825E-4
5.624811803485211E-4
5.635100290473639E-4
5.645374653258492E-4
5.65563475660396E-4
5.665880466308678E-4
5.676111649200871E-4
5.68632817313357E-4
5.696529906979797E-4
5.706716720627824E-4
5.71688848497642E-4
5.727045071930105E-4
5.737186354394435E-4
5.747312206271328E-4
5.757422502454362E-4
5.767517118824104E-4
5.777595932243481E-4
5.787658820553168E-4
5.79770566256694E-4
5.807736338067103E-4
5.817750727799915E-4
5.82774871347101E-4
5.837730177740885E-4
5.847695004220347E-4
5.85764307746603E-4
5.867574282975881E-4
5.87748850718471E-4
5.887385637459698E-4
5.897265562096031E-4
5.907128170312384E-4
5.916973352246609E-4
5.926800998951268E-4
5.93661100238933E-4
5.946403255429777E-4
5.956177651843274E-4
5.965934086297887E-4
5.975672454354746E-4
5.985392652463788E-4
5.995094577959469E-4
6.004778129056521E-4
6.014443204845766E-4
6.024089705289819E-4
6.033717531218962E-4
6.043326584326958E-4
6.052916767166858E-4
6.062487983146862E-4
6.072040136526226E-4
6.081573132411107E-4
6.091086876750476E-4
6.100581276332072E-4
6.110056238778311E-4
6.119511672542244E-4
6.128947486903504E-4
6.13836359196435E-4
6.147759898645602E-4
6.157136318682719E-4
6.166492764621784E-4
6.175829149815577E-4
6.185145388419614E-4
6.194441395388267E-4
6.20371708647083E-4
6.212972378207623E-4
6.222207187926134E-4
6.231421433737141E-4
6.240615034530896E-4
6.249787909973238E-4
6.258939980501835E-4
6.268071167322367E-4
6.277181392404684E-4
6.309758792038898E-4
6.342152643560072E-4
6.374363620076237E-4
6.406392392567524E-4
6.438239629892348E-4
6.469905998793654E-4
6.501392163905118E-4
6.53269878775731E-4
6.563826530783903E-4
6.594776051327734E-4
6.625548005647049E-4
6.656143047921524E-4
6.68656183025841E-4
6.716805002698584E-4
6.746873213222652E-4
6.776767107756929E-4
6.806487330179537E-4
6.836034522326364E-4
6.865409323997081E-4
6.894612372961129E-4
6.923644304963665E-4
6.952505753731487E-4
6.981197350979001E-4
7.00971972641411E-4
7.03807350774411E-4
7.066259320681557E-4
7.094277788950159E-4
7.122129534290588E-4
7.149815176466312E-4
7.177335333269444E-4
7.204690620526463E-4
7.231881652104088E-4
7.258909039914962E-4
7.285773393923431E-4
7.312475322151278E-4
7.339015430683444E-4
7.365394323673688E-4
7.391612603350332E-4
7.41767087002184E-4
7.443569722082563E-4
7.469309756018324E-4
7.494891566412042E-4
7.520315745949346E-4
7.545582885424125E-4
7.570693573744164E-4
7.595648397936646E-4
7.620447943153735E-4
7.645092792678057E-4
7.669583527928228E-4
7.693920728464379E-4
7.718104971993588E-4
7.742136834375368E-4
7.766016889627111E-4
7.789745709929533E-4
7.813323865632047E-4
7.836751925258225E-4
7.86003045551115E-4
7.883160021278794E-4
7.906141185639381E-4
7.928974509866711E-4
7.951660553435518E-4
7.974199874026753E-4
7.996593027532887E-4
8.018840568063209E-4
8.040943047949087E-4
8.062901017749202E-4
8.08471502625479E-4
8.106385620494892E-4
8.127913345741548E-4
8.149298745514978E-4
8.170542361588762E-4
8.191644733995027E-4
8.212606401029578E-4
8.233427899257031E-4
8.25410976351594E-4
8.27465252692392E-4
8.2950567208827E-4
8.315322875083252E-4
8.335451517510796E-4
8.355443174449905E-4
8.375298370489482E-4
8.395017628527863E-4
8.414601469777735E-4
8.434050413771159E-4
8.453364978364621E-4
8.472545679743862E-4
8.491593032428937E-4
8.510507549279104E-4
8.529289741497761E-4
8.547940118637347E-4
8.566459188604243E-4
8.584847457663655E-4
8.603105430444471E-4
8.621233609944118E-4
8.63923249753343E-4
8.657102592961423E-4
8.674844394360138E-4
8.692458398249441E-4
8.709945099541811E-4
8.727304991547114E-4
8.744538565977331E-4
8.761646312951329E-4
8.778628720999606E-4
8.795486277068989E-4
8.812219466527334E-4
8.828828773168245E-4
8.845314679215706E-4
8.861677665328802E-4
8.877918210606345E-4
8.894036792591497E-4
8.910033887276412E-4
8.925909969106876E-4
8.941665510986866E-4
8.957300984283158E-4
8.97281685882988E-4
8.988213602933096E-4
9.003491683375345E-4
9.018651565420183E-4
9.033693712816708E-4
9.048618587804054E-4
9.063426651115886E-4
9.078118361984923E-4
9.092694178147368E-4
9.107154555847367E-4
9.121499949841474E-4
9.135730813403105E-4
9.149847598326913E-4
9.16385075493322E-4
9.177740732072427E-4
9.191517977129359E-4
9.205182936027681E-4
9.218736053234235E-4
9.232177771763371E-4
9.24550853318133E-4
9.258728777610506E-4
9.271838943733811E-4
9.284839468798929E-4
9.297730788622632E-4
9.310513337595027E-4
9.323187548683854E-4
9.335753853438706E-4
9.348212681995261E-4
9.360564463079543E-4
9.372809624012096E-4
9.384948590712207E-4
9.396981787702095E-4
9.408909638111081E-4
9.420732563679763E-4
9.432450984764153E-4
9.444065320339843E-4
9.455575988006133E-4
9.466983403990113E-4
9.478287983150817E-4
9.489490138983298E-4
9.500590283622706E-4
9.511588827848379E-4
9.522486181087874E-4
9.533282751421063E-4
9.5439789455841E-4
9.554575168973516E-4
9.565071825650211E-4
9.575469318343456E-4
9.585768048454862E-4
9.59596841606239E-4
9.606070819924325E-4
9.616075657483197E-4
9.625983324869771E-4
9.635794216906938E-4
9.645508727113701E-4
9.655127247709023E-4
9.664650169615773E-4
9.67407788246458E-4
9.68341077459776E-4
9.692649233073145E-4
9.701793643667945E-4
9.710844390882614E-4
9.719801857944684E-4
9.728666426812568E-4
9.737438478179366E-4
9.746118391476741E-4
9.754706544878596E-4
9.763203315304959E-4
9.771609078425682E-4
9.77992420866425E-4
9.788149079201498E-4
9.796284061979353E-4
9.804329527704552E-4
9.8122858458524E-4
9.820153384670419E-4
9.827932511182085E-4
9.8356235911905E-4
9.843226989282037E-4
9.850743068830028E-4
9.858172191998455E-4
9.865514719745473E-4
9.872771011827197E-4
9.87994142680121E-4
9.887026322030177E-4
9.894026053685523E-4
9.900940976750947E-4
9.907771445026034E-4
9.91451781112981E-4
9.921180426504296E-4
9.9277596414181E-4
9.93425580496992E-4
9.94066926509207E-4
9.947000368554003E-4
9.953249460965844E-4
9.959416886781852E-4
9.965502989303949E-4
9.971508110685192E-4
9.9774325919332E-4
9.983276772913704E-4
9.989040992353939E-4
9.994725587846069E-4
0.0010000330895850703
0.0010005857251700282
0.0010011304989602453
0.0010016674442643544
0.0010021965942791932
0.001002717982090148
0.0010032316406714823
0.0010037376028866865
0.001004235901488808
0.0010047265691207877
0.001005209638315797
0.00100568514149757
0.0010061531109807336
0.0010066135789711524
0.0010070665775662466
0.0010075121387553274
0.0010079502944199323
0.0010083810763341433
0.0010088045161649286
0.0010092206454724527
0.001009629495710422
0.0010100310982263966
0.0010104254842621119
0.0010108126849538135
0.0010111927313325737
0.0010115656543246095
0.0010119314847516062
0.0010122902533310366
0.0010126419906764717
0.0010129867272979122
0.0010133244936020855
0.0010136553198927744
0.0010139792363711216
0.0010142962731359503
0.0010146064601840607
0.0010149098274105566
0.0010152064046091383
0.0010154962214724242
0.0010157793075922412
0.001016055692459947
0.0010163254054667158
0.0010165884759038594
0.0010168449329631124
0.001017094805736942
0.001017338123218847
0.0010175749143036513
0.001017805207787807
0.0010180290323696887
0.001018246416649892
0.0010184573891315217
0.0010186619782204909
0.0010188602122258163
0.001019052119359906
0.0010192377277388556
0.0010194170653827338
0.00101959016021588
0.0010197570400671883
0.0010199177326704009
0.001020072265664395
0.0010202206665934717
0.0010203629629076411
0.0010204991819629183
0.0010206293510215958
0.0010207534972525405
0.0010208716477314765
0.001020983829441265
0.0010210900692722044
0.0010211903940222933
0.001021284830397526
0.0010213734050121763
0.001021456144389076
0.0010215330749598936
0.0010216042230654207
0.0010216696149558534
0.0010217292767910648
0.001021783234640891
0.0010218315144854035
0.0010218741422151902
0.0010219111436316315
0.001021942544447179
0.0010219683702856212
0.0010219886466823662
0.001022003399084715
0.001022012652852125
0.001022016433256495
0.002040953463528483
0.0020362487299317965
0.0020315548415302713
0.002026871773323325
0.0020221995003680154
0.002017537997778911
0.0020128872407279685
0.0020082472044443953
0.00200361786421452
0.0019989991953816605
0.0019943911733460032
0.0019897937735644643
0.0019852069715505546
0.0019806307428742605
0.001976065063161909
0.001971509908096036
0.0019669652534152595
0.001962431074914144
0.001957907348443077
0.0019533940499081377
0.0019488911552709687
0.0019443986405486453
0.0019399164818135418
0.0019354446551932136
0.0019309831368702593
0.0019265319030822034
0.0019220909301213562
0.0019176601943346949
0.00191323967212373
0.0019088293399443861
0.0019044291743068726
0.0019000391517755549
0.001895659248968833
0.00189128944255901
0.0018869297092721708
0.0018825800258880634
0.0018782403692399648
0.001873910716214554
0.0018695910437518085
0.0018652813288448547
0.0018609815485398627
0.0018566916799359215
0.0018524117001849103
0.0018481415864913806
0.0018438813161124315
0.0018396308663575901
0.0018353902145886933
0.0018311593382197638
0.0018269382147168883
0.0018227268215981
0.0018185251364332565
0.0018143331368439238
0.0018101508005032522
0.0018059781051358622
0.0018018150285177181
0.0017976615484760225
0.001793517642889086
0.0017893832896862115
0.0017852584668475815
0.001781143152404136
0.0017770373244374634
0.001772940961079672
0.0017688540405132816
0.0017647765409711032
0.0017607084407361233
0.0017566497181413963
0.0017526003515699168
0.001748560319454513
0.0017445296002777252
0.0017405081725716995
0.0017364960149180695
0.0017324931059478359
0.001728499424341264
0.0017245149488277613
0.0017205396581857675
0.001716573531242646
0.0017126165468745616
0.0017086686840063743
0.0017047299216115263
0.0017008002387119334
0.0016968796143778627
0.0016929680277278278
0.0016890654579284853
0.0016851718841945074
0.0016812872857884836
0.0016774116420208082
0.0016735449322495672
0.0016696871358804286
0.0016658382323665336
0.0016619982012083868
0.0016581670219537514
0.0016543446741975308
0.0016505311375816709
0.0016467263917950426
0.0016429304165733387
0.001639143191698965
0.0016353646970009312
0.0016315949123547426
0.0016278338176822975
0.0016240813929517771
0.0016203376181775412
0.0016166024734200156
0.0016128759387855926
0.0016091579944265228
0.0016054486205408073
0.0016017477973720958
0.0015980555052095792
0.0015943717243878837
0.0015906964352869696
0.001587029618332023
0.0015833712539933536
0.001579721322786292
0.001576079805271081
0.0015724466820527777
0.0015688219337811468
0.0015652055411505559
0.0015615974848998825
0.0015579977458123953
0.001554406304715666
0.0015508231424814622
0.001547248240025644
0.0015436815783080621
0.0015401231383324588
0.0015365729011463708
0.0015330308478410147
0.0015294969595511987
0.0015259712174552223
0.0015224536027747663
0.001518944096774801
0.0015154426807634843
0.001511949336092061
0.0015084640441547657
0.00150498678638872
0.001501517544273839
0.0014980562993327279
0.0014946030331305863
0.001491157727275106
0.0014877203634163806
0.0014842909232468
0.0014808693885009576
0.0014774557409555518
0.001474049962429288
0.0014706520347827835
0.001467261939918468
0.0014638796597804895
0.0014605051763546182
0.00145713847166815
0.0014537795277898106
0.0014504283268296624
0.0014470848509390056
0.0014437490823102793
0.0014404210031769814
0.0014371005958135582
0.0014337878425353177
0.0014304827256983353
0.0014271852276993555
0.0014238953309757055
0.0014206130180051942
0.001417338271306022
0.001414071073436688
0.0014108114069958967
0.0014075592546224673
0.0014043145989952363
0.0014010774228329704
0.0013978477088942695
0.0013946254399774807
0.0013914105989205991
0.0013882031686011898
0.0013850031319362771
0.0013818104718822677
0.0013786251714348581
0.0013754472136289428
0.001372276581538518
0.0013691132582765997
0.0013659572269951327
0.0013628084708848965
0.0013596669731754133
0.0013565327171348699
0.0013534056860700161
0.0013502858633260856
0.0013471732322866995
0.0013440677763737815
0.0013409694790474677
0.0013378783238060185
0.0013347942941857335
0.001331717373760861
0.0013286475461435087
0.0013255847949835574
0.0013225291039685768
0.001319480456823733
0.0013164388373117062
0.0013134042292325988
0.001310376616423854
0.001307355982760167
0.001304342312153394
0.001301335588552477
0.001298335795943348
0.001295342918348848
0.001292356939828639
0.0012893778444791183
0.0012864056164333397
0.0012834402398609183
0.0012804816989679527
0.0012775299779969414
0.001274585061226693
0.0012716469329722448
0.0012687155775847818
0.0012657909794515489
0.0012628731229957686
0.0012599619926765605
0.0012570575729888556
0.0012541598484633102
0.0012512688036662336
0.001248384423199499
0.0012455066917004614
0.0012426355938418838
0.001239771114331843
0.0012369132379136639
0.0012340619493658245
0.0012312172335018866
0.0012283790751704145
0.0012255474592548956
0.0012227223706736527
0.0012199037943797777
0.001217091715361046
0.0012142861186398438
0.0012114869892730826
0.00120869431235213
0.0012059080730027298
0.00120312825638492
0.0012003548476929647
0.0011975878321552737
0.0011948271950343277
0.0011920729216266
0.0011893249972624834
0.0011865834073062147
0.001183848137155799
0.0011811191722429328
0.0011783964980329304
0.0011756801000246493
0.0011729699637504133
0.0011702660747759364
0.0011675684187002523
0.0011648769811556348
0.0011621917478075196
0.0011595127043544367
0.001156839836527929
0.0011541731300924753
0.0011515125708454182
0.0011488581446168842
0.0011462098372697085
0.0011435676346993606
0.001140931522833861
0.0011383014876337075
0.0011356775150917966
0.0011330595912333527
0.0011304477021158367
0.0011278418338288832
0.0011252419724942094
0.001122648104265541
0.0011200602153285451
0.0011174782919007335
0.0011149023202313968
0.0011123322866015257
0.0011097681773237285
0.0011072099787421577
0.0011046576772324329
0.0011021112592015543
0.0010995707110878434
0.0010970360193608552
0.0010945071705213008
0.0010919841511009766
0.001089466947662689
0.0010869555468001832
0.0010844499351380626
0.0010819500993317131
0.0010794560260672466
0.0010769677020614136
0.0010744851140615343
0.0010720082488454303
0.0010695370932213544
0.0010670716340279206
0.001064611858134034
0.0010621577524388215
0.001059709303871561
0.0010572664993916225
0.0010548293259883936
0.001052397770681212
0.0010499718205193042
0.0010475514625817093
0.0010451366839772293
0.0010427274718443433
0.0010403238133511626
0.0010379256956953512
0.0010355331061040636
0.0010331460318338823
0.0010307644601707524
0.001028388378429917
0.0010260177739558514
0.0010236526341221984
