5.321504735465293E-5
1.1306960494492094E-4
1.8039206718356568E-4
2.561142322291693E-4
3.4128413494718257E-4
3.838654230586008E-4
4.3175936376994335E-4
4.8562890683946094E-4
5.462199526274756E-4
6.143709717058014E-4
6.910244782054866E-4
7.772411055115307E-4
8.742155067460434E-4
9.832919444403736E-4
0.0011059766421259519
0.0012439626295280817
0.0013991625902481603
0.0015737379254075407
0.0017701121013708947
0.0019909596434824245
0.00223932110341181
0.0025186936324731886
0.002833032749254782
0.0031866523211417923
0.0035840378813290857
0.004030870303604788
0.004533940409688523
0.005100510139013234
0.00573747829878746
0.006450568729064122
0.007254084863561272
0.00816282410635999
0.009187446793155018
0.010332232285686404
0.011594428827052347
0.013050228536835287
0.014717992062362496
0.016578537099779363
0.01859011401386562
0.020699252247496892
0.023551603615257936
0.026748362872910405
0.029999532569399415
0.033100574184976646
0.0359134685834161
0.044126969473374994
0.04980810651322425
0.05345176456903178
0.05546986100285784
0.05620421260259409
0.1033748545258071
0.0907888477385066
0.0797352016741898
0.07002734966201636
0.06150143973678601
