1.7416049788373256E-6
3.5419482338573535E-6
5.403010815347304E-6
7.326840591663922E-6
9.315554501033624E-6
1.1371340878613605E-5
1.3496461861555705E-5
1.569325587501283E-5
1.7964140202213398E-5
2.0311613641885107E-5
2.273825925642377E-5
2.5246747214263833E-5
2.7839837729911718E-5
3.052038410505072E-5
3.329133587402209E-5
3.615574205683512E-5
3.911675452266412E-5
4.2177631466547074E-5
4.5341741001709196E-5
4.861256486957893E-5
5.0252097291092045E-5
5.194692558053258E-5
5.369891479227167E-5
5.55099928698748E-5
5.738215274804544E-5
5.931745452615228E-5
6.13180277185874E-5
6.338607358737433E-5
6.552386756229901E-5
6.77337617533741E-5
7.001818755965606E-5
7.237965837735213E-5
7.482077240879483E-5
7.734421557227959E-5
7.995276451099482E-5
8.264928969737949E-5
8.543675862726637E-5
8.831823909614637E-5
9.129690254786059E-5
9.437602748400485E-5
9.755900294308499E-5
1.0084933207164188E-4
1.0425063581660897E-4
1.0776665677029887E-4
1.1140126319773025E-4
1.1515845327141568E-4
1.1904235953203928E-4
1.2305725358532056E-4
1.272075510363423E-4
1.3149781665316721E-4
1.3593276974205778E-4
1.405172897073183E-4
1.4525642175996996E-4
1.5015538273132256E-4
1.5521956694018401E-4
1.6045455205608675E-4
1.6586610489558584E-4
1.7146018708445452E-4
1.7724296051548955E-4
1.8322079252961076E-4
1.894002614257659E-4
1.9578816270049128E-4
2.023915162484928E-4
2.0921757461699313E-4
2.1627383229500614E-4
2.2356803593066616E-4
2.3110819530218162E-4
2.3890259481809082E-4
2.4695980528779634E-4
2.5528869568157116E-4
2.638984445883682E-4
2.727985510780139E-4
2.819988446801064E-4
2.915094942038023E-4
3.013410151394106E-4
3.1150427540327326E-4
3.2201049921090803E-4
3.328712688890194E-4
3.440985244640818E-4
3.557045608931543E-4
3.6770204309595185E-4
3.801040332797404E-4
3.9292402589467937E-4
4.061759863110054E-4
4.1987438997896556E-4
4.340342594253327E-4
4.4867119696353347E-4
4.638014114544245E-4
4.7944173785746257E-4
4.956096486629222E-4
5.123232565998929E-4
5.296013082766323E-4
5.474631686336652E-4
5.659287962795767E-4
5.850187099383678E-4
6.047539463687445E-4
6.251560102227955E-4
6.462468163970079E-4
6.680486254949698E-4
6.905839730707346E-4
7.138761983491019E-4
7.379498263007216E-4
7.628308228154868E-4
7.885467408087616E-4
8.151267733376122E-4
8.42601728187682E-4
8.710039369059349E-4
9.003671098908558E-4
9.307261479013204E-4
9.6211691920014E-4
9.945760105007223E-4
0.0010281404589282783
0.001062847471333859
0.0010987341365040378
0.0011358371350853322
0.0011741924513851555
0.0012138350906150885
0.0012547988046029805
0.0012971158285134527
0.0013408166306778408
0.0013859477386220826
0.001432567889929999
0.0014807446258837734
0.0015305512906270415
0.001582064401212119
0.0016353613563459654
0.0016905184539487425
0.0017476091897931985
0.0018067028115107818
0.0018678631041395635
0.0019311473851570731
0.0019966056885952284
0.0020642801193813992
0.0021342043604954063
0.002206403316882985
0.002280892881327412
0.0023576798086578955
0.002436761685771094
0.002518126985965444
0.0026017551970415964
0.002688156216199073
0.002777741087923844
0.002870831373570194
0.0029676678515293776
0.0030684185888186313
0.0031731864226759035
0.0032820158886125357
0.0033948996293524736
0.003511784317167027
0.003632576120293647
0.0037571457424010286
0.0038853330624264125
0.004016951400559924
0.004151791434681157
0.004289624790160646
0.0044302073246196925
0.004573282127992481
0.004718582257050951
0.004865833222432217
0.005014755245147297
0.005181162602139553
0.0053626140507811665
0.005556849214099274
0.005761777965861988
0.005975470365297856
0.006196147115149016
0.0064221705179504235
0.006652035906567639
0.006884363526115645
0.0071178908454237
0.007351465277207663
0.007584037287064347
0.007814653872313735
0.008042452392586042
0.008266654734884207
0.008486561796648836
0.008701548271114388
0.008911057719973367
0.009114597919060984
0.009311736463437392
0.009982663923884607
0.010598196106457847
0.011161291313372203
0.011674771815726662
0.012141329647371555
0.012563532163259948
0.01294382737155968
0.013284549048445601
0.013587921644147266
0.013856064988497027
0.014090998803904735
0.014294647033379555
0.014468841990924654
0.014615328341347624
0.014735766916256544
0.01483173837275061
0.014904746701061768
0.014956222587162223
0.014987526636119583
0.014999952461757376
0.029341538311070857
0.028358700636740158
0.02740878454669166
0.026490687284286333
0.025603343031241437
0.0247457216703493
0.023916827589644776
0.023115698526630004
0.022341404451211848
0.021593046486052998
0.020869755863082366
0.020170692914952597
0.019495046100273986
0.018842031061493708
0.018210889714327303
0.017600889367685977
0.017011321873079153
0.016441502802506214
0.01589077065388423
0.015358486083091438
