2.3249920033898065E-4
5.102930291379599E-4
8.422044198271905E-4
0.0010062763261673797
0.0012023153291659797
0.0014365407383044404
0.0017163934869225525
0.00205078880287765
0.002450288225684274
0.0029276199807640045
0.003498080168146603
0.004179355704365114
0.004993552415979094
0.005967080382991728
0.007127974179281977
0.008517465050209746
0.01018059225126198
0.01215242130424294
0.014531299772034175
0.01737874830219277
0.02068666524843107
0.024827288234427376
0.02970274788340668
0.03500361133488351
0.0427482569491832
0.05080415223483355
0.05794619956441469
0.0762677424138564
0.08567075278608845
0.08885758838697626
0.1555649395034504
0.12636778216322997
0.10265048422692181
