8.812642192325618E-6
1.8204107040713828E-5
2.8212412241539343E-5
3.8878072255656905E-5
5.024426224456016E-5
6.235699295041552E-5
7.526529727317933E-5
8.902142924239307E-5
1.0368107596406021E-4
1.1930358294188468E-4
1.2713955131746324E-4
1.354901965579521E-4
1.4438932122011388E-4
1.5387294591158964E-4
1.6397945633519516E-4
1.7474976122365697E-4
1.8622746112891488E-4
1.984590272450137E-4
2.1149398856593833E-4
2.253851247728767E-4
2.401886697440436E-4
2.5596453272840037E-4
2.7277654299895257E-4
2.9069272066621025E-4
3.0978557234594665E-4
3.301324062762751E-4
3.518156577580247E-4
3.7492321275029865E-4
3.995487152482603E-4
4.257918427563716E-4
4.537586629505857E-4
4.835621095925286E-4
5.153225658614738E-4
5.491685125799715E-4
5.852371825227897E-4
6.236751562525327E-4
6.646388366382467E-4
7.082947459549258E-4
7.548195993384078E-4
8.04400119929132E-4
8.572345667087507E-4
9.135349306669087E-4
9.735290676568237E-4
0.0010374622827155422
0.0011055980721256715
0.001178217875775217
0.001255619801659135
0.0013381163636198884
0.0014260313285089131
0.0015196958047874061
0.0016194744792352586
0.001725777454866165
0.0018390614700817835
0.001959823568985757
0.0020885896920121005
0.0022259001498730075
0.0023722935193719636
0.002528290145528265
0.0026943761408011924
0.0028709885303172776
0.003058976434006916
0.00325940517375664
0.003473404295911276
0.0037020523343836674
0.003946292116442357
0.004206871272141433
0.004484303362397527
0.004778845701616628
0.0050904905290135045
0.0054189666877327335
0.005771068568357749
0.006150980628098206
0.0065607589777835745
0.007000746199492457
0.007469927289433595
0.007966233778449886
0.00848680232385826
0.009028193383407714
0.009586574967787217
0.010157875915840768
0.010850824918751018
0.011631953053396458
0.012472610883219095
0.013348419997482154
0.014238779570630028
0.015126422843244683
0.01599701887339624
0.016838815316784904
0.017642318369049986
0.01840000634681815
0.020847965814995043
0.022901249918345593
0.0246007397125581
0.0259836746644281
0.02708395298349276
0.02793240831904816
0.02855706462468075
0.028983370858128726
0.029234417059808927
0.029331133237985585
0.056164555691740885
0.05252387789495048
0.04911919475046731
0.04593520870109893
0.04295761380241502
0.04017303144476474
0.03756895024183776
0.035133669815721226
0.03285624822591358
0.030726452806117837
