1.1852866490860903E-7
2.3822184557547193E-7
3.590909829439542E-7
4.811476303822513E-7
6.044034547879903E-7
7.28870237703152E-7
8.54559876439554E-7
9.814843852151238E-7
1.1096558963011923E-6
1.2390866611810231E-6
1.369789051719781E-6
1.5017755613461029E-6
1.6350588062454709E-6
1.7696515265654905E-6
1.9055665876332497E-6
2.0428169811848343E-6
2.181415826607173E-6
2.3213763721922695E-6
2.4627119964039518E-6
2.6054362091572682E-6
2.749562653110597E-6
2.8951051049706116E-6
3.042077476810207E-6
3.1904938173994553E-6
3.3403683135497527E-6
3.4917152914711786E-6
3.6445492181432045E-6
3.7988847026987505E-6
3.95473649782173E-6
4.112119501157977E-6
4.271048756739718E-6
4.431539456423453E-6
4.593606941341322E-6
4.757266703365875E-6
4.92253438658826E-6
5.089425788809832E-6
5.257956863047182E-6
5.428143719050639E-6
5.6000026248364365E-6
5.773550008232583E-6
5.9488024584388596E-6
6.125776727601165E-6
6.3044897324006576E-6
6.484958555658297E-6
6.6672004479552515E-6
6.851232829269954E-6
7.037073290632451E-6
7.224739595796783E-6
7.414249682932141E-6
7.605621666333422E-6
7.798873838151822E-6
7.994024670145956E-6
8.191092815453789E-6
8.390097110385606E-6
8.591056576237994E-6
8.793990421128745E-6
8.998918041852219E-6
9.205859025754813E-6
9.414833152629933E-6
9.625860396631776E-6
9.838960928207268E-6
1.0054155116045592E-5
1.0271463529044575E-5
1.0490906938293684E-5
1.0712506319073184E-5
1.0936282852869338E-5
1.1162257929405775E-5
1.1390453148691247E-5
1.1620890323083992E-5
1.1853591479373556E-5
1.1970050195971788E-5
1.2087653083998752E-5
1.2206411385267704E-5
1.2326336452111761E-5
1.2447439748457974E-5
1.2569732850912565E-5
1.2693227449857551E-5
1.2817935350559222E-5
1.2943868474288456E-5
1.307103885945294E-5
1.3199458662741448E-5
1.332914016028005E-5
1.3460095748800088E-5
1.359233794681819E-5
1.3725879395827969E-5
1.3860732861503492E-5
1.3996911234914542E-5
1.4134427533753819E-5
1.4273294903575918E-5
1.441352661904848E-5
1.4555136085215496E-5
1.4698136838773081E-5
1.4842542549357732E-5
1.4988367020847592E-5
1.5135624192676404E-5
1.5284328141161038E-5
1.543449308084208E-5
1.558613336583805E-5
1.573926349121324E-5
1.589389809435918E-5
1.605005195638984E-5
1.620774000355062E-5
1.6366977308641006E-5
1.652777909245096E-5
1.6690160725211146E-5
1.6854137728056683E-5
1.701972577450496E-5
1.718694069194725E-5
1.7355798463154582E-5
1.7526315227798096E-5
1.769850728398445E-5
1.7872391089806618E-5
1.8047983264911087E-5
1.822530059208207E-5
1.8404360018843546E-5
1.8585178659080517E-5
1.8767773794679948E-5
1.8952162877192843E-5
1.9138363529518065E-5
1.9326393547608887E-5
1.9516270902202513E-5
1.9708013740573527E-5
1.9901640388310615E-5
2.0097169351116983E-5
2.0294619316633285E-5
2.049400915628274E-5
2.0695357927136867E-5
2.0898684873800418E-5
2.110400943031413E-5
2.131135122207331E-5
2.152073006776056E-5
2.1732165981290837E-5
2.194567917376742E-5
2.2161290055447027E-5
2.2379019237713273E-5
2.2598887535057444E-5
2.2820915967066015E-5
2.3045125760414707E-5
2.3271538350869154E-5
2.3500175385292154E-5
2.3731058723658813E-5
2.396421044108013E-5
2.4199652829837203E-5
2.4437408401427223E-5
2.4677499888623708E-5
2.4919950247552143E-5
2.5164782659783837E-5
2.5412020534448816E-5
2.566168751037033E-5
2.5913807458222078E-5
2.6168404482709432E-5
2.6425502924776774E-5
2.668512736384139E-5
2.694730262005546E-5
2.7212053756597457E-5
2.747940608199379E-5
2.7749385152471644E-5
2.8022016774344602E-5
2.8297327006431685E-5
2.8575342162510747E-5
2.8856088813807772E-5
2.9139593791522513E-5
2.942588418939169E-5
2.9714987366290505E-5
3.000693094887314E-5
3.0301742834252928E-5
3.0599451192722706E-5
3.0900084470515576E-5
3.120367139260614E-5
3.151024096555245E-5
3.181982248037792E-5
3.213244551549338E-5
3.2448139939658214E-5
3.276693591497996E-5
3.3088863899951405E-5
3.341395465252437E-5
3.374223923321851E-5
3.407374900826454E-5
3.4408515652780485E-5
3.474657115397945E-5
3.508794781440835E-5
3.543267825521632E-5
3.578079541945157E-5
3.6132332575386615E-5
3.648732331987058E-5
3.684580158170794E-5
3.720780162506403E-5
3.7573358052895304E-5
3.794250581040512E-5
3.831528018852329E-5
3.8691716827408764E-5
3.907185171997347E-5
3.945572121542656E-5
3.9843362022835054E-5
4.0234811214699345E-5
4.0630106230539226E-5
4.1029284880486784E-5
4.1432385348880666E-5
4.183944619785813E-5
4.225050637093735E-5
4.26656051965861E-5
4.308478239177004E-5
4.3508078065474614E-5
4.393553272219585E-5
4.436718726539409E-5
4.480308300090592E-5
4.5243261640309936E-5
4.56877653042436E-5
4.613663652566586E-5
4.6589918253064905E-5
4.7047653853644756E-5
4.750988711652393E-5
4.797666225597461E-5
4.8448023914729396E-5
4.8924017167378624E-5
4.940468752387956E-5
4.9890080933194776E-5
5.038024378707525E-5
5.0875222924001256E-5
5.137506563329032E-5
5.187981965938073E-5
5.23895332062958E-5
5.2904254942292626E-5
5.3424034004696725E-5
5.3948920004922626E-5
5.4478963033678637E-5
5.501421366635332E-5
5.5554722968578095E-5
5.610054250196226E-5
5.6651724329992385E-5
5.720832102408985E-5
5.7770385669817714E-5
5.833797187322841E-5
5.891113376734144E-5
5.9489926018742805E-5
6.007440383429256E-5
6.066462296793083E-5
6.12606397275693E-5
6.186251098205589E-5
6.247029416819846E-5
6.308404729783554E-5
6.370382896493796E-5
6.432969835272932E-5
6.496171524080864E-5
6.559994001226115E-5
6.62444336607425E-5
6.68952577975201E-5
6.755247465845731E-5
6.821614711092571E-5
6.888633866062887E-5
6.956311345832548E-5
7.024653630643491E-5
7.093667266551378E-5
7.163358866058803E-5
7.233735108732942E-5
7.304802741806314E-5
7.376568580759425E-5
7.44903950988438E-5
7.522222482828088E-5
7.596124523114197E-5
7.67075272464267E-5
7.746114252165975E-5
7.822216341740776E-5
7.899066301154217E-5
7.976671510323556E-5
8.055039421668141E-5
8.134177560452483E-5
8.21409352509928E-5
8.294794987471087E-5
8.376289693119406E-5
8.458585461499867E-5
8.54169018615233E-5
8.625611834844526E-5
8.710358449678075E-5
8.795938147155944E-5
8.882359118209965E-5
8.969629628187884E-5
9.057758016798829E-5
9.146752698016744E-5
9.236622159941154E-5
9.327374964997079E-5
9.419019750443782E-5
9.511565229163616E-5
9.605020190703248E-5
9.699393502541252E-5
9.79469411155688E-5
9.890931045676435E-5
9.988113415674324E-5
1.0086250417107399E-4
1.0185351332361891E-4
1.0285425532793329E-4
1.0386482480940984E-4
1.0488531732798962E-4
1.0591582940127226E-4
1.0695645852786648E-4
1.0800730321083052E-4
1.0906846298105934E-4
1.1014003842048583E-4
1.1122213118496851E-4
1.1231484402674878E-4
1.134182808163653E-4
1.145325465639232E-4
1.156577474396202E-4
1.1679399079344016E-4
1.1794138517393089E-4
1.1910004034598742E-4
1.2027006730757122E-4
1.214515783052973E-4
1.2264468684882986E-4
1.238495077240321E-4
1.2506615700481733E-4
1.2629475206365733E-4
1.275354115807061E-4
1.2878825555150185E-4
1.3005340529321447E-4
1.3133098344941037E-4
1.326211139933066E-4
1.3392392222949658E-4
1.3523953479412768E-4
1.365680796535152E-4
1.3790968610118444E-4
1.392644847533322E-4
1.4063260754270169E-4
1.4201418771087436E-4
1.4340935979897587E-4
1.4481825963680469E-4
1.4624102433039135E-4
1.4767779224799754E-4
1.491287030045705E-4
1.5059389744466746E-4
1.5207351762386816E-4
1.535677067886966E-4
1.5507660935507126E-4
1.5660037088530604E-4
1.5813913806368867E-4
1.59693058670656E-4
1.6126228155559328E-4
1.6284695660828078E-4
1.6444723472901289E-4
1.6606326779741387E-4
1.6769520863997483E-4
1.6934321099633845E-4
1.7100742948435516E-4
1.7268801956393733E-4
1.7438513749973807E-4
1.7609894032268557E-4
1.778295857903955E-4
1.7957723234650105E-4
1.81342039078926E-4
1.8312416567713822E-4
1.84923772778254E-4
1.867410222854376E-4
1.8857607765968628E-4
1.9042910418605542E-4
1.9230026921535616E-4
1.9418974238232176E-4
1.9609769580121586E-4
1.9802430423982657E-4
1.999697452727569E-4
2.0193419941490757E-4
2.0391785023600619E-4
2.0592088445702176E-4
2.0794349202927655E-4
2.0998586619703496E-4
2.1204820354433658E-4
2.1413070402680556E-4
2.1623357098915488E-4
2.183570111690771E-4
2.2050123468819169E-4
2.2266645503070067E-4
2.2485288901038272E-4
2.2706075672653596E-4
2.2929028150945973E-4
2.3154168985605115E-4
2.3381521135606623E-4
2.3611107860958873E-4
2.3842952713621845E-4
2.407707952764881E-4
2.4313512408599035E-4
2.4552275722268627E-4
2.4793394082784894E-4
2.5036892340107907E-4
2.5282795566981673E-4
2.553112904537572E-4
2.578191825245639E-4
2.603518884612597E-4
2.6290966650166107E-4
2.65492776390209E-4
2.681014792225346E-4
2.7073603728709175E-4
2.7339671390416476E-4
2.76083773262563E-4
2.787974802542886E-4
2.815381003074622E-4
2.8430589921778167E-4
2.871011429787643E-4
2.899240976110388E-4
2.9277502899091904E-4
2.9565420267849504E-4
2.985618837454694E-4
3.0149833660295117E-4
3.044638248294109E-4
3.074586109990048E-4
3.104829565104464E-4
3.135371214166108E-4
3.166213642550467E-4
3.19735941879551E-4
3.2288110929296814E-4
3.2605711948135416E-4
3.2926422324964654E-4
3.3250266905896625E-4
3.357727028656707E-4
3.390745679622789E-4
3.4240850482036703E-4
3.4577475093553866E-4
3.491735406745625E-4
3.526051051247702E-4
3.5606967194579104E-4
3.5956746522371164E-4
3.6309870532773156E-4
3.6666364852813656E-4
3.702625845191524E-4
3.738958340247756E-4
3.775637464855383E-4
3.8126669782421904E-4
3.850050882885479E-4
3.887793403689906E-4
3.9258989678974456E-4
3.9643721857111615E-4
4.003217831614762E-4
4.042440826370459E-4
4.0820462196778225E-4
4.122039173476826E-4
4.162424945878497E-4
4.203208875707063E-4
4.2443963676376523E-4
4.285992877914104E-4
4.328003900631637E-4
4.370434954569536E-4
4.4132915705592584E-4
4.4565792793737404E-4
4.500303600123954E-4
4.5444700291490396E-4
4.5890840293867104E-4
4.634151020210852E-4
4.6796763677235225E-4
4.7256653754889293E-4
4.7721232756970993E-4
4.819055220745317E-4
4.8664662752256335E-4
4.91436140830707E-4
4.962745486501273E-4
5.011623266800701E-4
5.060999390178697E-4
5.110878375440948E-4
5.161264613418109E-4
5.212162361489649E-4
5.263575738429069E-4
5.315508719560997E-4
5.3679651322208E-4
5.420948651507585E-4
5.47446279632165E-4
5.528510925677741E-4
5.583096235285517E-4
5.638221754388942E-4
5.693890342856579E-4
5.750104688514657E-4
5.806867304715445E-4
5.864180528133196E-4
5.922046516780365E-4
5.980467248236973E-4
6.039444518086054E-4
6.098979938548363E-4
6.159074937309732E-4
6.219730756534517E-4
6.280948452058759E-4
6.342728892756954E-4
6.405072760076256E-4
6.467980547732248E-4
6.531452561560441E-4
6.595488919517856E-4
6.660089551829165E-4
6.72525420127192E-4
6.790982423595537E-4
6.857273588068987E-4
6.924126878152002E-4
6.991541292284922E-4
7.059515644792393E-4
7.128048566896238E-4
7.197138507832883E-4
7.266824285481865E-4
7.337142550331189E-4
7.408127845357879E-4
7.479812664658475E-4
7.552227510851721E-4
7.625400951275366E-4
7.699359672998928E-4
7.774128536673393E-4
7.849730629239067E-4
7.926187315511962E-4
8.003518288669195E-4
8.081741619653164E-4
8.16087380551413E-4
8.24092981671055E-4
8.321923143386036E-4
8.403865840641558E-4
8.486768572821341E-4
8.570640656830206E-4
8.655490104500377E-4
8.741323664024913E-4
8.828146860475038E-4
8.915964035418214E-4
9.004778385653417E-4
9.094592001080079E-4
9.185405901716577E-4
9.277220073884175E-4
9.370033505571848E-4
9.463844220997278E-4
9.558649314379068E-4
9.654444982934891E-4
9.751226559120062E-4
9.848988542120994E-4
9.947724628617326E-4
0.0010047427742826717
0.001014809006584583
0.0010249703064300832
0.0010352257518320552
0.0010455743548845218
0.0010560150644283422
0.001066546768652975
0.0010771682976355482
0.0010878784258184172
0.0010986758744264212
0.001109559313824981
0.001120527365820195
0.001131578605902052
0.001142711565431879
0.0011539247337750951
0.0011652165603803577
0.001176585456806147
0.0011880297986958182
0.0011995479277021625
0.001211138153362438
0.0012227987549249045
0.0012345279831277862
0.001246324061931652
0.0012581851902061082
0.001270109543371774
0.0012820952749983809
0.0012941405183599414
0.0013062433879478148
0.0013184019809425465
0.0013306143786452997
0.0013428786478697308
0.001355192842295066
0.001367555003781237
0.0013799631636467746
0.0013924153439102947
0.0014049095584962822
0.0014174438144059073
0.0014304296708321771
0.0014438489045414187
0.0014576836862741282
0.0014719165739863888
0.0014865305061936365
0.0015015087954152978
0.0015168351217189342
0.0015324935263624777
0.0015484684055331864
0.001564744504181974
0.0015813069099517689
0.0015981410471986018
0.0016152326711040964
0.0016325678618780983
0.0016501330190501545
0.0016679148558486282
0.0016859003936661584
0.001704076956610293
0.001722432166138068
0.0017409539357733344
0.0017596304659056859
0.0017784502386698111
0.001797402012904121
0.0018164748191875479
0.001835657954953389
0.0018549409796790887
0.0018743137101508937
0.0018937662158023212
0.00191328881412535
0.001932872066153352
0.0019525067720146865
0.001972183966555973
0.0019918949150340677
0.0020116311088757017
0.0020313842615038826
0.0020511463042300468
0.002070909382211043
0.00209066585047003
0.002110408269980335
0.0021301294038114063
0.002149822213335917
0.0021694798544972
0.002189095674136093
0.002208663206376348
0.002228176169067766
0.002247628460286224
0.0022670141548897424
0.0022863275011298033
0.002305562917317106
0.002324714988540968
0.0023437784634415936
0.002362748251034431
0.00238161941758585
0.002400387183539423
0.0024190469204920474
0.0024375941482191674
0.00245602453174842
0.002474333878480953
0.002492518135359767
0.0025105733860843363
0.0025284958483709017
0.0025462818712577153
0.0025639279324545876
0.002581430635736127
0.0025987867083779653
0.0026159929986354015
0.002633046473263801
0.0026499442150801165
0.002666683420565005
0.002683261397504819
0.0027418537837912513
0.002799039207837198
0.0028548396272385654
0.0029092767042649807
0.0029623718095401178
0.003014146025678348
0.0030646201508780628
0.0031138147024722396
0.0031617499204367435
0.003208445770856826
0.0032539219493523037
0.003298197884461918
0.00334129274098732
0.0033832254232971457
0.0034240145785916823
0.0034636786001284873
0.0035022356304095434
0.0035397035643302877
0.0035761000522909693
0.0036114425032708593
0.0036457480878656075
0.0036790337412882777
0.003711316166334461
0.003742611836311824
0.0037729369979346014
0.003802307674183352
0.003830739667130426
0.0038582485607315336
0.003884849723583804
0.00391055831165073
0.003935389270954383
0.003959357340235266
0.003982477053580179
0.004004762743018524
0.004026228541087345
0.004046888383365481
0.004066756010977265
0.004085844973066023
0.0041041686292377965
0.004121740151975632
0.004138572529024716
0.004154678565748787
0.004170070887458128
0.004184761941709406
0.004198764000577805
0.0042120891629016605
0.004224749356499994
0.004236756340363201
0.0042481217068172355
0.0042588568836615945
0.004268973136281386
0.004278481569733749
0.004287393130809003
0.004295718610066721
0.004303468643847069
0.004310653716257672
0.004317284161136296
0.004323370163989657
0.0043289217639085565
0.00433394885545972
0.004338461190554583
0.004342468380295217
0.004345979896797856
0.00434900507499411
0.0043515531144102445
0.004353633080924781
0.004355253908504637
0.004356424400920136
0.004357153233439083
0.0043574489545002175
0.008659019940148137
0.008574118141506349
0.008490048806235686
0.008406803772019793
0.00832437495657113
0.008242754356846621
0.008161934048271145
0.008081906183968614
0.008002662994000542
0.007924196784612146
0.007846499937485754
0.007769564909001528
0.0076933842295053186
0.007617950502583687
0.007543256404345942
0.007469294682713245
0.007396058156714468
0.007323539715789082
0.007251732319096717
0.007180628994833511
0.007110222839555141
0.007040507017506435
0.006971474759957596
0.006903119364546876
0.006835434194629719
0.006768412678634331
0.006702048309423469
0.006636334643662599
0.006571265301194197
0.006506833964418185
0.006443034377678513
0.006379860346655696
0.006317305737765365
0.006255364477562674
0.00619403055215261
0.006133298006606084
0.006073160944381725
0.006013613526753405
0.005954649972243364
0.005896264556060957
0.005838451609546849
0.005781205519622766
0.005724520728246603
0.00566839173187295
0.005612813080918872
0.005557779379235005
0.005503285283581805
0.0054493255031109996
0.005395894798852071
0.005342987983203795
0.00529059991943078
0.005238725521164872
0.005187359751911475
0.005136497624560625
0.005086134200902814
0.0050362645911495784
0.004986883953458617
0.004937987493463599
0.00488957046380848
0.004841628163686349
0.004794155938382717
0.004747149178823265
0.004700603321125992
0.004654513846157749
0.004608876279095095
0.0045636861889894855
0.0045189391883367685
0.0044746309326508865
0.004430757120041883
0.004387313490798055
