1.1789459804857824E-5
2.4434152893147548E-5
3.7990700211614785E-5
5.252316234018095E-5
6.810531896572108E-5
8.482014420802279E-5
1.0275663824247497E-4
1.2200577744940247E-4
1.4265769524150168E-4
1.5301209248760425E-4
1.6409469533633296E-4
1.759493558656265E-4
1.8862949281901715E-4
2.0220136515229146E-4
2.16743954751136E-4
2.3234474630469762E-4
2.490931956682877E-4
2.6707510863349855E-4
2.863702172606254E-4
3.070533473715785E-4
3.2919906777769596E-4
3.528900370812833E-4
3.782277191856243E-4
4.0534094350761933E-4
4.343868082294915E-4
4.655420686059053E-4
4.989891306377942E-4
5.349041531559522E-4
5.734519903069419E-4
6.147881609958756E-4
6.59067168371247E-4
7.064577511074351E-4
7.571628915027472E-4
8.114360570350221E-4
8.69583138542344E-4
9.319464773176448E-4
9.988825038500459E-4
0.0010707438716684335
0.0011478725962415987
0.0012306030949722315
0.0013192733154511775
0.0014142453003733865
0.001515932439611325
0.0016248200518312475
0.0017414624846057245
0.0018665061859547052
0.0020006688831579484
0.0021447039035193084
0.0022993683560105387
0.002465399337965692
0.0026434997139717655
0.0028343391474843884
0.0030385692242509417
0.0032568347612945453
0.003490525865100727
0.003741396264882405
0.00401124629723274
0.004301684263525494
0.00461396943688591
0.0049489231964053625
0.005306894911402708
0.00568777872032169
0.006091071268004204
0.006526685999439043
0.007000407639139367
0.007514717788086167
0.00806946078191527
0.008662404032251365
0.009289727445812704
0.009946450524356743
0.010626803075829477
0.011324555816311949
0.012183591380764493
0.013154622649085722
0.014196303983678658
0.015274211612312625
0.016359907434105564
0.017430110395343354
0.01846598044927278
0.01945249780919104
0.020377924175650635
0.023334814637769437
0.025764406009415524
0.027726899447020895
0.029276637904171277
0.030462652965092925
0.03132913524465887
0.03191584818820388
0.03225850098900871
0.03238908639636415
0.06172402861552362
0.05730983160785368
0.053211439810480925
0.049406035237591954
0.045872512434947416
0.04259140188057614
0.0395447412009676
0.03671591706041206
0.03408950779704946
