5.72
560.411
0.01
0.108
1148.973
0.052
2107.424
0.014
0.316
19.404
3138.252
0.008
49.498
4500.489
0.017
0.952
5831.691
0.007
8150.574
0.1
0.955
89.094
10657.864
0.008
12113.252
0.008
0.04
1.919
0.009
0.037
1.632
126.076
0.01
0.085
4.912
0.009
0.068
3.765
0.008
0.208
3.071
5.72
560.411
0.01
0.108
1148.973
0.052
2107.424
0.014
0.316
19.404
3138.252
0.008
49.498
4500.489
0.017
0.952
5831.691
0.007
8150.574
0.1
0.955
89.094
10657.864
0.008
12113.252
0.008
0.04
1.919
0.009
0.037
1.632
126.076
0.01
0.085
4.912
0.009
0.068
3.765
0.008
0.208
3.071
5.72
560.411
0.01
0.108
1148.973
0.052
2107.424
0.014
0.316
19.404
3138.252
0.008
49.498
4500.489
0.017
0.952
5831.691
0.007
8150.574
0.1
0.955
89.094
10657.864
0.008
12113.252
0.008
0.04
1.919
0.009
0.037
1.632
126.076
0.01
0.085
4.912
0.009
0.068
3.765
0.008
0.208
3.071
5.72
560.411
0.01
0.108
1148.973
0.052
2107.424
0.014
0.316
19.404
3138.252
0.008
49.498
4500.489
0.017
0.952
5831.691
0.007
8150.574
0.1
0.955
89.094
10657.864
0.008
12113.252
0.008
0.04
1.919
0.009
0.037
1.632
126.076
0.01
0.085
4.912
0.009
0.068
3.765
0.008
0.208
3.071
5.72
560.411
0.01
0.108
1148.973
0.052
2107.424
0.014
0.316
19.404
3138.252
0.008
49.498
4500.489
0.017
0.952
5831.691
0.007
8150.574
0.1
0.955
89.094
10657.864
0.008
12113.252
0.008
0.04
1.919
0.009
0.037
1.632
126.076
0.01
0.085
4.912
0.009
0.068
3.765
0.008
0.208
3.071
5.72
560.411
0.01
0.108
1148.973
0.052
2107.424
0.014
0.316
19.404
3138.252
0.008
49.498
4500.489
0.017
0.952
5831.691
0.007
8150.574
0.1
0.955
89.094
10657.864
0.008
12113.252
0.008
0.04
1.919
0.009
0.037
1.632
126.076
0.01
0.085
4.912
0.009
0.068
3.765
0.008
0.208
3.071
5.72
560.411
0.01
0.108
1148.973
0.052
2107.424
0.014
0.316
19.404
3138.252
0.008
49.498
4500.489
0.017
0.952
5831.691
0.007
8150.574
0.1
0.955
89.094
10657.864
0.008
12113.252
0.008
0.04
1.919
0.009
0.037
1.632
126.076
0.01
0.085
4.912
0.009
0.068
3.765
0.008
0.208
3.071
5.72
560.411
0.01
0.108
1148.973
0.052
2107.424
0.014
0.316
19.404
3138.252
0.008
49.498
4500.489
0.017
0.952
5831.691
0.007
8150.574
0.1
0.955
89.094
10657.864
0.008
12113.252
0.008
0.04
1.919
0.009
0.037
1.632
126.076
0.01
0.085
4.912
0.009
0.068
3.765
0.008
0.208
3.071
5.72
560.411
0.01
0.108
1148.973
0.052
2107.424
0.014
0.316
19.404
3138.252
0.008
49.498
4500.489
0.017
0.952
5831.691
0.007
8150.574
0.1
0.955
89.094
10657.864
0.008
12113.252
0.008
0.04
1.919
0.009
0.037
1.632
126.076
0.01
0.085
4.912
0.009
0.068
3.765
0.008
0.208
3.071
5.72
560.411
0.01
0.108
1148.973
0.052
2107.424
0.014
0.316
19.404
3138.252
0.008
49.498
4500.489
0.017
0.952
5831.691
0.007
8150.574
0.1
0.955
89.094
10657.864
0.008
12113.252
0.008
0.04
1.919
0.009
0.037
1.632
126.076
0.01
0.085
4.912
0.009
0.068
3.765
0.008
0.208
3.071
5.72
560.411
0.01
0.108
1148.973
0.052
2107.424
0.014
0.316
19.404
3138.252
0.008
49.498
4500.489
0.017
0.952
5831.691
0.007
8150.574
0.1
0.955
89.094
10657.864
0.008
12113.252
0.008
0.04
1.919
0.009
0.037
1.632
126.076
0.01
0.085
4.912
0.009
0.068
3.765
0.008
0.208
3.071
5.72
560.411
0.01
0.108
1148.973
0.052
2107.424
0.014
0.316
19.404
3138.252
0.008
49.498
4500.489
0.017
0.952
5831.691
0.007
8150.574
0.1
0.955
89.094
10657.864
0.008
12113.252
0.008
0.04
1.919
0.009
0.037
1.632
126.076
0.01
0.085
4.912
0.009
0.068
3.765
0.008
0.208
3.071
5.72
560.411
0.01
0.108
1148.973
0.052
2107.424
0.014
0.316
19.404
3138.252
0.008
49.498
4500.489
0.017
0.952
5831.691
0.007
8150.574
0.1
0.955
89.094
10657.864
0.008
12113.252
0.008
0.04
1.919
0.009
0.037
1.632
126.076
0.01
0.085
4.912
0.009
0.068
3.765
0.008
0.208
3.071
5.72
560.411
0.01
0.108
1148.973
0.052
2107.424
0.014
0.316
19.404
3138.252
0.008
49.498
4500.489
0.017
0.952
5831.691
0.007
8150.574
0.1
0.955
89.094
10657.864
0.008
12113.252
0.008
0.04
1.919
0.009
0.037
1.632
126.076
0.01
0.085
4.912
0.009
0.068
3.765
0.008
0.208
3.071
5.72
560.411
0.01
0.108
1148.973
0.052
2107.424
0.014
0.316
19.404
3138.252
0.008
49.498
4500.489
0.017
0.952
5831.691
0.007
8150.574
0.1
0.955
89.094
10657.864
0.008
12113.252
0.008
0.04
1.919
0.009
0.037
1.632
126.076
0.01
0.085
4.912
0.009
0.068
3.765
0.008
0.208
3.071
5.72
560.411
0.01
0.108
1148.973
0.052
2107.424
0.014
0.316
19.404
3138.252
0.008
49.498
4500.489
0.017
0.952
5831.691
0.007
8150.574
0.1
0.955
89.094
10657.864
0.008
12113.252
0.008
0.04
1.919
0.009
0.037
1.632
126.076
0.01
0.085
4.912
0.009
0.068
3.765
0.008
0.208
3.071
5.72
560.411
0.01
0.108
1148.973
0.052
2107.424
0.014
0.316
19.404
3138.252
0.008
49.498
4500.489
0.017
0.952
5831.691
0.007
8150.574
0.1
0.955
89.094
10657.864
0.008
12113.252
0.008
0.04
1.919
0.009
0.037
1.632
126.076
0.01
0.085
4.912
0.009
0.068
3.765
0.008
0.208
3.071
5.72
560.411
0.01
0.108
1148.973
0.052
2107.424
0.014
0.316
19.404
3138.252
0.008
49.498
4500.489
0.017
0.952
5831.691
0.007
8150.574
0.1
0.955
89.094
10657.864
0.008
12113.252
0.008
0.04
1.919
0.009
0.037
1.632
126.076
0.01
0.085
4.912
0.009
0.068
3.765
0.008
0.208
3.071
5.72
560.411
0.01
0.108
1148.973
0.052
2107.424
0.014
0.316
19.404
3138.252
0.008
49.498
4500.489
0.017
0.952
5831.691
0.007
8150.574
0.1
0.955
89.094
10657.864
0.008
12113.252
0.008
0.04
1.919
0.009
0.037
1.632
126.076
0.01
0.085
4.912
0.009
0.068
3.765
0.008
0.208
3.071
5.72
560.411
0.01
0.108
1148.973
0.052
2107.424
0.014
0.316
19.404
3138.252
0.008
49.498
4500.489
0.017
0.952
5831.691
0.007
8150.574
0.1
0.955
89.094
10657.864
0.008
12113.252
0.008
0.04
1.919
0.009
0.037
1.632
126.076
0.01
0.085
4.912
0.009
0.068
3.765
0.008
0.208
3.071
5.72
560.411
0.01
0.108
1148.973
0.052
2107.424
0.014
0.316
19.404
3138.252
0.008
49.498
4500.489
0.017
0.952
5831.691
0.007
8150.574
0.1
0.955
89.094
10657.864
0.008
12113.252
0.008
0.04
1.919
0.009
0.037
1.632
126.076
0.01
0.085
4.912
0.009
0.068
3.765
0.008
0.208
3.071
5.72
560.411
0.01
0.108
1148.973
0.052
2107.424
0.014
0.316
19.404
3138.252
0.008
49.498
4500.489
0.017
0.952
5831.691
0.007
8150.574
0.1
0.955
89.094
10657.864
0.008
12113.252
0.008
0.04
1.919
0.009
0.037
1.632
126.076
0.01
0.085
4.912
0.009
0.068
3.765
0.008
0.208
3.071
5.72
560.411
0.01
0.108
1148.973
0.052
2107.424
0.014
0.316
19.404
3138.252
0.008
49.498
4500.489
0.017
0.952
5831.691
0.007
8150.574
0.1
0.955
89.094
10657.864
0.008
12113.252
0.008
0.04
1.919
0.009
0.037
1.632
126.076
0.01
0.085
4.912
0.009
0.068
3.765
0.008
0.208
3.071
5.72
560.411
0.01
0.108
1148.973
0.052
2107.424
0.014
0.316
19.404
3138.252
0.008
49.498
4500.489
0.017
0.952
5831.691
0.007
8150.574
0.1
0.955
89.094
10657.864
0.008
12113.252
0.008
0.04
1.919
0.009
0.037
1.632
126.076
0.01
0.085
4.912
0.009
0.068
3.765
0.008
0.208
3.071
5.72
560.411
0.01
0.108
1148.973
0.052
2107.424
0.014
0.316
19.404
3138.252
0.008
49.498
4500.489
0.017
0.952
5831.691
0.007
8150.574
0.1
0.955
89.094
10657.864
0.008
12113.252
0.008
0.04
1.919
0.009
0.037
1.632
126.076
0.01
0.085
4.912
0.009
0.068
3.765
0.008
0.208
3.071
5.72
560.411
0.01
0.108
1148.973
0.052
2107.424
0.014
0.316
19.404
3138.252
0.008
49.498
4500.489
0.017
0.952
5831.691
0.007
8150.574
0.1
0.955
89.094
10657.864
0.008
12113.252
0.008
0.04
1.919
0.009
0.037
1.632
126.076
0.01
0.085
4.912
0.009
0.068
3.765
0.008
0.208
3.071
5.72
560.411
0.01
0.108
1148.973
0.052
2107.424
0.014
0.316
19.404
3138.252
0.008
49.498
4500.489
0.017
0.952
5831.691
0.007
8150.574
0.1
0.955
89.094
10657.864
0.008
12113.252
0.008
0.04
1.919
0.009
0.037
1.632
126.076
0.01
0.085
4.912
0.009
0.068
3.765
0.008
0.208
3.071
5.72
560.411
0.01
0.108
1148.973
0.052
2107.424
0.014
0.316
19.404
3138.252
0.008
49.498
4500.489
0.017
0.952
5831.691
0.007
8150.574
0.1
0.955
89.094
10657.864
0.008
12113.252
0.008
0.04
1.919
0.009
0.037
1.632
126.076
0.01
0.085
4.912
0.009
0.068
3.765
0.008
0.208
3.071
5.72
560.411
0.01
0.108
1148.973
0.052
2107.424
0.014
0.316
19.404
3138.252
0.008
49.498
4500.489
0.017
0.952
5831.691
0.007
8150.574
0.1
0.955
89.094
10657.864
0.008
12113.252
0.008
0.04
1.919
0.009
0.037
1.632
126.076
0.01
0.085
4.912
0.009
0.068
3.765
0.008
0.208
3.071
5.72
560.411
0.01
0.108
1148.973
0.052
2107.424
0.014
0.316
19.404
3138.252
0.008
49.498
4500.489
0.017
0.952
5831.691
0.007
8150.574
0.1
0.955
89.094
10657.864
0.008
12113.252
0.008
0.04
1.919
0.009
0.037
1.632
126.076
0.01
0.085
4.912
0.009
0.068
3.765
0.008
0.208
3.071
5.72
560.411
0.01
0.108
1148.973
0.052
2107.424
0.014
0.316
19.404
3138.252
0.008
49.498
4500.489
0.017
0.952
5831.691
0.007
8150.574
0.1
0.955
89.094
10657.864
0.008
12113.252
0.008
0.04
1.919
0.009
0.037
1.632
126.076
0.01
0.085
4.912
0.009
0.068
3.765
0.008
0.208
3.071
5.72
560.411
0.01
0.108
1148.973
0.052
2107.424
0.014
0.316
19.404
3138.252
0.008
49.498
4500.489
0.017
0.952
5831.691
0.007
8150.574
0.1
0.955
89.094
10657.864
0.008
12113.252
0.008
0.04
1.919
0.009
0.037
1.632
126.076
0.01
0.085
4.912
0.009
0.068
3.765
0.008
0.208
3.071
5.72
560.411
0.01
0.108
1148.973
0.052
2107.424
0.014
0.316
19.404
3138.252
0.008
49.498
4500.489
0.017
0.952
5831.691
0.007
8150.574
0.1
0.955
89.094
10657.864
0.008
12113.252
0.008
0.04
1.919
0.009
0.037
1.632
126.076
0.01
0.085
4.912
0.009
0.068
3.765
0.008
0.208
3.071
5.72
560.411
0.01
0.108
1148.973
0.052
2107.424
0.014
0.316
19.404
3138.252
0.008
49.498
4500.489
0.017
0.952
5831.691
0.007
8150.574
0.1
0.955
89.094
10657.864
0.008
12113.252
0.008
0.04
1.919
0.009
0.037
1.632
126.076
0.01
0.085
4.912
0.009
0.068
3.765
0.008
0.208
3.071
5.72
560.411
0.01
0.108
1148.973
0.052
2107.424
0.014
0.316
19.404
3138.252
0.008
49.498
4500.489
0.017
0.952
5831.691
0.007
8150.574
0.1
0.955
89.094
10657.864
0.008
12113.252
0.008
0.04
1.919
0.009
0.037
1.632
126.076
0.01
0.085
4.912
0.009
0.068
3.765
0.008
0.208
3.071
5.72
560.411
0.01
0.108
1148.973
0.052
2107.424
0.014
0.316
19.404
3138.252
0.008
49.498
4500.489
0.017
0.952
5831.691
0.007
8150.574
0.1
0.955
89.094
10657.864
0.008
12113.252
0.008
0.04
1.919
0.009
0.037
1.632
126.076
0.01
0.085
4.912
0.009
0.068
3.765
0.008
0.208
3.071
5.72
560.411
0.01
0.108
1148.973
0.052
2107.424
0.014
0.316
19.404
3138.252
0.008
49.498
4500.489
0.017
0.952
5831.691
0.007
8150.574
0.1
0.955
89.094
10657.864
0.008
12113.252
0.008
0.04
1.919
0.009
0.037
1.632
126.076
0.01
0.085
4.912
0.009
0.068
3.765
0.008
0.208
3.071
5.72
560.411
0.01
0.108
1148.973
0.052
2107.424
0.014
0.316
19.404
3138.252
0.008
49.498
4500.489
0.017
0.952
5831.691
0.007
8150.574
0.1
0.955
89.094
10657.864
0.008
12113.252
0.008
0.04
1.919
0.009
0.037
1.632
126.076
0.01
0.085
4.912
0.009
0.068
3.765
0.008
0.208
3.071
5.72
560.411
0.01
0.108
1148.973
0.052
2107.424
0.014
0.316
19.404
3138.252
0.008
49.498
4500.489
0.017
0.952
5831.691
0.007
8150.574
0.1
0.955
89.094
10657.864
0.008
12113.252
0.008
0.04
1.919
0.009
0.037
1.632
126.076
0.01
0.085
4.912
0.009
0.068
3.765
0.008
0.208
3.071
5.72
560.411
0.01
0.108
1148.973
0.052
2107.424
0.014
0.316
19.404
3138.252
0.008
49.498
4500.489
0.017
0.952
5831.691
0.007
8150.574
0.1
0.955
89.094
10657.864
0.008
12113.252
0.008
0.04
1.919
0.009
0.037
1.632
126.076
0.01
0.085
4.912
0.009
0.068
3.765
0.008
0.208
3.071
5.72
560.411
0.01
0.108
1148.973
0.052
2107.424
0.014
0.316
19.404
3138.252
0.008
49.498
4500.489
0.017
0.952
5831.691
0.007
8150.574
0.1
0.955
89.094
10657.864
0.008
12113.252
0.008
0.04
1.919
0.009
0.037
1.632
126.076
0.01
0.085
4.912
0.009
0.068
3.765
0.008
0.208
3.071
