9.548789736801472E-8
1.9122275354267664E-7
2.8720489299211846E-7
3.834346441656856E-7
4.799123409654844E-7
5.766383265969967E-7
6.736129634208945E-7
7.708366574588654E-7
8.683099175592808E-7
9.660334939773888E-7
1.0640086931713442E-6
1.162238071000648E-6
1.2607269114045238E-6
1.3594862786416851E-6
1.458539105005488E-6
1.5579318996981535E-6
1.6577564073307896E-6
1.7581879944845452E-6
1.8595504938641795E-6
1.9624197825171962E-6
2.067778252222768E-6
2.177225037386349E-6
2.2932044582487475E-6
2.4192398114204644E-6
2.5600016585157037E-6
2.720880280354776E-6
2.9066407534286603E-6
3.118492414564503E-6
3.3489331144822797E-6
3.575158480123019E-6
3.7595806097154996E-6
3.886102289346642E-6
4.01295615882055E-6
4.140142643793398E-6
4.2676621734383604E-6
4.3955151804955415E-6
4.523702101322205E-6
4.65222337594358E-6
4.7810794481039875E-6
4.910270765318349E-6
5.039797778924236E-6
5.169660944134239E-6
5.299860720088882E-6
5.430397569909826E-6
5.561271960753652E-6
5.69248436386601E-6
5.824035254636192E-6
5.955925112652247E-6
6.088154421756459E-6
6.220723670101333E-6
6.353633350205996E-6
6.486883959013114E-6
6.620475997946276E-6
6.754409972967744E-6
6.888686394636836E-6
7.023305778168718E-6
7.158268643493571E-6
7.293575515316462E-6
7.4292269231775215E-6
7.565223401512654E-6
7.701565489714848E-6
7.838253732195836E-6
7.975288678448392E-6
8.112670883108993E-6
8.25040090602117E-6
8.388479312299195E-6
8.526906672392415E-6
8.665683562150066E-6
8.804810562886555E-6
8.944288261447352E-6
9.084117250275429E-6
9.224298127478156E-6
9.364831496894721E-6
9.50571796816418E-6
9.646958156794079E-6
9.788552684229417E-6
9.930502177922423E-6
1.0072807271402706E-5
1.0215468604348055E-5
1.0358486822655723E-5
1.0501862578514346E-5
1.0645596530476382E-5
1.0789689343531135E-5
1.0934141689178425E-5
1.1078954245502624E-5
1.1224127697247466E-5
1.1369662735891427E-5
1.1515560059723559E-5
1.1661820373919976E-5
1.1808444390620964E-5
1.1955432829008593E-5
1.2102786415385078E-5
1.2250505883251491E-5
1.2398591973387216E-5
1.2547045433930117E-5
1.2695867020457009E-5
1.2845057496064906E-5
1.2994617631452966E-5
1.3144548205004745E-5
1.3294850002871376E-5
1.3445523819055095E-5
1.3596570455493576E-5
1.3747990722144657E-5
1.3899785437071878E-5
1.4051955426530512E-5
1.4204501525054227E-5
1.4357424575542353E-5
1.451072542934774E-5
1.4664404946365286E-5
1.4818463995121004E-5
1.497290345286175E-5
1.5127724205645542E-5
1.5282927148432396E-5
1.543851318517597E-5
1.5594483228915622E-5
1.5750838201869228E-5
1.590757903552651E-5
1.6064706670743113E-5
1.622222205783529E-5
1.638012615667594E-5
1.6538419936792076E-5
1.6697104377467135E-5
1.6856180467853632E-5
1.70156492071152E-5
1.7175511604644656E-5
1.7240280783115946E-5
1.730519871272334E-5
1.737026611449105E-5
1.743548372489894E-5
1.7500852308070402E-5
1.7566372684911236E-5
1.7632045801474297E-5
1.7697872886108368E-5
1.7763855802986263E-5
1.782999782968536E-5
1.7896305327686863E-5
1.7962791243908303E-5
1.802948226308071E-5
1.8096433024710572E-5
1.81637535764446E-5
1.823166076989016E-5
1.830057130591655E-5
1.8371264090115493E-5
1.8445152083529974E-5
1.852471640010552E-5
1.8614161211655125E-5
1.8720332989657177E-5
1.8853907197704674E-5
1.903044036998122E-5
1.927138476386919E-5
1.960397297247178E-5
2.0058004252911767E-5
2.0657651699229902E-5
2.1405013788002555E-5
2.225176961279288E-5
2.3058722340582126E-5
2.357715647717143E-5
2.366265006834393E-5
2.3748332817355673E-5
2.383420554845276E-5
2.39202690940661E-5
2.4006524294877475E-5
2.4092971999885008E-5
2.4179613066470657E-5
2.4266448360467298E-5
2.435347875622635E-5
2.4440705136686616E-5
2.4528128393443063E-5
2.461574942681683E-5
2.4703569145924976E-5
2.4791588468751772E-5
2.4879808322219848E-5
2.4968229642262287E-5
2.5056853373895365E-5
2.514568047129179E-5
2.5234711897854552E-5
2.532394862629142E-5
2.5413391638690108E-5
2.5503041926594076E-5
2.559290049107879E-5
2.5682968342828735E-5
2.577324650221527E-5
2.586373599937442E-5
2.5954437874286264E-5
2.6045353176854087E-5
2.6136482966984543E-5
2.6227828314668437E-5
2.6319390300062082E-5
2.6411170013569343E-5
2.6503168555923915E-5
2.659538703827277E-5
2.668782658225983E-5
2.6780488320110172E-5
2.6873373394715377E-5
2.696648295971847E-5
2.705981817960046E-5
2.715338022976685E-5
2.724717029663502E-5
2.734118957772162E-5
2.743543928173108E-5
2.752992062864478E-5
2.7624634849809802E-5
2.7719583188029173E-5
2.781476689765224E-5
2.7910187244665498E-5
2.800584550678387E-5
2.8101742973542516E-5
2.8197880946389206E-5
2.8294260738776846E-5
2.839088367625703E-5
2.848775109657303E-5
2.85848643497541E-5
2.8682224798209843E-5
2.8779833816824847E-5
2.8877692793053605E-5
2.8975803127016273E-5
2.9074166231594008E-5
2.9172783532525453E-5
2.927165646850286E-5
2.9370786491268557E-5
2.9470175065712124E-5
2.9569823669967654E-5
2.9669733795510473E-5
2.9769906947255387E-5
2.9870344643654043E-5
2.9971048416793037E-5
3.0072019812491843E-5
3.0173260390401292E-5
3.0274771724101457E-5
3.0376555401200445E-5
3.0478613023432742E-5
3.058094620675778E-5
3.0683556581458545E-5
3.078644579224009E-5
3.0889615498328E-5
3.099306737356738E-5
3.109680310652078E-5
3.120082440056723E-5
3.130513297399995E-5
3.140973056012494E-5
3.151461890735903E-5
3.161979977932779E-5
3.1725274954963215E-5
3.183104622860147E-5
3.193711541007997E-5
3.204348432483541E-5
3.215015481400122E-5
3.2257128734507666E-5
3.23644079591878E-5
3.2471994376900775E-5
3.257988989270249E-5
3.268809642814532E-5
3.2796615921916926E-5
3.290545033135402E-5
3.301460163617866E-5
3.312407184775924E-5
3.323386303184038E-5
3.334397736343078E-5
3.3454417256838254E-5
3.3565185667431124E-5
3.3676286776829566E-5
3.378772751374261E-5
3.389952085041882E-5
3.401169277267435E-5
3.412429663860136E-5
3.423744195735405E-5
3.435135041318846E-5
3.4466461579830915E-5
3.458362578218713E-5
3.470444316606132E-5
3.483183565246882E-5
3.4970966938603926E-5
3.513064064920797E-5
3.532546570511786E-5
3.557776609302818E-5
3.592046355212701E-5
3.639972010455847E-5
3.7073985787793445E-5
3.800729328156326E-5
3.925039441086465E-5
4.07951883765973E-5
4.2461731723100384E-5
4.3681801958020334E-5
4.382161259452602E-5
4.396180496226057E-5
4.410238129570727E-5
4.424334384821823E-5
4.438469489217327E-5
4.4526436719138466E-5
4.4668571640029786E-5
4.4811101985276346E-5
4.4954030104985674E-5
4.509735836911168E-5
4.5241089167623395E-5
4.538522491067574E-5
4.552976802878164E-5
4.567472097298549E-5
4.582008621503813E-5
4.59658662475731E-5
4.6112063584284195E-5
4.625868076010365E-5
4.640572033138214E-5
4.655318487606937E-5
4.6701076993895145E-5
4.684939930655217E-5
4.6998154457878514E-5
4.71473451140415E-5
4.729697396372178E-5
4.7447043718297925E-5
4.759755711203121E-5
4.7748516902251E-5
4.7899925869539934E-5
4.805178681791924E-5
4.820410257503449E-5
4.835687599234094E-5
4.851010994528807E-5
4.866380733350491E-5
4.881797108098458E-5
4.897260413626747E-5
4.912770947262584E-5
4.928329008824529E-5
4.943934900640746E-5
4.95958892756708E-5
4.9752913970051355E-5
4.9910426189200896E-5
5.006842905858521E-5
5.022692572966189E-5
5.038591938005432E-5
5.05454132137264E-5
5.0705410461155316E-5
5.086591437950236E-5
5.102692825278207E-5
5.118845539202977E-5
5.135049913546768E-5
5.151306284866797E-5
5.167614992471576E-5
5.1839763784367115E-5
5.2003907876208005E-5
5.216858567680861E-5
5.233380069087691E-5
5.249955645140802E-5
5.266585651983345E-5
5.283270448616511E-5
5.300010396913903E-5
5.3168058616354924E-5
5.333657210441265E-5
5.3505648139047325E-5
5.36752904552606E-5
5.384550281744751E-5
5.401628901952329E-5
5.418765288504401E-5
5.435959826732569E-5
5.453212904955977E-5
5.4705249144925027E-5
5.487896249669549E-5
5.505327307834621E-5
5.522818489365417E-5
5.540370197679637E-5
5.5579828392443764E-5
5.5756568235851676E-5
5.593392563294585E-5
5.611190474040611E-5
5.629050974574418E-5
5.646974486737903E-5
5.6649614354707114E-5
5.683012248816932E-5
5.701127357931386E-5
5.7193071970854155E-5
5.737552203672297E-5
5.755862818212317E-5
5.774239484357201E-5
5.7926826488944484E-5
5.811192761750877E-5
5.829770275996224E-5
5.848415647846462E-5
5.8671293366723E-5
5.885911805014654E-5
5.904763518611988E-5
5.9236849464541257E-5
5.9426765608997684E-5
5.9617388379557344E-5
5.980872257965676E-5
6.0000773073235806E-5
6.019354482707558E-5
6.038704301390281E-5
6.058127325889221E-5
6.077624221710678E-5
6.0971958897046885E-5
6.116843762583399E-5
6.136570453534362E-5
6.156381139984114E-5
6.176286439282332E-5
6.196308221725719E-5
6.216491021179745E-5
6.23692374065354E-5
6.257779561914842E-5
6.279386642139364E-5
6.302348235312773E-5
6.327737247450351E-5
6.357441635399863E-5
6.394458033357148E-5
6.443450977756959E-5
6.511469040869292E-5
6.608307369956918E-5
6.74633240925137E-5
6.938716397585663E-5
7.192874514803164E-5
7.487967138906248E-5
7.719403143358643E-5
7.74316840870861E-5
7.767016404307503E-5
7.790947672279144E-5
7.814962759277242E-5
7.839062216535907E-5
7.863246599918846E-5
7.887516469968463E-5
7.911872391953406E-5
7.936314935915369E-5
7.960844676714963E-5
7.985462194076404E-5
8.01016807263109E-5
8.034962901960074E-5
8.059847276635215E-5
8.084821796259216E-5
8.109887065504177E-5
8.135043694149084E-5
8.160292297115654E-5
8.185633494502961E-5
8.211067911620558E-5
8.236596179020191E-5
8.262218932525877E-5
8.287936813262649E-5
8.313750467683628E-5
8.339660547595544E-5
8.365667710182728E-5
8.391772618029372E-5
8.417975939140307E-5
8.44427834695996E-5
8.470680520389762E-5
8.497183143803846E-5
8.523786907063076E-5
8.550492505527251E-5
8.577300640065665E-5
8.604212017066042E-5
8.631227348441458E-5
8.658347351635866E-5
8.68557274962752E-5
8.712904270930835E-5
8.740342649596496E-5
8.767888625209782E-5
8.795542942886918E-5
8.823306353269894E-5
8.851179612519632E-5
8.879163482306866E-5
8.907258729801764E-5
8.935466127661585E-5
8.963786454016561E-5
8.992220492453976E-5
9.020769032000621E-5
9.049432867103447E-5
9.078212797608295E-5
9.107109628737347E-5
9.136124171064185E-5
9.165257240487798E-5
9.194509658204401E-5
9.22388225067787E-5
9.253375849608178E-5
9.28299129189844E-5
9.312729419620112E-5
9.34259107997665E-5
9.37257712526545E-5
9.402688412838046E-5
9.432925805059037E-5
9.463290169263146E-5
9.493782377710542E-5
9.524403307541107E-5
9.5551538407266E-5
9.586034864021596E-5
9.61704726891284E-5
9.648191951567115E-5
9.679469812777435E-5
9.710881757908064E-5
9.742428696837851E-5
9.774111543902252E-5
9.805931217833871E-5
9.83788864170165E-5
9.869984742848555E-5
9.902220452828182E-5
9.934596707339661E-5
9.967114446161577E-5
9.999774613084236E-5
1.0032578155841041E-4
1.0065526026038334E-4
1.0098619179084064E-4
1.0131858574115257E-4
1.0165245173924358E-4
1.0198779944884158E-4
1.0232463856871987E-4
1.0266297883192266E-4
1.0300283000498502E-4
1.0334420189530991E-4
1.0368710435822365E-4
1.0403154730373152E-4
1.0437754070300911E-4
1.047250945947377E-4
1.0507421909153795E-4
1.0542492438719179E-4
1.0577722076643371E-4
1.0613111862186306E-4
1.064866284893876E-4
1.0684376113024686E-4
1.072025277269631E-4
1.0756294035142423E-4
1.0792501306783241E-4
1.0828876448179261E-4
1.0865422350302295E-4
1.090214420674301E-4
1.0939052252707258E-4
1.0976167508074106E-4
1.1013533487695115E-4
1.105123938132715E-4
1.1089464502860372E-4
1.1128560644515203E-4
1.1169199004768183E-4
1.1212621454127067E-4
1.1261141833698513E-4
1.1318546179882912E-4
1.1391003443300485E-4
1.1488427660469925E-4
1.1625578522146255E-4
1.1822851915864684E-4
1.2105226513037696E-4
1.2493661389718108E-4
1.2967061928270644E-4
1.335599667758389E-4
1.3398573210403396E-4
1.3441332665749207E-4
1.3484276352881386E-4
1.3527405594338413E-4
1.357072172584196E-4
1.3614226096189552E-4
1.365792006713677E-4
1.3701805013267731E-4
1.374588232185541E-4
1.37901533927119E-4
1.383461963802845E-4
1.387928248220644E-4
1.3924143361678749E-4
1.39692037247226E-4
1.401446503126377E-4
1.4059928752672358E-4
1.4105596371551222E-4
1.4151469381516128E-4
1.419754928696906E-4
1.424383760286439E-4
1.4290335854468192E-4
1.4337045577111275E-4
1.438396831593573E-4
1.443110562563609E-4
1.4478459070194188E-4
1.452603022260912E-4
1.457382066462165E-4
1.4621831986434182E-4
1.4670065786425484E-4
1.47185236708613E-4
1.4767207253600992E-4
1.48161181557996E-4
1.4865258005606596E-4
1.4914628437860883E-4
1.4964231093782642E-4
1.5014067620661725E-4
1.5064139671543486E-4
1.5114448904911563E-4
1.5164996984368278E-4
1.5215785578312656E-4
1.5266816359616324E-4
1.5318091005297115E-4
1.5369611196191333E-4
1.5421378616624018E-4
1.547339495407777E-4
1.5525661898860323E-4
1.5578181143770977E-4
1.5630954383766122E-4
1.5683983315623455E-4
1.5737269637606017E-4
1.5790815049125564E-4
1.5844621250405108E-4
1.5898689942141878E-4
1.5953022825169376E-4
1.6007621600119975E-4
1.6062487967087369E-4
1.6117623625289476E-4
1.617303027273124E-4
1.6228709605868453E-4
1.628466331927172E-4
1.6340893105291538E-4
1.639740065372388E-4
1.6454187651476456E-4
1.6511255782236824E-4
1.6568606726140859E-4
1.6626242159442455E-4
1.6684163754185103E-4
1.6742373177874276E-4
1.6800872093151672E-4
1.6859662157470782E-4
1.691874502277435E-4
1.697812233517334E-4
1.703779573462791E-4
1.7097766854630165E-4
1.7158037321888855E-4
1.721860875601636E-4
1.7279482769217463E-4
1.7340660965980295E-4
1.74021449427701E-4
1.746393628772442E-4
1.7526036580351318E-4
1.758844739122975E-4
1.765117028171243E-4
1.7714206803631487E-4
1.777755849900618E-4
1.784122689975381E-4
1.7905213527402963E-4
1.7969519892809715E-4
1.8034147495876425E-4
1.8099097825273437E-4
1.8164372506289115E-4
1.822997329563006E-4
1.8295902076321253E-4
1.8362160852706277E-4
1.8428751745546839E-4
1.8495676987227548E-4
1.8562938917079534E-4
1.8630539976867126E-4
1.8698482706556944E-4
1.8766769740687295E-4
1.8835403806164653E-4
1.890438772358958E-4
1.8973724417333497E-4
1.9043416947058995E-4
1.9113468590817247E-4
1.9183883049560323E-4
1.9254664930895625E-4
1.932582085943635E-4
1.9397361957165888E-4
1.9469309238358352E-4
1.9541705027532975E-4
1.9614636444323965E-4
1.9688282268982957E-4
1.9763003483788373E-4
1.983951214947496E-4
1.9919174401105514E-4
2.0004682976451575E-4
2.0100548544819228E-4
2.0214416470120845E-4
2.0359243421286672E-4
2.0555408210830284E-4
2.0832986608657184E-4
2.123216760507334E-4
2.1792941959210328E-4
2.2497777432084517E-4
2.3097977546752372E-4
2.3178384300014273E-4
2.3259207382143423E-4
2.3340450401669485E-4
2.3422116962518348E-4
2.3504210661800103E-4
2.3586735087652538E-4
2.3669693817140883E-4
2.3753090414211029E-4
2.383692842769628E-4
2.392121138937741E-4
2.4005942812093347E-4
2.4091126187903794E-4
2.4176764986301046E-4
2.4262862652471353E-4
2.434942260560489E-4
2.443644823725228E-4
2.452394290972965E-4
2.4611909954567774E-4
2.470035267100754E-4
2.4789274324539767E-4
2.487867814548821E-4
2.496856732763609E-4
2.505894502689411E-4
2.5149814360010957E-4
2.52411784033234E-4
2.5333040191547466E-4
2.542540271660809E-4
2.551826892650833E-4
2.561164172423565E-4
2.570552396670614E-4
2.57999184637455E-4
2.589482797710539E-4
2.5990255219515517E-4
2.6086202853770876E-4
2.618267349185232E-4
2.627966969408108E-4
2.6377193968306177E-4
2.647524876912417E-4
2.6573836497130097E-4
2.6672959498200274E-4
2.6772620062805397E-4
2.6872820425352927E-4
2.6973562763560143E-4
2.707484919785522E-4
2.717668179080663E-4
2.727906254658071E-4
2.738199341042631E-4
2.748547626818649E-4
2.7589512945835567E-4
2.769410520904294E-4
2.779925476276181E-4
2.7904963250842044E-4
2.8011232255668417E-4
2.811806329782143E-4
2.822545783576248E-4
2.833341726554111E-4
2.844194292052514E-4
2.8551036071152613E-4
2.866069792470479E-4
2.877092962510114E-4
2.8881732252714065E-4
2.8993106824204304E-4
2.910505429237579E-4
2.9217575546050523E-4
2.933067140996167E-4
2.944434264466542E-4
2.955858994647154E-4
2.9673413947390925E-4
2.978881521510107E-4
2.9904794252928556E-4
3.0021351499847894E-4
3.0138487330496873E-4
3.0256202055207885E-4
3.037449592005444E-4
3.0493369106913536E-4
3.061282173354234E-4
3.073285385366974E-4
3.085346545710177E-4
3.097465646984165E-4
3.109642675422209E-4
3.1218776109052146E-4
3.134170426977646E-4
3.146521090864654E-4
3.1589295634905715E-4
3.171395799498447E-4
3.1839197472708773E-4
3.19650134895192E-4
3.209140540470153E-4
3.221837251562756E-4
3.234594091940661E-4
3.247413590705824E-4
3.2602981976338606E-4
3.2732502844409967E-4
3.286272146035544E-4
3.2993660017540543E-4
3.3125339965828487E-4
3.325778202365926E-4
3.339100619002259E-4
3.3525031756405393E-4
3.365987731892701E-4
3.3795560791236213E-4
3.3932099419670033E-4
3.4069509804523194E-4
3.42078079371021E-4
3.434700927632577E-4
3.448712892190276E-4
3.4628182017647945E-4
3.477018468985247E-4
3.491315619832314E-4
3.5057123763753144E-4
3.520213313857619E-4
3.5348271142473733E-4
3.549571234098266E-4
3.564481278867286E-4
3.579629210002451E-4
3.5951574361336216E-4
3.611362409264983E-4
3.628749044257602E-4
3.6482026675839935E-4
3.671294977857006E-4
3.700612042168888E-4
3.7401694857183335E-4
3.795672396105617E-4
3.8733871787381544E-4
3.972334559140008E-4
4.059224244072461E-4
4.0753179277481437E-4
4.091517010048496E-4
4.107821748725136E-4
4.1242323607941034E-4
4.140749023331248E-4
4.157371874256831E-4
4.1741010131096965E-4
4.1909365018108887E-4
4.207878365416934E-4
4.2249265928630454E-4
4.2420811376960233E-4
4.259341918797329E-4
4.276708821096266E-4
4.294181696273289E-4
4.3117603634538294E-4
4.329444609892401E-4
4.347234191647504E-4
4.36512883424691E-4
4.383128233344004E-4
4.4012320553648757E-4
4.41943993814637E-4
4.4377514915653807E-4
4.456166298159129E-4
4.47468391373699E-4
4.4933038679834613E-4
4.512025665052854E-4
4.5308487841553565E-4
4.5497726801350545E-4
4.5687967840394477E-4
4.5879205036810635E-4
4.6071432241910035E-4
4.626464308564454E-4
4.6458830981984593E-4
4.66539891342196E-4
4.6850110540180867E-4
4.7047187997389445E-4
4.724521410812906E-4
4.744418128444543E-4
4.764408175307153E-4
4.7844907560281815E-4
4.8046650576674574E-4
4.8249302501883376E-4
4.8452854869219543E-4
4.8657299050245567E-4
4.886262625927975E-4
4.90688275578349E-4
4.927589385898902E-4
4.948381593169218E-4
4.969258440500636E-4
4.990218977228285E-4
5.011262239527595E-4
5.032387250819319E-4
5.053593022168488E-4
5.07487855267719E-4
5.096242829871288E-4
5.117684830081273E-4
5.139203518817073E-4
5.160797851137214E-4
5.182466772012049E-4
5.204209216681448E-4
5.226024111006812E-4
5.247910371817528E-4
5.269866907251933E-4
5.291892617092956E-4
5.313986393098349E-4
5.336147119325538E-4
5.358373672451471E-4
5.380664922087153E-4
5.403019731087102E-4
5.42543695585386E-4
5.447915446637476E-4
5.470454047830056E-4
5.493051598255578E-4
5.515706931454754E-4
5.538418875965359E-4
5.561186255597744E-4
5.584007889705798E-4
5.606882593453366E-4
5.629809178076161E-4
5.652786451139203E-4
5.675813216789946E-4
5.698888276007019E-4
5.72201042684468E-4
5.745178464673177E-4
5.768391182414689E-4
5.791647370775446E-4
5.814945818473597E-4
5.838285312463064E-4
5.862151749330472E-4
5.886533108829011E-4
5.911417521396501E-4
5.936793266631457E-4
5.962648771783153E-4
5.988972610255392E-4
6.015753500123821E-4
6.042980302667031E-4
6.070642020911899E-4
6.098727798194525E-4
6.12722691674172E-4
6.156128796286187E-4
6.185422992752669E-4
6.215099197115985E-4
6.24514723469882E-4
6.275557065605474E-4
6.306318788060446E-4
6.337422649042956E-4
6.368859072862149E-4
6.400618732836269E-4
6.432692724019298E-4
6.465072966753536E-4
6.497753123289208E-4
6.530730622235233E-4
6.564011002130807E-4
6.597616950273779E-4
6.631606506417099E-4
6.666108442774111E-4
6.701417358190493E-4
6.738047433179215E-4
6.776934113504027E-4
6.819813911417499E-4
6.869657249140525E-4
6.931268013418154E-4
7.011787266315056E-4
7.119576079498273E-4
7.254688881916698E-4
7.376947681676679E-4
7.412577927857386E-4
7.448356266040444E-4
7.484275521258008E-4
7.52032862150594E-4
7.556508596634745E-4
7.59280857725074E-4
7.629221793627717E-4
7.665741574628777E-4
7.702361346638313E-4
7.739074632504147E-4
7.775875050489472E-4
7.812756313234849E-4
7.849712226730012E-4
7.886736689295221E-4
7.923823690572477E-4
7.960967310526098E-4
7.998161718452947E-4
8.035401172001837E-4
8.072680016202467E-4
8.109992682503439E-4
8.14733368781942E-4
8.184697633587495E-4
8.222079204832298E-4
8.259473169240333E-4
8.296874376242794E-4
8.334277756107496E-4
8.371678319039078E-4
8.409071154288275E-4
8.446451429269285E-4
8.483814388685808E-4
8.521155353665521E-4
8.558469720902663E-4
8.595752961808968E-4
8.633000621672769E-4
8.670208318826162E-4
8.70737174382014E-4
8.744486658607779E-4
8.781548895735216E-4
8.818554357540418E-4
8.855499015359805E-4
8.892378908742397E-4
8.929190144671703E-4
8.965928896794985E-4
9.002591404660215E-4
9.039173972960144E-4
9.075672970784038E-4
9.112084830876349E-4
9.148406048902936E-4
9.184633182724131E-4
9.220762851674996E-4
9.256791735852811E-4
9.292716575411077E-4
9.328534169860838E-4
9.364241377378601E-4
9.399835114121085E-4
9.435312353546707E-4
9.470670125743718E-4
9.505905516764889E-4
9.541015667968769E-4
9.575997775367464E-4
9.610849088980711E-4
9.645566912196493E-4
9.680148601137722E-4
9.71459156403546E-4
9.748893260608126E-4
9.783051201446822E-4
9.817062947406951E-4
9.850926109005646E-4
9.884638345825302E-4
9.918197365922992E-4
9.95160092524576E-4
9.98484682705167E-4
0.0010017932921336761
0.0010050857104267523
0.0010083617317619246
0.0010116211548219798
0.001014863782739904
0.0010180894230443786
0.0010212978876058198
0.0010244889925829484
0.0010276625583699143
0.0010308184095439443
0.0010339563748135063
0.0010370762869670212
0.0010401779828220533
0.0010432613031750584
0.0010463260927516017
0.0010582055969361312
0.0010699193140023583
0.0010814687521094974
0.0010928554074423344
0.0011040807643003829
0.0011151462951863992
0.0011260534608942862
0.0011368037105963476
0.0011473984819299443
0.001157839201083574
0.001168127282882458
0.0011782641308739508
0.001188251137413526
0.0011980896837536484
0.001207781140141851
0.0012173268659454173
0.0012267282098490835
0.0012359865102477244
0.0012451030961459298
0.0012540792893448267
0.0012629164098193267
0.0012716157888080903
0.001280178800070167
0.001288606932778513
0.001296901957124326
0.0013050662900947875
0.0013131037793598255
0.0013210213295221668
0.0013288321590362241
0.0013365652808623504
0.001344270040021455
0.0013520365196990195
0.00136003562078451
0.0013685663618482752
0.001378125098621729
0.0013894717671967466
0.0014035320139292994
0.0014203996104122428
0.0014358970464517326
0.001442157616409991
0.0014483018521236814
0.0014543308882330143
0.001460245850042205
0.001466047853590536
0.0014717380057228998
0.0014773174041598437
0.001482787137567075
0.0014881482856244968
0.001493401919094715
0.0014985490998910647
0.001503590881145126
0.0015085283072737645
0.0015133624140456709
0.0015180942286474217
0.0015227247697490582
0.0015272550475691942
0.0015316860639396296
0.0015360188123695246
0.0015402542781090668
0.0015443934382127164
0.0015484372616019525
0.0015523867091275835
0.0015562427336316103
0.0015600062800085973
0.0015636782852666536
0.0015672596785879114
0.0015707513813886104
0.0015741543073787153
0.0015774693626210959
0.0015806974455902965
0.0015838394472308566
0.0015868962510152084
0.0015898687330011582
0.001592757761888939
0.001595564199077849
0.001598288898722473
0.0016009327077885032
0.0016034964661081241
0.0016059810064350279
0.001608387154499
0.0016107157290601102
0.0016129675419625101
0.001615143398187838
0.0016172440959082246
0.001619270426538918
0.0016212231747905074
0.0016231031187207885
0.0016249110297862298
0.0016266476728930414
0.0016283138064479327
0.0016299101824084207
0.0016314375463328168
0.0016328966374298333
0.001634288188607823
0.0016356129265236556
0.0016368715716312352
0.001638064838229671
0.001639193434511064
0.0016402580626079912
0.0016412594186405787
0.001642198192763282
0.0016430750692112874
0.001643890726346586
0.0016446458367037132
0.0016453410670351182
0.0016459770783562478
0.0016465545259902595
0.0016470740596124169
0.0016475363232941588
0.0016479419555468482
0.0016482915893651713
0.001648585852270258
0.0016488253663524428
0.001649010748313738
0.001649142609509979
0.0016492215559926532
0.0016492481885504397
0.0016492231027504208
0.0016491468889789909
0.0016490201324824724
0.001648843413407434
0.001648617306840678
0.0016483423828489855
0.0016480192065185019
0.0016476483379938907
0.003249101428678465
0.0032308690741118026
0.003212740486216694
0.003194715065957745
0.0031767922178005496
0.003158971349691042
0.0031412518730349857
0.0031236332026775876
0.0031061147568832207
0.0030886959573152867
0.003071376229016214
0.0030541550003876316
0.003037031703170879
0.0030200057724282204
0.00300307664652596
0.0029862437671227897
0.0029695065791728267
0.002952864530969042
0.0029363170742963463
0.0029198636648753123
0.002903503763559718
0.002887236839442175
0.002871062377670603
0.00285497989859279
0.002838989003398926
0.002823089479959416
0.0028072815412152367
0.002791566345851608
0.0027759470986668893
0.002760431294631469
0.0027450376717813737
0.0027297988871098134
0.0027147764127960655
0.002700090541889401
0.002685955997706254
0.0026727355739378906
0.0026609940114008255
0.002651430663984269
0.0026441316991826025
0.0026359704082357625
0.002621041840804225
0.0026061990755937886
0.0025914416128339415
0.0025767689556941867
0.00256218061026666
0.002547676085548842
0.0025332548934264114
0.0025189165486561244
0.0025046605688488753
0.002490486474452798
0.0024763937887365057
0.0024623820377724123
0.0024484507504201466
0.002434599458310078
0.002420827695826937
0.002407135000093529
0.0023935209109545385
0.00237998497096044
0.002366526725351513
0.0023531457220419094
0.0023398415116038726
0.002326613647252004
0.002313461684827643
0.0023003851827833495
0.00228738370216744
0.002274456806608665
0.0022616040623009313
0.002248825037988156
0.0022361193049491757
0.0022234864369827484
0.0022109260103926856
0.0021984376039730145
0.0021860207989932694
0.002173675179183839
0.0021614003307214367
0.002149195842214624
0.002137061304689435
0.0021249963115750887
0.002113000458689764
0.0021010733442265025
0.002089214568739141
0.002077423735128369
0.0020657004486278495
0.0020540443167904278
0.0020424549494744105
0.002030931958829953
0.002019474959285487
0.0020080835675342747
0.0019967574025210066
0.0019854960854284783
0.00197429923966439
0.001963166490848163
0.0019520974667978784
0.001941091797517279
0.0019301491151828463
0.0019192690541309553
0.0019084512508450965
0.0018976953439431995
0.001887000974165002
0.0018763677843595186
0.0018657954194725517
0.0018552835265343189
0.0018448317546471101
0.0018344397549730595
0.0018241071807219532
0.0018138336871391233
0.0018036189314934333
0.0017934625730652936
0.0017833642731347877
0.001773323694969848
0.0017633405038144942
0.0017534143668771708
0.0017435449533191212
0.0017337319342428546
0.0017239749826806568
0.001714273773583207
0.0017046279838082116
0.0016950372921091547
0.0016855013791240866
0.001676019927364473
0.0016665926212041382
0.0016572191468682525
0.0016478991924223833
0.0016386324477616293
0.0016294186045998024
0.2921078413936294
