3.5199570512579407E-8
7.127194299070414E-8
1.0827078825811556E-7
1.4622895763130671E-7
1.8515569084393152E-7
2.2503507975987095E-7
2.6582598270669936E-7
3.074634659282923E-7
3.4986171495849857E-7
3.9291822450697115E-7
4.3651895657025224E-7
4.805440675262111E-7
5.248737570778466E-7
5.693937910234213E-7
6.140002957060281E-7
6.586035082108257E-7
7.031302812988085E-7
7.475252706600185E-7
7.917508582232264E-7
8.35785974190289E-7
8.796240608025086E-7
9.232704660453751E-7
9.667395643576342E-7
1.0100518777019437E-6
1.0532314216815956E-6
1.0963034375679952E-6
1.139292602402363E-6
1.1822217448863583E-6
1.2251110414328026E-6
1.2679776284995584E-6
1.3108355452895896E-6
1.3536959137578539E-6
1.3965672676339087E-6
1.439455955031512E-6
1.4823665563046024E-6
1.5253022767878868E-6
1.5682652904715949E-6
1.6112570240252093E-6
1.6542783803190834E-6
1.6973299068009182E-6
1.740411917310837E-6
1.7835245769125399E-6
1.8266679588444171E-6
1.8698420814152837E-6
1.91304693108518E-6
1.956282476412169E-6
1.999548676193813E-6
2.0428454840581602E-6
2.086172850964078E-6
2.1295307265159277E-6
2.1729190596306886E-6
2.2163377988644458E-6
2.2597868925664353E-6
2.3032662889490828E-6
2.3467759361186957E-6
2.3903157820884392E-6
2.433885774783667E-6
2.4774858620440882E-6
2.5211159916246707E-6
2.564776111196065E-6
2.6084661683448815E-6
2.652186110573868E-6
2.6959358853020985E-6
2.739715439865168E-6
2.783524721515321E-6
2.827363677421684E-6
2.871232254670399E-6
2.915130400264811E-6
2.9590580611256624E-6
3.00301518409124E-6
3.0470017159175935E-6
3.0910176032786744E-6
3.1350627927665538E-6
3.179137230891586E-6
3.2232408640825877E-6
3.2673736386870345E-6
3.311535500971239E-6
3.3557263971205436E-6
3.3999462732395006E-6
3.4441950753520557E-6
3.4884727494017522E-6
3.532779241251904E-6
3.5771144966858067E-6
3.6214784614069033E-6
3.6658710810390003E-6
3.7102923011264466E-6
3.7547420671343395E-6
3.7992203244487144E-6
3.843727018376738E-6
3.888262094146906E-6
3.9328254969092585E-6
3.977417171735555E-6
4.022037063619493E-6
4.066685117476896E-6
4.111361278145943E-6
4.156065490387324E-6
4.200797698884495E-6
4.24555784824386E-6
4.290345882994964E-6
4.3351617475907435E-6
4.380005386407684E-6
4.424876743746069E-6
4.469775763830171E-6
4.5147023908084656E-6
4.559656568753851E-6
4.60463824166386E-6
4.649647353460862E-6
4.6946838479923115E-6
4.739747669030916E-6
4.7848387602749184E-6
4.829957065348248E-6
4.875102527800784E-6
4.920275091108568E-6
4.965474698674023E-6
5.010701293826165E-6
5.0559548198208665E-6
5.101235219841039E-6
5.146542436996885E-6
5.191876414326104E-6
5.237237094794148E-6
5.282624421294444E-6
5.3280383366486085E-6
5.3734787836066875E-6
5.418945704847411E-6
5.464439042978403E-6
5.509958740536416E-6
5.555504739987592E-6
5.601076983727677E-6
5.646675414082259E-6
5.6922999733070295E-6
5.737950603588017E-6
5.783627247041803E-6
5.82932984571581E-6
5.875058341588513E-6
5.920812676569704E-6
5.966592792500718E-6
6.012398631154714E-6
6.058230134236879E-6
6.104087243384732E-6
6.149969900168335E-6
6.195878046090554E-6
6.2418116225873345E-6
6.287770571027928E-6
6.333754832715168E-6
6.379764348885706E-6
6.425799060710315E-6
6.471858909294108E-6
6.517943835676797E-6
6.5640537808329875E-6
6.6101886856724215E-6
6.656348491040244E-6
6.70253313771727E-6
6.7487425664202705E-6
6.794976717802188E-6
6.8412355324524905E-6
6.887518950897344E-6
6.933826913599989E-6
6.980159360960926E-6
7.026516233318235E-6
7.072897470947833E-6
7.119303014063786E-6
7.165732802818536E-6
7.212186777303228E-6
7.258664877547953E-6
7.3051670435220755E-6
7.3516932151344715E-6
7.398243332233827E-6
7.444817334608954E-6
7.491415161989028E-6
7.53803675404393E-6
7.584682050384478E-6
7.6313509905628E-6
7.678043514072535E-6
7.724759560349177E-6
7.771499068770402E-6
7.818261978656274E-6
7.86504822926964E-6
7.911857759816347E-6
7.958690509445637E-6
8.005546417250338E-6
8.052425422267257E-6
8.09932746347744E-6
8.14625247980652E-6
8.193200410124947E-6
8.240171193248377E-6
8.287164767937955E-6
8.334181072900597E-6
8.381220046789358E-6
8.428281628203695E-6
8.475365755689835E-6
8.522472367741023E-6
8.56960140279792E-6
8.616752799248851E-6
8.663926495430196E-6
8.711122429626634E-6
8.758340540071538E-6
8.805580764947267E-6
8.85284304238549E-6
8.900127310467538E-6
8.94743350722471E-6
8.994761570638631E-6
9.042111438641512E-6
9.089483049116608E-6
9.136876339898447E-6
9.184291248773209E-6
9.231727713479076E-6
9.279185671706532E-6
9.326665061098756E-6
9.374165819251903E-6
9.421687883715526E-6
9.46923119199285E-6
9.516795681541161E-6
9.56438128977212E-6
9.611987954052163E-6
9.659615611702821E-6
9.707264200001063E-6
9.75493365617965E-6
9.80262391742757E-6
9.850334920890237E-6
9.898066603670027E-6
9.945818902826502E-6
9.993591755376848E-6
1.0041385098296221E-5
1.008919886851808E-5
1.0137033002934607E-5
1.0184887438397034E-5
1.0232762111716042E-5
1.0280656959662098E-5
1.032857191896586E-5
1.0376506926318537E-5
1.042446191837223E-5
1.0472436831740448E-5
1.05204316029983E-5
1.0568446168683045E-5
1.0616480465294427E-5
1.066453442929515E-5
1.0712607997111341E-5
1.0760701105133138E-5
1.0808813689715428E-5
1.0856945687178895E-5
1.0905097033811534E-5
1.0953267665871186E-5
1.1001457519589482E-5
1.104966653117891E-5
1.1097894636844608E-5
1.1146141772804498E-5
1.1194407875324046E-5
1.1242692880775128E-5
1.1290996725735688E-5
1.1339319347157077E-5
1.1387660682642887E-5
1.1436020670909637E-5
1.1484399252541649E-5
1.1532796371217129E-5
1.1581211975682012E-5
1.1629646022898665E-5
1.1678098483022773E-5
1.1726569347195736E-5
1.1775058639628836E-5
1.182356643616022E-5
1.1872092892468653E-5
1.1920638286533976E-5
1.196920308187614E-5
1.2017788020742838E-5
1.2066394259937781E-5
1.2115023566598265E-5
1.2163678597154575E-5
1.221236329013845E-5
1.2261083412595238E-5
1.2309847310635287E-5
1.2358666926993265E-5
1.2407559161938516E-5
1.2456547667713594E-5
1.2505665179595646E-5
1.2554956496810774E-5
1.260448223133345E-5
1.2654323438818935E-5
1.2704587229639038E-5
1.2755413424857226E-5
1.28069822675102E-5
1.285952311971296E-5
1.2913323968012685E-5
1.2968741422325886E-5
1.3026210730115377E-5
1.3086255143832306E-5
1.314949378782925E-5
1.3216646988363783E-5
1.3288537879960063E-5
1.3366089010903366E-5
1.3450312670277912E-5
1.3542293778502784E-5
1.3643164447894585E-5
1.3754069744929564E-5
1.3876124772404816E-5
1.4010363919098811E-5
1.4157683955840096E-5
1.4318783525962245E-5
1.4494102400152182E-5
1.4683764541487517E-5
1.488752945238146E-5
1.5069556785660396E-5
1.5263113487433948E-5
1.546666873411219E-5
1.5678319596598848E-5
1.5895841546718652E-5
1.611675980659415E-5
1.6338438235893787E-5
1.655818079855371E-5
1.6773339344369723E-5
1.698142064791665E-5
1.7180185483709153E-5
1.736773302910784E-5
1.754256504200134E-5
1.7703625946360438E-5
1.7850316996252886E-5
1.7982484854882824E-5
1.8100386982736755E-5
1.8204637959201258E-5
1.829614209367805E-5
1.8376018312855516E-5
1.8445523317560764E-5
1.850597844046013E-5
1.8558704624258088E-5
1.860496864103327E-5
1.8645942265280052E-5
1.8682674764612947E-5
1.8716077920026214E-5
1.8746921923617833E-5
1.877583996647123E-5
1.880333911590402E-5
1.8829815144534122E-5
1.885556924422732E-5
1.8880824956866195E-5
1.8905744105118965E-5
1.893044094686392E-5
1.8954994161667847E-5
1.8979456581191128E-5
1.900386278954561E-5
1.9028234849849384E-5
1.905258647346037E-5
1.907692595649926E-5
1.9101258182322322E-5
1.9125585944253286E-5
1.914991079216122E-5
1.9174233557501704E-5
1.9198554668836267E-5
1.922287433552341E-5
1.9247192651292794E-5
1.9271509650784E-5
1.9295825339411636E-5
1.9320139708621616E-5
1.9344452743423704E-5
1.9368764425982893E-5
1.9393074737271912E-5
1.941738365780437E-5
1.9441691167948018E-5
1.9465997248053678E-5
1.949030187850638E-5
1.9514605039744814E-5
1.953890671226878E-5
1.9563206876641654E-5
1.9587505513491914E-5
1.9611802603513333E-5
1.9636098127465588E-5
1.9660392066174615E-5
1.968468440053281E-5
1.970897511149952E-5
1.9733264180101222E-5
1.9757551587431953E-5
1.9781837314653626E-5
1.9806121342996313E-5
1.9830403653758684E-5
1.9854684228308194E-5
1.9878963048081513E-5
1.9903240094584932E-5
1.9927515349394524E-5
1.9951788794156585E-5
1.9976060410588024E-5
2.0000330180476576E-5
2.002459808568127E-5
2.004886410813274E-5
2.0073128229833506E-5
2.0097390432858337E-5
2.012165069935471E-5
2.0145909011543014E-5
2.0170165351716984E-5
2.0194419702244032E-5
2.0218672045565633E-5
2.0242922364197624E-5
2.0267170640730557E-5
2.0291416857830053E-5
2.0315660998237324E-5
2.0339903044769282E-5
2.0364142980319015E-5
2.0388380787856178E-5
2.0412616450427383E-5
2.0436849951156398E-5
2.046108127324468E-5
2.048531039997169E-5
2.0509537314695266E-5
2.0533762000851965E-5
2.0557984441957487E-5
2.058220462160697E-5
2.0606422523475387E-5
2.063063813131805E-5
2.0654851428970817E-5
2.06790624003505E-5
2.0703271029455306E-5
2.0727477300365233E-5
2.0751681197242374E-5
2.0775882704331375E-5
2.0800081805959746E-5
2.08242784865383E-5
2.0848472730561498E-5
2.0872664522607933E-5
2.0896853847340577E-5
2.0921040689507338E-5
2.0945225033941338E-5
2.0969406865561298E-5
2.0993586169372054E-5
2.1017762930464832E-5
2.1041937134017682E-5
2.1066108765295945E-5
2.1090277809652584E-5
2.1114444252528534E-5
2.113860807945333E-5
2.1162769276045248E-5
2.11869278280119E-5
2.121108372115054E-5
2.1235236941348526E-5
2.1259387474583676E-5
2.128353530692483E-5
2.1307680424532084E-5
2.133182281365732E-5
2.1355962460644587E-5
2.13800993519305E-5
2.140423347404477E-5
2.1428364813610485E-5
2.1452493357344585E-5
2.1476619092058355E-5
2.150074200465778E-5
2.1524862082143985E-5
2.154897931161372E-5
2.1573093680259715E-5
2.1597205175371163E-5
2.1621313784334083E-5
2.164541949463192E-5
2.1669522293845873E-5
2.1693622169655263E-5
2.171771910983814E-5
2.1741813102271573E-5
2.1765904134932242E-5
2.1789992195896753E-5
2.181407727334219E-5
2.1838159355546442E-5
2.1862238430888794E-5
2.188631448785028E-5
2.191038751501421E-5
2.1934457501066576E-5
2.1958524434796464E-5
2.19825883050966E-5
2.2006649100963825E-5
2.2030706811499463E-5
2.2054761425909824E-5
2.207881293350668E-5
2.2102861323707788E-5
2.212690658603723E-5
2.215094871012594E-5
2.2174987685712237E-5
2.2199023502642156E-5
2.222305615087009E-5
2.2247085620459147E-5
2.227111190158169E-5
2.2295134984519743E-5
2.2319154859665518E-5
2.234317151752192E-5
2.236718494870298E-5
2.239119514393433E-5
2.241520209405372E-5
2.243920579001156E-5
2.246320622287131E-5
2.2487203383809983E-5
2.251119726411866E-5
2.2535187855203022E-5
2.2559175148583762E-5
2.2583159135897077E-5
2.2607139808895305E-5
2.263111715944723E-5
2.2655091179538724E-5
2.267906186127318E-5
2.270302919687205E-5
2.2726993178675253E-5
2.275095379914184E-5
2.2774911050850357E-5
2.2798864926499384E-5
2.2822815418908078E-5
2.2846762521016734E-5
2.2870706225887188E-5
2.289464652670329E-5
2.291858341677161E-5
2.2942516889521776E-5
2.2966446938507074E-5
2.2990373557404924E-5
2.3014296740017395E-5
2.3038216480271824E-5
2.306213277222118E-5
2.308604561004467E-5
2.3109954988048285E-5
2.3133860900665274E-5
2.3157763342456667E-5
2.3181662308111875E-5
2.3205557792449147E-5
2.3229449790416054E-5
2.3253338297090163E-5
2.3277223307679393E-5
2.3301104817522726E-5
2.332498282209063E-5
2.3348857316985596E-5
2.3372728297942705E-5
2.339659576083011E-5
2.3420459701649684E-5
2.3444320116537446E-5
2.3468177001764126E-5
2.3492030353735758E-5
2.3515880168994184E-5
2.353972644421757E-5
2.3563569176221E-5
2.3587408361956937E-5
2.361124399851599E-5
2.3635076083127154E-5
2.3658904613158493E-5
2.3682729586117755E-5
2.370655099965291E-5
2.373036885155264E-5
2.3754183139746932E-5
2.3777993862307736E-5
2.3801801017449454E-5
2.3825604603529866E-5
2.3849404619050733E-5
2.3873201062659025E-5
2.3896993933148242E-5
2.3920783229460815E-5
2.3944568950691494E-5
2.3968351096093304E-5
2.3992129665087478E-5
2.401590465728067E-5
2.403967607249407E-5
2.4063443910813957E-5
2.408720817267731E-5
2.4110968859017304E-5
2.413472597150805E-5
2.415847951297326E-5
2.418222948806364E-5
2.420597590436917E-5
2.4229718774230844E-5
2.4253458117665503E-5
2.4277193967044908E-5
2.4300926374513636E-5
2.4324655423639217E-5
2.4348381247535994E-5
2.4372104056788397E-5
2.439582418204889E-5
2.44195421383702E-5
2.444325872136508E-5
2.4466975149432705E-5
2.4490693271862702E-5
2.4514415869978715E-5
2.453814708799366E-5
2.456189304228213E-5
2.4585662672628772E-5
2.4609468916835866E-5
2.463333031074187E-5
2.465727313868921E-5
2.4681334283655677E-5
2.470556494972144E-5
2.473003544938015E-5
2.4754841260371502E-5
2.478011055591138E-5
2.4806013391926575E-5
2.483277268769602E-5
2.4860677054241253E-5
2.4890095400353315E-5
2.4921493073332368E-5
2.4955449067503368E-5
2.499267356044339E-5
2.5034024723535117E-5
2.5080523417450435E-5
2.5133364051787785E-5
2.5193919598755073E-5
2.5263738549940495E-5
2.534453154543272E-5
2.5438145539734797E-5
2.5546523747442194E-5
2.5671650267997288E-5
2.5815479234379705E-5
2.5979849544925605E-5
2.616638766166245E-5
2.6376402492188222E-5
2.6610777875683667E-5
2.6869869497317774E-5
2.7153413974642786E-5
2.7460458217144574E-5
2.778931681110161E-5
2.8137564040420498E-5
2.8502065216043512E-5
2.8879049344522638E-5
2.9264222012987858E-5
2.965291398420171E-5
3.004025772523884E-5
3.0421381303299172E-5
3.07916071147191E-5
3.1146642037594364E-5
3.148274596785596E-5
3.179686732177731E-5
3.2086736819742966E-5
3.235091442167712E-5
3.258878827405171E-5
3.2800528509240235E-5
3.2987002275242055E-5
3.314965909963581E-5
3.3290397353681596E-5
3.341142307362218E-5
3.3515111761005215E-5
3.3603882201924E-5
3.3680089095319856E-5
3.3745938693125965E-5
3.380342906067296E-5
3.385431425001885E-5
3.390008984936542E-5
3.39419961415458E-5
3.398103449238246E-5
3.401799253421046E-5
3.405347409366155E-5
3.408793049022012E-5
3.412169065539789E-5
3.4154988362684046E-5
3.418798561859616E-5
3.4220791884878106E-5
3.425347925577965E-5
3.428609400530061E-5
3.431866506943408E-5
3.4351210070034444E-5
3.438373945449689E-5
3.441625925022962E-5
3.4448772839815615E-5
3.448128206923713E-5
3.4513787918071906E-5
3.4546290892043076E-5
3.457879124565375E-5
3.461128910440455E-5
3.464378452970372E-5
3.4676277552201354E-5
3.470876818833173E-5
3.474125644823972E-5
3.477374233944573E-5
3.480622586847916E-5
3.483870704157953E-5
3.487118586498621E-5
3.4903662345054116E-5
3.493613648829771E-5
3.4968608301407483E-5
3.5001077791256556E-5
3.5033544964902884E-5
3.506600982959075E-5
3.5098472392751586E-5
3.51309326620048E-5
3.51633906451583E-5
3.519584635020958E-5
3.5228299785346174E-5
3.526075095894646E-5
3.5293199879580446E-5
3.532564655601061E-5
3.535809099719242E-5
3.539053321227525E-5
3.542297321060316E-5
3.545541100171559E-5
3.548784659534827E-5
3.552028000143372E-5
3.5552711230102334E-5
3.558514029168305E-5
3.561756719670409E-5
3.5649991955893786E-5
3.5682414580181574E-5
3.571483508069841E-5
3.574725346877807E-5
3.577966975595737E-5
3.5812083953977636E-5
3.5844496074785014E-5
3.5876906130531726E-5
3.590931413357648E-5
3.594172009648562E-5
3.5974124032033814E-5
3.600652595320504E-5
3.60389258731933E-5
3.607132380540348E-5
3.610371976345239E-5
3.6136113761169526E-5
3.6168505812597844E-5
3.6200895931994696E-5
3.62332841338328E-5
3.626567043280103E-5
3.629805484380529E-5
3.633043738196951E-5
3.636281806263648E-5
3.639519690136858E-5
3.64275739139491E-5
3.645994911638271E-5
3.6492322524896536E-5
3.652469415594122E-5
3.6557064026191625E-5
3.658943215254783E-5
3.662179855213613E-5
3.665416324230988E-5
3.6686526240650286E-5
3.6718887564967726E-5
3.675124723330233E-5
3.67836052639251E-5
3.6815961675338665E-5
3.6848316486278574E-5
3.688066971571396E-5
3.69130213828485E-5
3.6945371507121466E-5
3.69777201082087E-5
3.7010067206023515E-5
3.70424128207177E-5
3.707475697268242E-5
3.710709968254924E-5
3.7139440971191126E-5
3.717178085972327E-5
3.720411936950436E-5
3.723645652213716E-5
3.72687923394699E-5
3.7301126843596886E-5
3.733346005685982E-5
3.736579200184861E-5
3.739812270140219E-5
3.743045217860993E-5
3.746278045681228E-5
3.749510755960186E-5
3.7527433510824645E-5
3.755975833458059E-5
3.7592082055224894E-5
3.762440469736901E-5
3.765672628588155E-5
3.768904684588933E-5
3.772136640277824E-5
3.775368498219443E-5
3.778600261004536E-5
3.7818319312500604E-5
3.7850635115993046E-5
3.788295004721967E-5
3.791526413314278E-5
3.794757740099094E-5
3.797988987825998E-5
3.8012201592713925E-5
3.8044512572386225E-5
3.807682284558054E-5
3.810913244087184E-5
3.814144138710743E-5
3.817374971340812E-5
3.820605744916876E-5
3.823836462405984E-5
3.82706712680281E-5
3.8302977411297786E-5
3.833528308437148E-5
3.836758831803114E-5
3.839989314333935E-5
3.843219759163996E-5
3.846450169455939E-5
3.849680548400747E-5
3.8529108992178574E-5
3.856141225155261E-5
3.859371529489589E-5
3.862601815526237E-5
3.8658320865994366E-5
3.869062346072399E-5
3.872292597337368E-5
3.875522843815744E-5
3.878753088958183E-5
3.881983336244722E-5
3.885213589184813E-5
3.888443851317494E-5
3.891674126211447E-5
3.894904417465107E-5
3.8981347287067734E-5
3.901365063594693E-5
3.904595425817168E-5
3.907825819092652E-5
3.911056247169853E-5
3.91428671382783E-5
3.9175172228760926E-5
3.9207477781546896E-5
3.923978383534313E-5
3.9272090429164156E-5
3.930439760233273E-5
3.933670539448106E-5
3.936901384555175E-5
3.940132299579859E-5
3.943363288578782E-5
3.946594355639872E-5
3.9498255048825017E-5
3.9530567404575537E-5
3.956288066547509E-5
3.959519487366576E-5
3.962751007160751E-5
3.9659826302079346E-5
3.9692143608180244E-5
3.9724462033329884E-5
3.9756781621269935E-5
3.978910241606466E-5
3.982142446210191E-5
3.98537478040943E-5
3.988607248707991E-5
3.991839855642323E-5
3.995072605781611E-5
3.9983055037278574E-5
4.00153855411599E-5
4.004771761613941E-5
4.008005130922742E-5
4.0112386667766224E-5
4.0144723739430664E-5
4.017706257222939E-5
4.020940321450558E-5
4.0241745714937815E-5
4.027409012254096E-5
4.030643648666701E-5
4.0338784857006174E-5
4.037113528358745E-5
4.040348781677955E-5
4.043584250729192E-5
4.0468199406175457E-5
4.0500558564823316E-5
4.0532920034971904E-5
4.0565283868701544E-5
4.0597650118437563E-5
4.063001883695091E-5
4.0662390077359016E-5
4.069476389312694E-5
4.072714033806806E-5
4.07595194663455E-5
4.079190133247313E-5
4.0824285991317536E-5
4.085667349810086E-5
4.088906390840449E-5
4.09214572781763E-5
4.095385366374189E-5
4.0986253121824475E-5
4.101865570957885E-5
4.105106148465018E-5
4.108347050527506E-5
4.111588283045354E-5
4.1148298520241465E-5
4.118071763624211E-5
4.1213140242427026E-5
4.124556640649475E-5
4.12779962021008E-5
4.131042971248493E-5
4.1342867036319455E-5
4.1375308297051045E-5
4.140775365768601E-5
4.144020334396717E-5
4.147265768035612E-5
4.150511714534616E-5
4.153758245563785E-5
4.157005469292339E-5
4.1602535492850866E-5
4.163502732364049E-5
4.166753389237855E-5
4.170006073081647E-5
4.173261603019929E-5
4.176521181679142E-5
4.1797865586757286E-5
4.1830602550928916E-5
4.186345867622735E-5
4.1896484749742964E-5
4.1929751731186296E-5
4.196335769558138E-5
4.199743669484263E-5
4.2032169876387486E-5
4.206779917923332E-5
4.2104643871315275E-5
4.214312008305576E-5
4.218376331847955E-5
4.222725367508067E-5
4.227444316994726E-5
4.232638415200847E-5
4.2384357288487756E-5
4.244989707074018E-5
4.252481222937842E-5
4.2611197936607645E-5
4.2711436276761216E-5
4.282818126841681E-5
4.2964324813101746E-5
4.312294041182074E-5
4.330720239902466E-5
4.352027982883396E-5
4.376520599691632E-5
4.4044726819105844E-5
4.4361133771999965E-5
4.471608962095642E-5
4.511045744991886E-5
4.554414526370169E-5
4.6015979353937905E-5
4.652361944203957E-5
4.706352715780011E-5
4.763099662754519E-5
4.8220251933130515E-5
4.88246112319558E-5
4.943671182387797E-5
5.004878495822422E-5
5.0652964297463334E-5
5.1241608281235494E-5
5.1807614653977564E-5
5.2344705445178766E-5
5.2847662806834344E-5
5.3312500146292864E-5
5.373655853013445E-5
5.411852476882836E-5
5.445837420321868E-5
5.475724726941585E-5
5.501727377317626E-5
5.524136198749647E-5
5.543297095963085E-5
5.559588379081332E-5
5.5733997382505636E-5
5.585114065674579E-5
5.5950929089322354E-5
5.603665909661004E-5
5.611124188406268E-5
5.61771731710548E-5
5.6236532974060944E-5
5.6291008420319604E-5
5.634193230021914E-5
5.6390330569884705E-5
5.643697305086232E-5
5.648242289505636E-5
5.652708176923147E-5
5.6571228993159915E-5
5.661505392800045E-5
5.665868170499856E-5
5.6702192906545345E-5
5.674563809413271E-5
5.6789048172111646E-5
5.6832441539468996E-5
5.687582886701978E-5
5.691921618741038E-5
5.696260683086871E-5
5.7006002599691014E-5
5.704940445832242E-5
5.7092812925907716E-5
5.713622829240486E-5
5.7179650733680715E-5
5.7223080370775476E-5
5.7266517299388137E-5
5.73099616040413E-5
5.7353413364646153E-5
5.7396872659436416E-5
5.744033956623137E-5
5.7483814162960125E-5
5.752729652787127E-5
5.7570786739614664E-5
5.761428487727304E-5
5.7657791020374806E-5
5.770130524890006E-5
5.7744827643284685E-5
5.7788358284423366E-5
5.783189725367215E-5
5.787544463285168E-5
5.791900050424978E-5
5.7962564950624224E-5
5.800613805520567E-5
5.804971990170011E-5
5.809331057429213E-5
5.813691015764737E-5
5.8180518736915275E-5
5.822413639773202E-5
5.826776322622329E-5
5.831139930900686E-5
5.835504473319552E-5
5.8398699586399904E-5
5.8442363956730836E-5
5.848603793280258E-5
5.8529721603735236E-5
5.857341505915759E-5
5.8617118389209756E-5
5.8660831684546004E-5
5.870455503633727E-5
5.874828853627399E-5
5.8792032276568695E-5
5.883578634995869E-5
5.887955084970869E-5
5.892332586961351E-5
5.8967111504000585E-5
5.901090784773265E-5
5.905471499621026E-5
5.9098533045374505E-5
5.914236209170948E-5
5.9186202232244784E-5
5.9230053564558015E-5
5.927391618677752E-5
5.931779019758455E-5
5.936167569621613E-5
5.940557278246706E-5
5.944948155669284E-5
5.94934021198117E-5
5.953733457330713E-5
5.958127901923029E-5
5.962523556020256E-5
5.96692042994175E-5
5.971318534064327E-5
5.975717878822515E-5
5.980118474708761E-5
5.984520332273679E-5
5.988923462126234E-5
5.993327874934003E-5
5.9977335814233665E-5
6.0021405923797424E-5
6.006548918647796E-5
6.0109585711316385E-5
6.0153695607950525E-5
6.0197818986616913E-5
6.024195595815282E-5
6.028610663399838E-5
6.033027112619838E-5
6.037444954740446E-5
6.041864201087678E-5
6.0462848630486214E-5
6.0507069520716165E-5
6.0551304796664196E-5
6.059555457404404E-5
6.06398189691877E-5
6.068409809904662E-5
6.0728392081193865E-5
6.077270103382574E-5
6.081702507576342E-5
6.086136432645486E-5
6.090571890597589E-5
6.0950088935032527E-5
6.099447453496206E-5
6.103887582773468E-5
6.108329293595528E-5
6.112772598286455E-5
6.117217509234079E-5
6.121664038890102E-5
6.126112199770265E-5
6.13056200445449E-5
6.135013465586967E-5
6.139466595876342E-5
6.143921408095825E-5
6.148377915083296E-5
6.152836129741462E-5
6.157296065037933E-5
6.161757734005386E-5
6.166221149741643E-5
6.170686325409797E-5
6.175153274238313E-5
6.179622009521133E-5
6.184092544617773E-5
6.188564892953415E-5
6.193039068019037E-5
6.197515083371444E-5
6.201992952633419E-5
6.206472689493745E-5
6.210954307707331E-5
6.215437821095295E-5
6.219923243544995E-5
6.224410589010132E-5
6.228899871510829E-5
6.233391105133671E-5
6.237884304031764E-5
6.242379482424831E-5
6.246876654599217E-5
6.25137583490799E-5
6.255877037770952E-5
6.26038027767471E-5
6.264885569172685E-5
6.269392926885227E-5
6.273902365499547E-5
6.278413899769819E-5
6.282927544517206E-5
6.287443314629851E-5
6.29196122506296E-5
6.296481290838738E-5
6.301003527046475E-5
6.30552794884253E-5
6.310054571450364E-5
6.314583410160504E-5
6.319114480330582E-5
6.323647797385337E-5
6.328183376816579E-5
6.332721234183233E-5
6.33726138511128E-5
6.341803845293767E-5
6.346348630490795E-5
6.35089575652949E-5
6.355445239304003E-5
6.359997094775431E-5
6.364551338971865E-5
6.369107987988284E-5
6.373667057986564E-5
6.378228565195429E-5
6.382792525910418E-5
6.38735895649381E-5
6.39192787337461E-5
6.396499293048484E-5
6.401073232077693E-5
6.405649707091074E-5
6.410228734783921E-5
6.414810331917976E-5
6.419394515321337E-5
6.423981301888359E-5
6.428570708579661E-5
6.433162752421952E-5
6.437757450508048E-5
6.442354819996692E-5
6.446954878112557E-5
6.451557642146086E-5
6.45616312945344E-5
6.460771357456417E-5
6.465382343642299E-5
6.46999610556381E-5
6.47461266083897E-5
6.479232027150993E-5
6.483854222248213E-5
6.48847926394392E-5
6.493107170116289E-5
6.497737958708218E-5
6.50237164772725E-5
6.507008255245405E-5
6.511647799399079E-5
6.516290298388912E-5
6.520935770479641E-5
6.525584233999976E-5
6.530235707342446E-5
6.534890208963275E-5
6.539547757382237E-5
6.544208371182475E-5
6.5488720690104E-5
6.55353886957551E-5
6.558208791650281E-5
6.562881854070028E-5
6.567558075732768E-5
6.57223747559922E-5
6.576920072692818E-5
6.581605886099866E-5
6.58629493497006E-5
6.590987238517546E-5
6.595682816022742E-5
6.600381686836012E-5
6.605083870383985E-5
6.609789386180764E-5
6.614498253847435E-5
6.619210493145497E-5
6.623926124033724E-5
6.628645166763855E-5
6.633367642040384E-5
6.638093571284446E-5
6.642822977066423E-5
6.647555883807796E-5
6.652292318909887E-5
6.65703231455193E-5
6.661775910527781E-5
6.666523158678233E-5
6.671274129747488E-5
6.676028923883352E-5
6.680787686551494E-5
6.685550632402501E-5
6.690318080681167E-5
6.695090507181726E-5
6.699868619620488E-5
6.704653465712681E-5
6.709446586295468E-5
6.714250229602972E-5
6.719067647302123E-5
6.72390349809499E-5
6.728764390428849E-5
6.733659601814825E-5
6.738602017916995E-5
6.743609339152572E-5
6.748705604961769E-5
6.75392308476255E-5
6.759304578211742E-5
6.76490615383617E-5
6.770800332395005E-5
6.777079687672118E-5
6.783860791456872E-5
6.791288370843708E-5
6.799539475640893E-5
6.808827374466306E-5
6.819404815139619E-5
6.831566205901407E-5
6.845648208939397E-5
6.86202819889962E-5
6.881120039903142E-5
6.903366688242072E-5
6.929229245431933E-5
6.959172274331403E-5
6.993645449609052E-5
7.03306193420505E-5
7.077774236763114E-5
7.128048682112455E-5
7.184039979472485E-5
7.245767656779041E-5
7.313096298543537E-5
7.385721537675817E-5
7.463163578650901E-5
7.544769657782621E-5
7.629726286231818E-5
7.717081407776999E-5
7.805775795440496E-5
7.894682187271996E-5
7.98264991141502E-5
8.068552163380868E-5
8.15133275110434E-5
8.230049068518174E-5
8.303908315431305E-5
8.372294531840157E-5
8.434784802717731E-5
8.491153928476471E-5
8.541367841143925E-5
8.585566966611372E-5
8.624041489553767E-5
8.657200994412705E-5
8.685541191571023E-5
8.709610388705761E-5
8.729978065318831E-5
8.747207414228413E-5
8.761833105484834E-5
8.774344888675442E-5
8.785177054538352E-5
8.794703285034955E-5
8.80323606888346E-5
8.811029659504617E-5
8.818285495465682E-5
8.825159064841125E-5
8.83176734013499E-5
8.838196102709634E-5
8.84450668140472E-5
8.850741822650315E-5
8.856930571247576E-5
8.863092163406038E-5
8.869239015453566E-5
8.875378937175494E-5
8.881516715415939E-5
8.887655209870219E-5
8.893796086906278E-5
8.899940295349378E-5
8.906088365209342E-5
8.91224058931416E-5
8.918397130245915E-5
8.924558081288389E-5
8.930723500042674E-5
8.936893426361655E-5
8.943067891600523E-5
8.949246923226692E-5
8.955430547038083E-5
8.961618788192903E-5
8.967811671670648E-5
8.97400922247101E-5
8.98021146569658E-5
8.986418426586058E-5
8.992630130527323E-5
8.998846603062482E-5
9.00506786988989E-5
9.011293956865227E-5
9.017524890002033E-5
9.02376069547212E-5
9.030001399605948E-5
9.036247028892967E-5
9.042497609981874E-5
9.048753169680871E-5
9.055013734957906E-5
9.061279332940838E-5
9.067549990917584E-5
9.073825736336315E-5
9.080106596805461E-5
9.08639260009387E-5
9.09268377413078E-5
9.098980147005901E-5
9.105281746969335E-5
9.111588602431557E-5
9.117900741963389E-5
9.124218194295828E-5
9.130540988319974E-5
9.136869153086868E-5
9.143202717807318E-5
9.14954171185167E-5
9.155886164749636E-5
9.162236106189979E-5
9.168591566020306E-5
9.174952574246701E-5
9.181319161033441E-5
9.187691356702638E-5
9.194069191733875E-5
9.20045269676377E-5
9.206841902585634E-5
9.213236840148958E-5
9.219637540559014E-5
9.226044035076308E-5
9.232456355116144E-5
9.238874532248033E-5
9.245298598195197E-5
9.251728584833972E-5
9.25816452419324E-5
9.264606448453809E-5
9.271054389947803E-5
9.277508381157982E-5
9.283968454717118E-5
9.290434643407295E-5
9.296906980159194E-5
9.303385498051406E-5
9.30987023030967E-5
9.316361210306088E-5
9.322858471558416E-5
9.329362047729254E-5
9.335871972625201E-5
9.342388280196075E-5
9.348911004534073E-5
9.355440179872876E-5
9.361975840586803E-5
9.368518021189965E-5
9.375066756335273E-5
9.381622080813623E-5
9.38818402955288E-5
9.394752637616954E-5
9.401327940204899E-5
9.407909972649872E-5
9.414498770418157E-5
9.421094369108186E-5
9.427696804449503E-5
9.434306112301775E-5
9.440922328653669E-5
9.447545489621911E-5
9.454175631450143E-5
9.46081279050786E-5
9.467457003289348E-5
9.474108306412538E-5
9.48076673661794E-5
9.487432330767521E-5
9.494105125843502E-5
9.500785158947303E-5
9.507472467298355E-5
9.514167088232897E-5
9.520869059202856E-5
9.527578417774624E-5
9.534295201627889E-5
9.541019448554397E-5
9.547751196456785E-5
9.55449048334732E-5
9.561237347346678E-5
9.567991826682723E-5
9.574753959689202E-5
9.58152378480458E-5
9.588301340570674E-5
9.595086665631452E-5
9.601879798731738E-5
9.608680778715874E-5
9.615489644526485E-5
9.622306435203153E-5
9.629131189881116E-5
9.63596394778993E-5
9.642804748252169E-5
9.649653630682083E-5
9.656510634584226E-5
9.663375799552212E-5
9.67024916526727E-5
9.677130771496897E-5
9.684020658093599E-5
9.690918864993399E-5
9.697825432214542E-5
9.70474039985608E-5
9.711663808096515E-5
9.718595697192413E-5
9.725536107477012E-5
9.732485079358817E-5
9.739442653320205E-5
9.746408869916021E-5
9.753383769772189E-5
9.760367393584275E-5
9.767359782116093E-5
9.774360976198261E-5
9.781371016726814E-5
9.788389944661742E-5
9.795417801025594E-5
9.802454626902021E-5
9.809500463434357E-5
9.816555351824198E-5
9.823619333329889E-5
9.830692449265165E-5
9.837774740997711E-5
9.84486624994761E-5
9.851967017586025E-5
9.859077085433631E-5
9.866196495059276E-5
9.873325288078422E-5
9.880463506151778E-5
9.88761119098378E-5
9.89476838432113E-5
9.901935127951385E-5
9.909111463701467E-5
9.916297433436208E-5
9.923493079056857E-5
9.930698442499671E-5
9.937913565734411E-5
9.945138490762867E-5
9.952373259617443E-5
9.959617914359647E-5
9.966872497078637E-5
9.974137049889761E-5
9.981411614933092E-5
9.98869623437194E-5
9.995990950391422E-5
1.0003295805196958E-4
1.0010610841012859E-4
1.0017936100080797E-4
1.0025271624658394E-4
1.0032617457017743E-4
1.0039973639443905E-4
1.004734021423353E-4
1.0054717223693335E-4
1.0062104710138646E-4
1.0069502715892001E-4
1.0076911283281594E-4
1.0084330454639901E-4
1.0091760272302199E-4
1.0099200778605102E-4
1.0106652015885144E-4
1.011411402647729E-4
1.0121586852713525E-4
1.012907053692136E-4
1.013656512142243E-4
1.0144070648531073E-4
1.0151587160552814E-4
1.015911469978304E-4
1.0166653308505434E-4
1.0174203028990663E-4
1.0181763903494866E-4
1.0189335974258255E-4
1.0196919283503731E-4
1.0204513873435424E-4
1.0212119786237307E-4
1.0219737064071831E-4
1.0227365749078542E-4
1.0235005883372814E-4
1.0242657509044622E-4
1.025032066815755E-4
1.0257995402748099E-4
1.0265681754825529E-4
1.027337976637279E-4
1.0281089479349151E-4
1.0288810935696003E-4
1.029654417734797E-4
1.0304289246253227E-4
1.0312046184409517E-4
1.0319815033926463E-4
1.0327595837131918E-4
1.0335388636751205E-4
1.0343193476205829E-4
1.0351010400106204E-4
1.0358839455056516E-4
1.036668069095662E-4
1.0374534163087688E-4
1.0382399935420892E-4
1.0390278085814798E-4
1.0398168714097953E-4
1.0406071954511002E-4
1.041398799466137E-4
1.0421917104094794E-4
1.0429859676897978E-4
1.0437816294521713E-4
1.0445787817372942E-4
1.0453775516798842E-4
1.0461781263002948E-4
1.0469807789301743E-4
1.0477859059007787E-4
1.0485940768085084E-4
1.0494061024395368E-4
1.0502231252473143E-4
1.0510467380692854E-4
1.0518791374446111E-4
1.0527233183149584E-4
1.0535833168742438E-4
1.0544645076572313E-4
1.055373959364179E-4
1.0563208511369136E-4
1.0573169467726528E-4
1.0583771184843757E-4
1.0595199042009666E-4
1.0607680731329668E-4
1.0621491637393513E-4
1.0636959469489974E-4
1.065446756492189E-4
1.0674456188055237E-4
1.0697421088134546E-4
1.0723908567793067E-4
1.0754506371876343E-4
1.0789829848602797E-4
1.0830503072744565E-4
1.0877134955368299E-4
1.0930290787143864E-4
1.0990460150776783E-4
1.1058022646710291E-4
1.1133213371520893E-4
1.1216090493535672E-4
1.1306507530802418E-4
1.140409299277165E-4
1.1508239854625867E-4
1.1618106870639221E-4
1.1732633008828823E-4
1.1850565346063253E-4
1.1970499676854259E-4
1.209093196421957E-4
1.221031771824078E-4
1.2327135550431982E-4
1.2439950628281369E-4
1.2547473621748618E-4
1.2648611025327426E-4
1.2742503437213417E-4
1.2828549411413013E-4
1.2906413756073044E-4
1.2976020490112182E-4
1.303753193958085E-4
1.3091316516307874E-4
1.3137908466640414E-4
1.317796324475207E-4
1.321221214183229E-4
1.3241419427955506E-4
1.3266344616533063E-4
1.3287711646726654E-4
1.33061859102498E-4
1.3322359230482514E-4
1.3336742216818004E-4
1.334976291852206E-4
1.336177041031606E-4
1.3373041846857187E-4
1.3383791592970923E-4
1.3394181224947528E-4
1.3404329455249056E-4
1.341432131210676E-4
1.3424216169545116E-4
1.3434054447228265E-4
1.3443862970344335E-4
1.3453659095203708E-4
1.3463453771696588E-4
1.347325373910343E-4
1.3483063048496915E-4
1.349288408410835E-4
1.350271822667094E-4
1.3512566270569877E-4
1.3522428677857583E-4
1.3532305728011914E-4
1.3542197603399176E-4
1.3552104436465232E-4
1.356202633493606E-4
1.3571963394823608E-4
1.358191570690616E-4
1.3591883359841852E-4
1.3601866441606558E-4
1.3611865040129805E-4
1.3621879243560058E-4
1.3631909140366356E-4
1.3641954819369626E-4
1.3652016369746024E-4
1.3662093881018771E-4
1.3672187443046203E-4
1.3682297146008334E-4
1.369242308039306E-4
1.3702565336982448E-4
1.371272400683886E-4
1.3722899181291487E-4
1.3733090951922807E-4
1.3743299410555305E-4
1.3753524649238248E-4
1.3763766760234694E-4
1.377402583600847E-4
1.3784301969211454E-4
1.37945952526709E-4
1.380490577937697E-4
1.381523364247017E-4
1.3825578935229292E-4
1.383594175105923E-4
1.3846322183478824E-4
1.385672032610915E-4
1.3867136272661682E-4
1.3877570116926715E-4
1.388802195276179E-4
1.389849187408036E-4
1.3908979974840594E-4
1.3919486349034065E-4
1.3930011090674895E-4
1.3940554293788776E-4
1.3951116052402266E-4
1.3961696460532038E-4
1.3972295612174395E-4
1.398291360129487E-4
1.399355052181781E-4
1.400420646761634E-4
1.4014881532502105E-4
1.4025575810215475E-4
1.4036289394415597E-4
1.4047022378670614E-4
1.4057774856448163E-4
1.406854692110573E-4
1.4079338665881324E-4
1.4090150183884107E-4
1.410098156808524E-4
1.4111832911308796E-4
1.412270430622279E-4
1.413359584533017E-4
1.4144507620960294E-4
1.415543972526005E-4
1.416639225018537E-4
1.4177365287492777E-4
1.4188358928731026E-4
1.4199373265232784E-4
1.4210408388106534E-4
1.4221464388228507E-4
1.4232541356234694E-4
1.4243639382512997E-4
1.4254758557195494E-4
1.426589897015071E-4
1.427706071097609E-4
1.4288243868990457E-4
1.429944853322675E-4
1.431067479242464E-4
1.4321922735023278E-4
1.4333192449154364E-4
1.434448402263501E-4
1.435579754296077E-4
1.4367133097298958E-4
1.4378490772481794E-4
1.4389870654999806E-4
1.4401272830995236E-4
1.4412697386255555E-4
1.442414440620706E-4
1.443561397590866E-4
1.4447106180045532E-4
1.4458621102923108E-4
1.4470158828460948E-4
1.448171944018677E-4
1.4493303021230586E-4
1.4504909654318953E-4
1.4516539421769137E-4
1.4528192405483635E-4
1.4539868686944455E-4
1.4551568347207733E-4
1.456329146689832E-4
1.4575038126204477E-4
1.4586808404872602E-4
1.459860238220206E-4
1.461042013704014E-4
1.4622261747777027E-4
1.4634127292340884E-4
1.4646016848192872E-4
1.4657930492322584E-4
1.4669868301243126E-4
1.4681830350986666E-4
1.469381671709966E-4
1.4705827474638503E-4
1.4717862698165123E-4
1.4729922461742526E-4
1.4742006838930596E-4
1.4754115902781856E-4
1.4766249725837373E-4
1.477840838012255E-4
1.479059193714329E-4
1.4802800467882005E-4
1.481503404279366E-4
1.4827292731802122E-4
1.4839576604296295E-4
1.4851885729126507E-4
1.4864220174600883E-4
1.4876580008481869E-4
1.4888965297982673E-4
1.4901376109763826E-4
1.491381250993002E-4
1.4926274564026537E-4
1.4938762337036288E-4
1.4951275893376517E-4
1.496381529689564E-4
1.4976380610870363E-4
1.49889718980026E-4
1.5001589220416459E-4
1.501423263965564E-4
1.5026902216680327E-4
1.5039598011864653E-4
1.5052320084993945E-4
1.506506849526203E-4
1.50778433012687E-4
1.5090644561017232E-4
1.51034723319119E-4
1.5116326670755448E-4
1.5129207633746958E-4
1.5142115276479363E-4
1.515504965393724E-4
1.5168010820494634E-4
1.5180998829912977E-4
1.5194013735338874E-4
1.5207055589302104E-4
1.5220124443713715E-4
1.5233220349863898E-4
1.5246343358420435E-4
1.5259493519426465E-4
1.5272670882298948E-4
1.5285875495826918E-4
1.5299107408169618E-4
1.5312366666855116E-4
1.5325653318778496E-4
1.5338967410200488E-4
1.535230898674575E-4
1.5365678093401668E-4
1.5379074774516784E-4
1.5392499073799465E-4
1.540595103431663E-4
1.5419430698492505E-4
1.5432938108107306E-4
1.5446473304296085E-4
1.5460036327547677E-4
1.5473627217703494E-4
1.5487246013956606E-4
1.5500892754850628E-4
1.5514567478278779E-4
1.5528270221482976E-4
1.5542001021052914E-4
1.5555759912925336E-4
1.556954693238307E-4
1.5583362114054443E-4
1.5597205491912414E-4
1.561107709927398E-4
1.5624976968799516E-4
1.5638905132492163E-4
1.565286162169729E-4
1.5666846467101943E-4
1.5680859698734417E-4
1.5694901345963695E-4
1.5708971437499122E-4
1.572307000139004E-4
1.5737197065025422E-4
1.5751352655133516E-4
1.5765536797781722E-4
1.5779749518376204E-4
1.5793990841661844E-4
1.580826079172203E-4
1.582255939197867E-4
1.5836886665192144E-4
1.5851242633461434E-4
1.5865627318224567E-4
1.5880040740259323E-4
1.589448291968458E-4
1.590895387596274E-4
1.5923453627904004E-4
1.5937982193674072E-4
1.595253959080742E-4
1.5967125836230395E-4
1.598174094630106E-4
1.5996384936877353E-4
1.6011057823432708E-4
1.6025759621250633E-4
1.6040490345749423E-4
1.6055250013018797E-4
1.607003864069968E-4
1.6084856249412165E-4
1.609970286505223E-4
1.6114578522449962E-4
1.612948327113955E-4
1.6144417184369472E-4
1.615938037302952E-4
1.6174373006954735E-4
1.618939534716872E-4
1.6204447794155606E-4
1.621953095932858E-4
1.623464576964086E-4
1.624979361892542E-4
1.6264976584215215E-4
1.628019773113127E-4
1.6295461539522497E-4
1.631077448889046E-4
1.6326145852565624E-4
1.634158875971311E-4
1.635712159430608E-4
1.6372769809072288E-4
1.638856823845729E-4
1.640456399567975E-4
1.64208200322598E-4
1.64374194208162E-4
1.645447039002971E-4
1.647211209115236E-4
1.649052100559936E-4
1.6509917811570617E-4
1.6530574414969833E-4
1.655282071968768E-4
1.6577050571877418E-4
1.660372617371541E-4
1.663338014026519E-4
1.6666614288358554E-4
1.6704094221462346E-4
1.6746538832457697E-4
1.6794704007774155E-4
1.684936009584649E-4
1.6911263104607468E-4
1.698112084472455E-4
1.7059552874945717E-4
1.714704819988745E-4
1.724392231336768E-4
1.7350276453082864E-4
1.746596228540785E-4
1.759055534464426E-4
1.772334035087066E-4
1.7863310993733773E-4
1.8009185901977505E-4
1.8159441368584606E-4
1.8312360059960812E-4
1.8466093531552437E-4
1.8618735051736124E-4
1.8768398155800733E-4
1.8913295651261204E-4
1.905181357651796E-4
1.9182574924865939E-4
1.9304488768801653E-4
1.9416781674217888E-4
1.9519009843245054E-4
1.9611052093086397E-4
1.9693085377346526E-4
1.9765545909930767E-4
1.982907992050595E-4
1.9884488570845587E-4
1.99326715734085E-4
1.9974573620395978E-4
2.001113694849485E-4
2.00432623607337E-4
2.007177994391208E-4
2.0097429690585513E-4
2.012085136503754E-4
2.014258231222458E-4
2.0163061525591987E-4
2.018263815447772E-4
2.0201582705821645E-4
2.022009942146427E-4
2.023833862871624E-4
2.025640820945277E-4
2.0274383664361715E-4
2.029231653174105E-4
2.031024113742616E-4
2.032817980040643E-4
2.03461467036991E-4
2.0364150674184904E-4
2.03821971127308E-4
2.040028929084682E-4
2.0418429193896128E-4
2.0436618052003071E-4
2.0454856663722874E-4
2.047314558709385E-4
2.049148524880408E-4
2.050987600455923E-4
2.0528318171381447E-4
2.0546812044326172E-4
2.0565357904853374E-4
2.058395602488786E-4
2.060260666873315E-4
2.062131009395568E-4
2.0640066551793712E-4
2.0658876287354838E-4
2.0677739539723492E-4
2.0696656542031246E-4
2.071562752151239E-4
2.0734652699553913E-4
2.075373229174321E-4
2.0772866507914894E-4
2.0792055552197098E-4
2.0811299623057394E-4
2.0830598913348548E-4
2.0849953610353947E-4
2.0869363895832728E-4
2.0888829946064664E-4
2.090835193189481E-4
2.0927930018778052E-4
2.0947564366822984E-4
2.0967255130835893E-4
2.0987002460364445E-4
2.1006806499740974E-4
2.1026667388125624E-4
2.1046585259549227E-4
2.1066560242955916E-4
2.108659246224546E-4
2.110668203631541E-4
2.1126829079103076E-4
2.1147033699626984E-4
2.1167296002028429E-4
2.1187616085612524E-4
2.1207994044889175E-4
2.1228429969613675E-4
2.124892394482725E-4
2.1269476050897145E-4
2.129008636355664E-4
2.1310754953944805E-4
2.1331481888645922E-4
2.1352267229728813E-4
2.1373111034785723E-4
2.1394013356971359E-4
2.141497424504126E-4
2.1435993743390197E-4
2.1457071892090344E-4
2.1478208726929062E-4
2.1499404279446625E-4
2.152065857697369E-4
2.1541971642668442E-4
2.1563343495553598E-4
2.1584774150553237E-4
2.1606263618529313E-4
2.1627811906318008E-4
2.1649419016765847E-4
2.1671084948765573E-4
2.1692809697291895E-4
2.171459325343694E-4
2.173643560444551E-4
2.1758336733750108E-4
2.1780296621005794E-4
2.1802315242124828E-4
2.1824392569311102E-4
2.184652857109433E-4
2.1868723212364018E-4
2.1890976454403373E-4
2.1913288254922763E-4
2.1935658568093222E-4
2.1958087344579563E-4
2.198057453157341E-4
2.2003120072825954E-4
2.2025723908680592E-4
2.2048385976105255E-4
2.2071106208724594E-4
2.2093884536852066E-4
2.2116720887521593E-4
2.213961518451933E-4
2.21625673484149E-4
2.2185577296592732E-4
2.2208644943283044E-4
2.2231770199592678E-4
2.2254952973535717E-4
2.2278193170064016E-4
2.2301490691097384E-4
2.2324845435553727E-4
2.2348257299378846E-4
2.2371726175576286E-4
2.2395251954236735E-4
2.24188345225674E-4
2.244247376492118E-4
2.246616956282566E-4
2.2489921795011835E-4
2.2513730337442775E-4
2.2537595063342085E-4
2.2561515843222052E-4
2.2585492544911824E-4
2.2609525033585393E-4
2.263361317178905E-4
2.2657756819469217E-4
2.268195583399964E-4
2.270621007020873E-4
2.2730519380406564E-4
2.2754883614411602E-4
2.2779302619577586E-4
2.2803776240819961E-4
2.2828304320642265E-4
2.28528866991623E-4
2.2877523214138128E-4
2.2902213700993956E-4
2.2926957992845814E-4
2.2951755920527116E-4
2.2976607312614E-4
2.300151199545048E-4
2.3026469793173561E-4
2.3051480527738072E-4
2.3076544018941345E-4
2.3101660084447868E-4
2.3126828539813676E-4
2.315204919851048E-4
2.317732187194985E-4
2.3202646369507082E-4
2.3228022498545067E-4
2.32534500644378E-4
2.3278928870593908E-4
2.3304458718479947E-4
2.3330039407643523E-4
2.3355670735736422E-4
2.33813524985373E-4
2.3407084489974488E-4
2.3432866502148562E-4
2.3458698325354717E-4
2.3484579748105062E-4
2.3510510557150626E-4
2.3536490537503545E-4
2.3562519472458647E-4
2.3588597143615298E-4
2.3614723330898826E-4
2.3640897812582073E-4
2.3667120365306423E-4
2.3693390764103152E-4
2.3719708782414184E-4
2.374607419211306E-4
2.3772486763525566E-4
2.3798946265450246E-4
2.382545246517896E-4
2.3852005128516994E-4
2.387860401980333E-4
2.3905248901930526E-4
2.3931939536364665E-4
2.3958675683165065E-4
2.3985457101003918E-4
2.401228354718571E-4
2.4039154777666513E-4
2.4066070547073304E-4
2.4093030608722982E-4
2.4120034714641254E-4
2.4147082615581547E-4
2.417417406104357E-4
2.4201308799292018E-4
2.42284865773749E-4
2.425570714114185E-4
2.4282970235262302E-4
2.4310275603243572E-4
2.4337622987448746E-4
2.4365012129114533E-4
2.439244276836883E-4
2.4419914644248396E-4
2.4447427494716254E-4
2.4474981056678985E-4
2.450257506600385E-4
2.4530209257535984E-4
2.4557883365115276E-4
2.45855971215932E-4
2.4613350258849474E-4
2.4641142507808854E-4
2.4668973598457317E-4
2.46968432598587E-4
2.47247512201707E-4
2.475269720666121E-4
2.478068094572422E-4
2.480870216289571E-4
2.483676058286952E-4
2.486485592951292E-4
2.4892987925882276E-4
2.4921156294238357E-4
2.494936075606195E-4
2.497760103206875E-4
2.500587684222479E-4
2.503418790576144E-4
2.5062533941190264E-4
2.5090914666318285E-4
2.511932979826287E-4
2.514777905346697E-4
2.517626214771505E-4
2.520477879614963E-4
2.5233328713289703E-4
2.5261911613052397E-4
2.529052720877995E-4
2.531917521327657E-4
2.5347855338861815E-4
2.5376567297452765E-4
2.5405310800693685E-4
2.543408556016643E-4
2.546289128773338E-4
2.5491727696097673E-4
2.552059449971653E-4
2.5549491416280556E-4
2.5578418169094067E-4
2.5607374490870877E-4
2.56363601297355E-4
2.5665374858618037E-4
2.5694418489817164E-4
2.572349089734337E-4
2.5752592050837844E-4
2.578172206650812E-4
2.58108812827718E-4
2.5840070371317366E-4
2.5869290498263097E-4
2.589854355520904E-4
2.592783248640297E-4
2.595716174609757E-4
2.598653792947484E-4
2.6015970631094423E-4
2.6045473596271863E-4
2.607506624232814E-4
2.610477563705512E-4
2.6134639029213653E-4
2.6164707028027617E-4
2.619504752242971E-4
2.622575041268596E-4
2.6256933193092566E-4
2.6288747370866513E-4
2.632138562992281E-4
2.6355089547091935E-4
2.6390157542877996E-4
2.64269526027249E-4
2.646590914570899E-4
2.6507538258215344E-4
2.655243036814151E-4
2.660125433278572E-4
2.6654751876389025E-4
2.671372636781057E-4
2.6779025099112687E-4
2.6851514529367237E-4
2.693236850752287E-4
2.7022386525027626E-4
2.712227281730359E-4
2.7232588729074643E-4
2.735370406216769E-4
2.748575061088894E-4
2.762858151314365E-4
2.7781740193765094E-4
2.7944442481414914E-4
2.811557490344731E-4
2.82937112071472E-4
2.847714787174671E-4
2.8663957863416293E-4
2.885206028688564E-4
2.903930207220664E-4
2.922354658058584E-4
2.9402763179789583E-4
2.957511154741672E-4
2.973901476887811E-4
2.9893216193082836E-4
3.003681640497574E-4
3.016928841772042E-4
3.0290471081041297E-4
3.040054253096152E-4
3.04999770673955E-4
3.0589489977936004E-4
3.0669975428806757E-4
3.07424425903314E-4
3.080795469955337E-4
3.086757489229509E-4
3.0922321506524444E-4
3.0973134329480783E-4
3.1020852084806294E-4
3.1066200456122197E-4
3.1109789201265594E-4
3.115211646129612E-4
3.119357820161466E-4
3.123448079638177E-4
3.127505501810058E-4
3.1315470050379007E-4
3.1355846536319933E-4
3.139626805307762E-4
3.1436790727199963E-4
3.147745095538687E-4
3.1518271366553596E-4
3.1559265260306784E-4
3.1600439797703267E-4
3.164179821877026E-4
3.168334133350765E-4
3.1725068492227947E-4
3.1766978196927386E-4
3.180906847422709E-4
3.185133709560399E-4
3.1893781703255797E-4
3.193639987968812E-4
3.1979189184908605E-4
3.2022147175627216E-4
3.206527141481415E-4
3.2108559476273904E-4
3.2152008946736965E-4
3.219561742676056E-4
3.2239382531079494E-4
3.2283301888712756E-4
3.232737314296632E-4
3.237159395139368E-4
3.241596198573927E-4
3.246047493187669E-4
3.2505130489744326E-4
3.2549926373280717E-4
3.259486031035999E-4
3.2639930042727345E-4
3.268513332593462E-4
3.2730467929276505E-4
3.277593163572674E-4
3.2821522241874567E-4
3.2867237557861607E-4
3.291307540731877E-4
3.2959033627303524E-4
3.3005110068237546E-4
3.3051302593844404E-4
3.3097609081087463E-4
3.3144027420108443E-4
3.3190555514165667E-4
3.323719127957308E-4
3.328393264563892E-4
3.3330777554605156E-4
3.337772396158724E-4
3.342476983451345E-4
3.3471913154065134E-4
3.351915191361675E-4
3.356648411917645E-4
3.361390778932694E-4
3.3661420955166015E-4
3.370902166024826E-4
3.375670796052602E-4
3.3804477924291327E-4
3.3852329632117796E-4
3.3900261176802565E-4
3.394827066330884E-4
3.3996356208708487E-4
3.404451594212474E-4
3.4092748004675293E-4
3.4141050549415787E-4
3.4189421741283077E-4
3.4237859757039086E-4
3.428636278521488E-4
3.433492902605467E-4
3.438355669146037E-4
3.4432244004936266E-4
3.448098920153392E-4
3.452979052779717E-4
3.4578646241707474E-4
3.4627554612629604E-4
3.467651392125724E-4
3.472552245955912E-4
3.477457853072516E-4
3.482368044911281E-4
3.4872826540193917E-4
3.492201514050147E-4
3.4971244597576637E-4
3.5020513269916104E-4
3.506981952691965E-4
3.5119161748837883E-4
3.516853832671997E-4
3.52179476623621E-4
3.526738816825571E-4
3.53168582675359E-4
3.536635639393055E-4
3.541588099170909E-4
3.5465430515631735E-4
3.551500343089899E-4
3.5564598213101175E-4
3.561421334816832E-4
3.566384733232009E-4
3.5713498672016185E-4
3.576316588390676E-4
3.581284749478291E-4
3.5862542041527627E-4
3.591224807106689E-4
3.5961964140320885E-4
3.601168881615551E-4
3.6061420675333764E-4
3.611115830446796E-4
3.616090029997169E-4
3.621064526801193E-4
3.6260391824461416E-4
3.6310138594851653E-4
3.635988421432536E-4
3.6409627327589774E-4
3.64593665888697E-4
3.6509100661860985E-4
3.655882821968421E-4
3.6608547944838257E-4
3.665825852915464E-4
3.6707958673751483E-4
3.6757647088987824E-4
3.68073224944183E-4
3.6856983618747957E-4
3.690662919978697E-4
3.695625798440605E-4
3.7005868728491435E-4
3.705546019690064E-4
3.7105031163418037E-4
3.715458041071077E-4
3.720410673028474E-4
3.7253608922440827E-4
3.7303085796231317E-4
3.735253616941662E-4
3.7401958868421787E-4
3.745135272829378E-4
3.7500716592658303E-4
3.7550049313677395E-4
3.759934975200665E-4
3.764861677675305E-4
3.769784926543285E-4
3.7747046103929455E-4
3.779620618645161E-4
3.7845328415491976E-4
3.789441170178552E-4
3.794345496426825E-4
3.7992457130036093E-4
3.804141713430389E-4
3.809033392036493E-4
3.813920643954995E-4
3.818803365118696E-4
3.823681452256093E-4
3.8285548028873845E-4
3.8334233153204433E-4
3.838286888646877E-4
3.843145422738043E-4
3.8479988182411385E-4
3.8528469765752404E-4
3.857689799927417E-4
3.8625271912488287E-4
3.867359054250863E-4
3.8721852934012614E-4
3.877005813920292E-4
3.881820521776899E-4
3.88662932368491E-4
3.891432127099243E-4
3.896228840212115E-4
3.9010193719492855E-4
3.9058036319663197E-4
3.910581530644838E-4
3.915352979088814E-4
3.920117889120876E-4
3.9248761732786115E-4
3.9296277448109146E-4
3.9343725176743205E-4
3.9391104065293793E-4
3.943841326737024E-4
3.9485651943549664E-4
3.953281926134118E-4
3.957991439514991E-4
3.962693652624159E-4
3.9673884842707127E-4
3.9720758539427137E-4
3.976755681803673E-4
3.981427888689088E-4
3.986092396102922E-4
3.99074912621414E-4
3.9953980018532666E-4
4.00003894650894E-4
4.0046718843244716E-4
4.00929674009445E-4
4.013913439261339E-4
4.0185219079121005E-4
4.023122072774813E-4
4.027713861215335E-4
4.0322972012339463E-4
4.0368720214620425E-4
4.0414382511588017E-4
4.0459958202079295E-4
4.0505446591143206E-4
4.055084699000833E-4
4.059615871605014E-4
4.064138109275874E-4
4.068651344970641E-4
4.073155512251568E-4
4.0776505452827175E-4
4.0821363788267863E-4
4.086612948241945E-4
4.0910801894786556E-4
4.095538039076552E-4
4.0999864341612996E-4
4.1044253124414846E-4
4.108854612205528E-4
4.1132742723186134E-4
4.117684232219631E-4
4.122084431918202E-4
4.1264748119917164E-4
4.13085531358252E-4
4.135225878395279E-4
4.139586448694623E-4
4.143936967303341E-4
4.148277377601512E-4
4.1526076235271425E-4
4.156927649579523E-4
4.1612374008270314E-4
4.165536822922416E-4
4.1698258621305237E-4
4.174104465376373E-4
4.1783725803263715E-4
4.1826301555228433E-4
4.1868771406035354E-4
4.1911134866550576E-4
4.1953391467754473E-4
4.199554076959285E-4
4.2037582374753276E-4
4.2079515949871525E-4
4.212134125782044E-4
4.216305820632792E-4
4.22046669203578E-4
4.224616784863169E-4
4.228756191855246E-4
4.2328850758804236E-4
4.2370037015227396E-4
4.2411124793319857E-4
4.245212026993193E-4
4.249303252725397E-4
4.2533874673655615E-4
4.2574665327578336E-4
4.261543055131424E-4
4.2656206329371615E-4
4.269704168886899E-4
4.2738002554001427E-4
4.2779176409541765E-4
4.282067781565081E-4
4.286265476410115E-4
4.2905295791033555E-4
4.2948837661560584E-4
4.2993573317104525E-4
4.3039859630690416E-4
4.3088124356016914E-4
4.3138871495352016E-4
4.319268416660768E-4
4.325022394353411E-4
4.331222560046325E-4
4.337948624119907E-4
4.3452847955050965E-4
4.3672043910221204E-4
4.3898078498707697E-4
4.413175825144373E-4
4.437379647449527E-4
4.462476565953148E-4
4.4885048731847023E-4
4.5154792330033013E-4
4.5433865748438046E-4
4.572182933765139E-4
4.601791597900422E-4
4.6321028686061E-4
4.662975644005547E-4
4.6942409086474186E-4
4.72570706051602E-4
4.757166845797732E-4
4.788405518666508E-4
4.81920971578468E-4
4.849376449530699E-4
4.878721592460876E-4
4.907087254439808E-4
4.934347542173938E-4
4.9604123299638E-4
4.98522884516374E-4
5.008781062300003E-4
5.031087084369993E-4
5.05219484802595E-4
5.072176604661368E-4
5.091122691595791E-4
5.109135113666147E-4
5.126321409950187E-4
5.14278919357132E-4
5.158641639169176E-4
5.173974068899875E-4
5.188871669147006E-4
5.203408268982627E-4
5.217646036102266E-4
5.23163590004896E-4
5.245418495233631E-4
5.259025423300592E-4
5.272480659373675E-4
5.28580196245873E-4
5.299002189982658E-4
5.312090454583243E-4
5.325073094002365E-4
5.337954450228795E-4
5.350737471391679E-4
5.363424159988237E-4
5.376015895199222E-4
5.388513656947883E-4
5.400918176584729E-4
5.413230034973097E-4
5.425449724301718E-4
5.437577685799506E-4
5.449614332013866E-4
5.46156005954879E-4
5.473415256112728E-4
5.4851803042911E-4
5.496855583499118E-4
5.508441470959525E-4
5.519938342176305E-4
5.531346571157335E-4
5.542666530516498E-4
5.553898591520256E-4
5.565043124109376E-4
5.576100496910208E-4
5.587071077241588E-4
5.597955231120036E-4
5.608753323264297E-4
5.6194657170997E-4
5.630092774762338E-4
5.640634857103285E-4
5.651092323692757E-4
5.661465532824242E-4
5.671754841518664E-4
5.681960605528493E-4
5.69208317934186E-4
5.702122916186673E-4
5.712080168034686E-4
5.721955285605567E-4
5.731748618370995E-4
5.741460514558689E-4
5.751091321156429E-4
5.760641383916114E-4
5.770111047357757E-4
5.779500654773505E-4
5.788810548231606E-4
5.798041068580371E-4
5.807192555452225E-4
5.816265347267519E-4
5.825259781238624E-4
5.834176193373744E-4
5.843014918480883E-4
5.851776290171747E-4
5.860460640865636E-4
5.869068301793325E-4
5.877599603000916E-4
5.88605487335372E-4
5.894434440540099E-4
5.902738631075292E-4
5.910967770305225E-4
5.919122182410353E-4
5.92720219040945E-4
5.935208116163368E-4
5.943140280378852E-4
5.950999002612285E-4
5.958784601273437E-4
5.966497393629222E-4
5.974137695807407E-4
5.981705822800359E-4
5.989202088468725E-4
5.996626805545147E-4
6.003980285637937E-4
6.01126283923474E-4
6.018474775706223E-4
6.025616403309722E-4
6.032688029192849E-4
6.039689959397159E-4
6.046622498861749E-4
6.053485951426867E-4
6.060280619837507E-4
6.067006805747014E-4
6.073664809720593E-4
6.080254931238962E-4
6.086777468701857E-4
6.09323271943155E-4
6.099620979676415E-4
6.105942544614438E-4
6.112197708356725E-4
6.118386763951005E-4
6.124510003385082E-4
6.130567717590368E-4
6.136560196445321E-4
6.142487728778887E-4
6.14835060237395E-4
6.154149103970791E-4
6.159883519270457E-4
6.165554132938269E-4
6.171161228607103E-4
6.176705088880884E-4
6.1821859953379E-4
6.187604228534218E-4
6.192960068007017E-4
6.198253792277944E-4
6.203485678856463E-4
6.208656004243182E-4
6.213765043933175E-4
6.218813072419274E-4
6.223800363195372E-4
6.228727188759744E-4
6.233593820618292E-4
6.238400529287814E-4
6.243147584299282E-4
6.247835254201084E-4
6.252463806562245E-4
6.257033507975693E-4
6.261544624061452E-4
6.265997419469841E-4
6.27039215788468E-4
6.274729102026502E-4
6.279008513655723E-4
6.283230653575781E-4
6.287395781636348E-4
6.291504156736429E-4
6.295556036827521E-4
6.29955167891676E-4
6.303491339070032E-4
6.307375272415072E-4
6.311203733144585E-4
6.314976974519322E-4
6.318695248871147E-4
6.322358807606183E-4
6.325967901207781E-4
6.329522779239642E-4
6.333023690348815E-4
6.336470882268782E-4
6.339864601822438E-4
6.343205094925126E-4
6.346492606587661E-4
6.349727380919293E-4
6.352909661130727E-4
6.356039689537094E-4
6.359117707560901E-4
6.362143955735025E-4
6.365118673705621E-4
6.36804210023512E-4
6.370914473205131E-4
6.373736029619353E-4
6.376507005606538E-4
6.379227636423325E-4
6.381898156457216E-4
6.384518799229388E-4
6.387089797397652E-4
6.389611382759268E-4
6.392083786253809E-4
6.394507237966037E-4
6.396881967128743E-4
6.399208202125571E-4
6.40148617049386E-4
6.403716098927444E-4
6.405898213279449E-4
6.408032738565148E-4
6.410119898964688E-4
6.412159917825912E-4
6.414153017667131E-4
6.416099420179878E-4
6.417999346231676E-4
6.419853015868744E-4
6.421660648318818E-4
6.423422461993825E-4
6.425138674492588E-4
6.426809502603611E-4
6.428435162307718E-4
6.430015868780782E-4
6.431551836396409E-4
6.433043278728629E-4
6.43449040855454E-4
6.435893437857014E-4
6.437252577827299E-4
6.438568038867724E-4
6.439840030594297E-4
6.44106876183936E-4
6.442254440654193E-4
6.443397274311637E-4
6.444497469308721E-4
6.445555231369225E-4
6.446570765446281E-4
6.447544275724974E-4
6.44847596562491E-4
6.449366037802759E-4
6.450214694154837E-4
6.451022135819642E-4
6.451788563180429E-4
6.452514175867692E-4
6.453199172761737E-4
6.453843751995172E-4
6.454448110955425E-4
6.455012446287254E-4
6.455536953895231E-4
6.456021828946246E-4
6.456467265871972E-4
6.456873458371341E-4
6.457240599413002E-4
6.457568881237799E-4
6.457858495361184E-4
6.458109632575707E-4
6.458322482953408E-4
6.458497235848265E-4
6.458634079898611E-4
6.458733203029587E-4
6.45879479245554E-4
6.458819034682471E-4
6.458806115510527E-4
6.458756220036537E-4
6.458669532656675E-4
6.45854623706936E-4
6.458386516278523E-4
6.458190552597633E-4
6.45795852765484E-4
6.457690622400285E-4
6.457387017116858E-4
6.457047891436905E-4
6.456673424368593E-4
6.456263794338575E-4
6.455819179260735E-4
6.455339756647272E-4
6.454825703787289E-4
6.454277198031987E-4
6.453694417246364E-4
6.453077540518349E-4
6.452426749261227E-4
6.451742228910344E-4
6.451024171507086E-4
6.450272779591757E-4
6.449488272003335E-4
6.448670892421781E-4
6.447820921802356E-4
6.446938696257561E-4
6.446024632454085E-4
6.445079263221581E-4
6.444103286818334E-4
6.443097634155375E-4
6.44206355921431E-4
6.4410027588442E-4
6.439917528993128E-4
6.438810965078319E-4
6.437687214432078E-4
6.43655178833467E-4
6.435411939769266E-4
6.434277110388682E-4
6.433159445950063E-4
6.432074373378914E-4
6.431041224501097E-4
6.430083881344322E-4
6.429231406031331E-4
6.428518605276786E-4
6.427986466364371E-4
6.427682389645636E-4
6.427660133881539E-4
6.427979387237721E-4
6.428704880637367E-4
0.0012454460206449492
0.0012427958765733132
0.0012402158664044157
0.0012377121281672947
0.001235290005207416
0.0012329536667459932
0.0012307057222582223
0.0012285468555787854
0.001226475507902562
0.001224487639862588
0.0012225766010960592
0.0012207331308618594
0.0012189455053961116
0.0012171998372219597
0.001215480519394106
0.001213770794819012
0.0012120534187245661
0.0012103113724827325
0.001208528580592474
0.0012066905806463234
0.0012047850989727032
0.0012028024922181118
0.0012007360266598824
0.0011985819812581585
0.001196339575752967
0.0011940107397514425
0.0011915997511131216
0.0011891127807529996
0.001186557385478138
0.0011839419904816695
0.001181275399045184
0.001178566359731076
0.0011758232120754513
0.0011730536218243412
0.0011702644073105482
0.0011674614506192995
0.0011646496813664754
0.0011618331174639534
0.0011590149460764078
0.0011561976287187742
0.0011533830165773417
0.001150572465080625
0.0011477669399595062
0.0011449671100859885
0.0011421734249721055
0.001139386176792692
0.001136605548138605
0.0011338316474707962
0.0011310645345437961
0.0011283042380328416
0.0011255507673592494
0.0011228041203697587
0.0011200642881649646
0.0011173312580388247
0.0011146050152112202
0.0011118855438163675
0.0011091728274484258
0.0011064668494527512
0.001103767593076187
0.0011010750415419296
0.0010983891780855233
0.0010957099859715117
0.0010930374485008333
0.0010903715490139466
0.0010877122708920633
0.001085059597557581
0.0010824135124741841
0.0010797739991468117
0.0010771410411215857
0.001074514621985718
0.00107189472536741
0.001069281334935747
0.0010666744344006106
0.00106407400751257
0.0010614800380627754
0.0010588925098828712
0.0010563114068448882
0.0010537367128611403
0.001051168411884136
0.0010486064879064705
0.0010460509249607289
0.0010435017071193863
0.0010409588184947137
0.001038422243238673
0.001035891965542826
0.0010333679696382335
0.0010308502397953542
0.001028338760323953
0.0010258335155729997
0.0010233344899305762
0.0010208416678237776
0.0010183550337186146
0.0010158745721199171
0.0010134002675712447
0.0010109321046547807
0.0010084700679912468
0.0010060141422397998
0.0010035643120979406
0.0010011205623014208
9.986828776241444E-4
9.962512428780739E-4
9.938256429131397E-4
9.91406062617144E-4
9.889924869156672E-4
9.86584900771974E-4
9.841832891869218E-4
9.817876371988644E-4
9.793979298835657E-4
9.77014152354098E-4
9.746362897607618E-4
9.722643272909807E-4
9.698982501692186E-4
9.675380436568863E-4
9.651836930522424E-4
9.628351836903201E-4
9.604925009428154E-4
9.581556302180122E-4
9.558245569606828E-4
9.534992666519994E-4
9.511797448094488E-4
9.488659769867349E-4
9.465579487736955E-4
9.442556457962101E-4
9.419590537161097E-4
9.396681582310929E-4
9.373829450746293E-4
9.351034000158783E-4
9.328295088595958E-4
9.305612574460481E-4
9.282986316509252E-4
9.26041617385251E-4
9.237902005952964E-4
9.215443672624933E-4
9.193041034033466E-4
9.170693950693459E-4
9.148402283468816E-4
9.126165893571561E-4
9.103984642561011E-4
9.081858392342875E-4
9.059787005168403E-4
9.037770343633568E-4
9.015808270678169E-4
8.993900649585011E-4
8.972047343979032E-4
8.950248217826444E-4
8.928503135433959E-4
8.906811961447861E-4
8.885174560853196E-4
8.863590798972938E-4
8.842060541467173E-4
8.820583654332227E-4
8.799160003899841E-4
8.777789456836355E-4
8.75647188014185E-4
8.735207141149373E-4
8.713995107524061E-4
8.69283564726235E-4
8.671728628691124E-4
8.650673920466913E-4
8.629671391575102E-4
8.608720911329074E-4
8.587822349369403E-4
8.566975575663073E-4
8.546180460502649E-4
8.525436874505452E-4
8.504744688612798E-4
8.484103774089152E-4
8.463514002521336E-4
8.442975245817771E-4
8.422487376207621E-4
8.402050266240034E-4
8.381663788783325E-4
8.361327817024204E-4
8.341042224467014E-4
8.320806884932851E-4
8.300621672558882E-4
8.280486461797494E-4
8.260401127415547E-4
8.240365544493582E-4
8.220379588425018E-4
8.200443134915436E-4
8.180556059981742E-4
8.160718239951444E-4
8.140929551461845E-4
8.121189871459285E-4
8.101499077198405E-4
8.081857046241325E-4
8.062263656456916E-4
8.04271878602005E-4
8.023222313410813E-4
8.003774117413767E-4
7.984374077117172E-4
7.965022071912266E-4
7.945717981492485E-4
7.926461685852713E-4
7.907253065288562E-4
7.888092000395586E-4
7.868978372068598E-4
7.84991206150083E-4
7.830892950183286E-4
7.811920919903952E-4
7.792995852747054E-4
7.774117631092394E-4
7.755286137614515E-4
7.736501255282029E-4
7.717762867356876E-4
7.699070857393607E-4
7.68042510923861E-4
7.661825507029458E-4
7.643271935194121E-4
7.624764278450289E-4
7.606302421804617E-4
7.587886250552044E-4
7.569515650275034E-4
7.551190506842904E-4
7.532910706411106E-4
7.514676135420462E-4
7.496486680596541E-4
7.478342228948869E-4
7.460242667770275E-4
7.4421878846362E-4
7.424177767403928E-4
7.406212204211937E-4
7.38829108347921E-4
7.370414293904494E-4
7.352581724465635E-4
7.334793264418866E-4
7.317048803298139E-4
7.299348230914433E-4
7.281691437355027E-4
7.264078312982864E-4
7.24650874843583E-4
7.228982634626072E-4
7.21149986273936E-4
7.19406032423434E-4
7.176663910841913E-4
7.159310514564516E-4
7.142000027675468E-4
7.124732342718298E-4
7.107507352506077E-4
7.090324950120719E-4
7.07318502891237E-4
7.056087482498648E-4
7.03903220476409E-4
7.022019089859388E-4
7.00504803220079E-4
6.988118926469433E-4
6.971231667610657E-4
6.95438615083338E-4
6.937582271609441E-4
6.920819925672955E-4
6.904099009019683E-4
6.887419417906433E-4
6.870781048850503E-4
6.854183798629183E-4
6.837627564279357E-4
6.821112243097357E-4
6.804637732639159E-4
6.788203930721242E-4
6.771810735422438E-4
6.755458045087727E-4
6.739145758334954E-4
6.722873774066703E-4
6.706641991490466E-4
6.690450310152368E-4
6.674298629992751E-4
6.658186851436688E-4
6.642114875539528E-4
6.626082604218454E-4
6.610089940617091E-4
6.594136789673093E-4
6.578223058992587E-4
6.562348660182382E-4
6.546513510857444E-4
6.530717537631543E-4
6.514960680521306E-4
6.499242899355011E-4
6.483564182985788E-4
6.467924562370861E-4
6.452324128900506E-4
6.436763059741932E-4
6.421241652399398E-4
6.405760371164939E-4
6.390319908613434E-4
6.374921265730033E-4
6.359565854574721E-4
6.344255627487366E-4
6.328993236592424E-4
6.313782226626265E-4
6.298627262719443E-4
6.283534392560656E-4
6.268511339211976E-4
6.253567816657131E-4
6.23871585496004E-4
6.223970115838346E-4
6.20934817283923E-4
6.194870723666928E-4
6.18056169629193E-4
6.166448206203077E-4
6.15256032061844E-4
0.26197433096768846
