1.7996719327292508E-6
3.6413133878924684E-6
5.5221341583224736E-6
7.441201147137167E-6
9.39902230163267E-6
1.1396993378548174E-5
1.3437016395086298E-5
1.5521415584150554E-5
1.765310530784557E-5
1.9835895684577836E-5
2.2074838822844517E-5
2.4376548630493105E-5
2.6749421489484625E-5
2.9203647683021837E-5
3.175086671406314E-5
3.4403316859878676E-5
3.71723882668957E-5
4.006662966518907E-5
4.308947879744552E-5
4.6237239085850806E-5
4.949800887232999E-5
5.285225023064101E-5
5.627535565328368E-5
5.974194342339762E-5
6.323087805724859E-5
6.492984322166867E-5
6.659443513613598E-5
6.823505800323938E-5
6.986677350365381E-5
7.150555753495791E-5
7.316541272391948E-5
7.485711567786225E-5
7.658856595675284E-5
7.836609579485237E-5
8.01959784671195E-5
8.208565162542315E-5
8.404453000965473E-5
8.608446094258258E-5
8.821984339378027E-5
9.046731071443804E-5
9.284479103062278E-5
9.53697624132333E-5
9.805663034326613E-5
1.0091338495936327E-4
1.0393803416442013E-4
1.0711568383518406E-4
1.1041739608251902E-4
1.138018951032461E-4
1.1722063749547052E-4
1.2062572338350532E-4
1.2397888920256166E-4
1.2725895445413302E-4
1.3046518800825143E-4
1.336153490896245E-4
1.3673921389088158E-4
1.3987021365210957E-4
1.430383660022954E-4
1.4626666724514413E-4
1.495712111085193E-4
1.5296371122451566E-4
1.564546542658423E-4
1.6005589879354711E-4
1.6378240724475445E-4
1.676532851012057E-4
1.7169227479128368E-4
1.7592758486781215E-4
1.8039071090118715E-4
1.8511384315511679E-4
1.9012559224421995E-4
1.9544513539226707E-4
2.0107550439849752E-4
2.0699750099640796E-4
2.1316636369565024E-4
2.1951340628335194E-4
2.259540027438531E-4
2.3240141175320496E-4
2.3878348395510804E-4
2.4505736290100544E-4
2.512171171629345E-4
2.572914459168123E-4
2.633324942786243E-4
2.6940047775258287E-4
2.755501725980677E-4
2.818236149436624E-4
2.8824977435428346E-4
2.948488534938445E-4
3.0163789070625625E-4
3.086353998167086E-4
3.1586444816574053E-4
3.2335454160397796E-4
3.311426767482347E-4
3.392734357798385E-4
3.477975654711344E-4
3.567683161190389E-4
3.6623497435589426E-4
3.762335815326462E-4
3.8677583606360025E-4
3.978384984272533E-4
4.093568123784405E-4
4.2122580767724654E-4
4.333122373799703E-4
4.4547659324835906E-4
4.57600615063989E-4
4.696122415085593E-4
4.8149935916355494E-4
4.933071739505274E-4
5.051205117113703E-4
5.170386382771126E-4
5.291526954678041E-4
5.415331615997065E-4
5.542288138331532E-4
5.67273410332218E-4
5.806946003174783E-4
5.945212890887122E-4
6.087884677395475E-4
6.235401616468831E-4
6.388311743992597E-4
6.547275224182712E-4
6.713047364331787E-4
6.886428942418478E-4
7.068174263741204E-4
7.258855247988947E-4
7.458694855496295E-4
7.667403523009037E-4
7.884071460555219E-4
8.10721878970193E-4
8.334954946028858E-4
8.565294091429742E-4
8.796559818782323E-4
9.027758113885217E-4
9.258786421858383E-4
9.490397686677571E-4
9.723936204984331E-4
9.960958230711089E-4
0.00102028895476009
0.0010450832532525774
0.0010705545859763085
0.0010967540396562322
0.001123720881534781
0.0011514932290402325
0.0011801149637636061
0.0012096399189865854
0.0012401344318240582
0.001271678207292393
0.0013043623793629086
0.0013382831712525605
0.0013735297571049474
0.0014101659810794363
0.0014482076534731176
0.0014875999874440922
0.0015283589483877213
0.0015703942264013605
0.0016135333302787537
0.0016575670928134637
0.001702307482169924
0.0017476410418372887
0.001793559705088948
0.0018401577809411848
0.0018875974540336995
0.0019360583841147663
0.001985692337388411
0.0020365982328808944
0.0020888206626178624
0.002142364059751881
0.002197211213572762
0.002253338445023973
0.002310725523754208
0.002369361809284045
0.0024292501908395295
0.0024904088753064284
0.002552869668494516
0.002616670759225867
0.002681842258167908
0.0027483840657322816
0.002816238235572425
0.002891062449792745
0.0029719830740954846
0.0030580667464244495
0.0031483467732913383
0.0032418761760873932
0.0033377957097525126
0.003435395887322052
0.003534150417341629
0.003633707606788085
0.0037338432850095834
0.0038343950475609465
0.003935203762976776
0.004036080937764067
0.004136805124358678
0.004237137310704054
0.0043368412961110455
0.0044356997500541616
0.00453352377803118
0.00463015792654749
0.004725482638375886
0.004819414351585953
0.004911901815918419
0.005002916512747231
0.005092435387702619
0.005180415617581347
0.005481796964581196
0.005763942784954825
0.006027516231567945
0.006273042677742833
0.006500945583656956
0.006711609676150053
0.006905457430874863
0.007083015669870089
0.007244948735237389
0.007392045804204087
0.007525168513172097
0.007645181572262458
0.007752893975916894
0.007849029186967943
0.007934225926559959
0.008009057822838193
0.00807405700653202
0.008129732299000915
0.00817658017708466
0.008215090788674084
0.008245751244509613
0.008269046576467492
0.008285457235069477
0.008295451448911301
0.008299471168698693
0.016268925234723453
0.015831434158591798
0.015406264031176625
0.014992899467658177
0.014590770094794538
0.014199284830085061
0.013817882215462285
0.013446083870018036
0.013083533617149739
0.01273000752512634
0.012385390375982493
0.012049627684673386
0.011722672150606517
0.011404443731405514
0.011094813499849534
0.010793609105651358
0.010500631520895433
0.010215672307915508
0.009938525621708983
0.009668994532099481
0.009406893735078699
0.00915205040853311
0.00890430367417612
0.008663502205283762
0.008429499268257897
0.3036769603291184
