9.282369051307823E-8
1.882218342949252E-7
2.861018345315755E-7
3.8627902654774333E-7
4.884906528351231E-7
5.924168813598046E-7
6.977064062520598E-7
8.040035539113065E-7
9.109736912191123E-7
1.018324118430959E-6
1.125818446511529E-6
1.2332835407116139E-6
1.3406092458473998E-6
1.4477420837237056E-6
1.5546747690379958E-6
1.6614336483444677E-6
1.7680660397081568E-6
1.8746290278351018E-6
1.9811806854514265E-6
2.0877740885870817E-6
2.1944539870361395E-6
2.3012556504590492E-6
2.4082052524654464E-6
2.5153211541439864E-6
2.6226155544267436E-6
2.7300961308477547E-6
2.837767452943378E-6
2.9456320807920085E-6
3.0536913498998094E-6
3.1619458917559755E-6
3.2703959560144015E-6
3.3790415970962977E-6
3.487882775449263E-6
3.5969194090329477E-6
3.706151397829999E-6
3.815578634757664E-6
3.925201010203183E-6
4.035018413782526E-6
4.145030734978638E-6
4.255237863361928E-6
4.365639688667582E-6
4.476236100827911E-6
4.5870269899920304E-6
4.698012246542255E-6
4.809191761109929E-6
4.9205654245911425E-6
5.032133128162661E-6
5.143894763297836E-6
5.255850221782756E-6
5.36799939573248E-6
5.480342177607404E-6
5.592878460229743E-6
5.705608136800183E-6
5.818531100914612E-6
5.931647246581049E-6
6.0449564682366345E-6
6.158458660764827E-6
6.272153719512671E-6
6.3860415403082445E-6
6.500122019478224E-6
6.61439505386559E-6
6.728860540847492E-6
6.84351837835321E-6
6.958368464882313E-6
7.073410699522919E-6
7.1886449819700955E-6
7.304071212544433E-6
7.419689292210744E-6
7.535499122596934E-6
7.651500606012952E-6
7.767693645469976E-6
7.884078144699688E-6
8.000654008173704E-6
8.117421141123218E-6
8.23437944955868E-6
8.351528840289734E-6
8.468869220945256E-6
8.586400499993555E-6
8.70412258676277E-6
8.822035391461329E-6
8.940138825198649E-6
9.058432800006E-6
9.176917228857423E-6
9.295592025690971E-6
9.414457105429939E-6
9.533512384004364E-6
9.652757778372717E-6
9.772193206543618E-6
9.891818587597874E-6
1.0011633841710581E-5
1.0131638890173498E-5
1.025183365541756E-5
1.0372218061035652E-5
1.0492792031805762E-5
1.0613555493714576E-5
1.0734508373981887E-5
1.0855650601086482E-5
1.0976982104794607E-5
1.1098502816193268E-5
1.1220212667732699E-5
1.1342111593285672E-5
1.1464199528238347E-5
1.1586476409638712E-5
1.1708942176450194E-5
1.183159676999445E-5
1.195444013473153E-5
1.207747221963417E-5
1.2200692980596785E-5
1.2324102384625144E-5
1.2447700417052599E-5
1.2571487093836557E-5
1.2695462482272036E-5
1.281962673546672E-5
1.294398014900766E-5
1.3068523252908696E-5
1.3193256958828854E-5
1.3318182792565811E-5
1.3443303256038956E-5
1.3568622382659408E-5
1.3694146576518458E-5
1.381988586051483E-5
1.3945855702301815E-5
1.40720796398E-5
1.4198592988457886E-5
1.4325447976444857E-5
1.445272071401435E-5
1.4580520447271489E-5
1.470900155697281E-5
1.4838378716499886E-5
1.4968945491551977E-5
1.5101096416573791E-5
1.523535219054571E-5
1.5372387077402833E-5
1.5513056871961806E-5
1.5658424927630275E-5
1.5809782803711992E-5
1.596866119163103E-5
1.6136826083890664E-5
1.6316254860919736E-5
1.650908731229908E-5
1.6717547786418655E-5
1.6943836816461306E-5
1.718999371848654E-5
1.7457735642178174E-5
1.774828301003959E-5
1.8062185629932142E-5
1.8399167268548182E-5
1.8758008324617626E-5
1.913648571603915E-5
1.9531385722291465E-5
1.984577555377654E-5
2.016507839105446E-5
2.0484095995206944E-5
2.0797563826058935E-5
2.1100469757924638E-5
2.138835893915692E-5
2.165759345181093E-5
2.19055401967254E-5
2.2130669126231944E-5
2.2332555253770103E-5
2.2511789948455893E-5
2.2669817876482413E-5
2.2808723835280575E-5
2.293099750489755E-5
2.3039303502673152E-5
2.3136279605879872E-5
2.3224378808739666E-5
2.3305762569809115E-5
2.3382244739864423E-5
2.345527946537685E-5
2.3525982531185463E-5
2.3595174248500425E-5
2.3663432732623203E-5
2.373114856899178E-5
2.3798574670361646E-5
2.386586791293936E-5
2.3933121445237025E-5
2.400038817197093E-5
2.406769681622487E-5
2.4135062283582428E-5
2.420249197899952E-5
2.4269989444792508E-5
2.4337556339706404E-5
2.440519345494315E-5
2.447290120573419E-5
2.454067985505719E-5
2.460852960918791E-5
2.467645065589782E-5
2.4744443178703648E-5
2.4812507361815005E-5
2.4880643391733E-5
2.4948851457736615E-5
2.501713175202996E-5
2.508548446979563E-5
2.515390980922427E-5
2.522240797153906E-5
2.5290979161019352E-5
2.5359623585024196E-5
2.5428341454016074E-5
2.5497132981584755E-5
2.556599838447132E-5
2.563493788259252E-5
2.5703951699065005E-5
2.5773040060229997E-5
2.584220319567801E-5
2.5911441338273818E-5
2.598075472418158E-5
2.605014359289012E-5
2.6119608187238363E-5
2.618914875344109E-5
2.6258765541114765E-5
2.6328458803303488E-5
2.6398228796505308E-5
2.64680757806986E-5
2.653800001936868E-5
2.660800177953458E-5
2.6678081331775947E-5
2.6748238950260297E-5
2.6818474912770266E-5
2.6888789500731285E-5
2.6959182999239166E-5
2.7029655697088017E-5
2.7100207886798347E-5
2.7170839864645436E-5
2.7241551930687676E-5
2.7312344388795258E-5
2.738321754667904E-5
2.74541717159195E-5
2.7525207211996004E-5
2.7596324354316156E-5
2.7667523466245374E-5
2.77388048751366E-5
2.7810168912360197E-5
2.7881615913334202E-5
2.7953146217554406E-5
2.80247601686249E-5
2.8096458114288688E-5
2.8168240406458462E-5
2.8240107401247673E-5
2.831205945900141E-5
2.8384096944328065E-5
2.8456220226130636E-5
2.852842967763851E-5
2.8600725676439516E-5
2.867310860451252E-5
2.874557884826046E-5
2.88181367985448E-5
2.889078285072233E-5
2.8963517404686004E-5
2.903634086491379E-5
2.9109253640532468E-5
2.918225614540902E-5
2.9255348798293674E-5
2.9328532023056806E-5
2.9401806249096903E-5
2.947517191205571E-5
2.9548629455078862E-5
2.9622179331035978E-5
2.9695822006407192E-5
2.9769557968032728E-5
2.9843387734721038E-5
2.9917311877001782E-5
2.9991331050361676E-5
3.0065446050510747E-5
3.013965790416472E-5
3.021396801629774E-5
3.0288378405899506E-5
3.0362892078391397E-5
3.0437513605802108E-5
3.051225001770893E-5
3.058711214916744E-5
3.066211664868449E-5
3.073728892151394E-5
3.0812667371642055E-5
3.088830940783963E-5
3.096429978925928E-5
3.104076199276459E-5
3.1117873368459856E-5
3.1195884883540264E-5
3.127514619939082E-5
3.135613663540442E-5
3.143950219194037E-5
3.152609818178823E-5
3.161703611392849E-5
3.1713732271914146E-5
3.1817953964113206E-5
3.19318577915799E-5
3.2058012659546524E-5
3.219939891613904E-5
3.2359374281053504E-5
3.2541597518917224E-5
3.274990249829668E-5
3.2988118647466414E-5
3.325983897181307E-5
3.3568143546842376E-5
3.3915294195244266E-5
3.4302423963597896E-5
3.472925177580889E-5
3.519385682349168E-5
3.56925474914833E-5
3.621985490914023E-5
3.6768671235621886E-5
3.733053810578692E-5
3.7896072850223884E-5
3.84555015978969E-5
3.8999252140534E-5
3.9518548450546605E-5
4.000594534661635E-5
4.0455747156557914E-5
4.086426795058261E-5
4.122991102995272E-5
4.15530685992438E-5
4.183586502215363E-5
4.2081785018590435E-5
4.229523880771491E-5
4.248111825139965E-5
4.264439193188868E-5
4.278977474233915E-5
4.29214918842273E-5
4.304314130632932E-5
4.315764529236327E-5
4.3267272861986076E-5
4.337371048779985E-5
4.3478158885771896E-5
4.358143711313623E-5
4.368408040770773E-5
4.3786423720038376E-5
4.388866768499565E-5
4.3990927288127594E-5
4.409326558218984E-5
4.4195715692862064E-5
4.4298294370502944E-5
4.440100986910031E-5
4.450386627012346E-5
4.4606865720505834E-5
4.471000952371626E-5
4.4813298639885864E-5
4.491673390086817E-5
4.502031609676394E-5
4.512404600839656E-5
4.522792441865341E-5
4.5331952116171817E-5
4.54361298964672E-5
4.5540458562277656E-5
4.564493892368964E-5
4.5749571798209264E-5
4.5854358010821237E-5
4.5959298394045975E-5
4.606439378799669E-5
4.6169645040437545E-5
4.6275053006841104E-5
4.6380618550447536E-5
4.6486342542323474E-5
4.659222586142176E-5
4.669826939464138E-5
4.680447403688783E-5
4.6910840691134176E-5
4.7017370268482386E-5
4.712406368822478E-5
4.723092187790607E-5
4.733794577338582E-5
4.7445136318901226E-5
4.7552494467129874E-5
4.766002117925301E-5
4.7767717425019435E-5
4.787558418280892E-5
4.798362243969659E-5
4.809183319151672E-5
4.8200217442927656E-5
4.8308776207475925E-5
4.8417510507661556E-5
4.852642137500244E-5
4.8635509850099705E-5
4.87447769827026E-5
4.88542238317737E-5
4.896385146555422E-5
4.90736609616291E-5
4.918365340699234E-5
4.929382989811217E-5
4.94041915409962E-5
4.9514739451256934E-5
4.9625474754176354E-5
4.973639858477109E-5
4.98475120878573E-5
4.9958816418115463E-5
5.007031274015476E-5
5.018200222857753E-5
5.0293886068043456E-5
5.040596545333349E-5
5.051824158941377E-5
5.06307156914987E-5
5.0743388985114435E-5
5.0856262706161955E-5
5.096933810097917E-5
5.108261642640404E-5
5.1196098949836506E-5
5.1309786949301194E-5
5.1423681713510626E-5
5.153778454193035E-5
5.165209674484756E-5
5.176661964344774E-5
5.188135456990656E-5
5.199630286751069E-5
5.2111465890834446E-5
5.22268450060195E-5
5.234244159124458E-5
5.245825703754196E-5
5.2574292750237275E-5
5.2690550151498846E-5
5.280703068483959E-5
5.2923735823013084E-5
5.304066708174239E-5
5.315782604334649E-5
5.327521439695601E-5
5.339283400617225E-5
5.35106870215262E-5
5.3628776065070126E-5
5.374710452946366E-5
5.3865677056128495E-5
5.3984500289183063E-5
5.4103584047335966E-5
5.4222943118639036E-5
5.4342599967157745E-5
5.446258874997048E-5
5.458296117976957E-5
5.4703794931896467E-5
5.48252054787202E-5
5.4947362424379205E-5
5.507051158299252E-5
5.5195004152578864E-5
5.532133432699124E-5
5.545018648363525E-5
5.558249259610019E-5
5.5719499653631085E-5
5.586284554010066E-5
5.601463998501542E-5
5.617754486468036E-5
5.635484541932883E-5
5.655050110995493E-5
5.676916226698998E-5
5.701613693101756E-5
5.729729201315273E-5
5.7618874797020924E-5
5.798724545170838E-5
5.8408518945003926E-5
5.888812541321299E-5
5.9430310935845795E-5
6.003761438619406E-5
6.071036856439619E-5
6.144628273650445E-5
6.224016653194753E-5
6.30838498900155E-5
6.396633940540767E-5
6.487422849529276E-5
6.579234951086316E-5
6.670462408568575E-5
6.759503862229692E-5
6.844865011590381E-5
6.925251796105396E-5
6.999646261520534E-5
7.067357205092058E-5
7.12804090481459E-5
7.181691137761607E-5
7.228601620135234E-5
7.269307290813396E-5
7.30451298116834E-5
7.33501868256055E-5
7.361649850946713E-5
7.38519926193792E-5
7.406384326271898E-5
7.425821040418322E-5
7.444013368753828E-5
7.461355168806814E-5
7.478140917647038E-5
7.494581424197747E-5
7.510821229773886E-5
7.52695525334467E-5
7.543043181019815E-5
7.559120940846441E-5
7.575209235016867E-5
7.591319491165537E-5
7.607457769643284E-5
7.623627182458051E-5
7.639829306364759E-5
7.656064961736289E-5
7.672334617322846E-5
7.688638588320498E-5
7.704977127481164E-5
7.721350464422656E-5
7.737758821497329E-5
7.754202419770197E-5
7.770681481117673E-5
7.78719622891665E-5
7.803746888261306E-5
7.820333686034483E-5
7.836956850938275E-5
7.853616613514117E-5
7.870313206160348E-5
7.887046863149031E-5
7.903817820642469E-5
7.920626316709498E-5
7.937472591341418E-5
7.954356886467808E-5
7.971279445971841E-5
7.988240515705532E-5
8.005240343504492E-5
8.022279179202457E-5
8.039357274645492E-5
8.05647488370579E-5
8.073632262295248E-5
8.090829668378558E-5
8.108067361985993E-5
8.125345605225853E-5
8.142664662296493E-5
8.16002479949797E-5
8.177426285243294E-5
8.194869390069337E-5
8.212354386647242E-5
8.22988154979254E-5
8.247451156474693E-5
8.265063485826431E-5
8.282718819152427E-5
8.300417439937715E-5
8.318159633855628E-5
8.33594568877526E-5
8.353775894768523E-5
8.371650544116727E-5
8.389569931316758E-5
8.407534353086765E-5
8.425544108371367E-5
8.443599498346488E-5
8.461700826423692E-5
8.479848398253953E-5
8.498042521731136E-5
8.516283506994906E-5
8.534571666433171E-5
8.552907314684084E-5
8.571290768637608E-5
8.589722347436486E-5
8.608202372476878E-5
8.62673116740849E-5
8.645309058134143E-5
8.663936372809015E-5
8.682613441839288E-5
8.701340597880377E-5
8.72011817583476E-5
8.738946512849228E-5
8.75782594831187E-5
8.776756823848581E-5
8.795739483319371E-5
8.814774272814672E-5
8.833861540651943E-5
8.853001637373557E-5
8.872194915747276E-5
8.8914417307723E-5
8.910742439696061E-5
8.930097402051374E-5
8.949506979731603E-5
8.968971537134899E-5
8.988491441433658E-5
9.008067063066534E-5
9.027698776622174E-5
9.047386962403848E-5
9.067132009162425E-5
9.086934318809475E-5
9.106794314442362E-5
9.126712453835594E-5
9.146689251830004E-5
9.166725317000262E-5
9.186821410898283E-5
9.20697854244651E-5
9.227198116187947E-5
9.247482161681967E-5
9.267833683024493E-5
9.288257182913989E-5
9.308759435372219E-5
9.329350605272589E-5
9.35004584063962E-5
9.370867493530619E-5
9.391848153817255E-5
9.413034701779053E-5
9.434493591887187E-5
9.456317560451106E-5
9.478633890365215E-5
9.501614252075411E-5
9.525485956897208E-5
9.550544196950421E-5
9.577164504002606E-5
9.60581425041195E-5
9.637061571690583E-5
9.671579668101041E-5
9.71014412261747E-5
9.753620754943701E-5
9.802941725222873E-5
9.859068205743905E-5
9.922939018292026E-5
9.995406189144207E-5
1.0077160313944362E-4
1.0168650756491008E-4
1.0270007731903048E-4
1.0380974873739693E-4
1.0500861562051669E-4
1.0628523758966569E-4
1.0762380164052425E-4
1.0900467189398708E-4
1.1040531857909396E-4
1.1180156805481745E-4
1.1316906873579347E-4
1.144848313953626E-4
1.1572868380572973E-4
1.1688448374929453E-4
1.1794096189491151E-4
1.188921132443787E-4
1.197371152277423E-4
1.2047981195223324E-4
1.2112785705940369E-4
1.2169164341921167E-4
1.2218316144827678E-4
1.2261491873499596E-4
1.229990258458398E-4
1.2334651382529861E-4
1.236669064594184E-4
1.2396803265831064E-4
1.2425603689161053E-4
1.2453553098893197E-4
1.2480982828935125E-4
1.250812083235358E-4
1.253511730393584E-4
1.2562067013421362E-4
1.2589027227147124E-4
1.261603110187347E-4
1.2643097067311518E-4
1.2670235009128574E-4
1.2697450109392115E-4
1.2724745096706389E-4
1.27521214897719E-4
1.2779580245207754E-4
1.2807122075266097E-4
1.283474759426739E-4
1.2862457381884656E-4
1.2890252008713904E-4
1.2918132045898305E-4
1.2946098068483775E-4
1.2974150656490957E-4
1.3002290395218568E-4
1.3030517875307725E-4
1.3058833692736972E-4
1.3087238448797296E-4
1.3115732750060193E-4
1.3144317208341904E-4
1.3172992440664606E-4
1.3201759069214638E-4
1.3230617721297927E-4
1.3259569029292745E-4
1.3288613630599687E-4
1.331775216758927E-4
1.3346985287546846E-4
1.337631364261523E-4
1.3405737889734856E-4
1.3435258690581859E-4
1.3464876711503658E-4
1.3494592623452745E-4
1.352440710191804E-4
1.355432082685459E-4
1.35843344826111E-4
1.361444875785566E-4
1.364466434549976E-4
1.3674981942620373E-4
1.3705402250380576E-4
1.373592597394832E-4
1.3766553822413838E-4
1.3797286508705463E-4
1.382812474950395E-4
1.3859069265155513E-4
1.3890120779583499E-4
1.3921280020198626E-4
1.3952547717808374E-4
1.3983924606524695E-4
1.4015411423671031E-4
1.404700890968804E-4
1.4078717808038322E-4
1.4110538865110247E-4
1.41424728301208E-4
1.4174520455017522E-4
1.4206682494379686E-4
1.4238959705318636E-4
1.4271352847377403E-4
1.4303862682429587E-4
1.4336489974577657E-4
1.436923549005053E-4
1.440209999710063E-4
1.4435084265900484E-4
1.4468189068438697E-4
1.450141517841546E-4
1.4534763371137834E-4
1.4568234423414442E-4
1.4601829113449985E-4
1.4635548220739246E-4
1.466939252596125E-4
1.4703362810872914E-4
1.4737459858202894E-4
1.4771684451545718E-4
1.4806037375256486E-4
1.4840519414347308E-4
1.4875131354386814E-4
1.4909873981405855E-4
1.4944748081815082E-4
1.4979754442344715E-4
1.501489385002561E-4
1.505016709224633E-4
1.50855749569482E-4
1.5121118233067928E-4
1.5156797711420242E-4
1.5192614186351492E-4
1.522856845872973E-4
1.5264661341220362E-4
1.530089366742133E-4
1.5337266307427887E-4
1.5373780193961731E-4
1.541043636560976E-4
1.5447236037365326E-4
1.548418071406848E-4
1.552127237017559E-4
1.5558513730374825E-4
1.55959087008441E-4
1.5633463021386864E-4
1.567118523510254E-4
1.5709088105029248E-4
1.574719064584919E-4
1.5785520981311717E-4
1.5824120280357696E-4
1.5863048059871243E-4
1.5902389158679425E-4
1.594226267087339E-4
1.598283305785744E-4
1.6024323516279962E-4
1.6067031441879278E-4
1.611134548075173E-4
1.615776319419817E-4
1.6206907794584854E-4
1.62595417779368E-4
1.6316574658009958E-4
1.6379061505828536E-4
1.644818875861807E-4
1.6525243939948079E-4
1.6611566677428077E-4
1.6708479820387934E-4
1.6817201567674052E-4
1.693874221114687E-4
1.70737921296907E-4
1.7222610684140322E-4
1.7384927849980683E-4
1.755987180077523E-4
1.774593512394344E-4
1.7940989889961992E-4
1.8142357332731314E-4
1.8346931800283168E-4
1.8551351655494568E-4
1.8752203002539422E-4
1.894623667266442E-4
1.913057590461023E-4
1.9302892332747818E-4
1.9461531435513394E-4
1.960557504774442E-4
1.9734836869206423E-4
1.984979568468401E-4
1.995147873150193E-4
2.0041313023421985E-4
2.012096468547289E-4
2.0192185345609454E-4
2.0256680880531395E-4
2.0316012316564847E-4
2.0371532648427742E-4
2.0424357892167712E-4
2.0475366659924012E-4
2.05252203263139E-4
2.0574395406468862E-4
2.0623220707590727E-4
2.0671913598807335E-4
2.072061180713858E-4
2.07693990434516E-4
2.081832422079673E-4
2.0867414956148494E-4
2.0916686490016865E-4
2.096614723857769E-4
2.101580205273029E-4
2.1065654022044665E-4
2.1115705415608027E-4
2.116595814368963E-4
2.121641397035675E-4
2.126707460500713E-4
2.1317941738916934E-4
2.1369017058522799E-4
2.1420302249560192E-4
2.1471798997880635E-4
2.1523508989164045E-4
2.1575433908301513E-4
2.1627575438696946E-4
2.167993526155946E-4
2.1732515055205567E-4
2.1785316494375476E-4
2.1838341249563818E-4
2.1891590986365203E-4
2.1945067364834286E-4
2.199877203885995E-4
2.2052706655553686E-4
2.2106872854651862E-4
2.2161272267931693E-4
2.2215906518640566E-4
2.2270777220938852E-4
2.2325885979355815E-4
2.2381234388258296E-4
2.243682403133228E-4
2.2492656481077044E-4
2.2548733298311606E-4
2.260505603169346E-4
2.266162621724926E-4
2.2718445377917503E-4
2.277551502310271E-4
2.2832836648241318E-4
2.2890411734378716E-4
2.2948241747757677E-4
2.300632813941775E-4
2.3064672344805273E-4
2.312327578339448E-4
2.3182139858318827E-4
2.324126595601291E-4
2.3300655445864478E-4
2.3360309679876543E-4
2.342022999233941E-4
2.3480417699512567E-4
2.3540874099316127E-4
2.3601600471031704E-4
2.366259807501269E-4
2.3723868152403764E-4
2.3785411924869337E-4
2.3847230594331023E-4
2.3909325342713757E-4
2.3971697331700667E-4
2.403434770249647E-4
2.409727757559905E-4
2.4160488050579485E-4
2.4223980205870067E-4
2.4287755098560362E-4
2.4351813764201112E-4
2.441615721661572E-4
2.4480786447719717E-4
2.454570242734726E-4
2.461090610308536E-4
2.4676398400115323E-4
2.4742180221061266E-4
2.480825244584608E-4
2.487461593155451E-4
2.494127151230408E-4
2.5008219999124085E-4
2.507546217984463E-4
2.514299881899849E-4
2.521083065774106E-4
2.5278958413800057E-4
2.5347382781474036E-4
2.541610443171688E-4
2.548512401237481E-4
2.5554442148694313E-4
2.562405944431116E-4
2.5693976483085216E-4
2.576419383240957E-4
2.583471204905792E-4
2.5905531689349127E-4
2.5976653326558537E-4
2.6048077580325817E-4
2.6119805165641436E-4
2.6191836973311016E-4
2.626417420025061E-4
2.633681855740187E-4
2.6409772596527577E-4
2.6483040215884287E-4
2.655662743007794E-4
2.663054352245909E-4
2.670480273991156E-4
2.677942673949383E-4
2.6854448052010624E-4
2.6929914884395834E-4
2.7005897632150676E-4
2.708249750157046E-4
2.715985763019335E-4
2.7238177018536316E-4
2.7317727418544794E-4
2.739887303548157E-4
2.74820924665138E-4
2.756800171058371E-4
2.7657376353261106E-4
2.7751170204450297E-4
2.7850526836818436E-4
2.795677977706581E-4
2.807143672212662E-4
2.8196143295417734E-4
2.833262272581309E-4
2.848258957415546E-4
2.8647638293132567E-4
2.8829110871632135E-4
2.902796440175969E-4
2.924461253428989E-4
2.9478794680201447E-4
2.972947719592223E-4
2.9994803358459205E-4
3.027210598449104E-4
3.055799093577659E-4
3.0848491916241684E-4
3.1139287854754495E-4
3.142596514835735E-4
3.170429967599184E-4
3.1970529235396877E-4
3.222158692148886E-4
3.245527026284152E-4
3.267032913570859E-4
3.286646627102559E-4
3.304425570909327E-4
3.3204994835407453E-4
3.3350512923720595E-4
3.348296233980139E-4
3.360461749783102E-4
3.371770194003744E-4
3.382425680539029E-4
3.3926056045517383E-4
3.402456653994347E-4
3.4120945871959717E-4
3.4216067498341653E-4
3.431056235110055E-4
3.440486706968853E-4
3.449927136019399E-4
3.459395967404161E-4
3.4689044896784585E-4
3.4784593672314073E-4
3.4880644229390073E-4
3.497721817887644E-4
3.50743278690343E-4
3.517198071011303E-4
3.5270181572582795E-4
3.53689340411244E-4
3.546824103255619E-4
3.5568105082796103E-4
3.56685284727331E-4
3.5769513280855956E-4
3.5871061404835983E-4
3.597317457086712E-4
3.607585433852396E-4
3.617910210409234E-4
3.6282919103408423E-4
3.6387306414537544E-4
3.6492264960390566E-4
3.659779551130277E-4
3.670389868758199E-4
3.6810574962027175E-4
3.6917824662418186E-4
3.7025647973977033E-4
3.713404494180047E-4
3.724301547326496E-4
3.73525593404035E-4
3.7462676182255163E-4
3.7573365507187457E-4
3.768462669519126E-4
3.7796459000149585E-4
3.790886155207943E-4
3.8021833359347623E-4
3.813537331086068E-4
3.8249480178228904E-4
3.836415261790508E-4
3.847938917329777E-4
3.8595188276859893E-4
3.871154825215248E-4
3.882846731588372E-4
3.894594357992411E-4
3.9063975053297184E-4
3.9182559644146967E-4
3.9301695161681307E-4
3.942137931809226E-4
3.954160973045324E-4
3.966238392259343E-4
3.978369932694931E-4
3.9905553286393976E-4
4.002794305604407E-4
4.0150865805045E-4
4.0274318618334E-4
4.039829849838201E-4
4.052280236691396E-4
4.0647827066608047E-4
4.0773369362774077E-4
4.089942594501102E-4
4.102599342884405E-4
4.115306835734144E-4
4.128064720271118E-4
4.140872636787778E-4
4.153730218803921E-4
4.166637093220459E-4
4.179592880471241E-4
4.192597194672963E-4
4.2056496437731727E-4
4.218749829696424E-4
4.231897348488585E-4
4.245091790459264E-4
4.258332740322465E-4
4.2716197773354404E-4
4.284952475435785E-4
4.2983304033767896E-4
4.311753124861144E-4
4.3252201986730796E-4
4.3387311788090966E-4
4.352285614607636E-4
4.3658830508782546E-4
4.379523028031419E-4
4.393205082210976E-4
4.406928745433026E-4
4.420693545738035E-4
4.43449900736848E-4
4.448344650993821E-4
4.462229994020983E-4
4.476154551056603E-4
4.4901178346338545E-4
4.504119356393805E-4
4.518158629036145E-4
4.5322351695530397E-4
4.5463485045713504E-4
4.560498179106534E-4
4.574683770750607E-4
4.5889049123751447E-4
4.603161327951245E-4
4.617452888218457E-4
4.631779695831989E-4
4.646142213430103E-4
4.6605414528895E-4
4.674979249862028E-4
4.6894586542964355E-4
4.7039844745181336E-4
4.7185640185983354E-4
4.7332080806534565E-4
4.747932219178803E-4
4.7627583666789937E-4
4.7777167913425756E-4
4.792848398814245E-4
4.8082073122582763E-4
4.8238636003729773E-4
4.839905936991842E-4
4.8564438775934224E-4
4.873609337805052E-4
4.891556772955167E-4
4.910461507353266E-4
4.930515672104349E-4
4.9519213054578E-4
4.974880368835337E-4
4.999581741462998E-4
5.026460233832381E-4
5.055625191053706E-4
5.087122858021192E-4
5.120920647953726E-4
5.156895077374703E-4
5.194825387152865E-4
5.234394537113417E-4
5.275198609342058E-4
5.316764730990145E-4
5.358576541952723E-4
5.400105148165907E-4
5.440842604734575E-4
5.480334440830427E-4
5.518207695771848E-4
5.55419142473964E-4
5.588127594544682E-4
5.619971571134835E-4
5.649782781089235E-4
5.677707368572347E-4
5.703955557887697E-4
5.728776836924498E-4
5.75243596770778E-4
5.775192279059182E-4
5.797283854024128E-4
5.818917280166167E-4
5.840262765237474E-4
5.861453769290214E-4
5.882589934585374E-4
5.90374200485075E-4
5.924957559415348E-4
5.946266659991121E-4
5.967686829596938E-4
5.989227082476768E-4
6.01089095649639E-4
6.032678649351307E-4
6.054588432997144E-4
6.076617535736201E-4
6.098762660781969E-4
6.1210202736108E-4
6.14338675190397E-4
6.165858459076333E-4
6.188431778034073E-4
6.211103125573019E-4
6.233868957976723E-4
6.256725772887709E-4
6.279670109713054E-4
6.302698549497595E-4
6.32580771462022E-4
6.34899426843759E-4
6.37225491491541E-4
6.395586398258612E-4
6.418985502543602E-4
6.442449051353275E-4
6.465973907414908E-4
6.4895569722409E-4
6.513195185772396E-4
6.536885526025758E-4
6.56062500874184E-4
6.584410687038063E-4
6.608239651063286E-4
6.632109027655465E-4
6.656015980001941E-4
6.679957707302591E-4
6.703931444435586E-4
6.727934461625856E-4
6.751964064116195E-4
6.776017591841061E-4
6.800092419102942E-4
6.824185954251353E-4
6.848295639364374E-4
6.872418949932839E-4
6.896553394546987E-4
6.920696514585669E-4
6.944845883908068E-4
6.968999108547904E-4
6.993153826410138E-4
7.017307706970041E-4
7.04145845097481E-4
7.065603790147556E-4
7.089741486893647E-4
7.113869334009496E-4
7.13798515439368E-4
7.16208680076044E-4
7.186172155355443E-4
7.210239129673927E-4
7.2342856641811E-4
7.258309728034842E-4
7.282309318810636E-4
7.306282462228774E-4
7.330227211883774E-4
7.354141648976006E-4
7.378023882045566E-4
7.401872046708197E-4
7.425684305393545E-4
7.449458847085412E-4
7.473193887064249E-4
7.496887666651675E-4
7.520538452957146E-4
7.544144538626712E-4
7.567704241593845E-4
7.591215904832258E-4
7.614677896110842E-4
7.638088607750573E-4
7.661446456383538E-4
7.684749882713838E-4
7.70799735128069E-4
7.731187350223523E-4
7.754318391049406E-4
7.77738900840288E-4
7.800397759838874E-4
7.823343225599591E-4
7.846224008397294E-4
7.869038733206576E-4
7.891786047072312E-4
7.914464618945309E-4
7.937073139566255E-4
7.959610321434847E-4
7.982074898928293E-4
8.00446562867884E-4
8.026781290396243E-4
8.049020688444531E-4
8.071182654680256E-4
8.093266053370638E-4
8.115269789489512E-4
8.137192822414035E-4
8.159034188115923E-4
8.180793034487401E-4
8.202468676616245E-4
8.224060681794714E-4
8.24556899797376E-4
8.266994144368678E-4
8.288337488983524E-4
8.309601644746177E-4
8.330791023205405E-4
8.351912591350162E-4
8.372976881486295E-4
8.393999303966583E-4
8.415001804930674E-4
8.436014892524257E-4
8.457080021606782E-4
8.478252275499011E-4
8.499603212145686E-4
8.521223652237877E-4
8.543226083612982E-4
8.565746250320412E-4
8.588943402907598E-4
8.612998631237904E-4
8.638110708722287E-4
8.664488973338234E-4
8.692342976551499E-4
8.781563711414138E-4
8.871792482580167E-4
8.963155534214774E-4
9.055713181101636E-4
9.149443285124004E-4
9.244228553629082E-4
9.339849789291102E-4
9.435986875596391E-4
9.532228597846189E-4
9.628091426955386E-4
9.72304624891832E-4
9.816550877588324E-4
9.908085240481332E-4
9.997185563282154E-4
0.0010083473831726914
0.001016667932418542
0.0010246650022800933
0.0010323353063104352
0.0010396864838913354
0.0010467352686583946
0.001053505100917046
0.0010600235126468967
0.0010663196019220684
0.0010724218551662159
0.001078356486609538
0.0010841463646060698
0.0010898105032318014
0.0010953640290573363
0.0011008184942512217
0.0011061823979657721
0.0011114617923092662
0.0011166608780625305
0.001121782529279792
0.0011268287174601155
0.0011318008304358408
0.0011366998968354682
0.0011415267345992652
0.001146282043544975
0.001150966459767384
0.0011555805857871803
0.0011601250063015534
0.0011646002959354665
0.0011690070228332742
0.0011733457502272396
0.0011776170370870352
0.0011818214383801492
0.0011859595051791363
0.0011900317847130042
0.0011940388203997288
0.001197981151872852
0.0012018593150063327
0.0012056738419388166
0.0012094252610976813
0.0012131140972229104
0.0012167408713908135
0.0012203061010376112
0.0012238102999828676
0.0012272539784527873
0.0012306376431033559
0.001233961797043353
0.0012372269398572223
0.001240433567627793
0.0012435821729588727
0.0012466732449976912
0.0012497072694572227
0.00125268472863835
0.001255606101451912
0.0012584718634406065
0.0012612824868007556
0.0012640384404039536
0.0012667401898185551
0.0012693881973310644
0.0012719829219673632
0.001274524819513831
0.001277014342538315
0.001279451940410991
0.0012818380593250865
0.0012841731423174749
0.0012864576292891435
0.0012886919570255445
0.001290876559216808
0.0012930118664778406
0.0012950983063682918
0.0012971363034124073
0.0012991262791187538
0.001301068651999822
0.001302963837591509
0.001304812248472486
0.0013066142942834457
0.0013083703817462142
0.0013100809146827767
0.0013117462940341572
0.0013133669178791941
0.0013149431814532
0.0013164754771665102
0.0013179641946229007
0.0013194097206379108
0.0013208124392570459
0.0013221727317738598
0.0013234909767479376
0.0013247675500227664
0.001326002824743483
0.001327197171374529
0.0013283509577171819
0.0013294645489269866
0.001330538307531093
0.0013315725934454653
0.0013325677639920237
0.0013335241739156837
0.0013344421754013431
0.0013353221180908493
0.0013361643491000398
0.0013369692130359853
0.001337737052014756
0.0013384682056801973
0.0013391630112247126
0.0013398218034137226
0.0013404449146168433
0.001341032674851052
0.0013415854118449023
0.0013421034511391452
0.0013425871162493926
0.0013430367289329593
0.0013434526096279685
0.0013438350781729404
0.0013441844549758016
0.0013445010628911308
0.0013447852301943389
0.0013450372952244446
0.0013452576135171642
0.0013454465685811138
0.0013456045878910544
0.0013457321661836518
0.0013458298987255061
0.0013458985278353792
0.0013459390064989234
0.001345952583279786
0.0013459409127120534
0.0013459061947016728
0.0013458513448675916
0.0013457801949014788
0.0013456977176460546
0.0013456102655442462
0.0013455258034909578
0.001345454108381392
0.001345406898712982
0.0013453978498989489
0.0013454424464082947
0.0013455576226870018
0.0013457611532445878
0.0026439083951052336
0.0026323053051271134
0.002620916605044299
0.002609750027981828
0.002598807666051821
0.0025880846908740295
0.0025775684200380496
0.0025672378987690978
0.0025570641328028737
0.0025470110480794905
0.002537037170385758
0.0025270979238612794
0.0025171483558035427
0.002507146022641306
0.002497053732957623
0.002486841847803031
0.0024764898884582333
0.0024659872907763494
0.002455333258839128
0.0024445357893193445
0.0024336100410215196
0.0024225762943569608
0.002411457772860114
0.002400278582128924
0.002389061968316526
0.0023778290223852817
0.0023665978742802413
0.0023553833482454828
0.0023441969975666675
0.0023330474089571784
0.0023219406625965546
0.0023108808480506783
0.0022998705613318307
0.002288911336598444
0.0022780039915187935
0.0022671488846492233
0.0022563460952355332
0.0022455955413760646
0.0022348970532120207
0.0022242504156871957
0.0022136553921087818
0.002203111736381878
0.0021926191989883096
0.0021821775297303126
0.0021717864789089704
0.0021614457977952102
0.0021511552388027875
0.002140914555544559
0.002130723502846505
0.0021205818367476103
0.0021104893144954324
0.002100445694540497
0.002090450736530421
0.002080504201303982
0.0020706058508852166
0.0020607554484775264
0.002050952758457845
0.002041197546370798
0.002031489578922909
0.002021828623976846
0.0020122144505456707
0.002002646828787124
0.001993125529997968
0.001983650326608311
0.0019742209921759907
0.001964837301380967
0.0019554990300197674
0.0019462059549999356
0.0019369578543345113
0.0019277545071365552
0.0019185956936136758
0.0019094811950626006
0.001900410793863774
0.0018913842734759616
0.0018824014184309179
0.0018734620143280353
0.001864565847829065
0.0018557127066528283
0.0018469023795699769
0.0018381346563977568
0.0018294093279948211
0.0018207261862560622
0.0018120850241074558
0.0018034856355009501
0.0017949278154093624
0.0017864113598213137
0.0017779360657361807
0.0017695017311590852
0.0017611081550958825
0.0017527551375482108
0.0017444424795085237
0.0017361699829551939
0.001727937450847594
0.0017197446871212304
0.0017115914966829057
0.001703477685405873
0.0016954030601250565
0.0016873674286322618
0.0016793705996714253
0.001671412382933883
0.0016634925890536638
0.0016556110296028117
0.0016477675170867214
0.0016399618649395001
0.0016321938875193558
0.001624463400104011
0.0016167702188861276
0.001609114160968778
0.0016014950443609221
0.0015939126879729452
0.0015863669116122153
0.001578857535978723
0.0015713843826608365
0.001563947274131251
0.001556546033743283
0.0015491804857277914
0.0015418504551912588
0.001534555768115931
0.0015272962513636342
0.0015200717326861433
0.0015128820407469443
0.0015057270051626525
0.0014986064565778714
0.0014915202267960941
0.001484468149003167
0.0014774500581412637
0.00147046579152372
0.0014635151898289547
0.0014565980986806777
0.0014497143711185159
0.001442863871395329
0.001436046480711596
0.0014292621057178983
0.0014225106908827858
0.001415792236124945
0.0014091068214205367
0.0014024546403731443
0.001395836044902383
0.0013892516031647041
0.0013827021724327137
0.0013761889877707987
0.001369713765793737
0.0013632788204471556
0.001356887184542317
0.001350542726781017
0.0013442502494789782
0.0013380155476410654
0.0013318454062293868
0.0013257475104078448
0.0013197302443997078
0.2834793605233985
