4.510518403069389E-8
9.136449146460108E-8
1.3874512158768528E-7
1.871829950727423E-7
2.3658631218771512E-7
2.8684091956150904E-7
3.3781702676627005E-7
3.893766837433104E-7
4.4138136786808074E-7
4.936990429944816E-7
5.462101388959073E-7
5.988120444146999E-7
6.514218895458739E-7
7.03977584503764E-7
7.564372615312099E-7
8.087774060606605E-7
8.609900535131912E-7
9.130794612594958E-7
9.650586457116327E-7
1.0169461130266915E-6
1.068763023799954E-6
1.1205309340103297E-6
1.1722701613398606E-6
1.2239987490568199E-6
1.2757319453391874E-6
1.3274820858066095E-6
1.3792587587366908E-6
1.4310691409723913E-6
1.4829184117773916E-6
1.5348101759558801E-6
1.5867468516173473E-6
1.6387299987851977E-6
1.6907605809567611E-6
1.742839162383999E-6
1.7949660498353752E-6
1.8471413899789678E-6
1.8993652334764626E-6
1.9516375754567495E-6
2.003958380058226E-6
2.0563275947254126E-6
2.1087451582106134E-6
2.1612110048760767E-6
2.2137250669153743E-6
2.266287275454281E-6
2.3188975610741635E-6
2.3715558540505586E-6
2.4242620844574252E-6
2.4770161822108983E-6
2.5298180770869824E-6
2.582667698728628E-6
2.635564976648605E-6
2.688509840230863E-6
2.7415022187313504E-6
2.7945420412786442E-6
2.847629236874527E-6
2.900763734394574E-6
2.9539454625886974E-6
3.0071743500817434E-6
3.0604503253740462E-6
3.113773316842009E-6
3.1671432527386973E-6
3.220560061194399E-6
3.2740236702172237E-6
3.3275340076937023E-6
3.3810910013893675E-6
3.434694578949347E-6
3.4883446678989815E-6
3.5420411956444097E-6
3.5957840894731947E-6
3.649573276554917E-6
3.703408683941802E-6
3.757290238569335E-6
3.8112178672568705E-6
3.865191496708283E-6
3.919211053512565E-6
3.973276464144483E-6
4.027387654965211E-6
4.081544552222949E-6
4.135747082053591E-6
4.189995170481362E-6
4.244288743419463E-6
4.298627726670731E-6
4.3530120459283E-6
4.407441626776251E-6
4.461916394690294E-6
4.516436275038421E-6
4.57100119308159E-6
4.625611073974388E-6
4.680265842765719E-6
4.734965424399508E-6
4.789709743715344E-6
4.8444987254492174E-6
4.899332294234177E-6
4.954210374601063E-6
5.009132890979191E-6
5.0640997676970565E-6
5.119110928983055E-6
5.174166298966203E-6
5.229265801676838E-6
5.28440936104736E-6
5.339596900912945E-6
5.394828345012278E-6
5.450103616988307E-6
5.505422640388941E-6
5.560785338667845E-6
5.61619163518515E-6
5.6716414532082045E-6
5.72713471591235E-6
5.782671346381669E-6
5.838251267609765E-6
5.893874402500486E-6
5.949540673868737E-6
6.005250004441256E-6
6.061002316857381E-6
6.116797533669826E-6
6.172635577345483E-6
6.2285163702662145E-6
6.284439834729661E-6
6.3404058929500034E-6
6.396414467058826E-6
6.452465479105886E-6
6.508558851059914E-6
6.564694504809503E-6
6.62087236216386E-6
6.67709234485365E-6
6.733354374531877E-6
6.78965837277464E-6
6.846004261082042E-6
6.902391960879016E-6
6.958821393516137E-6
7.015292480270537E-6
7.071805142346729E-6
7.1283593008774766E-6
7.18495487692467E-6
7.241591791480181E-6
7.298269965466755E-6
7.354989319738886E-6
7.411749775083709E-6
7.468551252221901E-6
7.52539367180855E-6
7.582276954434067E-6
7.639201020625107E-6
7.696165790845459E-6
7.753171185496976E-6
7.810217124920467E-6
7.867303529396663E-6
7.924430319147119E-6
7.98159741433516E-6
8.038804735066775E-6
8.096052201391643E-6
8.15333973330401E-6
8.210667250743674E-6
8.268034673596938E-6
8.325441921697577E-6
8.382888914827795E-6
8.44037557271922E-6
8.497901815053814E-6
8.55546756146498E-6
8.613072731538406E-6
8.670717244813192E-6
8.72840102078274E-6
8.786123978895808E-6
8.843886038557513E-6
8.901687119130355E-6
8.959527139935211E-6
9.01740602025235E-6
9.075323679322494E-6
9.133280036347835E-6
9.19127501049307E-6
9.249308520886457E-6
9.307380486620837E-6
9.3654908267547E-6
9.423639460313281E-6
9.481826306289559E-6
9.540051283645379E-6
9.598314311312498E-6
9.656615308193664E-6
9.714954193163709E-6
9.773330885070683E-6
9.831745302736873E-6
9.89019736495995E-6
9.948686990514127E-6
1.0007214098151221E-5
1.006577860660194E-5
1.0124380434576931E-5
1.0183019500768339E-5
1.024169572385114E-5
1.0300409022485034E-5
1.0359159315316936E-5
1.041794652098441E-5
1.0476770558121187E-5
1.0535631345365956E-5
1.0594528801377363E-5
1.0653462844859422E-5
1.0712433394605331E-5
1.0771440369572712E-5
1.0830483689012406E-5
1.0889563272687563E-5
1.0948679041243767E-5
1.1007830916828827E-5
1.1067018824122112E-5
1.1126242692028137E-5
1.1185502456437338E-5
1.1244798064683509E-5
1.1304129482669528E-5
1.1363496706145647E-5
1.1422899778377462E-5
1.1482338817534794E-5
1.1541814058698096E-5
1.1601325917580992E-5
1.1660875086116871E-5
1.1720462674202756E-5
1.1780090417419832E-5
1.183976097776386E-5
1.189947837361398E-5
1.195924858658037E-5
1.2019080406602752E-5
1.207898659258466E-5
1.2138985443443023E-5
1.2199102892693583E-5
1.2259375256850764E-5
1.2319852781388874E-5
1.2380604134182967E-5
1.2441721990557028E-5
1.25033298306891E-5
1.2565590022857113E-5
1.2628713188452017E-5
1.2692968731201067E-5
1.2758696259977482E-5
1.2826317441744032E-5
1.2896347593548421E-5
1.2969406071793486E-5
1.3046224263041999E-5
1.3127649751796678E-5
1.3214645073470591E-5
1.330827939747669E-5
1.3409711570326135E-5
1.352016322232179E-5
1.3640881133217572E-5
1.377308877216923E-5
1.3917927858442804E-5
1.4076391881635583E-5
1.4249254688024988E-5
1.443699836449996E-5
1.463974559035924E-5
1.485720222760508E-5
1.5088616040524638E-5
1.5332756967812842E-5
1.5587923265020688E-5
1.5851976117442386E-5
1.607729792128778E-5
1.6305043888239997E-5
1.6532279719562295E-5
1.675605830952418E-5
1.697354956813878E-5
1.7182164933436096E-5
1.7379667334116976E-5
1.7564258523977684E-5
1.7734637721318586E-5
1.7890028124735698E-5
1.803017082943343E-5
1.815528858152638E-5
1.8266024337949388E-5
1.836336146378358E-5
1.8448533415447467E-5
1.8522930869468235E-5
1.8588013529773485E-5
1.864523245498725E-5
1.8695966935380702E-5
1.8741477988545597E-5
1.878287868885741E-5
1.8821120001572188E-5
1.885698968646895E-5
1.889112121515789E-5
1.8924009483249174E-5
1.8956030310485248E-5
1.8987461193881438E-5
1.9018501388535758E-5
1.9049290028227515E-5
1.907992157914475E-5
1.9110458392405236E-5
1.914094046218804E-5
1.9171392708653756E-5
1.9201830207339427E-5
1.9232261806591968E-5
1.926269254043481E-5
1.9293125181209057E-5
1.9323561203654848E-5
1.9354001362558607E-5
1.938444602667148E-5
1.941489536487367E-5
1.9445349446226026E-5
1.9475808291772295E-5
1.950627190035942E-5
1.9536740261016067E-5
1.9567213358655332E-5
1.9597691176596546E-5
1.962817369763468E-5
1.965866090447467E-5
1.9689152779900453E-5
1.971964930683818E-5
1.9750150468379044E-5
1.978065624778759E-5
1.98111666285051E-5
1.984168159415122E-5
1.9872201128525176E-5
1.9902725215606765E-5
1.993325383955746E-5
1.9963786984721373E-5
1.9994324635626278E-5
2.002486677698463E-5
2.0055413393694595E-5
2.0085964470841006E-5
2.0116519993696473E-5
2.0147079947722367E-5
2.0177644318569954E-5
2.0208213092081236E-5
2.023878625429018E-5
2.0269363791423718E-5
2.029994568990274E-5
2.0330531936343274E-5
2.036112251755744E-5
2.0391717420554538E-5
2.042231663254215E-5
2.0452920140927265E-5
2.048352793331723E-5
2.05141399975209E-5
2.0544756321549868E-5
2.0575376893619316E-5
2.0606001702149258E-5
2.0636630735765643E-5
2.0667263983301514E-5
2.0697901433797915E-5
2.0728543076505314E-5
2.075918890088442E-5
2.0789838896607634E-5
2.0820493053559888E-5
2.0851151361840017E-5
2.088181381176171E-5
2.0912480393854835E-5
2.094315109886653E-5
2.0973825917762296E-5
2.1004504841727268E-5
2.103518786216737E-5
2.1065874970710403E-5
2.1096566159207338E-5
2.1127261419733445E-5
2.1157960744589544E-5
2.1188664126303093E-5
2.1219371557629575E-5
2.1250083031553463E-5
2.128079854128966E-5
2.1311518080284605E-5
2.1342241642217513E-5
2.137296922100164E-5
2.1403700810785487E-5
2.1434436405954053E-5
2.146517600113006E-5
2.1495919591175245E-5
2.152666717119162E-5
2.155741873652274E-5
2.1588174282754895E-5
2.1618933805718418E-5
2.1649697301489098E-5
2.168046476638926E-5
2.1711236196989253E-5
2.1742011590108518E-5
2.177279094281712E-5
2.1803574252436924E-5
2.1834361516542947E-5
2.18651527329647E-5
2.189594789978744E-5
2.1926747015353536E-5
2.1957550078263867E-5
2.1988357087379085E-5
2.2019168041820954E-5
2.2049982940973802E-5
2.2080801784485764E-5
2.2111624572270126E-5
2.2142451304506935E-5
2.217328198164402E-5
2.2204116604398632E-5
2.223495517375871E-5
2.226579769098433E-5
2.2296644157609097E-5
2.2327494575441468E-5
2.2358348946566248E-5
2.238920727334593E-5
2.2420069558422172E-5
2.2450935804717168E-5
2.248180601543521E-5
2.2512680194063828E-5
2.2543558344375533E-5
2.2574440470429154E-5
2.2605326576571193E-5
2.2636216667437377E-5
2.2667110747954127E-5
2.2698008823339962E-5
2.2728910899106994E-5
2.2759816981062412E-5
2.2790727075309888E-5
2.2821641188251206E-5
2.2852559326587607E-5
2.2883481497321402E-5
2.291440770775733E-5
2.294533796550421E-5
2.2976272278476355E-5
2.3007210654895083E-5
2.3038153103290244E-5
2.3069099632501856E-5
2.310005025168143E-5
2.3131004970293646E-5
2.3161963798117877E-5
2.3192926745249647E-5
2.3223893822102244E-5
2.325486503940832E-5
2.328584040822131E-5
2.331681993991707E-5
2.334780364619546E-5
2.3378791539081884E-5
2.340978363092884E-5
2.3440779934417488E-5
2.3471780462559393E-5
2.350278522869782E-5
2.3533794246509578E-5
2.3564807530006487E-5
2.359582509353698E-5
2.362684695178775E-5
2.3657873119785365E-5
2.3688903612897812E-5
2.3719938446836108E-5
2.375097763765605E-5
2.378202120175979E-5
2.381306915589743E-5
2.384412151716881E-5
2.38751783030253E-5
2.3906239531271734E-5
2.3937305220068676E-5
2.396837538793494E-5
2.3999450053751406E-5
2.4030529236766165E-5
2.406161295660265E-5
2.4092701233272935E-5
2.4123794087200407E-5
2.4154891539258E-5
2.418599361083482E-5
2.4217100323950196E-5
2.4248211701449437E-5
2.4279327767337457E-5
2.431044854734288E-5
2.4341574069864636E-5
2.4372704367546138E-5
2.4403839479870153E-5
2.443497945739677E-5
2.4466124368619033E-5
2.449727431094644E-5
2.452842942812734E-5
2.4559589937607093E-5
2.4590756173045065E-5
2.4621928649695496E-5
2.465310816386412E-5
2.468429594253478E-5
2.4715493865929837E-5
2.4746704794717657E-5
2.4777933045335886E-5
2.4809185071998653E-5
2.4840470432854817E-5
2.487180314073266E-5
2.490320352585344E-5
2.4934700768161038E-5
2.496633628898655E-5
2.49981682229976E-5
2.503027721765519E-5
2.506277382288722E-5
2.509580773068456E-5
2.5129579093324274E-5
2.5164352079023256E-5
2.5200470703535003E-5
2.5238376794866055E-5
2.5278629698019863E-5
2.532192700490624E-5
2.5369125206945435E-5
2.542125873133134E-5
2.5479555367087914E-5
2.554544565994792E-5
2.5620563516704886E-5
2.570673508316047E-5
2.580595302437254E-5
2.5920333717620326E-5
2.60520556277466E-5
2.6203278301719875E-5
2.6376042980281697E-5
2.6572157708635457E-5
2.679307190103416E-5
2.7039747379505353E-5
2.731253471838048E-5
2.7611065010685278E-5
2.793416766401033E-5
2.8279824314875583E-5
2.8645167295754924E-5
2.90265283002232E-5
2.9419539123691725E-5
2.9819281919908662E-5
3.0220481750572816E-5
3.061772984751404E-5
3.1005722503075555E-5
3.137949834256358E-5
3.173465626081597E-5
3.2067537667295726E-5
3.237535978570189E-5
3.265629126229585E-5
3.290946672239946E-5
3.3134942525045734E-5
3.333360112423206E-5
3.3507015550514275E-5
3.3657288142346205E-5
3.378687857027331E-5
3.389843544079374E-5
3.399464359543784E-5
3.407809605580198E-5
3.415119591511264E-5
3.4216089850167826E-5
3.427463175689751E-5
3.432837260066016E-5
3.437857106579248E-5
3.442621898438536E-5
3.4472075696634336E-5
3.451670624128632E-5
3.456051936127103E-5
3.4603802515187374E-5
3.464675223100288E-5
3.468949910344176E-5
3.473212746060207E-5
3.477469019942613E-5
3.481721954174997E-5
3.485973454142308E-5
3.490224613334142E-5
3.494476040779937E-5
3.498728065862733E-5
3.502980861896212E-5
3.507234518036976E-5
3.511489079632631E-5
3.515744570038952E-5
3.520001001982427E-5
3.524258383255805E-5
3.528516719463641E-5
3.532776015293761E-5
3.5370362750824376E-5
3.541297503055195E-5
3.545559703425116E-5
3.549822880431273E-5
3.5540870383531275E-5
3.558352181515794E-5
3.562618314291922E-5
3.566885441102473E-5
3.5711535664171146E-5
3.575422694754465E-5
3.579692830682357E-5
3.583963978818052E-5
3.588236143828479E-5
3.592509330430473E-5
3.596783543390989E-5
3.601058787527381E-5
3.60533506770758E-5
3.60961238885039E-5
3.6138907559256796E-5
3.6181701739546766E-5
3.622450648010162E-5
3.626732183216757E-5
3.63101478475115E-5
3.635298457842355E-5
3.639583207771952E-5
3.6438690398743565E-5
3.6481559595370705E-5
3.652443972200931E-5
3.6567330833603674E-5
3.661023298563679E-5
3.665314623413282E-5
3.669607063565975E-5
3.673900624733198E-5
3.6781953126813225E-5
3.682491133231892E-5
3.686788092261902E-5
3.6910861957040686E-5
3.6953854495471055E-5
3.699685859836001E-5
3.703987432672275E-5
3.708290174214287E-5
3.712594090677474E-5
3.7168991883346617E-5
3.721205473516331E-5
3.725512952610912E-5
3.7298216320650426E-5
3.7341315183838705E-5
3.7384426181313486E-5
3.7427549379304946E-5
3.747068484463703E-5
3.7513832644730194E-5
3.755699284760438E-5
3.7600165521881966E-5
3.764335073679046E-5
3.7686548562165695E-5
3.772975906845476E-5
3.777298232671866E-5
3.7816218408635685E-5
3.785946738650405E-5
3.790272933324503E-5
3.794600432240594E-5
3.798929242816303E-5
3.803259372532464E-5
3.807590828933404E-5
3.811923619627266E-5
3.8162577522862945E-5
3.8205932346471265E-5
3.824930074511143E-5
3.829268279744717E-5
3.83360785827956E-5
3.837948818112984E-5
3.8422911673082654E-5
3.846634913994895E-5
3.850980066368929E-5
3.855326632693268E-5
3.859674621297977E-5
3.864024040580575E-5
3.868374899006369E-5
3.872727205108753E-5
3.877080967489505E-5
3.8814361948191116E-5
3.885792895837074E-5
3.890151079352197E-5
3.894510754242937E-5
3.898871929457672E-5
3.9032346140150385E-5
3.90759881700422E-5
3.9119645475852776E-5
3.916331814989444E-5
3.9207006285194356E-5
3.925070997549763E-5
3.929442931527042E-5
3.9338164399702966E-5
3.9381915324712754E-5
3.942568218694749E-5
3.946946508378836E-5
3.951326411335286E-5
3.955707937449809E-5
3.9600910966823616E-5
3.964475899067486E-5
3.968862354714577E-5
3.9732504738082064E-5
3.977640266608435E-5
3.9820317434511004E-5
3.986424914748144E-5
3.990819790987877E-5
3.995216382735332E-5
3.9996147006325225E-5
4.004014755398758E-5
4.008416557830957E-5
4.01282011880394E-5
4.0172254492707074E-5
4.021632560262775E-5
4.0260414628904335E-5
4.030452168343078E-5
4.0348646878894764E-5
4.0392790328780836E-5
4.0436952147373305E-5
4.048113244975899E-5
4.052533135183038E-5
4.056954897028834E-5
4.0613785422645235E-5
4.06580408272276E-5
4.070231530317893E-5
4.074660897046297E-5
4.079092194986602E-5
4.0835254363000136E-5
4.087960633230583E-5
4.092397798105479E-5
4.096836943335287E-5
4.101278081414268E-5
4.1057212249206495E-5
4.110166386516893E-5
4.11461357894996E-5
4.119062815051606E-5
4.123514107738628E-5
4.127967470013151E-5
4.132422914962906E-5
4.1368804557614874E-5
4.1413401056686354E-5
4.145801878030555E-5
4.150265786280204E-5
4.154731843937697E-5
4.1592000646107656E-5
4.163670461995401E-5
4.168143049876852E-5
4.172617842131167E-5
4.177094852727822E-5
4.181574095734169E-5
4.186055585323172E-5
4.1905393357866854E-5
4.1950253615585086E-5
4.199513677253858E-5
4.204004297736726E-5
4.208497238233813E-5
4.212992514525617E-5
4.217490143264038E-5
4.221990142495608E-5
4.226492532515015E-5
4.2309973372443225E-5
4.23550458643931E-5
4.240014319183723E-5
4.2445265893660176E-5
4.249041474173242E-5
4.253559087122424E-5
4.258079597833432E-5
4.262603261692472E-5
4.26713046383867E-5
4.2716617836141517E-5
4.276198087841925E-5
4.280740664121888E-5
4.28529140882831E-5
4.289853088671108E-5
4.2944296994904216E-5
4.2990269512096126E-5
4.303652913229278E-5
4.308318859432298E-5
4.313040355544086E-5
4.3178386326998426E-5
4.3227422882400956E-5
4.3277893462397524E-5
4.333029694153217E-5
4.3385278863319445E-5
4.344366268456595E-5
4.3506483282464876E-5
4.357502117469554E-5
4.365083520275678E-5
4.373579067394195E-5
4.383207921473648E-5
4.394222595112805E-5
4.406907921560923E-5
4.421577791779251E-5
4.438569213810296E-5
4.45823335264713E-5
4.480923378328445E-5
4.5069791874379456E-5
4.536709360254827E-5
4.570371053699204E-5
4.6081488793723245E-5
4.6501341374368824E-5
4.696306025774946E-5
4.746516573906524E-5
4.800481022487316E-5
4.857775154910645E-5
4.9178406806117244E-5
4.9799991879134276E-5
5.043474471996336E-5
5.1074222693361926E-5
5.170965679678659E-5
5.2332339230645574E-5
5.293401648955399E-5
5.3507258534667356E-5
5.404577603622059E-5
5.454466209611074E-5
5.500054181663399E-5
5.54116217606977E-5
5.577764069504795E-5
5.609973187884928E-5
5.638021449942078E-5
5.6622336853817905E-5
5.682999607712013E-5
5.7007458583523055E-5
5.715910226235602E-5
5.728919651189925E-5
5.7401730231380194E-5
5.75002917901589E-5
5.7587999514439364E-5
5.766747693355409E-5
5.774086421091717E-5
5.780985589156111E-5
5.787575515446615E-5
5.793953584276515E-5
5.800190527146601E-5
5.80633628018005E-5
5.812425110859084E-5
5.818479873189493E-5
5.8245153778380684E-5
5.8305409493154756E-5
5.836562289740932E-5
5.842582785866745E-5
5.848604392007035E-5
5.854628204966418E-5
5.86065482503793E-5
5.866684574599118E-5
5.872717625750553E-5
5.878754072161492E-5
5.8847939680380675E-5
5.8908373484778084E-5
5.896884239701368E-5
5.902934663998118E-5
5.9089886420227126E-5
5.915046193818624E-5
5.921107339255641E-5
5.9271720982090865E-5
5.933240490630322E-5
5.9393125365735464E-5
5.945388256205811E-5
5.951467669811009E-5
5.9575507977917086E-5
5.963637660670298E-5
5.969728279089935E-5
5.975822673815417E-5
5.981920865734029E-5
5.9880228758564326E-5
5.994128725317496E-5
6.000238435377151E-5
6.0063520274212503E-5
6.012469522962399E-5
6.0185909436408166E-5
6.0247163112251856E-5
6.030845647613471E-5
6.036978974833788E-5
6.043116315045203E-5
6.0492576905385886E-5
6.055403123737456E-5
6.061552637198769E-5
6.067706253613764E-5
6.0738639958087615E-5
6.0800258867459804E-5
6.0861919495243514E-5
6.09236220738031E-5
6.0985366836885995E-5
6.104715401963037E-5
6.110898385857329E-5
6.117085659165833E-5
6.123277245824331E-5
6.129473169910796E-5
6.135673455646149E-5
6.141878127394995E-5
6.148087209666404E-5
6.154300727114615E-5
6.160518704539796E-5
6.166741166888723E-5
6.172968139255549E-5
6.179199646882455E-5
6.185435715160408E-5
6.191676369629793E-5
6.197921635981132E-5
6.204171540055773E-5
6.210426107846496E-5
6.21668536549822E-5
6.222949339308643E-5
6.22921805572885E-5
6.23549154136398E-5
6.241769822973829E-5
6.248052927473458E-5
6.254340881933811E-5
6.260633713582252E-5
6.266931449803243E-5
6.273234118138799E-5
6.27954174628915E-5
6.285854362113243E-5
6.292171993629277E-5
6.298494669015237E-5
6.304822416609459E-5
6.31115526491106E-5
6.317493242580501E-5
6.323836378440046E-5
6.330184701474263E-5
6.336538240830451E-5
6.34289702581912E-5
6.349261085914444E-5
6.355630450754655E-5
6.362005150142523E-5
6.368385214045715E-5
6.374770672597204E-5
6.381161556095684E-5
6.387557895005931E-5
6.393959719959128E-5
6.400367061753275E-5
6.406779951353534E-5
6.413198419892485E-5
6.419622498670518E-5
6.426052219156101E-5
6.432487612986084E-5
6.438928711966005E-5
6.445375548070309E-5
6.451828153442648E-5
6.458286560396097E-5
6.464750801413444E-5
6.471220909147309E-5
6.477696916420477E-5
6.484178856225994E-5
6.490666761727427E-5
6.49716066625899E-5
6.503660603325706E-5
6.5101666066036E-5
6.516678709939793E-5
6.523196947352628E-5
6.52972135303181E-5
6.536251961338477E-5
6.542788806805316E-5
6.549331924136619E-5
6.555881348208355E-5
6.562437114068197E-5
6.568999256935608E-5
6.575567812201821E-5
6.582142815429878E-5
6.58872430235461E-5
6.595312308882681E-5
6.601906871092496E-5
6.608508025234206E-5
6.615115807729635E-5
6.621730255172275E-5
6.628351404327122E-5
6.634979292130701E-5
6.641613955690867E-5
6.648255432286791E-5
6.654903759368744E-5
6.661558974558051E-5
6.668221115646881E-5
6.674890220598133E-5
6.681566327545255E-5
6.688249474792046E-5
6.694939700812472E-5
6.701637044250489E-5
6.70834154391978E-5
6.715053238803536E-5
6.721772168054263E-5
6.728498370993461E-5
6.735231887111402E-5
6.74197275606685E-5
6.748721017686747E-5
6.755476711965945E-5
6.762239879066875E-5
6.769010559319231E-5
6.775788793219643E-5
6.78257462143131E-5
6.789368084783664E-5
6.796169224272013E-5
6.802978081057168E-5
6.80979469646511E-5
6.816619111986583E-5
6.823451369276892E-5
6.830291510155636E-5
6.837139576606735E-5
6.843995610778774E-5
6.85085965498593E-5
6.857731751710193E-5
6.864611943605502E-5
6.87150027350568E-5
6.878396784438758E-5
6.885301519652327E-5
6.892214522658246E-5
6.899135837309765E-5
6.90606550793359E-5
6.91300357955371E-5
6.919950098266627E-5
6.926905111864671E-5
6.933868670860797E-5
6.940840830157253E-5
6.947821651734819E-5
6.954811208943098E-5
6.961809593273865E-5
6.968816924941203E-5
6.975833369229563E-5
6.982859161474815E-5
6.989894644805446E-5
6.996940326499901E-5
7.003996961140318E-5
7.011065671800114E-5
7.018148124431322E-5
7.025246775533004E-5
7.03236521914453E-5
7.039508666178897E-5
7.046684596892288E-5
7.053903635445381E-5
7.061180703304546E-5
7.06853651451535E-5
7.075999479057577E-5
7.083608078464666E-5
7.091413768114617E-5
7.099484440191855E-5
7.10790844732556E-5
7.116799136696843E-5
7.126299776227303E-5
7.136588668152596E-5
7.147884143048042E-5
7.160449014556259E-5
7.174593960763689E-5
7.190679195503074E-5
7.209113718683826E-5
7.230351408662356E-5
7.254883262098364E-5
7.283225216233314E-5
7.315901218214621E-5
7.353421539883152E-5
7.396256765360418E-5
7.444808378228387E-5
7.499377403891068E-5
7.560133064504343E-5
7.627083811574978E-5
7.700053344519339E-5
7.77866423818772E-5
7.862331542219063E-5
7.950268162189399E-5
8.041503005477385E-5
8.134911832717641E-5
8.229259595958813E-5
8.323251893694335E-5
8.415592171263606E-5
8.50504057753639E-5
8.590470063375413E-5
8.670915436665454E-5
8.745611676802264E-5
8.814018800008549E-5
8.875831840814362E-5
8.930975919029267E-5
8.97958772255337E-5
9.02198589026235E-5
9.058633595462414E-5
9.090097031005766E-5
9.117003465900942E-5
9.140002124413979E-5
9.159730425501334E-5
9.176787236427239E-5
9.191713871194709E-5
9.204982720603224E-5
9.216992725730413E-5
9.228070451446207E-5
9.23847529259373E-5
9.24840733006177E-5
9.258016500723261E-5
9.267411996175032E-5
9.276671102412634E-5
9.285846986874326E-5
9.294975195583926E-5
9.304078821807881E-5
9.313172443079526E-5
9.322265000514752E-5
9.331361824307381E-5
9.34046600590104E-5
9.349579293846573E-5
9.358702657690623E-5
9.367836630213322E-5
9.376981507693981E-5
9.386137462868336E-5
9.395304606314448E-5
9.404483018576403E-5
9.413672766340893E-5
9.422873910269928E-5
9.432086508644141E-5
9.441310618989372E-5
9.450546298773099E-5
9.459793605690312E-5
9.469052597776152E-5
9.478323333448742E-5
9.487605871525219E-5
9.496900271227781E-5
9.506206592186404E-5
9.515524894440125E-5
9.524855238438088E-5
9.534197685040194E-5
9.543552295517672E-5
9.552919131553622E-5
9.56229825524325E-5
9.571689729094202E-5
9.581093616026632E-5
9.590509979373257E-5
9.599938882879261E-5
9.609380390702126E-5
9.618834567411345E-5
9.628301477988036E-5
9.637781187824454E-5
9.647273762723426E-5
9.656779268897671E-5
9.66629777296905E-5
9.675829341967689E-5
9.685374043331045E-5
9.694931944902871E-5
9.704503114932053E-5
9.714087622071482E-5
9.723685535376677E-5
9.733296924304431E-5
9.742921858711403E-5
9.752560408852509E-5
9.762212645379341E-5
9.771878639338447E-5
9.781558462169587E-5
9.791252185703833E-5
9.800959882161723E-5
9.810681624151193E-5
9.820417484665581E-5
9.830167537081408E-5
9.839931855156253E-5
9.849710513026429E-5
9.859503585204677E-5
9.869311146577706E-5
9.879133272403818E-5
9.888970038310322E-5
9.898821520290902E-5
9.908687794703078E-5
9.918568938265387E-5
9.92846502805465E-5
9.938376141503192E-5
9.948302356395894E-5
9.958243750867302E-5
9.968200403398616E-5
9.978172392814634E-5
9.988159798280699E-5
9.998162699299535E-5
1.0008181175708059E-4
1.001821530767414E-4
1.0028265175693283E-4
1.0038330860585329E-4
1.0048412443491068E-4
1.0058510005868825E-4
1.0068623629490943E-4
1.0078753396440349E-4
1.0088899389106946E-4
1.0099061690184068E-4
1.0109240382664788E-4
1.011943554983831E-4
1.0129647275286222E-4
1.0139875642878785E-4
1.0150120736771142E-4
1.0160382641399501E-4
1.0170661441477256E-4
1.0180957221991205E-4
1.0191270068197516E-4
1.0201600065617879E-4
1.0211947300035463E-4
1.0222311857490971E-4
1.0232693824278548E-4
1.0243093286941775E-4
1.0253510332269543E-4
1.0263945047291963E-4
1.0274397519276224E-4
1.0284867835722417E-4
1.0295356084359313E-4
1.0305862353140233E-4
1.0316386730238748E-4
1.0326929304044425E-4
1.0337490163158594E-4
1.0348069396390013E-4
1.035866709275053E-4
1.0369283341450812E-4
1.0379918231895922E-4
1.0390571853680987E-4
1.0401244296586797E-4
1.04119356505754E-4
1.0422646005785661E-4
1.0433375452528861E-4
1.0444124081284225E-4
1.0454891982694472E-4
1.0465679247561316E-4
1.0476485966840974E-4
1.0487312231639705E-4
1.0498158133209245E-4
1.0509023762942328E-4
1.0519909212368114E-4
1.053081457314769E-4
1.0541739937069505E-4
1.0552685396044758E-4
1.0563651042102919E-4
1.0574636967387087E-4
1.0585643264149446E-4
1.0596670024746666E-4
1.0607717341635325E-4
1.0618785307367257E-4
1.0629874014585054E-4
1.0640983556017352E-4
1.0652114024474303E-4
1.0663265512842936E-4
1.067443811408251E-4
1.0685631921219973E-4
1.0696847027345292E-4
1.0708083525606814E-4
1.0719341509206725E-4
1.0730621071396373E-4
1.0741922305471665E-4
1.0753245304768484E-4
1.0764590162658003E-4
1.0775956972542146E-4
1.0787345827848928E-4
1.0798756822027866E-4
1.0810190048545413E-4
1.0821645600880284E-4
1.0833123572518903E-4
1.0844624056950849E-4
1.0856147147664197E-4
1.0867692938141009E-4
1.0879261521852795E-4
1.0890852992255998E-4
1.0902467442787544E-4
1.091410496686053E-4
1.0925765657860149E-4
1.0937449609139968E-4
1.09491569140189E-4
1.0960887665779498E-4
1.0972641957668553E-4
1.0984419882901669E-4
1.099622153467501E-4
1.1008047006189451E-4
1.1019896390696257E-4
1.1031769781579512E-4
1.1043667272500974E-4
1.105558895764976E-4
1.1067534932166522E-4
1.1079505292854781E-4
1.10915001393606E-4
1.1103519576107365E-4
1.1115563715435681E-4
1.1127632682645125E-4
1.113972662400384E-4
1.1151845719336299E-4
1.1163990201589922E-4
1.1176160386910538E-4
1.1188356720344414E-4
1.1200579844475874E-4
1.1212830701277543E-4
1.1225110681385394E-4
1.1237421840111297E-4
1.1249767205944632E-4
1.1262151215187639E-4
1.1274580315706269E-4
1.1287063793354293E-4
1.1299614885934315E-4
1.1312252260681201E-4
1.1325001940742617E-4
1.1337899771918179E-4
1.135099452023749E-4
1.1364351680385567E-4
1.1378058050568863E-4
1.1392227086997203E-4
1.1407004986879513E-4
1.1422577359879045E-4
1.1439176233523192E-4
1.145708700036476E-4
1.147665476018481E-4
1.1498289350764583E-4
1.1522468212909113E-4
1.1549736122063229E-4
1.1580700766815338E-4
1.1616023192444392E-4
1.1656402282207004E-4
1.170255274049797E-4
1.175517647863613E-4
1.1814927876936665E-4
1.1882374075714922E-4
1.1957952179477553E-4
1.2041925967505976E-4
1.2134345298650049E-4
1.223501178441328E-4
1.2343454368718618E-4
1.2458918169362324E-4
1.2580369228878488E-4
1.2706516731039171E-4
1.2835852832893607E-4
1.2966708669351552E-4
1.3097323479280975E-4
1.3225922373358924E-4
1.335079720507553E-4
1.34703844746014E-4
1.3583334287538314E-4
1.368856512393376E-4
1.378530047709903E-4
1.387308514590555E-4
1.395178089751469E-4
1.40215431203925E-4
1.408278172835115E-4
1.4136110766816695E-4
1.4182291794813577E-4
1.4222176137978509E-4
1.4256650582113934E-4
1.4286590126722935E-4
1.4312820212145276E-4
1.433608955535203E-4
1.4357053545872915E-4
1.437626719358307E-4
1.4394185960388462E-4
1.4411172469031933E-4
1.442750703671605E-4
1.4443400166921295E-4
1.4459005470039577E-4
1.4474431891284143E-4
1.44897545332363E-4
1.4505023719905958E-4
1.4520272230423957E-4
1.453552082424272E-4
1.455078229183623E-4
1.4566064310494382E-4
1.458137138285874E-4
1.4596706104874084E-4
1.4612069965242605E-4
1.4627463831392245E-4
1.464288823425633E-4
1.465834352910609E-4
1.4673829983048346E-4
1.468934782084813E-4
1.470489724800698E-4
1.4720478461924683E-4
1.473609165707108E-4
1.4751737027270597E-4
1.47674147666545E-4
1.478312507002454E-4
1.479886813296852E-4
1.481464415187608E-4
1.483045332391675E-4
1.4846295847004232E-4
1.4862171919756545E-4
1.4878081741454832E-4
1.4894025512002455E-4
1.4910003431884217E-4
1.492601570212613E-4
1.4942062524255667E-4
1.4958144100262562E-4
1.4974260632559858E-4
1.4990412323945664E-4
1.5006599377565392E-4
1.5022821996874274E-4
1.5039080385600474E-4
1.505537474770868E-4
1.5071705287364063E-4
1.5088072208896815E-4
1.5104475716766984E-4
1.5120916015529928E-4
1.5137393309802024E-4
1.5153907804226966E-4
1.5170459703442484E-4
1.518704921204742E-4
1.520367653456922E-4
1.5220341875432013E-4
1.5237045438924905E-4
1.5253787429170797E-4
1.5270568050095685E-4
1.5287387505398222E-4
1.5304245998519765E-4
1.5321143732614795E-4
1.533808091052189E-4
1.535505773473475E-4
1.537207440737405E-4
1.538913113015926E-4
1.5406228104381228E-4
1.542336553087489E-4
1.5440543609992436E-4
1.5457762541576896E-4
1.5475022524936077E-4
1.5492323758816773E-4
1.5509666441379546E-4
1.5527050770173666E-4
1.554447694211249E-4
1.556194515344931E-4
1.5579455599753334E-4
1.55970084758862E-4
1.561460397597878E-4
1.563224229340828E-4
1.5649923620775758E-4
1.566764814988396E-4
1.5685416071715435E-4
1.5703227576411078E-4
1.5721082853248957E-4
1.5738982090623404E-4
1.5756925476024633E-4
1.5774913196018307E-4
1.579294543622586E-4
1.5811022381304892E-4
1.582914421492982E-4
1.5847311119773064E-4
1.5865523277486316E-4
1.5883780868682223E-4
1.5902084072916405E-4
1.5920433068669672E-4
1.5938828033330613E-4
1.5957269143178517E-4
1.5975756573366367E-4
1.5994290497904406E-4
1.601287108964386E-4
1.603149852026091E-4
1.6050172960240972E-4
1.6068894578863247E-4
1.6087663544185664E-4
1.6106480023029884E-4
1.612534418096672E-4
1.6144256182301826E-4
1.6163216190061535E-4
1.6182224365979102E-4
1.6201280870481167E-4
1.62203858626744E-4
1.6239539500332453E-4
1.6258741939883235E-4
1.6277993336396275E-4
1.629729384357046E-4
1.6316643613722084E-4
1.633604279777288E-4
1.635549154523859E-4
1.6374990004217532E-4
1.6394538321379666E-4
1.6414136641955572E-4
1.6433785109725913E-4
1.6453483867011053E-4
1.6473233054660838E-4
1.6493032812044776E-4
1.6512883277042104E-4
1.6532784586032587E-4
1.6552736873886984E-4
1.6572740273958128E-4
1.6592794918072044E-4
1.6612900936519324E-4
1.66330584580467E-4
1.6653267609848872E-4
1.667352851756041E-4
1.6693841305248078E-4
1.6714206095403127E-4
1.6734623008933926E-4
1.6755092165158823E-4
1.6775613681799045E-4
1.6796187674971984E-4
1.6816814259184502E-4
1.6837493547326504E-4
1.6858225650664762E-4
1.6879010678836807E-4
1.6899848739845117E-4
1.692073994005132E-4
1.6941684384170856E-4
1.6962682175267503E-4
1.6983733414748314E-4
1.700483820235856E-4
1.7025996636177055E-4
1.7047208812611406E-4
1.7068474826393632E-4
1.708979477057584E-4
1.7111168736526098E-4
1.7132596813924486E-4
1.7154079090759297E-4
1.7175615653323452E-4
1.719720658621092E-4
1.721885197231344E-4
1.7240551892817405E-4
1.7262306427200848E-4
1.7284115653230542E-4
1.7305979646959285E-4
1.7327898482723467E-4
1.734987223314061E-4
1.7371900969107178E-4
1.739398475979667E-4
1.7416123672657754E-4
1.7438317773412997E-4
1.7460567126058007E-4
1.748287179286142E-4
1.7505231834366437E-4
1.752764730939475E-4
1.7550118275055094E-4
1.7572644786759253E-4
1.7595226898251576E-4
1.7617864661661733E-4
1.7640558127597294E-4
1.7663307345304314E-4
1.7686112362942625E-4
1.7708973228052825E-4
1.773188998834093E-4
1.7754862692983075E-4
1.7777891394773576E-4
1.780097615362577E-4
1.7824117042218119E-4
1.7847314155005836E-4
1.7870567622449196E-4
1.7893877633233873E-4
1.7917244468584765E-4
1.79406685546504E-4
1.796415054153828E-4
1.7987691421128898E-4
1.8011292700528632E-4
1.8034956654194606E-4
1.805868668561405E-4
1.8082487839115035E-4
1.810636751395763E-4
1.813033644609909E-4
1.8154410037386125E-4
1.817861012633602E-4
1.8202967307417013E-4
1.8227523914321307E-4
1.8252337783759268E-4
1.8277486905535084E-4
1.8303075037110495E-4
1.8329238311180846E-4
1.835615278788684E-4
1.8384042795231055E-4
1.841318976046964E-4
1.8443941063834868E-4
1.8476718251210717E-4
1.851202373805334E-4
1.8550444943826784E-4
1.8592654642503767E-4
1.863940623399882E-4
1.8691522670391373E-4
1.8749877944513726E-4
1.8815370394472812E-4
1.8888887609144102E-4
1.8971263428597092E-4
1.906322838494149E-4
1.9165355858616538E-4
1.9278007139518475E-4
1.9401280942894775E-4
1.9534967128200062E-4
1.9678514047506438E-4
1.9831012258113702E-4
1.999119809743736E-4
2.0157479279960504E-4
2.032798292141407E-4
2.0500624381414325E-4
2.0673193257077224E-4
2.0843451003876477E-4
2.1009233252317717E-4
2.116854913701418E-4
2.1319669991297008E-4
2.1461200617945697E-4
2.1592127945647055E-4
2.1711844037248032E-4
2.1820142865723965E-4
2.1917192712289426E-4
2.2003488169467357E-4
2.2079787303175643E-4
2.214704038306138E-4
2.2206316678997565E-4
2.2258735203136286E-4
2.230540410272714E-4
2.2347371891184604E-4
2.2385592077290195E-4
2.2420901231644233E-4
2.2454009284323108E-4
2.2485499980416952E-4
2.251583896195842E-4
2.2545386864159035E-4
2.2574415033869478E-4
2.2603121897935732E-4
2.26316485249282E-4
2.266009244563021E-4
2.2688519259752112E-4
2.2716971920157651E-4
2.2745477838415952E-4
2.2774054103292068E-4
2.2802711165699366E-4
2.2831455343721286E-4
2.2860290463315227E-4
2.2889218894127123E-4
2.291824217993444E-4
2.2947361408568392E-4
2.2976577421132292E-4
2.300589092602602E-4
2.3035302558814047E-4
2.3064812912506577E-4
2.3094422552324013E-4
2.312413202265363E-4
2.3153941850239423E-4
2.3183852545630726E-4
2.3213864603860679E-4
2.324397850479856E-4
2.3274194713370115E-4
2.330451367972664E-4
2.3334935839394646E-4
2.3365461613418149E-4
2.3396091408498036E-4
2.3426825617129684E-4
2.3457664617739676E-4
2.3488608774821187E-4
2.351965843906883E-4
2.3550813947512307E-4
2.3582075623649083E-4
2.3613443777576484E-4
2.3644918706122557E-4
2.3676500692976191E-4
2.3708190008816252E-4
2.373998691143995E-4
2.3771891645890084E-4
2.3803904444581864E-4
2.383602552742823E-4
2.3868255101964787E-4
2.3900593363473724E-4
2.3933040495106826E-4
2.3965596668007618E-4
2.3998262041432806E-4
2.4031036762872665E-4
2.4063920968170753E-4
2.409691478164273E-4
2.4130018316194209E-4
2.4163231673438149E-4
2.419655494381095E-4
2.422998820668811E-4
2.4263531530498825E-4
2.4297184972839992E-4
2.4330948580589194E-4
2.4364822390017058E-4
2.439880642689871E-4
2.44329007066245E-4
2.4467105234309884E-4
2.450142000490461E-4
2.453584500330115E-4
2.457038020444204E-4
2.460502557342703E-4
2.4639781065618913E-4
2.4674646626748924E-4
2.470962219302128E-4
2.4744707691216986E-4
2.477990303879694E-4
2.481520814400408E-4
2.485062290596519E-4
2.488614721479165E-4
2.4921780951679456E-4
2.495752398900883E-4
2.4993376190442766E-4
2.5029337411025006E-4
2.506540749727733E-4
2.510158628729609E-4
2.513787361084809E-4
2.5174269289465745E-4
2.5210773136541404E-4
2.5247384957421314E-4
2.52841045494986E-4
2.5320931702305614E-4
2.53578661976058E-4
2.539490780948468E-4
2.543205630444018E-4
2.5469311441472407E-4
2.550667297217275E-4
2.5544140640812094E-4
2.5581714184428863E-4
2.5619393332915815E-4
2.5657177809106666E-4
2.5695067328861907E-4
2.573306160115382E-4
2.577116032815119E-4
2.58093632053032E-4
2.584766992142252E-4
2.58860801587681E-4
2.592459359312726E-4
2.5963209893897093E-4
2.60019287241651E-4
2.604074974078967E-4
2.607967259447939E-4
2.611869692987236E-4
2.6157822385614293E-4
2.6197048594436427E-4
2.623637518323285E-4
2.6275801773137055E-4
2.6315327979597975E-4
2.635495341245526E-4
2.6394677676014685E-4
2.6434500369121967E-4
2.64744210852367E-4
2.651443941250559E-4
2.6554554933835015E-4
2.659476722696314E-4
2.663507586453143E-4
2.667548041415546E-4
2.6715980438495604E-4
2.675657549532661E-4
2.6797265137607157E-4
2.6838048913548556E-4
2.68789263666829E-4
2.691989703593101E-4
2.69609604556694E-4
2.7002116155797084E-4
2.704336366180163E-4
2.7084702494824936E-4
2.712613217172813E-4
2.7167652205156375E-4
2.720926210360278E-4
2.725096137147214E-4
2.729274950914391E-4
2.733462601303481E-4
2.7376590375660946E-4
2.741864208569933E-4
2.7460780628049014E-4
2.750300548389178E-4
2.754531613075215E-4
2.758771204255706E-4
2.7630192689695086E-4
2.7672757539075067E-4
2.771540605418432E-4
2.7758137695146445E-4
2.7800951918778696E-4
2.784384817864849E-4
2.788682592513006E-4
2.7929884605460255E-4
2.7973023663793934E-4
2.801624254125913E-4
2.805954067601133E-4
2.810291750328784E-4
2.814637245546116E-4
2.818990496209251E-4
2.8233514449984307E-4
2.827720034323277E-4
2.8320962063279627E-4
2.836479902896372E-4
2.840871065657216E-4
2.8452696359891036E-4
2.8496755550255776E-4
2.8540887636601395E-4
2.858509202551284E-4
2.86293681212754E-4
2.867371532592599E-4
2.871813303930667E-4
2.876262065912198E-4
2.88071775810032E-4
2.885180319858618E-4
2.8896496903611644E-4
2.894125808606624E-4
2.898608613439276E-4
2.9030980435818036E-4
2.9075940376879235E-4
2.91209653442802E-4
2.916605472629077E-4
2.921120791503106E-4
2.9256424310180907E-4
2.930170332495946E-4
2.934704439568004E-4
2.939244699686933E-4
2.943791066494478E-4
2.9483435034892284E-4
2.952901989644248E-4
2.9574665279113755E-4
2.962037157941323E-4
2.966613974874993E-4
2.971197156750892E-4
2.975787003955011E-4
2.980383995234188E-4
2.9849888661093497E-4
2.9896027170413984E-4
2.994227160363035E-4
2.99886451667848E-4
3.00351807296272E-4
3.0081924156826384E-4
3.012893852533229E-4
3.0176309353484E-4
3.022415093833638E-4
3.0272613843546677E-4
3.032189349497007E-4
3.0372239720023584E-4
3.042396690760218E-4
3.0477464269751376E-4
3.053320546214548E-4
3.059175658280735E-4
3.0653781340905404E-4
3.072004200171642E-4
3.079139460877446E-4
3.0868777002494E-4
3.0953188337591093E-4
3.1045659182852295E-4
3.114721188365601E-4
3.1258811673495215E-4
3.1381309998078035E-4
3.151538259222858E-4
3.166203621011027E-4
3.182140098469281E-4
3.199325458962709E-4
3.217698316262622E-4
3.2371560802802265E-4
3.2575551800948367E-4
3.278713824973878E-4
3.300417367325371E-4
3.3224260989323754E-4
3.3444850719960046E-4
3.366335318128897E-4
3.387725670338227E-4
3.408424299816398E-4
3.428229077198996E-4
3.4469759614608826E-4
3.4645448003973946E-4
3.480862173928231E-4
3.49590119495925E-4
3.5096784668752455E-4
3.522248646918137E-4
3.533697251481847E-4
3.544132443560134E-4
3.553676557630554E-4
3.5624580494010046E-4
3.57060442425123E-4
3.578236523313987E-4
3.5854643571498124E-4
3.59238449928943E-4
3.599078905520527E-4
3.605614921965312E-4
3.612046189727398E-4
3.6184141427938375E-4
3.6247498201779727E-4
3.631075761312467E-4
3.637407813353535E-4
3.6437567397810906E-4
3.650129573684531E-4
3.6565307018206845E-4
3.6629626953047146E-4
3.669426920343824E-4
3.6759239699037024E-4
3.6824539573981994E-4
3.68901670918552E-4
3.695611886169723E-4
3.702239057847323E-4
3.7088977457663526E-4
3.715587448103209E-4
3.7223076530469546E-4
3.7290578458121996E-4
3.735837512169234E-4
3.74264614014682E-4
3.7494832208150855E-4
3.7563482486245684E-4
3.7632407215401164E-4
3.7701601410841E-4
3.777106012341386E-4
3.7840778439488757E-4
3.791075148079254E-4
3.798097440422605E-4
3.805144240167418E-4
3.812215069981382E-4
3.81930945599224E-4
3.8264269277687036E-4
3.833567018301432E-4
3.8407292639841274E-4
3.8479132045947167E-4
3.85511838327659E-4
3.862344346519982E-4
3.8695906441434065E-4
3.8768568292751757E-4
3.8841424583350537E-4
3.891447091015936E-4
3.898770290265666E-4
3.9061116222689193E-4
3.913470656429161E-4
3.920846965350735E-4
3.9282401248209886E-4
3.9356497137925134E-4
3.943075314365454E-4
3.9505165117699237E-4
3.9579728943484976E-4
3.965444053538777E-4
3.9729295838560367E-4
3.980429082875988E-4
3.9879421512175895E-4
3.9954683925259664E-4
4.003007413455396E-4
4.010558823652369E-4
4.018122235738769E-4
4.025697265295089E-4
4.0332835308437613E-4
4.040880653832556E-4
4.0484882586180594E-4
4.0561059724492245E-4
4.063733425451028E-4
4.0713702506081797E-4
4.079016083748923E-4
4.086670563528921E-4
4.094333331415193E-4
4.102004031670172E-4
4.1096823113358E-4
4.117367820217734E-4
4.125060210869589E-4
4.1327591385773016E-4
4.1404642613435523E-4
4.1481752398722416E-4
4.1558917375530746E-4
4.163613420446214E-4
4.1713399572669953E-4
4.17907101937072E-4
4.186806280737538E-4
4.1945454179573787E-4
4.2022881102149907E-4
4.2100340392750205E-4
4.2177828894671805E-4
4.225534347671487E-4
4.233288103303573E-4
4.2410438483000767E-4
4.248801277104091E-4
4.256560086650701E-4
4.264319976352557E-4
4.272080648085573E-4
4.2798418061746517E-4
4.287603157379494E-4
4.295364410880479E-4
4.3031252782646333E-4
4.31088547351161E-4
4.318644712979805E-4
4.326402715392509E-4
4.334159201824144E-4
4.3419138956865273E-4
4.349666522715252E-4
4.3574168109561086E-4
4.365164490751593E-4
4.3729092947274493E-4
4.38065095777932E-4
4.3883892170594224E-4
4.396123811963327E-4
4.403854484116768E-4
4.4115809773625483E-4
4.419303037747489E-4
4.42702041350945E-4
4.434732855064438E-4
4.4424401149937345E-4
4.450141948031116E-4
4.4578381110501274E-4
4.4655283630514565E-4
4.4732124651502897E-4
4.480890180563821E-4
4.4885612745987596E-4
4.4962255146389413E-4
4.503882670132959E-4
4.511532512581905E-4
4.5191748155271294E-4
4.526809354538097E-4
4.534435907200267E-4
4.542054253103076E-4
4.549664173827937E-4
4.557265452936345E-4
4.5648578759579904E-4
4.572441230378982E-4
4.580015305630097E-4
4.587579893075105E-4
4.5951347859991354E-4
4.602679779597125E-4
4.6102146709622947E-4
4.617739259074737E-4
4.6252533447899683E-4
4.6327567308276755E-4
4.640249221760354E-4
4.6477306240021523E-4
4.655200745797678E-4
4.662659397210904E-4
4.6701063901141194E-4
4.6775415381769244E-4
4.684964656855309E-4
4.6923755633807577E-4
4.6997740767494274E-4
4.7071600177113655E-4
4.714533208759806E-4
4.7218934741205006E-4
4.7292406397410976E-4
4.7365745332806047E-4
4.7438949840988696E-4
4.751201823246148E-4
4.758494883452694E-4
4.765773999118421E-4
4.7730390063026166E-4
4.7802897427136933E-4
4.787526047699021E-4
4.794747762234782E-4
4.801954728915896E-4
4.8091467919459855E-4
4.816323797127411E-4
4.8234855918513457E-4
4.8306320250879277E-4
4.8377629473764737E-4
4.844878210815769E-4
4.8519776690544907E-4
4.8590611772817837E-4
4.8661285922181326E-4
4.8731797721066674E-4
4.880214576705204E-4
4.88723286727962E-4
4.894234506599493E-4
4.901219358937564E-4
4.908187290075866E-4
4.915138167323105E-4
4.922071859550911E-4
4.928988237261706E-4
4.935887172708494E-4
4.942768540099703E-4
4.949632215941104E-4
4.956478079596883E-4
4.963306014196659E-4
4.970115908082453E-4
4.976907657088345E-4
4.983681168088299E-4
4.990436364451256E-4
4.997173194326946E-4
5.003891643076454E-4
5.01059175168671E-4
5.017273643698327E-4
5.023937564061592E-4
5.030583934439086E-4
5.037213430804273E-4
5.043827090727664E-4
5.050426459439484E-4
5.057013785498899E-4
5.063592278496408E-4
5.070166442389787E-4
5.076742498439127E-4
5.083328910772324E-4
5.089937024791613E-4
5.09658182328485E-4
5.103282796602055E-4
5.110064911086517E-4
5.11695964384996E-4
5.124006032111448E-4
5.131251662431229E-4
5.138753500769168E-4
5.146578440747031E-4
5.154803428027977E-4
5.163515007313219E-4
5.172808139482996E-4
5.182784154174945E-4
5.193547741109802E-4
5.205202943651884E-4
5.21784819989459E-4
5.231570576297299E-4
5.267066194140925E-4
5.303579875568799E-4
5.341127152677671E-4
5.379687669106757E-4
5.419201122558834E-4
5.459565095597006E-4
5.500635206521122E-4
5.542227858609727E-4
5.584125660949022E-4
5.626085355459619E-4
5.66784783775577E-4
5.709149633626591E-4
5.749735018025277E-4
5.789367865058499E-4
5.82784231257141E-4
5.864991418630795E-4
5.900693171206996E-4
5.934873465538838E-4
5.96750595497032E-4
5.998608974062768E-4
6.028239991351372E-4
6.056488242895554E-4
6.083466306758547E-4
6.109301395692437E-4
6.134127076814858E-4
6.158075990474349E-4
6.181273960925682E-4
6.203835696901946E-4
6.225862096937353E-4
6.247439023054561E-4
6.268637299963175E-4
6.289513639447115E-4
6.310112177737408E-4
6.330466338367284E-4
6.350600782278796E-4
6.370533268315132E-4
6.390276309789277E-4
6.409838568506892E-4
6.429225971681417E-4
6.448442567928875E-4
6.467491156672496E-4
6.486373733039706E-4
6.505091790570839E-4
6.523646519636822E-4
6.542038932789712E-4
6.560269941101005E-4
6.578340398976309E-4
6.596251129510971E-4
6.614002938312309E-4
6.631596620757022E-4
6.649032965660637E-4
6.666312757064508E-4
6.683436775075383E-4
6.700405796247797E-4
6.717220593755094E-4
6.733881937467036E-4
6.750390593987902E-4
6.766747326678516E-4
6.782952895672249E-4
6.799008057888631E-4
6.814913567046243E-4
6.830670173675198E-4
6.846278625129579E-4
6.861739665599807E-4
6.877054036124889E-4
6.892222474604692E-4
6.907245715812157E-4
6.922124491405433E-4
6.936859529939996E-4
6.951451556880721E-4
6.96590129461391E-4
6.98020946245925E-4
6.994376776681789E-4
7.00840395050379E-4
7.022291694116591E-4
7.03604071469242E-4
7.049651716396141E-4
7.063125400397E-4
7.07646246488027E-4
7.089663605058873E-4
7.102729513185044E-4
7.11566087856179E-4
7.128458387554433E-4
7.141122723602088E-4
7.153654567229062E-4
7.166054596056217E-4
7.178323484812376E-4
7.190461905345522E-4
7.202470526634122E-4
7.214350014798324E-4
7.226101033111103E-4
7.237724242009418E-4
7.249220299105289E-4
7.260589859196865E-4
7.271833574279387E-4
7.282952093556186E-4
7.293946063449626E-4
7.304816127611956E-4
7.31556292693617E-4
7.326187099566808E-4
7.336689280910744E-4
7.34707010364788E-4
7.357330197741868E-4
7.36747019045071E-4
7.377490706337419E-4
7.387392367280571E-4
7.397175792484799E-4
7.406841598491327E-4
7.416390399188425E-4
7.425822805821808E-4
7.435139427004989E-4
7.444340868729651E-4
7.453427734375942E-4
7.46240062472271E-4
7.471260137957784E-4
7.48000686968808E-4
7.488641412949816E-4
7.497164358218561E-4
7.505576293419383E-4
7.513877803936828E-4
7.522069472624926E-4
7.530151879817183E-4
7.538125603336447E-4
7.545991218504874E-4
7.553749298153724E-4
7.561400412633182E-4
7.568945129822146E-4
7.576384015137999E-4
7.583717631546231E-4
7.590946539570198E-4
7.598071297300718E-4
7.605092460405679E-4
7.612010582139576E-4
7.618826213353085E-4
7.625539902502501E-4
7.632152195659241E-4
7.638663636519237E-4
7.645074766412354E-4
7.651386124311722E-4
7.657598246843042E-4
7.663711668293885E-4
7.669726920622935E-4
7.675644533469208E-4
7.681465034161243E-4
7.687188947726219E-4
7.692816796899087E-4
7.698349102131641E-4
7.703786381601566E-4
7.709129151221466E-4
7.714377924647783E-4
7.71953321328981E-4
7.724595526318581E-4
7.729565370675699E-4
7.734443251082263E-4
7.739229670047613E-4
7.743925127878137E-4
7.748530122686018E-4
7.75304515039793E-4
7.757470704763749E-4
7.761807277365171E-4
7.766055357624332E-4
7.770215432812429E-4
7.774287988058217E-4
7.778273506356565E-4
7.782172468576935E-4
7.78598535347185E-4
7.789712637685284E-4
7.793354795761117E-4
7.796912300151427E-4
7.800385621224879E-4
7.803775227274989E-4
7.80708158452842E-4
7.810305157153189E-4
7.813446407266906E-4
7.81650579494493E-4
7.81948377822853E-4
7.822380813132996E-4
7.825197353655706E-4
7.827933851784211E-4
7.830590757504253E-4
7.833168518807739E-4
7.835667581700726E-4
7.838088390211368E-4
7.840431386397775E-4
7.842697010355947E-4
7.844885700227596E-4
7.84699789220794E-4
7.849034020553523E-4
7.85099451758997E-4
7.852879813719698E-4
7.854690337429633E-4
7.856426515298896E-4
7.858088772006415E-4
7.859677530338556E-4
7.861193211196727E-4
7.862636233604917E-4
7.864007014717281E-4
7.865305969825621E-4
7.866533512366961E-4
7.867690053931104E-4
7.868776004268192E-4
7.869791771296579E-4
7.870737761110813E-4
7.871614377990269E-4
7.872422024408711E-4
7.873161101045578E-4
7.873832006800376E-4
7.87443513881225E-4
7.874970892488579E-4
7.875439661548735E-4
7.875841838093297E-4
7.876177812715202E-4
7.876447974679726E-4
7.876652712215635E-4
7.876792412984421E-4
7.876867464830958E-4
7.876878256974277E-4
7.876825181877646E-4
7.876708638155077E-4
7.876529035038115E-4
7.876286799161293E-4
7.875982384746477E-4
7.875616288699601E-4
7.87518907270338E-4
7.874701395122017E-4
7.874154056447005E-4
7.873548063116472E-4
7.872884715819035E-4
7.872165729803421E-4
7.87139339616199E-4
7.870570794386501E-4
7.869702067475044E-4
7.868792771180129E-4
7.867850308220561E-4
7.866884455944772E-4
7.86590799149733E-4
7.864937411477147E-4
7.863993732957712E-4
7.863103349348365E-4
7.862298898041032E-4
7.86162007773657E-4
7.861114333032833E-4
7.860837304257361E-4
7.860852924339682E-4
7.861233035054782E-4
7.862056395893643E-4
7.863406973715151E-4
7.865371433133904E-4
7.868035797885158E-4
7.871481321719603E-4
0.0015336226162730238
0.0015299592527349623
0.0015264049504007137
0.0015229601976335793
0.001519622512689582
0.0015163861380383765
0.0015132418940103102
0.001510177225338832
0.0015071764610352035
0.0015042212908640048
0.001501291442034012
0.0014983655196915506
0.0014954219568281562
0.0014924400056967326
0.0014894006957826699
0.0014862876840714342
0.0014830879320715349
0.001479792159972722
0.001476395049601047
0.0014728951918593128
0.0014692947981154126
0.0014655992156024174
0.0014618163019307466
0.0014579557217712768
0.0014540282292086772
0.0014500449928211876
0.0014460170087466394
0.0014419546319523453
0.001437867239937516
0.0014337630282739288
0.0014296489253608706
0.001425530605499584
0.0014214125751475075
0.001417298306650163
0.0014131903960885941
0.0014090907261214845
0.0014050006198246005
0.0014009209766620272
0.0013968523862300437
0.0013927952189340077
0.0013887496951772087
0.0013847159360338495
0.0013806939989376645
0.0013766839018825216
0.0013726856392346951
0.0013686991916918036
0.0013647245323298598
0.0013607616301428325
0.0013568104520393753
0.0013528709639278591
0.0013489431312840138
0.0013450269194365716
0.001341122293705357
0.00133722921946532
0.0013333476621749246
0.0013294775873881012
0.0013256189607589513
0.0013217717480434074
0.0013179359150996479
0.0013141114278880555
0.0013102982524709947
0.001306496355012547
0.001302705701778202
0.0012989262591345681
0.001295157993549071
0.0012914008715896493
0.0012876548599244553
0.001283919925321564
0.0012801960346486676
0.00127648315487278
0.0012727812530599477
0.0012690902963749455
0.0012654102520809891
0.0012617410875394373
0.0012580827702095062
0.0012544352676479675
0.0012507985475088699
0.0012471725775432393
0.001243557325598796
0.0012399527596196624
0.0012363588476460813
0.0012327755578141232
0.0012292028583554037
0.0012256407175968013
0.0012220891039601669
0.0012185479859620504
0.0012150173322134097
0.0012114971114193316
0.0012079872923787553
0.0012044878439841855
0.0012009987352214243
0.00119751993516928
0.0011940514129993004
0.0011905931379754906
0.0011871450794540394
0.0011837072068830476
0.0011802794898022409
0.0011768618978427183
0.0011734544007266623
0.0011700569682670718
0.0011666695703674947
0.0011632921770217536
0.0011599247583136785
0.001156567284416841
0.001153219725594284
0.0011498820521982527
0.0011465542346699303
0.0011432362435391727
0.0011399280494242521
0.001136629623031576
0.0011333409351554414
0.0011300619566777584
0.0011267926585678022
0.0011235330118819428
0.0011202829877633895
0.0011170425574419296
0.00111381169223367
0.0011105903635407828
0.0011073785428512473
0.0011041762017385912
0.0011009833118616403
0.0010977998449642555
0.001094625772875087
0.0010914610675073204
0.0010883057008584213
0.001085159645009886
0.0010820228721269884
0.001078895354458532
0.0010757770643366014
0.0010726679741763082
0.00106956805647555
0.0010664772838147615
0.0010633956288566644
0.0010603230643460265
0.0010572595631094138
0.0010542050980549469
0.0010511596421720554
0.0010481231685312406
0.001045095650283829
0.0010420770606617313
0.0010390673729772034
0.0010360665606226063
0.0010330745970701639
0.0010300914558717266
0.0010271171106585374
0.0010241515351409871
0.0010211947031083823
0.0010182465884287094
0.0010153071650483992
0.0010123764069920932
0.001009454288362408
0.0010065407833397045
0.001003635866181854
0.0010007395112240102
9.978516928783711E-4
9.949723856339547E-4
9.921015640563695E-4
9.892392027875828E-4
9.863852765456906E-4
9.835397601247005E-4
9.807026283942912E-4
9.778738562995959E-4
9.750534188609704E-4
9.722412911737741E-4
9.69437448408145E-4
9.666418658087676E-4
9.638545186946632E-4
9.61075382458956E-4
9.583044325686617E-4
9.555416445644595E-4
9.527869940604716E-4
9.5004045674405E-4
9.473020083755531E-4
9.445716247881265E-4
9.418492818874843E-4
9.39134955651698E-4
9.364286221309765E-4
9.337302574474511E-4
9.310398377949569E-4
9.283573394388233E-4
9.256827387156576E-4
9.230160120331341E-4
9.203571358697755E-4
9.177060867747507E-4
9.150628413676557E-4
9.124273763383032E-4
9.09799668446518E-4
9.071796945219215E-4
9.045674314637282E-4
9.01962856240531E-4
8.993659458901013E-4
8.967766775191785E-4
8.941950283032594E-4
8.91620975486401E-4
8.890544963810077E-4
8.864955683676337E-4
8.839441688947712E-4
8.814002754786575E-4
8.788638657030659E-4
8.76334917219114E-4
8.738134077450607E-4
8.712993150661207E-4
8.687926170342833E-4
8.662932915681507E-4
8.638013166528033E-4
8.613166703397215E-4
8.58839330746802E-4
8.563692760585335E-4
8.539064845264523E-4
8.514509344700815E-4
8.490026042786634E-4
8.465614724142434E-4
8.441275174169721E-4
8.417007179140436E-4
8.392810526345048E-4
8.368685004334608E-4
8.344630403311427E-4
8.320646515751786E-4
8.296733137386864E-4
8.272890068729836E-4
8.249117117424664E-4
8.225414101815309E-4
8.201780856302705E-4
8.178217239283561E-4
8.154723144763008E-4
8.131298519115196E-4
8.107943384941156E-4
8.084657874545733E-4
8.061442276217098E-4
8.038297097217684E-4
8.015223148135416E-4
7.99222165391477E-4
7.96929439736737E-4
7.946443901081933E-4
7.923673653200091E-4
7.900988381243845E-4
7.87839437579676E-4
7.855899862085805E-4
7.83351541217122E-4
7.811254383426737E-4
7.789133360368074E-4
7.767172567010478E-4
7.745396206482248E-4
7.723832674638195E-4
7.702514586325629E-4
7.681478548482868E-4
7.660764615291441E-4
7.640415368990628E-4
7.620474587161466E-4
7.600985484040941E-4
0.2705932787928074
