6.819086888337272E-5
1.4490318212533103E-4
2.3119104715411474E-4
3.282121314403437E-4
4.372626666438495E-4
4.916419219081116E-4
5.527315500403819E-4
6.213911338114932E-4
6.985453339803093E-4
7.851786472239164E-4
8.823997629795675E-4
9.91532154653478E-4
0.0011141516164516914
0.0012520291371010716
0.0014070102775260442
0.0015810642084820787
0.0017764627513213456
0.0019959320720285357
0.0022426148136741888
0.0025198014646913404
0.0028314183695282557
0.0031819184974714964
0.0035760601618423115
0.0040185950576254684
0.00451374950186784
0.005071732077402394
0.005702775780477471
0.006413869154539769
0.007207565824341559
0.008081937112536776
0.009090125661614363
0.010245280938252879
0.011534099467289553
0.012927142250550036
0.014386872915568708
0.01636025111754845
0.018571716539477603
0.02082107803356317
0.02296671742081637
0.024912485692748527
0.030595935024962755
0.03452521594692936
0.037043776218623224
0.03843746860995798
0.03894290751201814
0.07159506911777849
0.06287660920268555
0.05521946364638528
0.04849484850999392
0.04258947728859915
0.3071415906048827
