5.1404139147870144E-8
1.0413692634888362E-7
1.5815870458453198E-7
2.133919214649255E-7
2.6972569298113484E-7
3.2702267419262126E-7
3.8512761431027254E-7
4.4387680111053236E-7
5.031075244680099E-7
5.626667209881388E-7
6.224180946477589E-7
6.822472199862747E-7
7.420643913340474E-7
8.018052451353553E-7
8.614294155302033E-7
9.209176567412487E-7
9.802679623973288E-7
1.0394912285502242E-6
1.0986069534935105E-6
1.1576393627585741E-6
1.2166142158310131E-6
1.2755564160754905E-6
1.3344884267463206E-6
1.3934294066869651E-6
1.452394924710996E-6
1.5113970902784401E-6
1.5704449436457276E-6
1.6295449723869362E-6
1.6887016539911395E-6
1.747917958448739E-6
1.807195774955638E-6
1.866536250183073E-6
1.925940041223759E-6
1.9854074950827816E-6
2.044938769997901E-6
2.104533913732797E-6
2.16419291188755E-6
2.2239157164243176E-6
2.283702261790749E-6
2.3435524736436025E-6
2.4034662733654853E-6
2.4634435803016167E-6
2.523484312818552E-6
2.583588388782883E-6
2.6437557257679355E-6
2.703986241139117E-6
2.7642798520878307E-6
2.8246364756446767E-6
2.885056028684784E-6
2.9455384279303443E-6
3.0060835899521095E-6
3.0666914311706667E-6
3.127361867857597E-6
3.1880948161365826E-6
3.2488901919845865E-6
3.309747911232975E-6
3.3706678895686755E-6
3.4316500425353337E-6
3.4926942855344837E-6
3.5538005338267223E-6
3.6149687025328704E-6
3.6761987066351864E-6
3.737490460978553E-6
3.798843880271667E-6
3.860258879088267E-6
3.921735371868342E-6
3.983273272919349E-6
4.04487249641746E-6
4.1065329564087824E-6
4.168254566810633E-6
4.230037241412768E-6
4.291880893878646E-6
4.353785437746725E-6
4.415750786431695E-6
4.477776853225817E-6
4.539863551300155E-6
4.602010793705935E-6
4.664218493375811E-6
4.726486563125206E-6
4.788814915653629E-6
4.851203463546001E-6
4.913652119273996E-6
4.9761607951974045E-6
5.038729403565469E-6
5.1013578565182575E-6
5.1640460660880356E-6
5.226793944200658E-6
5.289601402676923E-6
5.35246835323403E-6
5.41539470748691E-6
5.478380376949699E-6
5.541425273037123E-6
5.604529307065959E-6
5.667692390256435E-6
5.730914433733736E-6
5.794195348529382E-6
5.85753504558275E-6
5.920933435742557E-6
5.9843904297682595E-6
6.047905938331655E-6
6.111479872018287E-6
6.17511214132901E-6
6.23880265668147E-6
6.302551328411667E-6
6.366358066775455E-6
6.4302227819500985E-6
6.494145384035825E-6
6.558125783057387E-6
6.62216388896563E-6
6.686259611639069E-6
6.75041286088548E-6
6.8146235464434976E-6
6.878891577984221E-6
6.943216865112817E-6
7.007599317370172E-6
7.0720388442345046E-6
7.1365353551230246E-6
7.201088759393563E-6
7.265698966346242E-6
7.330365885225181E-6
7.395089425220125E-6
7.459869495468185E-6
7.524706005055487E-6
7.5895988630189345E-6
7.654547978347878E-6
7.719553259985887E-6
7.784614616832469E-6
7.849731957744809E-6
7.914905191539574E-6
7.980134226994611E-6
8.045418972850764E-6
8.110759337813687E-6
8.176155230555607E-6
8.241606559717134E-6
8.307113233909091E-6
8.372675161714333E-6
8.438292251689623E-6
8.503964412367392E-6
8.569691552257715E-6
8.635473579850075E-6
8.701310403615312E-6
8.767201932007481E-6
8.833148073465761E-6
8.899148736416369E-6
8.965203829274461E-6
9.031313260446087E-6
9.09747693833016E-6
9.163694771320276E-6
9.22996666780687E-6
9.296292536179051E-6
9.36267228482662E-6
9.429105822142101E-6
9.495593056522692E-6
9.562133896372291E-6
9.628728250103591E-6
9.69537602614002E-6
9.76207713291788E-6
9.828831478888328E-6
9.895638972519568E-6
9.96249952229891E-6
1.0029413036734945E-5
1.0096379424359793E-5
1.0163398593731508E-5
1.0230470453436795E-5
1.0297594912094029E-5
1.036477187835743E-5
1.0432001260922549E-5
1.0499282968534835E-5
1.0566616910003274E-5
1.063400299422318E-5
1.0701441130215157E-5
1.0768931227192128E-5
1.0836473194675208E-5
1.0904066942692865E-5
1.0971712382121667E-5
1.1039409425264996E-5
1.1107157986827334E-5
1.1174957985539978E-5
1.1242809346848406E-5
1.1310712007310617E-5
1.1378665921724214E-5
1.1446671074555824E-5
1.1514727498077547E-5
1.1582835300836195E-5
1.1650994711850027E-5
1.1719206148448066E-5
1.1787470319195879E-5
1.1855788378202884E-5
1.1924162153643424E-5
1.1992594481939932E-5
1.2061089690143423E-5
1.2129654282922312E-5
1.2198297907390743E-5
1.2267034688624057E-5
1.2335885050494936E-5
1.2404878159092154E-5
1.2474055147196715E-5
1.2543473294651848E-5
1.2613211346191349E-5
1.268337613917795E-5
1.2754110681268736E-5
1.2825603753935284E-5
1.2898101013670059E-5
1.2971917411506483E-5
1.3047450549066535E-5
1.3125194336760355E-5
1.3205752025502389E-5
1.3289847365561242E-5
1.337833233436893E-5
1.3472189610384393E-5
1.35725278037649E-5
1.3680567444417658E-5
1.3797615931734906E-5
1.392503011669101E-5
1.4064165944820674E-5
1.4216315635368354E-5
1.4382634163650824E-5
1.4564058258748941E-5
1.4761222587588836E-5
1.497437909017108E-5
1.5203326357702065E-5
1.5447356307764214E-5
1.5705225046010316E-5
1.5975153618744805E-5
1.6254862359832263E-5
1.64902357005174E-5
1.6728307346049957E-5
1.696587326409819E-5
1.7199712512141314E-5
1.7426737714926207E-5
1.764413920710094E-5
1.7849511483990847E-5
1.8040952092441345E-5
1.8217125688736005E-5
1.8377289384742552E-5
1.852127927125725E-5
1.8649461670006952E-5
1.876265576552369E-5
1.8862036441043424E-5
1.8949027172576273E-5
1.9025192681599908E-5
1.9092139839843772E-5
1.9151433327194812E-5
1.9204530116110295E-5
1.925273436142645E-5
1.9297172039061787E-5
1.9338782938760282E-5
1.9378326500699025E-5
1.94163975068788E-5
1.945344771559818E-5
1.9489810019147605E-5
1.9525722443732062E-5
1.9561350136168968E-5
1.959680426448032E-5
1.963215741258003E-5
1.9667455530898365E-5
1.9702726810904466E-5
1.97379880044968E-5
1.9773248745664747E-5
1.9808514391573774E-5
1.98437878189556E-5
1.987907051676159E-5
1.9914363225451682E-5
1.9949666296675174E-5
1.998497988777689E-5
2.002030406282912E-5
2.005563884299814E-5
2.0090984230618897E-5
2.0126340220216207E-5
2.0161706803331377E-5
2.0197083970541342E-5
2.0232471712264853E-5
2.0267870019069687E-5
2.0303278881784286E-5
2.0338698291537282E-5
2.0374128239771597E-5
2.0409568718249866E-5
2.044501971905741E-5
2.0480481234604538E-5
2.0515953257628364E-5
2.0551435781194913E-5
2.0586928798700998E-5
2.0622432303876074E-5
2.0657946290784368E-5
2.0693470753826708E-5
2.0729005687742555E-5
2.0764551087611915E-5
2.0800106948857425E-5
2.083567326724631E-5
2.0871250038892335E-5
2.0906837260257933E-5
2.0942434928156173E-5
2.09780430397528E-5
2.1013661592568273E-5
2.1049290584479874E-5
2.1084930013723693E-5
2.1120579878896814E-5
2.1156240178959365E-5
2.1191910913236575E-5
2.122759208142087E-5
2.126328368357409E-5
2.129898572012957E-5
2.1334698191894246E-5
2.1370421100050866E-5
2.1406154446160117E-5
2.1441898232162807E-5
2.1477652460382063E-5
2.151341713352552E-5
2.1549192254687495E-5
2.1584977827351237E-5
2.16207738553912E-5
2.1656580343075148E-5
2.1692397295066595E-5
2.172822471642685E-5
2.1764062612617504E-5
2.1799910989502546E-5
2.1835769853350716E-5
2.1871639210837874E-5
2.190751906904922E-5
2.1943409435481673E-5
2.1979310318046183E-5
2.2015221725070184E-5
2.2051143665299776E-5
2.2087076147902214E-5
2.212301918246832E-5
2.2158972779014808E-5
2.219493694798675E-5
2.2230911700259923E-5
2.226689704714332E-5
2.230289300038156E-5
2.2338899572157276E-5
2.2374916775093723E-5
2.2410944622257155E-5
2.2446983127159297E-5
2.2483032303759895E-5
2.2519092166469256E-5
2.2555162730150705E-5
2.2591244010123086E-5
2.262733602216342E-5
2.2663438782509346E-5
2.2699552307861833E-5
2.273567661538765E-5
2.2771811722721912E-5
2.280795764797079E-5
2.2844114409714108E-5
2.2880282027007875E-5
2.2916460519387055E-5
2.2952649906868078E-5
2.2988850209951644E-5
2.3025061449625255E-5
2.3061283647365935E-5
2.3097516825142933E-5
2.3133761005420417E-5
2.3170016211160283E-5
2.3206282465824674E-5
2.324255979337888E-5
2.3278848218294003E-5
2.3315147765549735E-5
2.3351458460637178E-5
2.338778032956145E-5
2.342411339884472E-5
2.3460457695528727E-5
2.349681324717785E-5
2.3533180081881746E-5
2.3569558228258195E-5
2.3605947715456024E-5
2.3642348573157915E-5
2.367876083158316E-5
2.3715184521490704E-5
2.3751619674181858E-5
2.3788066321503363E-5
2.3824524495850025E-5
2.386099423016794E-5
2.3897475557957063E-5
2.3933968513274452E-5
2.3970473130736923E-5
2.4006989445524266E-5
2.4043517493381944E-5
2.4080057310624216E-5
2.4116608934136988E-5
2.4153172401380888E-5
2.418974775039416E-5
2.422633501979583E-5
2.426293424878851E-5
2.4299545477161584E-5
2.433616874529425E-5
2.4372804094158628E-5
2.4409451565323037E-5
2.444611120095556E-5
2.448278304382783E-5
2.4519467137319654E-5
2.455616352542497E-5
2.459287225276029E-5
2.4629593364577444E-5
2.466632690678436E-5
2.4703072925979814E-5
2.4739831469513173E-5
2.477660258558715E-5
2.481338632343598E-5
2.4850182733631765E-5
2.488699186860944E-5
2.492381378355919E-5
2.496064853793031E-5
2.499749619794411E-5
2.5034356840752627E-5
2.507123056125553E-5
2.5108117483163332E-5
2.514501777676994E-5
2.5181931687207566E-5
2.521885957888915E-5
2.525580200465436E-5
2.529275981215451E-5
2.532973430566643E-5
2.5366727489338892E-5
2.5403742428460568E-5
2.5440783779379564E-5
2.547785855689878E-5
2.5514977230928113E-5
2.5552155272273265E-5
2.5589415300600436E-5
2.562679002501199E-5
2.5664326207358675E-5
2.5702089916931772E-5
2.574017337709794E-5
2.5778703722019865E-5
2.5817853974589675E-5
2.5857856512442497E-5
2.58990191929587E-5
2.594174414548797E-5
2.5986548996061222E-5
2.6034089957343107E-5
2.6085185793185187E-5
2.614084116360014E-5
2.6202267299160163E-5
2.627089739004066E-5
2.6348393571428007E-5
2.643664203053292E-5
2.653773265185603E-5
2.665391986152163E-5
2.6787562022507966E-5
2.6941037934999192E-5
2.7116640724252845E-5
2.7316451597232507E-5
2.7542198480304476E-5
2.7795107187589626E-5
2.807575520950177E-5
2.8383940098507445E-5
2.871857540001886E-5
2.9077626812437376E-5
2.9458099550419735E-5
2.9856084681455363E-5
3.0266867663347743E-5
3.068509680115432E-5
3.110500343257842E-5
3.1520660040805895E-5
3.1926257924888084E-5
3.231638320044492E-5
3.268626924314766E-5
3.3032005431006784E-5
3.3350686063860315E-5
3.364048918345539E-5
3.390068195669462E-5
3.4131556426313156E-5
3.4334305863084914E-5
3.4510856880471844E-5
3.466367535193125E-5
3.4795564782447665E-5
3.490947425040449E-5
3.5008329772859926E-5
3.5094898581023764E-5
3.517169103179114E-5
3.524090039487011E-5
3.5304377071484455E-5
3.536363124360435E-5
3.541985662382836E-5
3.547396777952573E-5
3.552664420203055E-5
3.557837557038983E-5
3.562950420088171E-5
3.568026220611505E-5
3.573080221674993E-5
3.578122153769452E-5
3.583158029052133E-5
3.588191446476382E-5
3.593224492705521E-5
3.5982583395214884E-5
3.603293624624732E-5
3.608330685023255E-5
3.613369694569763E-5
3.618410741874675E-5
3.623453872715248E-5
3.6284991122020196E-5
3.6335464758955154E-5
3.638595975150632E-5
3.643647619576819E-5
3.648701418121238E-5
3.653757379524242E-5
3.6588155125021365E-5
3.6638758258171215E-5
3.6689383283028824E-5
3.674003028873642E-5
3.679069936527411E-5
3.684139060347252E-5
3.689210409501949E-5
3.694283993246546E-5
3.699359820922788E-5
3.704437901959585E-5
3.709518245873442E-5
3.714600862268928E-5
3.719685760839154E-5
3.724772951366201E-5
3.7298624437216094E-5
3.734954247866842E-5
3.740048373853756E-5
3.7451448318250787E-5
3.750243632014894E-5
3.7553447847491294E-5
3.760448300446025E-5
3.7655541896166595E-5
3.770662462865396E-5
3.775773130890426E-5
3.78088620448424E-5
3.7860016945341364E-5
3.791119612022752E-5
3.7962399680285396E-5
3.80136277372631E-5
3.806488040387717E-5
3.811615779381803E-5
3.81674600217551E-5
3.821878720334215E-5
3.827013945522241E-5
3.8321516895034006E-5
3.83729196414152E-5
3.842434781400985E-5
3.847580153347273E-5
3.852728092147499E-5
3.857878610070947E-5
3.8630317194896306E-5
3.868187432878823E-5
3.8733457628176303E-5
3.878506721989527E-5
3.8836703231829145E-5
3.888836579291668E-5
3.894005503315724E-5
3.8991771083616066E-5
3.9043514076430044E-5
3.909528414481334E-5
3.914708142306306E-5
3.9198906046565025E-5
3.925075815179912E-5
3.930263787634532E-5
3.935454535888927E-5
3.9406480739228084E-5
3.945844415827603E-5
3.9510435758070245E-5
3.9562455681776456E-5
3.961450407369498E-5
3.966658107926629E-5
3.971868684507671E-5
3.977082151886469E-5
3.982298524952602E-5
3.987517818712004E-5
3.99274004828752E-5
3.997965228919492E-5
4.003193375966381E-5
4.008424504905285E-5
4.01365863133257E-5
4.018895770964437E-5
4.024135939637501E-5
4.029379153309366E-5
4.034625428059246E-5
4.039874780088498E-5
4.045127225721247E-5
4.050382781404932E-5
4.055641463710922E-5
4.060903289335068E-5
4.066168275098303E-5
4.07143643794721E-5
4.076707794954617E-5
4.081982363320151E-5
4.0872601603708545E-5
4.092541203561712E-5
4.097825510476272E-5
4.103113098827183E-5
4.1084039864568164E-5
4.113698191337781E-5
4.11899573157354E-5
4.1242966253989495E-5
4.129600891180841E-5
4.134908547418617E-5
4.140219612744739E-5
4.1455341059253676E-5
4.1508520458609034E-5
4.156173451586504E-5
4.161498342272701E-5
4.1668267372259276E-5
4.172158655889079E-5
4.177494117842047E-5
4.1828331428022965E-5
4.1881757506253797E-5
4.193521961305522E-5
4.198871794976139E-5
4.204225271910365E-5
4.209582412521626E-5
4.214943237364137E-5
4.2203077671334475E-5
4.225676022666994E-5
4.231048024944584E-5
4.2364237950889586E-5
4.2418033543662916E-5
4.247186724186716E-5
4.252573926104848E-5
4.257964981820302E-5
4.263359913178231E-5
4.268758742169874E-5
4.274161490933155E-5
4.279568181753322E-5
4.2849788370637926E-5
4.290393479447183E-5
4.295812131636922E-5
4.301234816519654E-5
4.3066615571393233E-5
4.3120923767040605E-5
4.317527298598113E-5
4.322966346402524E-5
4.328409543931048E-5
4.333856915292094E-5
4.33930848499491E-5
4.344764278130145E-5
4.350224320674226E-5
4.355688639997593E-5
4.361157265705416E-5
4.366630231014306E-5
4.372107574984206E-5
4.377589346098873E-5
4.3830756079492064E-5
4.388566448156337E-5
4.394061992225834E-5
4.399562424813386E-5
4.4050680219858643E-5
4.410579199576363E-5
4.416096584768643E-5
4.421621120724083E-5
4.4271542174975885E-5
4.432697966766647E-5
4.4382554430518046E-5
4.44383112006818E-5
4.4494314373887495E-5
4.4550655592680206E-5
4.46074637351622E-5
4.466491782606164E-5
4.472326340195081E-5
4.4782832819813843E-5
4.484406987952728E-5
4.490755891070143E-5
4.4974058128017265E-5
4.50445365670106E-5
4.512021326527371E-5
4.520259656088433E-5
4.5293520473907626E-5
4.539517418260439E-5
4.55101197033214E-5
4.564129216679392E-5
4.579197671728635E-5
4.5965756222753123E-5
4.616642484429402E-5
4.639786420409697E-5
4.666388147279354E-5
4.696801212241387E-5
4.731329417727561E-5
4.770202521033739E-5
4.8135517603677996E-5
4.861387113946492E-5
4.913578419011815E-5
4.969842505717696E-5
5.029738293995342E-5
5.0926713419374954E-5
5.15790863708332E-5
5.224603539144051E-5
5.291829800948053E-5
5.3586226269424846E-5
5.424023900806945E-5
5.487128144494155E-5
5.547125552978157E-5
5.603338631288626E-5
5.655249537372757E-5
5.7025161430300825E-5
5.744975952939184E-5
5.782638222874664E-5
5.815665736741646E-5
5.8443485971906735E-5
5.8690729528694855E-5
5.890287776097759E-5
5.908472625376278E-5
5.9241088381568236E-5
5.937655900023235E-5
5.9495339451021354E-5
5.96011257500026E-5
5.96970553496158E-5
5.978570318335083E-5
5.9869115083276546E-5
5.9948865991415116E-5
6.002613130514631E-5
6.010176169248447E-5
6.017635424337238E-5
6.0250315411049296E-5
6.0323913491033276E-5
6.039732017934732E-5
6.047064197812307E-5
6.054394291260659E-5
6.0617260290463465E-5
6.0690615199609784E-5
6.076401922791897E-5
6.0837478597836574E-5
6.0910996611890065E-5
6.098457504284213E-5
6.105821489285344E-5
6.113191679152015E-5
6.120568119609024E-5
6.127950848799265E-5
6.135339901739838E-5
6.142735312289438E-5
6.150137113978245E-5
6.157545340342229E-5
6.164960025051872E-5
6.172381201959942E-5
6.179808905118931E-5
6.187243168787869E-5
6.194684027435477E-5
6.202131515742282E-5
6.209585668602303E-5
6.21704652112474E-5
6.224514108635561E-5
6.231988466679139E-5
6.239469631019822E-5
6.246957637643543E-5
6.254452522759415E-5
6.261954322801309E-5
6.269463074429407E-5
6.276978814531802E-5
6.284501580226038E-5
6.292031408860665E-5
6.29956833801675E-5
6.307112405509478E-5
6.314663649389566E-5
6.322222107944875E-5
6.329787819701806E-5
6.33736082342685E-5
6.344941158128049E-5
6.352528863056418E-5
6.360123977707412E-5
6.367726541822353E-5
6.375336595389826E-5
6.382954178647094E-5
6.390579332081469E-5
6.398212096431673E-5
6.405852512689217E-5
6.413500622099686E-5
6.421156466164081E-5
6.428820086640121E-5
6.436491525543506E-5
6.444170825149185E-5
6.451858027992603E-5
6.45955317687092E-5
6.467256314844191E-5
6.474967485236606E-5
6.482686731637598E-5
6.490414097903017E-5
6.498149628156233E-5
6.505893366789257E-5
6.513645358463823E-5
6.521405648112421E-5
6.529174280939344E-5
6.536951302421749E-5
6.54473675831059E-5
6.552530694631615E-5
6.560333157686307E-5
6.568144194052832E-5
6.575963850586891E-5
6.583792174422702E-5
6.591629212973706E-5
6.59947501393354E-5
6.607329625276761E-5
6.61519309525967E-5
6.623065472421062E-5
6.630946805582933E-5
6.638837143851271E-5
6.646736536616647E-5
6.654645033554935E-5
6.662562684627928E-5
6.670489540083986E-5
6.678425650458582E-5
6.68637106657486E-5
6.694325839544243E-5
6.702290020766837E-5
6.710263661931999E-5
6.718246815018779E-5
6.726239532296347E-5
6.734241866324386E-5
6.742253869953511E-5
6.750275596325593E-5
6.75830709887412E-5
6.766348431324483E-5
6.774399647694251E-5
6.782460802293457E-5
6.790531949724746E-5
6.798613144883707E-5
6.806704442958926E-5
6.814805899432181E-5
6.822917570078572E-5
6.831039510966614E-5
6.839171778458286E-5
6.84731442920911E-5
6.855467520168136E-5
6.863631108577945E-5
6.871805251974616E-5
6.879990008187663E-5
6.888185435339922E-5
6.896391591847499E-5
6.904608536419557E-5
6.912836328058218E-5
6.921075026058307E-5
6.929324690007168E-5
6.937585379784424E-5
6.945857155561687E-5
6.954140077802259E-5
6.962434207260837E-5
6.970739604983162E-5
6.979056332305585E-5
6.987384450854746E-5
6.995724022547102E-5
7.004075109588503E-5
7.01243777447366E-5
7.020812079985732E-5
7.029198089195713E-5
7.037595865461938E-5
7.046005472429478E-5
7.054426974029552E-5
7.062860434478921E-5
7.071305918279239E-5
7.079763490216413E-5
7.088233215360058E-5
7.096715159062874E-5
7.105209386960254E-5
7.11371596497013E-5
7.122234959293365E-5
7.130766436415032E-5
7.139310463107506E-5
7.147867106436768E-5
7.156436433774217E-5
7.165018512818692E-5
7.173613411635725E-5
7.18222119872715E-5
7.190841943152302E-5
7.199475714736896E-5
7.208122584429035E-5
7.216782624899427E-5
7.22545591154317E-5
7.234142524134282E-5
7.242842549529966E-5
7.251556086043853E-5
7.260283250442414E-5
7.269024189015507E-5
7.277779094897565E-5
7.286548234858974E-5
7.295331990259422E-5
7.304130918897158E-5
7.312945847261485E-5
7.321778006383258E-5
7.330629229261563E-5
7.339502233882774E-5
7.348401023229845E-5
7.357331442367287E-5
7.366301942430139E-5
7.37532461158285E-5
7.384416542761836E-5
7.393601615748474E-5
7.402912774685502E-5
7.412394878724858E-5
7.42210818963849E-5
7.432132532073612E-5
7.442572115775541E-5
7.45356094117129E-5
7.465268618209133E-5
7.477906313669486E-5
7.491732408193242E-5
7.507057299463844E-5
7.524246646106656E-5
7.543722227226903E-5
7.565959519206462E-5
7.591481091508605E-5
7.620845023722925E-5
7.6546277693173E-5
7.693401250163852E-5
7.737704457227588E-5
7.78801043423373E-5
7.844690187277809E-5
7.907975726395165E-5
7.977925019204693E-5
8.05439202684967E-5
8.137005107288704E-5
8.225156838457057E-5
8.318007697310717E-5
8.414505041980245E-5
8.51341755102636E-5
8.613383798922319E-5
8.712972157269631E-5
8.810747897299545E-5
8.90534241716939E-5
8.995519078972658E-5
9.080230304259325E-5
9.158661350295514E-5
9.230257491051354E-5
9.294732996361051E-5
9.352062123302569E-5
9.402454067316186E-5
9.446315245517403E-5
9.484203232099008E-5
9.51677704476388E-5
9.54474828980885E-5
9.568836993182231E-5
9.589734920258989E-5
9.608077996502669E-5
9.6244282636827E-5
9.639264792581525E-5
9.652982225180469E-5
9.665895181921006E-5
9.678246633350882E-5
9.690218448818967E-5
9.701942621711321E-5
9.713512048205169E-5
9.724990130290882E-5
9.73641882784313E-5
9.747825065126114E-5
9.75922559185147E-5
9.770630511982447E-5
9.782045739621243E-5
9.7934746397534E-5
9.804919081324354E-5
9.816380086812677E-5
9.827858217330437E-5
9.839353792013158E-5
9.850867008075943E-5
9.862398003883246E-5
9.87394689073241E-5
9.885513768204575E-5
9.897098731262986E-5
9.90870187339209E-5
9.920323287923503E-5
9.931963068570654E-5
9.943621309634562E-5
9.955298106079548E-5
9.966993553560357E-5
9.978707748431653E-5
9.99044078775167E-5
1.0002192769283734E-4
1.0013963791497036E-4
1.0025753953567024E-4
1.0037563355375594E-4
1.0049392097510931E-4
1.0061240281267223E-4
1.007310800864416E-4
1.0084995382346116E-4
1.0096902505781298E-4
1.0108829483060498E-4
1.0120776418995788E-4
1.0132743419098971E-4
1.0144730589579838E-4
1.0156738037344177E-4
1.0168765869991729E-4
1.0180814195813832E-4
1.0192883123790958E-4
1.0204972763590021E-4
1.0217083225561567E-4
1.0229214620736756E-4
1.0241367060824191E-4
1.0253540658206579E-4
1.0265735525937245E-4
1.0277951777736424E-4
1.0290189527987519E-4
1.0302448891733081E-4
1.0314729984670715E-4
1.0327032923148834E-4
1.0339357824162237E-4
1.0351704805347581E-4
1.036407398497869E-4
1.0376465481961732E-4
1.0388879415830327E-4
1.0401315906740387E-4
1.0413775075465003E-4
1.0426257043389028E-4
1.0438761932503726E-4
1.0451289865401145E-4
1.0463840965268448E-4
1.0476415355882144E-4
1.0489013161602145E-4
1.0501634507365811E-4
1.0514279518681794E-4
1.0526948321623787E-4
1.0539641042824261E-4
1.0552357809468047E-4
1.0565098749285777E-4
1.0577863990547299E-4
1.0590653662054973E-4
1.0603467893136879E-4
1.0616306813639951E-4
1.0629170553922995E-4
1.0642059244849673E-4
1.0654973017781361E-4
1.0667912004569935E-4
1.0680876337550538E-4
1.0693866149534182E-4
1.0706881573800331E-4
1.0719922744089437E-4
1.0732989794595341E-4
1.0746082859957687E-4
1.0759202075254173E-4
1.0772347575992874E-4
1.0785519498104352E-4
1.0798717977933832E-4
1.0811943152233266E-4
1.0825195158153333E-4
1.0838474133235439E-4
1.085178021540359E-4
1.0865113542956306E-4
1.0878474254558397E-4
1.0891862489232758E-4
1.0905278386352067E-4
1.0918722085630518E-4
1.0932193727115451E-4
1.0945693451178962E-4
1.0959221398509412E-4
1.0972777710103081E-4
1.0986362527255566E-4
1.0999975991553298E-4
1.1013618244864978E-4
1.102728942933295E-4
1.1040989687364632E-4
1.105471916162381E-4
1.106847799502202E-4
1.1082266330709849E-4
1.1096084312068181E-4
1.1109932082699458E-4
1.1123809786418988E-4
1.1137717567246105E-4
1.1151655569395386E-4
1.1165623937267856E-4
1.1179622815442191E-4
1.119365234866582E-4
1.120771268184613E-4
1.1221803960041614E-4
1.1235926328452969E-4
1.125007993241425E-4
1.1264264917383994E-4
1.1278481428936285E-4
1.129272961275193E-4
1.1307009614609529E-4
1.1321321580376619E-4
1.1335665656000697E-4
1.1350041987500439E-4
1.1364450720956711E-4
1.1378892002503728E-4
1.1393365978320131E-4
1.1407872794620172E-4
1.1422412597644786E-4
1.1436985533652765E-4
1.1451591748911959E-4
1.1466231389690504E-4
1.1480904602248139E-4
1.1495611532827738E-4
1.1510352327647152E-4
1.1525127132891586E-4
1.1539936094707107E-4
1.1554779359196064E-4
1.1569657072416015E-4
1.1584569380384876E-4
1.1599516429097178E-4
1.1614498364559792E-4
1.1629515332861506E-4
1.16445674803011E-4
1.1659654953615139E-4
1.167477790037425E-4
1.1689936469661388E-4
1.1705130813216552E-4
1.1720361087345064E-4
1.1735627456062316E-4
1.1750930096217618E-4
1.1766269205749433E-4
1.1781645016836841E-4
1.1797057816612423E-4
1.1812507979406938E-4
1.1827996016352093E-4
1.1843522650762165E-4
1.185908893126824E-4
1.1874696399442135E-4
1.189034733488328E-4
1.1906045108688941E-4
1.1921794686052385E-4
1.1937603330439771E-4
1.1953481575130633E-4
1.1969444542209356E-4
1.1985513703150952E-4
1.2001719187012028E-4
1.2018102749110318E-4
1.2034721511198475E-4
1.2051652568845152E-4
1.206899852767184E-4
1.2086893971678415E-4
1.2105512779090866E-4
1.2125076080594299E-4
1.2145860501122335E-4
1.2168206143817584E-4
1.2192523573776256E-4
1.2219298857527703E-4
1.2249095537506617E-4
1.228255230182748E-4
1.2320375086119633E-4
1.236332245446827E-4
1.2412183383974005E-4
1.2467747043062077E-4
1.2530764808241714E-4
1.260190558116931E-4
1.268170638950469E-4
1.277052119092166E-4
1.2868471632541633E-4
1.2975404122802617E-4
1.3090857781166286E-4
1.321404761127273E-4
1.3343866458854182E-4
1.3478908010032068E-4
1.3617511334185352E-4
1.3757825440196061E-4
1.3897890222504966E-4
1.40357282889111E-4
1.4169440750172032E-4
1.4297299333861308E-4
1.4417827299926264E-4
1.4529862608641901E-4
1.4632598524631657E-4
1.472559912043686E-4
1.4808789673354238E-4
1.4882424396797894E-4
1.4947035996608116E-4
1.5003372946411462E-4
1.505233099379848E-4
1.5094885224488453E-4
1.513202812744041E-4
1.5164717715207177E-4
1.5193838107559188E-4
1.5220173334951444E-4
1.5244393677880307E-4
1.5267052778474913E-4
1.5288593111817444E-4
1.5309357179552174E-4
1.5329601919633E-4
1.5349514209060032E-4
1.5369225855311038E-4
1.5388827021375225E-4
1.540837752820516E-4
1.542791587750421E-4
1.5447466117603754E-4
1.5467042840194465E-4
1.5486654665649934E-4
1.5506306576260325E-4
1.5526001416544356E-4
1.5545740820260574E-4
1.5565525760834808E-4
1.5585356865368408E-4
1.5605234586672952E-4
1.5625159293723167E-4
1.564513131725218E-4
1.5665150971753202E-4
1.568521856561727E-4
1.5705334405572655E-4
1.5725498798512542E-4
1.57457120521825E-4
1.5765974475394018E-4
1.5786286378051894E-4
1.5806648071112317E-4
1.5827059866517043E-4
1.5847522077120372E-4
1.586803501661443E-4
1.5888598999454874E-4
1.5909214340787176E-4
1.5929881356374032E-4
1.5950600362523684E-4
1.5971371676019202E-4
1.5992195614048711E-4
1.6013072494136762E-4
1.603400263407642E-4
1.6054986351862467E-4
1.6076023965625488E-4
1.6097115793566906E-4
1.611826215389492E-4
1.6139463364761342E-4
1.61607197441994E-4
1.6182031610062424E-4
1.6203399279963348E-4
1.622482307121512E-4
1.6246303300772178E-4
1.626784028517237E-4
1.6289434340480228E-4
1.631108578223064E-4
1.633279492537378E-4
1.6354562084220433E-4
1.637638757238857E-4
1.639827170275038E-4
1.6420214787380392E-4
1.6442217137504236E-4
1.6464279063448198E-4
1.6486400874589667E-4
1.6508582879308268E-4
1.6530825384937807E-4
1.6553128697718945E-4
1.657549312275263E-4
1.6597918963954372E-4
1.6620406524009177E-4
1.6642956104327128E-4
1.6665568004999907E-4
1.6688242524757858E-4
1.6710979960927831E-4
1.6733780609391768E-4
1.6756644764545943E-4
1.6779572719260823E-4
1.6802564764841814E-4
1.6825621190990454E-4
1.6848742285766491E-4
1.6871928335550424E-4
1.6895179625006927E-4
1.6918496437048645E-4
1.6941879052800963E-4
1.6965327751567138E-4
1.69888428107942E-4
1.7012424506039487E-4
1.7036073110937718E-4
1.705978889716874E-4
1.7083572134425916E-4
1.710742309038504E-4
1.7131342030673845E-4
1.7155329218842202E-4
1.7179384916332782E-4
1.7203509382452447E-4
1.7227702874343995E-4
1.725196564695865E-4
1.7276297953029075E-4
1.7300700043042892E-4
1.732517216521679E-4
1.734971456547117E-4
1.7374327487405306E-4
1.7399011172273057E-4
1.7423765858959214E-4
1.7448591783956102E-4
1.747348918134085E-4
1.7498458282753349E-4
1.7523499317374368E-4
1.754861251190446E-4
1.7573798090543115E-4
1.7599056274968683E-4
1.7624387284318534E-4
1.764979133516977E-4
1.7675268641520564E-4
1.770081941477168E-4
1.772644386370871E-4
1.7752142194484618E-4
1.7777914610602851E-4
1.7803761312900707E-4
1.7829682499533497E-4
1.7855678365958714E-4
1.7881749104920928E-4
1.7907894906437095E-4
1.793411595778212E-4
1.7960412443475006E-4
1.7986784545265304E-4
1.8013232442120185E-4
1.8039756310211434E-4
1.8066356322903566E-4
1.8093032650741626E-4
1.8119785461439913E-4
1.8146614919870767E-4
1.8173521188053865E-4
1.8200504425145827E-4
1.8227564787430425E-4
1.8254702428308875E-4
1.82819174982905E-4
1.83092101449841E-4
1.833658051308932E-4
1.8364028744388407E-4
1.8391554977738647E-4
1.8419159349064628E-4
1.8446841991351395E-4
1.8474603034637497E-4
1.8502442606008662E-4
1.853036082959165E-4
1.8558357826548673E-4
1.858643371507205E-4
1.8614588610379345E-4
1.8642822624709323E-4
1.8671135867318566E-4
1.869952844447973E-4
1.8728000459481857E-4
1.875655201263484E-4
1.878518320128071E-4
1.8813894119816985E-4
1.8842684859741047E-4
1.88715555097315E-4
1.8900506155792852E-4
1.8929536881509416E-4
1.8958647768484263E-4
1.8987838897089487E-4
1.901711034773445E-4
1.904646220298673E-4
1.9075894551081295E-4
1.9105407491664298E-4
1.9135001145091993E-4
1.9164675667318582E-4
1.9194431273462183E-4
1.9224268274676155E-4
1.9254187135154738E-4
1.928418855919759E-4
1.931427362252542E-4
1.9344443967797193E-4
1.9374702091870825E-4
1.9405051762096302E-4
1.9435498611077245E-4
1.9466050973947034E-4
1.9496721049035628E-4
1.952752648112026E-4
1.9558492484845393E-4
1.9589654642046252E-4
1.962106251720144E-4
1.9652784235436126E-4
1.968491215154572E-4
1.9717569699588932E-4
1.9750919443452318E-4
1.9785172242667718E-4
1.9820597299782317E-4
1.9857532664472612E-4
1.9896395539742136E-4
1.9937691479031153E-4
1.998202130135552E-4
2.0030084316324386E-4
2.0082676283253412E-4
2.0140680476696826E-4
2.0205050344625938E-4
2.027678256984561E-4
2.0356879910052265E-4
2.0446304002388432E-4
2.0545919345460646E-4
2.065643084594202E-4
2.077831852647956E-4
2.0911776521440753E-4
2.105665453347503E-4
2.121241499491881E-4
2.1378109098401892E-4
2.1552376413268737E-4
2.1733471198642047E-4
2.1919316327029237E-4
2.2107583142860892E-4
2.2295792883797642E-4
2.2481432827969818E-4
2.266207844166303E-4
2.2835511783191156E-4
2.2999826460447863E-4
2.3153510589633863E-4
2.3295501348378036E-4
2.342520759533273E-4
2.354250026543559E-4
2.3647673417366336E-4
2.3741381495940615E-4
2.3824560249542954E-4
2.389833961801744E-4
2.3963956746229974E-4
2.4022676204273944E-4
2.4075722751145672E-4
2.41242298796778E-4
2.4169205252940162E-4
2.4211512269057067E-4
2.425186557190286E-4
2.4290837456388114E-4
2.4328871795983452E-4
2.4366302263703054E-4
2.4403372093473587E-4
2.4440253287643185E-4
2.447706388126397E-4
2.4513882518893107E-4
2.455076011909122E-4
2.458772876861986E-4
2.4624808206906234E-4
2.4662010356361707E-4
2.469934235964319E-4
2.4736808535353867E-4
2.477441158802999E-4
2.481215332754819E-4
2.48500350801273E-4
2.488805791389761E-4
2.4926222757794085E-4
2.4964530461730984E-4
2.5002981825860917E-4
2.5041577614272727E-4
2.508031856120669E-4
2.5119205373836344E-4
2.515823873354732E-4
2.519741929659008E-4
2.5236747694483717E-4
2.527622453432534E-4
2.531585039906458E-4
2.5355625847765155E-4
2.5395551415861276E-4
2.543562761541066E-4
2.547585493534571E-4
2.551623384172257E-4
2.5556764777968363E-4
2.5597448165126327E-4
2.563828440209924E-4
2.567927386589111E-4
2.5720416911846687E-4
2.5761713873889453E-4
2.5803165064757616E-4
2.5844770776238356E-4
2.5886531279400277E-4
2.592844682482386E-4
2.597051764283058E-4
2.601274394370996E-4
2.6055125917944714E-4
2.609766373643456E-4
2.614035755071794E-4
2.6183207493192317E-4
2.6226213677332436E-4
2.62693761979071E-4
2.631269513119442E-4
2.63561705351949E-4
2.639980244984329E-4
2.6443590897218565E-4
2.6487535881752444E-4
2.6531637390436074E-4
2.6575895393025125E-4
2.662030984224351E-4
2.6664880673985E-4
2.6709607807513943E-4
2.6754491145663704E-4
2.679953057503405E-4
2.6844725966186514E-4
2.6890077173838867E-4
2.6935584037057265E-4
2.6981246379447534E-4
2.702706400934429E-4
2.7073036719999367E-4
2.7119164289767943E-4
2.7165446482293597E-4
2.7211883046691763E-4
2.72584737177319E-4
2.730521821601789E-4
2.735211624816719E-4
2.739916750698845E-4
2.744637167165781E-4
2.7493728407893697E-4
2.754123736813013E-4
2.7588898191688744E-4
2.763671050494945E-4
2.7684673921519397E-4
2.773278804240114E-4
2.7781052456158717E-4
2.782946673908303E-4
2.7878030455355367E-4
2.792674315720991E-4
2.797560438509488E-4
2.8024613667831954E-4
2.807377052277504E-4
2.812307445596722E-4
2.817252496229655E-4
2.8222121525650694E-4
2.8271863619069924E-4
2.832175070489949E-4
2.837178223493994E-4
2.842195765059674E-4
2.847227638302851E-4
2.8522737853293903E-4
2.857334147249744E-4
2.8624086641933905E-4
2.8674972753231736E-4
2.8725999188495047E-4
2.8777165320444516E-4
2.8828470512557195E-4
2.8879914119204976E-4
2.893149548579191E-4
2.898321394889032E-4
2.903506883637601E-4
2.908705946756204E-4
2.913918515333138E-4
2.91914451962686E-4
2.9243838890790366E-4
2.929636552327467E-4
2.934902437218929E-4
2.9401814708218573E-4
2.945473579438977E-4
2.950778688619783E-4
2.9560967231729435E-4
2.961427607178548E-4
2.966771264000319E-4
2.9721276162976445E-4
2.977496586037552E-4
2.9828780945065743E-4
2.9882720623224785E-4
2.993678409445942E-4
2.999097055192084E-4
3.00452791824191E-4
3.0099709166536606E-4
3.015425967874052E-4
3.020892988749433E-4
3.02637189553681E-4
3.031862603914806E-4
3.037365028994507E-4
3.042879085330211E-4
3.0484046869301015E-4
3.053941747266781E-4
3.059490179287762E-4
3.065049895425819E-4
3.0706208076092863E-4
3.07620282727224E-4
3.08179586536459E-4
3.0873998323621194E-4
3.093014638276408E-4
3.09864019266473E-4
3.104276404639894E-4
3.109923182880122E-4
3.115580435639036E-4
3.12124807075591E-4
3.1269259956665137E-4
3.132614117415038E-4
3.1383123426680803E-4
3.1440205777322596E-4
3.149738728578226E-4
3.1554667008758594E-4
3.161204400048509E-4
3.1669517313596E-4
3.172708600053337E-4
3.1784749115850374E-4
3.184250571998021E-4
3.1900354885376067E-4
3.1958295706440234E-4
3.201632731543661E-4
3.207444890773394E-4
3.2132659781415244E-4
3.219095939871868E-4
3.224934748020265E-4
3.230782414728301E-4
3.2366390135230916E-4
3.242504710725958E-4
3.2483798111350784E-4
3.2542648235291035E-4
3.260160553212039E-4
3.2660682307625283E-4
3.2719896882867365E-4
3.2779275966496937E-4
3.283885779118929E-4
3.289869618211625E-4
3.295886572765881E-4
3.301946820684446E-4
3.3080640386321425E-4
3.314256322351257E-4
3.320547239379466E-4
3.3269669891984263E-4
3.333553623994513E-4
3.340354256701805E-4
3.3474261531308576E-4
3.354837574164521E-4
3.362668205824214E-4
3.371008994222615E-4
3.379961194630796E-4
3.3896344550111144E-4
3.4001437897756474E-4
3.4116053629779666E-4
3.4241310925740923E-4
3.437822205796164E-4
3.4527620123216547E-4
3.4690875142298324E-4
3.486822565429618E-4
3.505951444494204E-4
3.5264137152276795E-4
3.548101242265647E-4
3.5708579249068347E-4
3.5944825299905644E-4
3.6187347515657687E-4
3.6433443238592574E-4
3.668022697610814E-4
3.6924764977945486E-4
3.716421753717841E-4
3.7395977656221903E-4
3.761779468556697E-4
3.78278728120453E-4
3.802493672431964E-4
3.8208260116895577E-4
3.837765647561105E-4
3.8533435315738147E-4
3.8676330232006236E-4
3.880740737605739E-4
3.8927964064908556E-4
3.903942709495619E-4
3.9143259124294896E-4
3.924087947268746E-4
3.933360324097025E-4
3.94226001540759E-4
3.950887231968273E-4
3.9593248406757903E-4
3.967639070388681E-4
3.975881111711579E-4
3.984089231668371E-4
3.9922910787466886E-4
4.0005059304434746E-4
4.0087467180083665E-4
4.017021739000052E-4
4.0253360296442254E-4
4.0336924125100105E-4
4.0420922611174976E-4
4.050536034595804E-4
4.059023636404953E-4
4.0675546454632525E-4
4.0761284592137913E-4
4.0847443787087837E-4
4.0934016572154565E-4
4.1020995268740783E-4
4.1108372127221374E-4
4.119613939760803E-4
4.1284289363564526E-4
4.137281435796801E-4
4.146170676959614E-4
4.155095904574207E-4
4.164056369304973E-4
4.173051327760913E-4
4.182080042476042E-4
4.1911417818789933E-4
4.2002358202589276E-4
4.209361437730294E-4
4.218517920197401E-4
4.2277045593190317E-4
4.236920652473249E-4
4.2461655027223197E-4
4.255438418777898E-4
4.264738714966323E-4
4.2740657111941545E-4
4.283418732913862E-4
4.2927971110897045E-4
4.30220018216381E-4
4.311627288022403E-4
4.321077775962234E-4
4.33055099865719E-4
4.340046314125071E-4
4.3495630856945575E-4
4.35910068197235E-4
4.368658476810475E-4
4.378235849273776E-4
4.3878321836075796E-4
4.397446869205537E-4
4.4070793005776234E-4
4.416728877318321E-4
4.426395004074994E-4
4.4360770905163685E-4
4.4457745513012503E-4
4.455486806047399E-4
4.46521327930052E-4
4.474953400503491E-4
4.4847066039657013E-4
4.494472328832578E-4
4.504250019055295E-4
4.5140391233606077E-4
4.5238390952208774E-4
4.533649392824243E-4
4.5434694790449676E-4
4.553298821413942E-4
4.5631368920893175E-4
4.572983167827357E-4
4.5828371299533956E-4
4.592698264332973E-4
4.602566061343124E-4
4.6124400158438305E-4
4.622319627149612E-4
4.6322043990012807E-4
4.6420938395378596E-4
4.6519874612686315E-4
4.661884781045355E-4
4.6717853200346364E-4
4.681688603690439E-4
4.6915941617267247E-4
4.7015015280903004E-4
4.711410240933767E-4
4.7213198425886195E-4
4.731229879538504E-4
4.741139902392629E-4
4.7510494658592993E-4
4.760958128719608E-4
4.77086545380129E-4
4.7807710079526735E-4
4.7906743620168145E-4
4.800575090805755E-4
4.810472773074928E-4
4.820366991497695E-4
4.8302573326400474E-4
4.8401433869353985E-4
4.850024748659574E-4
4.8599010159058886E-4
4.8697717905603837E-4
4.8796366782772086E-4
4.889495288454128E-4
4.899347234208146E-4
4.909192132351292E-4
4.919029603366534E-4
4.928859271383811E-4
4.938680764156219E-4
4.948493713036304E-4
4.958297752952499E-4
4.968092522385711E-4
4.977877663345993E-4
4.987652821349376E-4
4.99741764539483E-4
5.007171787941335E-4
5.016914904885104E-4
5.026646655536896E-4
5.036366702599496E-4
5.046074712145298E-4
5.055770353593994E-4
5.06545329969045E-4
5.075123226482603E-4
5.084779813299609E-4
5.094422742729984E-4
5.104051700599977E-4
5.113666375951972E-4
5.123266461023085E-4
5.13285165122383E-4
5.142421645116928E-4
5.151976144396227E-4
5.161514853865745E-4
5.171037481418808E-4
5.180543738017358E-4
5.190033337671302E-4
5.19950599741806E-4
5.208961437302143E-4
5.2183993803549E-4
5.227819552574395E-4
5.23722168290532E-4
5.246605503219109E-4
5.255970748294086E-4
5.265317155795792E-4
5.274644466257398E-4
5.283952423060183E-4
5.293240772414222E-4
5.302509263339088E-4
5.311757647644733E-4
5.320985679912451E-4
5.330193117476042E-4
5.339379720403052E-4
5.348545251476279E-4
5.357689476175542E-4
5.366812162659872E-4
5.375913081750555E-4
5.384992006915167E-4
5.394048714253924E-4
5.403082982489478E-4
5.412094592963108E-4
5.421083329641585E-4
5.430048979142419E-4
5.438991330790235E-4
5.44791017672528E-4
5.456805312098356E-4
5.465676535407608E-4
5.474523649065233E-4
5.483346460332829E-4
5.492144782840487E-4
5.500918439018731E-4
5.50966726394025E-4
5.518391111309721E-4
5.527089862682792E-4
5.53576344147134E-4
5.544411833939458E-4
5.553035120255804E-4
5.561633519783046E-4
5.57020745618877E-4
5.57875764966832E-4
5.587285245560838E-4
5.595791990840805E-4
5.604280472228267E-4
5.61275443172319E-4
5.621219176846478E-4
5.629682103224151E-4
5.638153345694203E-4
5.646646570029287E-4
5.655179909764412E-4
5.663777040644247E-4
5.672468368199678E-4
5.681292281669721E-4
5.690296400294975E-4
5.699538707218059E-4
5.70908843425625E-4
5.7190265313308E-4
5.729445532217213E-4
5.740448619315087E-4
5.752147700474761E-4
5.76466034620059E-4
5.778105499797799E-4
5.792597967388E-4
5.808241816289829E-4
5.850915303929132E-4
5.894645300093263E-4
5.939459283454624E-4
5.985344122028968E-4
6.032240715315855E-4
6.080040844481881E-4
6.128586818365144E-4
6.177674316445747E-4
6.22705856936653E-4
6.276463706154262E-4
6.325594769003021E-4
6.374151592388743E-4
6.421843505685877E-4
6.468403684112569E-4
6.513601966369018E-4
6.557255086194811E-4
6.599233517107289E-4
6.639464474042625E-4
6.677931007530796E-4
6.714667513312175E-4
6.749752312279833E-4
6.783298191351795E-4
6.815441910518853E-4
6.846333669508594E-4
6.876127402986421E-4
6.904972565036777E-4
6.933007809968028E-4
6.960356717196574E-4
6.987125478030074E-4
7.013402286530067E-4
7.039258067755309E-4
7.064748134744079E-4
7.089914380832433E-4
7.114787670348656E-4
7.139390170211712E-4
7.163737450665143E-4
7.187840262217928E-4
7.21170595961839E-4
7.235339588912533E-4
7.25874468075579E-4
7.281923805107144E-4
7.304878943368202E-4
7.327611728141981E-4
7.350123591640835E-4
7.372415853955999E-4
7.394489773499437E-4
7.416346574690981E-4
7.437987462550061E-4
7.459413630077267E-4
7.480626261839088E-4
7.501626535641044E-4
7.52241562328183E-4
7.542994690885667E-4
7.563364899050298E-4
7.583527402918078E-4
7.60348335221667E-4
7.623233891288371E-4
7.642780159115161E-4
7.662123289342446E-4
7.681264410302208E-4
7.700204645035973E-4
7.718945111317605E-4
7.737486921676056E-4
7.755831183417965E-4
7.773978998650212E-4
7.791931464302339E-4
7.809689672148937E-4
7.827254708831857E-4
7.84462765588243E-4
7.861809589743475E-4
7.878801581791363E-4
7.895604698357864E-4
7.912220000751979E-4
7.928648545281643E-4
7.944891383275379E-4
7.960949561103807E-4
7.976824120201117E-4
7.992516097086457E-4
8.008026523385185E-4
8.023356425850035E-4
8.038506826382293E-4
8.053478742052767E-4
8.068273185122725E-4
8.082891163064746E-4
8.097333678583513E-4
8.111601729636445E-4
8.125696309454312E-4
8.13961840656173E-4
8.153369004797611E-4
8.166949083335486E-4
8.180359616703766E-4
8.193601574805938E-4
8.2066759229406E-4
8.219583621821529E-4
8.232325627597592E-4
8.244902891872568E-4
8.257316361724952E-4
8.269566979727614E-4
8.281655683967408E-4
8.293583408064691E-4
8.30535108119276E-4
8.316959628097256E-4
8.328409969115362E-4
8.33970302019511E-4
8.350839692914415E-4
8.361820894500193E-4
8.372647527847293E-4
8.383320491537375E-4
8.393840679857751E-4
8.404208982820104E-4
8.414426286179182E-4
8.42449347145131E-4
8.434411415932944E-4
8.444180992719108E-4
8.45380307072173E-4
8.463278514687892E-4
8.472608185218111E-4
8.48179293878437E-4
8.490833627748232E-4
8.499731100378827E-4
8.508486200870694E-4
8.517099769361681E-4
8.525572641950666E-4
8.533905650715249E-4
8.542099623729365E-4
8.5501553850808E-4
8.5580737548887E-4
8.565855549320938E-4
8.573501580611435E-4
8.581012657077436E-4
8.588389583136641E-4
8.595633159324358E-4
8.602744182310534E-4
8.609723444916708E-4
8.616571736132912E-4
8.623289841134516E-4
8.629878541298956E-4
8.63633861422247E-4
8.642670833736657E-4
8.648875969925087E-4
8.654954789139739E-4
8.660908054017443E-4
8.666736523496228E-4
8.67244095283157E-4
8.678022093612651E-4
8.68348069377845E-4
8.68881749763389E-4
8.694033245865754E-4
8.699128675558741E-4
8.704104520211252E-4
8.708961509751251E-4
8.713700370552008E-4
8.718321825447775E-4
8.722826593749392E-4
8.727215391259868E-4
8.731488930289836E-4
8.735647919673009E-4
8.739693064781504E-4
8.743625067541189E-4
8.747444626446855E-4
8.751152436577425E-4
8.754749189611066E-4
8.758235573840201E-4
8.761612274186494E-4
8.764879972215815E-4
8.768039346153044E-4
8.771091070896882E-4
8.774035818034606E-4
8.776874255856699E-4
8.779607049371513E-4
8.782234860319787E-4
8.784758347189165E-4
8.787178165228613E-4
8.789494966462817E-4
8.791709399706591E-4
8.793822110579139E-4
8.795833741518457E-4
8.797744931795781E-4
8.799556317530222E-4
8.801268531703851E-4
8.80288220417767E-4
8.80439796170904E-4
8.805816427971933E-4
8.807138223582076E-4
8.808363966130613E-4
8.809494270232641E-4
8.81052974760067E-4
8.811471007160505E-4
8.8123186552373E-4
8.813073295857285E-4
8.813735531237295E-4
8.814305962575921E-4
8.814785191323187E-4
8.815173821199721E-4
8.815472461374958E-4
8.815681731413787E-4
8.815802268885336E-4
8.815834740921965E-4
8.815779861554626E-4
8.815638417366654E-4
8.815411304935891E-4
8.815099584704674E-4
8.814704557339447E-4
8.814227870303435E-4
8.813671664204272E-4
8.813038770368257E-4
8.812332972819378E-4
8.811559349078691E-4
8.810724704499577E-4
8.809838113639153E-4
8.808911578749146E-4
8.807960809106267E-4
8.807006114875362E-4
8.80607339495653E-4
8.805195179592239E-4
8.80441166573441E-4
8.803771657384975E-4
8.803333296363969E-4
8.803164444313353E-4
8.803342558307734E-4
8.803953895084544E-4
8.805091887787646E-4
8.806854568968054E-4
8.809340967756527E-4
8.8126464885457E-4
0.0017215331991167792
0.0017168294606459643
0.0017122489570117877
0.0017077929474802976
0.001703459304269351
0.0016992421060736615
0.001695131420083578
0.0016911133184407733
0.001687170158862462
0.0016832811371342946
0.0016794230933422124
0.0016755715269676879
0.0016717017517074162
0.0016677901025247861
0.00166381509789261
0.001659758461283879
0.001655605918101444
0.0016513477061929514
0.0016469787671685875
0.0016424986181244835
0.001637910934779066
0.0016332229033692472
0.0016284444167205766
0.001623587197867237
0.001618663932229841
0.0016136874779782465
0.0016086702063306238
0.0016036235023572552
0.0015985574356282932
0.0015934805915574384
0.0015884000404772821
0.0015833214132306074
0.0015782490492733496
0.0015731861850736548
0.0015681351556001372
0.0015630975884219276
0.001558074577033863
0.0015530668264370163
0.0015480747691177983
0.0015430986531356722
0.001538138606115408
0.0015331946798054917
0.0015282668798565551
0.0015233551849368758
0.001518459558523379
0.0015135799558907957
0.0015087163280920715
0.0015038686241354436
0.0014990367921272965
0.0014942207798474079
0.0014894205350262884
0.001484636005472971
0.0014798671391311326
0.0014751138841024118
0.0014703761886554537
0.0014656540012289933
0.0014609472704326261
0.0014562559450466955
0.0014515799740218802
0.0014469193064786637
0.0014422738917068002
0.0014376436791647448
0.0014330286184791041
0.0014284286594440716
0.001423843752020883
0.0014192738463372516
0.0014147188926868243
0.0014101788415286293
0.0014056536434865294
0.0014011432493486748
0.0013966476100669574
0.0013921666767564749
0.001387700400694977
0.0013832487333223435
0.0013788116262400318
0.001374389031210552
0.0013699809001569262
0.0013655871851621616
0.0013612078384687165
0.0013568428124779723
0.0013524920597497128
0.0013481555330015894
0.0013438331851086042
0.0013395249691025867
0.0013352308381716766
0.0013309507456597995
0.0013266846450661577
0.001322432490044709
0.0013181942344036564
0.0013139698321049402
0.0013097592372637227
0.0013055624041478813
0.0013013792871775071
0.0012972098409243912
0.001293054020111528
0.0012889117796126143
0.001284783074451547
0.001280667859801926
0.001276566090986556
0.0012724777234769536
0.0012684027128928557
0.0012643410150017195
0.0012602925857182453
0.0012562573811038772
0.0012522353573663242
0.0012482264708590653
0.001244230678080876
0.0012402479356753435
0.0012362782004303814
0.0012323214292777557
0.0012283775792926062
0.0012244466076929681
0.0012205284718393064
0.0012166231292340295
0.0012127305375210324
0.0012088506544852176
0.001204983438052028
0.0012011288462869874
0.0011972868373952286
0.00119345736972103
0.001189640401747361
0.0011858358920954107
0.0011820437995241403
0.001178264082929816
0.0011744967013455618
0.001170741613940898
0.001166998780021292
0.0011632681590277047
0.0011595497105361477
0.0011558433942572225
0.0011521491700356868
0.0011484669978499976
0.0011447968378118763
0.0011411386501658594
0.0011374923952888621
0.001133858033689737
0.0011302355260088355
0.0011266248330175687
0.0011230259156179796
0.0011194387348423002
0.0011158632518525273
0.0011122994279399838
0.0011087472245248956
0.0011052066031559593
0.0011016775255099148
0.0010981599533911254
0.0010946538487311475
0.001091159173588314
0.0010876758901473037
0.001084203960718734
0.0010807433477387344
0.0010772940137685305
0.0010738559214940274
0.0010704290337254
0.001067013313396674
0.001063608723565321
0.0010602152274118424
0.0010568327882393615
0.0010534613694732182
0.0010501009346605623
0.001046751447469948
0.0010434128716909313
0.0010400851712336638
0.0010367683101284984
0.0010334622525255857
0.0010301669626944737
0.001026882405023717
0.0010236085440204763
0.0010203453443101255
0.0010170927706358588
0.0010138507878582983
0.0010106193609551062
0.001007398455020589
0.0010041880352653235
0.0010009880670157566
9.97798515713835E-4
9.946193469166156E-4
9.914505262958958E-4
9.882920196378536E-4
9.851437928426875E-4
9.820058119243066E-4
9.788780430100461E-4
9.757604523404926E-4
9.726530062694362E-4
9.695556712641114E-4
9.664684139058771E-4
9.633912008917002E-4
9.603239990369741E-4
9.572667752805793E-4
9.542194966936946E-4
9.511821304947514E-4
9.481546440743661E-4
9.45137005036295E-4
9.421291812637888E-4
9.391311410257065E-4
9.361428531440796E-4
9.331642872553757E-4
9.301954142126931E-4
9.272362066969401E-4
9.242866401333052E-4
9.213466940469529E-4
9.184163540405068E-4
9.154956146369817E-4
9.125844833059696E-4
9.096829860770822E-4
9.067911752395714E-4
9.039091397237125E-4
9.010370188466224E-4
8.981750201651601E-4
8.953234421879566E-4
8.924827026268903E-4
8.896533726799001E-4
8.868362174932583E-4
8.840322424160068E-4
8.812427439046676E-4
8.784693629536971E-4
8.757141377365397E-4
8.729795508040152E-4
8.702685648110185E-4
8.67584639493522E-4
8.649317217112408E-4
8.623142000612796E-4
8.597368161208486E-4
8.572045260326805E-4
8.547223090692448E-4
0.2743220689803075
