3.97988242907347E-8
8.063171515092697E-8
1.2250189059631698E-7
1.6538439604632556E-7
2.092268845189948E-7
2.5395214125123E-7
2.9946218304595015E-7
3.456436119261742E-7
3.9237378402617065E-7
4.3952728330640285E-7
4.869821746475228E-7
5.346255534387669E-7
5.823580022446246E-7
6.300966959555329E-7
6.777770468071259E-7
7.253529299048675E-7
7.727956599743212E-7
8.200919866944723E-7
8.672414308980459E-7
9.142532955783069E-7
9.611436586723902E-7
1.0079325983640018E-6
1.0546418281585702E-6
1.1012928406080475E-6
1.1479055860918046E-6
1.1944976543265614E-6
1.241083885531752E-6
1.2876763161835919E-6
1.3342843590032534E-6
1.3809151243705991E-6
1.4275738061043046E-6
1.4742640740331786E-6
1.5209884353433253E-6
1.5677485437996127E-6
1.6145454492597837E-6
1.6613797890780307E-6
1.7082519283977234E-6
1.7551620587279314E-6
1.802110264486585E-6
1.8490965662161707E-6
1.8961209476095112E-6
1.9431833717929493E-6
1.9902837907805194E-6
2.0374221507635763E-6
2.0845983949622546E-6
2.131812465105887E-6
2.1790643021729166E-6
2.226353846746722E-6
2.2736810391801447E-6
2.3210458196686556E-6
2.3684481282816433E-6
2.4158879049753616E-6
2.4633650895981347E-6
2.510879621892501E-6
2.558431441496156E-6
2.606020487942463E-6
2.6536467006608436E-6
2.701310018977069E-6
2.7490103821135986E-6
2.796747729189862E-6
2.844521999222568E-6
2.8923331311260222E-6
2.9401810637124253E-6
2.9880657356921904E-6
3.035987085674245E-6
3.0839450521663532E-6
3.131939573575426E-6
3.179970588207838E-6
3.2280380342697617E-6
3.276141849867458E-6
3.324281973007612E-6
3.372458341597671E-6
3.4206708934461546E-6
3.4689195662629863E-6
3.5172042976598143E-6
3.5655250251503594E-6
3.613881686150732E-6
3.6622742179797736E-6
3.7107025578593956E-6
3.7591666429149094E-6
3.8076664101753726E-6
3.856201796573932E-6
3.904772738948162E-6
3.953379174040415E-6
4.0020210384981564E-6
4.050698268874333E-6
4.099410801627716E-6
4.148158573123246E-6
4.196941519632382E-6
4.245759577333485E-6
4.294612682312166E-6
4.343500770561626E-6
4.392423777983047E-6
4.441381640385929E-6
4.490374293488479E-6
4.539401672917968E-6
4.588463714211101E-6
4.637560352814394E-6
4.686691524084529E-6
4.73585716328877E-6
4.785057205605308E-6
4.83429158612363E-6
4.883560239844936E-6
4.932863101682506E-6
4.982200106462076E-6
5.0315711889222515E-6
5.080976283714854E-6
5.130415325405379E-6
5.1798882484733016E-6
5.229394987312557E-6
5.278935476231887E-6
5.328509649455267E-6
5.378117441122277E-6
5.427758785288547E-6
5.47743361592612E-6
5.527141866923881E-6
5.576883472087984E-6
5.626658365142242E-6
5.676466479728523E-6
5.726307749407222E-6
5.776182107657636E-6
5.826089487878386E-6
5.876029823387865E-6
5.926003047424631E-6
5.976009093147869E-6
6.0260478936377976E-6
6.0761193818961135E-6
6.126223490846379E-6
6.176360153334551E-6
6.2265293021293345E-6
6.27673086992265E-6
6.3269647893300835E-6
6.377230992891349E-6
6.42752941307067E-6
6.477859982257316E-6
6.52822263276598E-6
6.5786172968372735E-6
6.6290439066381625E-6
6.679502394262448E-6
6.7299926917312145E-6
6.780514730993264E-6
6.831068443925636E-6
6.881653762334038E-6
6.93227061795333E-6
6.982918942447982E-6
7.033598667412553E-6
7.084309724372187E-6
7.135052044783068E-6
7.18582556003291E-6
7.236630201441445E-6
7.287465900260902E-6
7.338332587676505E-6
7.389230194806952E-6
7.440158652704918E-6
7.491117892357523E-6
7.542107844686896E-6
7.593128440550591E-6
7.644179610742176E-6
7.695261285991658E-6
7.746373396966033E-6
7.797515874269819E-6
7.848688648445504E-6
7.899891649974109E-6
7.951124809275694E-6
8.002388056709898E-6
8.053681322576411E-6
8.105004537115537E-6
8.156357630508743E-6
8.207740532879105E-6
8.259153174291954E-6
8.310595484755327E-6
8.362067394220505E-6
8.413568832582634E-6
8.46509972968117E-6
8.516660015300491E-6
8.568249619170401E-6
8.619868470966708E-6
8.67151650031178E-6
8.723193636775069E-6
8.77489980987372E-6
8.826634949073073E-6
8.878398983787271E-6
8.930191843379789E-6
8.982013457164063E-6
9.033863754404001E-6
9.085742664314542E-6
9.137650116062339E-6
9.18958603876622E-6
9.241550361497824E-6
9.293543013282187E-6
9.345563923098327E-6
9.39761301987981E-6
9.449690232515373E-6
9.501795489849495E-6
9.553928720683025E-6
9.606089853773755E-6
9.658278817837024E-6
9.710495541546335E-6
9.762739953533973E-6
9.815011982391597E-6
9.867311556670854E-6
9.919638604884022E-6
9.971993055504615E-6
1.002437483696798E-5
1.007678387767198E-5
1.012922010597758E-5
1.0181683450209499E-5
1.0234173838656934E-5
1.0286691199574149E-5
1.0339235461181301E-5
1.0391806551665153E-5
1.0444404399180177E-5
1.0497028931849697E-5
1.0549680077767701E-5
1.0602357765001489E-5
1.0655061921595901E-5
1.0707792475580407E-5
1.0760549354981046E-5
1.0813332487840975E-5
1.0866141802255619E-5
1.0918977226432892E-5
1.097183868879566E-5
1.102472611815499E-5
1.1077639444000983E-5
1.1130578596986908E-5
1.1183543509728137E-5
1.1236534118109256E-5
1.1289550363403014E-5
1.1342592195673513E-5
1.1395659579190478E-5
1.1448752500960098E-5
1.1501870984034352E-5
1.155501510806726E-5
1.1608185040739688E-5
1.1661381085297401E-5
1.1714603751696129E-5
1.1767853861913676E-5
1.1821132704090503E-5
1.1874442255544344E-5
1.1927785501618285E-5
1.1981166885990688E-5
1.203459293865033E-5
1.2088073140230722E-5
1.2141621095582821E-5
1.2195256104779015E-5
1.224900523514229E-5
1.2302906011732884E-5
1.2357009853607078E-5
1.241138638588364E-5
1.2466128749165057E-5
1.2521360003408929E-5
1.257724067773673E-5
1.2633977445781905E-5
1.2691832803708108E-5
1.27511354924728E-5
1.2812291237774625E-5
1.2875793185214385E-5
1.2942231194868741E-5
1.3012298945540067E-5
1.3086797608033196E-5
1.31666347087857E-5
1.3252816754392886E-5
1.3346434259723532E-5
1.3448638049968048E-5
1.356060611384042E-5
1.3683500879960412E-5
1.3818417558799038E-5
1.3966325100367357E-5
1.4128002297092979E-5
1.4303972519783664E-5
1.4494441399713322E-5
1.4699242339723261E-5
1.4917794935349234E-5
1.5149081120006629E-5
1.539164306386127E-5
1.5603806733862628E-5
1.582209216003702E-5
1.604395415488626E-5
1.6266671935681385E-5
1.6487457751764912E-5
1.6703572755493294E-5
1.6912442238095506E-5
1.7111762140841485E-5
1.729958932854991E-5
1.7474409439200276E-5
1.7635178066611538E-5
1.7781333378293522E-5
1.7912780750713335E-5
1.8029852337140106E-5
1.8133246411340433E-5
1.822395265652035E-5
1.830317018199919E-5
1.8372224936706105E-5
1.8432492428592337E-5
1.848533040717605E-5
1.8532024623538683E-5
1.8573749161888757E-5
1.861154133410418E-5
1.864628989432361E-5
1.8678734456760468E-5
1.870947351628773E-5
1.8738978352330196E-5
1.8767610275328873E-5
1.8795639061347574E-5
1.8823260918755954E-5
1.885061485526209E-5
1.8877796797129103E-5
1.890487121215962E-5
1.8931880284207197E-5
1.8958850879111144E-5
1.898579964304368E-5
1.9012736604608503E-5
1.903966763391178E-5
1.9066596065626324E-5
1.9093523735069763E-5
1.9120451617929397E-5
1.9147380212305333E-5
1.9174309759340407E-5
1.9201240366389222E-5
1.9228172073458963E-5
1.9255104887820588E-5
1.928203880140967E-5
1.930897379926291E-5
1.933590986345928E-5
1.9362846974892506E-5
1.9389785114037642E-5
1.9416724261269775E-5
1.9443664396991152E-5
1.947060550168018E-5
1.9497547555909464E-5
1.9524490540352548E-5
1.955143443578653E-5
1.9578379223093175E-5
1.960532488325974E-5
1.963227139737954E-5
1.9659218746652515E-5
1.9686166912385806E-5
1.9713115875994315E-5
1.9740065619001234E-5
1.9767016123038752E-5
1.9793967369848392E-5
1.982091934128177E-5
1.9847872019301062E-5
1.9874825385979632E-5
1.990177942350264E-5
1.9928734114167567E-5
1.9955689440384663E-5
1.9982645384677828E-5
2.000960192968495E-5
2.0036559058158656E-5
2.006351675296672E-5
2.009047499709286E-5
2.0117433773637148E-5
2.014439306581676E-5
2.0171352856966418E-5
2.0198313130539166E-5
2.0225273870106823E-5
2.0252235059360663E-5
2.0279196682112075E-5
2.0306158722293052E-5
2.0333121163956774E-5
2.0360083991278493E-5
2.03870471885559E-5
2.0414010740209782E-5
2.044097463078464E-5
2.046793884494942E-5
2.0494903367498093E-5
2.0521868183350266E-5
2.0548833277551737E-5
2.057579863527529E-5
2.0602764241821263E-5
2.062973008261812E-5
2.065669614322318E-5
2.0683662409323226E-5
2.0710628866735202E-5
2.0737595501406814E-5
2.076456229941724E-5
2.0791529246977648E-5
2.081849633043203E-5
2.0845463536257773E-5
2.0872430851066314E-5
2.0899398261603913E-5
2.092636575475218E-5
2.0953333317528815E-5
2.098030093708826E-5
2.1007268600722472E-5
2.103423629586145E-5
2.1061204010074063E-5
2.1088171731068648E-5
2.111513944669372E-5
2.1142107144938696E-5
2.1169074813934528E-5
2.1196042441954473E-5
2.1223010017414757E-5
2.124997752887521E-5
2.127694496504016E-5
2.1303912314758914E-5
2.1330879567026656E-5
2.1357846710985033E-5
2.138481373592296E-5
2.1411780631277283E-5
2.1438747386633566E-5
2.1465713991726767E-5
2.1492680436441865E-5
2.1519646710814873E-5
2.1546612805033297E-5
2.1573578709436984E-5
2.1600544414518857E-5
2.162750991092568E-5
2.1654475189458786E-5
2.168144024107478E-5
2.170840505688636E-5
2.1735369628163002E-5
2.176233394633184E-5
2.1789298002978215E-5
2.181626178984668E-5
2.184322529884151E-5
2.1870188522027778E-5
2.189715145163185E-5
2.192411408004227E-5
2.1951076399810568E-5
2.197803840365191E-5
2.2005000084446085E-5
2.2031961435238148E-5
2.2058922449239163E-5
2.208588311982713E-5
2.21128434405477E-5
2.2139803405114977E-5
2.216676300741229E-5
2.2193722241493116E-5
2.222068110158165E-5
2.2247639582073923E-5
2.2274597677538273E-5
2.2301555382716466E-5
2.2328512692524303E-5
2.235546960205247E-5
2.2382426106567494E-5
2.2409382201512374E-5
2.2436337882507512E-5
2.2463293145351538E-5
2.2490247986022084E-5
2.2517202400676722E-5
2.2544156385653697E-5
2.2571109937472826E-5
2.2598063052836254E-5
2.262501572862943E-5
2.2651967961921842E-5
2.2678919749967884E-5
2.2705871090207728E-5
2.2732821980268215E-5
2.275977241796364E-5
2.2786722401296628E-5
2.2813671928458992E-5
2.2840620997832623E-5
2.2867569607990373E-5
2.289451775769683E-5
2.2921465445909282E-5
2.2948412671778556E-5
2.2975359434649825E-5
2.300230573406362E-5
2.3029251569756542E-5
2.305619694166233E-5
2.3083141849912678E-5
2.3110086294837982E-5
2.313703027696837E-5
2.3163973797034585E-5
2.319091685596893E-5
2.3217859454905876E-5
2.324480159518338E-5
2.327174327834345E-5
2.329868450613318E-5
2.3325625280505685E-5
2.3352565603620898E-5
2.337950547784656E-5
2.3406444905759148E-5
2.3433383890144666E-5
2.346032243399965E-5
2.3487260540532143E-5
2.3514198213162452E-5
2.3541135455524195E-5
2.3568072271465216E-5
2.3595008665048354E-5
2.362194464055262E-5
2.364888020247411E-5
2.3675815355526842E-5
2.370275010464404E-5
2.3729684454979164E-5
2.3756618411907387E-5
2.3783551981027505E-5
2.3810485168164332E-5
2.383741797937275E-5
2.3864350420943883E-5
2.3891282499415556E-5
2.391821422159006E-5
2.3945145594564408E-5
2.3972076625782966E-5
2.3999007323126763E-5
2.4025937695066645E-5
2.4052867750922193E-5
2.4079797501297484E-5
2.4106726958807688E-5
2.413365613928097E-5
2.416058506372918E-5
2.4187513761549658E-5
2.4214442275680515E-5
2.4241370670822795E-5
2.4268299046430128E-5
2.4295227557030114E-5
2.4322156443701203E-5
2.434908608233645E-5
2.4376017056881906E-5
2.44029502693008E-5
2.4429887102895546E-5
2.445682966219327E-5
2.4483781121282767E-5
2.451074622372654E-5
2.4537731991372222E-5
2.4564748716880426E-5
2.459181133567804E-5
2.461894129710641E-5
2.464616908098253E-5
2.4673537533095667E-5
2.470110621877891E-5
2.4728957013849777E-5
2.4757201161710567E-5
2.478598801754912E-5
2.4815515667329027E-5
2.4846043541570827E-5
2.4877907032543182E-5
2.4911533960103864E-5
2.494746251032472E-5
2.4986359991090287E-5
2.502904141584576E-5
2.5076486555551462E-5
2.512985371571555E-5
2.51904881382861E-5
2.5259922647043178E-5
2.5339868009128966E-5
2.5432190538235136E-5
2.553887477776457E-5
2.5661969723787605E-5
2.5803518003352113E-5
2.596546870482466E-5
2.6149576110742696E-5
2.6357288308035813E-5
2.6589631394314896E-5
2.6847096570261586E-5
2.7129538590830637E-5
2.743609462638654E-5
2.776513237452922E-5
2.8114235143544924E-5
2.8480229572035435E-5
2.8859258743899908E-5
2.924689991284725E-5
2.96383221865599E-5
3.002847573959701E-5
3.041230086311643E-5
3.078494283237842E-5
3.114195750941559E-5
3.147949298962213E-5
3.1794434463442085E-5
3.2084502626382E-5
3.234830008962082E-5
3.258530484967745E-5
3.2795814436918676E-5
3.2980848360833866E-5
3.3142019474012784E-5
3.328138660200855E-5
3.3401301128727836E-5
3.350425926774058E-5
3.3592769730238566E-5
3.3669243773549855E-5
3.3735911583616285E-5
3.379476600090877E-5
3.384753206480877E-5
3.389565894560068E-5
3.394032965616354E-5
3.3982483474846584E-5
3.402284616465038E-5
3.406196368239986E-5
3.410023595381797E-5
3.4137948274124096E-5
3.417529883835779E-5
3.4212421713997806E-5
3.4249405189109306E-5
3.428630585052913E-5
3.43231589862861E-5
3.4359985999905605E-5
3.439679951348488E-5
3.443360676179972E-5
3.447041177467295E-5
3.450721673377947E-5
3.4544022788268756E-5
3.458083052875771E-5
3.461764025354607E-5
3.465445211305767E-5
3.469126618550809E-5
3.472808251515368E-5
3.476490113093338E-5
3.4801722055221936E-5
3.483854530778558E-5
3.487537090750141E-5
3.491219887307521E-5
3.494902922332957E-5
3.49858619773145E-5
3.502269715434927E-5
3.5059534774037333E-5
3.509637485627257E-5
3.513321742124169E-5
3.5170062489426086E-5
3.5206910081603104E-5
3.524376021884744E-5
3.528061292253225E-5
3.531746821433048E-5
3.535432611621624E-5
3.539118665046598E-5
3.542804983965984E-5
3.5464915706682984E-5
3.550178427472669E-5
3.553865556729012E-5
3.5575529608181194E-5
3.561240642151818E-5
3.5649286031730904E-5
3.56861684635624E-5
3.572305374206991E-5
3.575994189262642E-5
3.579683294092214E-5
3.583372691296581E-5
3.587062383508611E-5
3.5907523733932945E-5
3.594442663647904E-5
3.598133257002146E-5
3.601824156218284E-5
3.605515364091279E-5
3.609206883448956E-5
3.6128987171521384E-5
3.616590868094802E-5
3.620283339204213E-5
3.623976133441082E-5
3.6276692537997126E-5
3.6313627033081446E-5
3.6350564850283425E-5
3.638750602056275E-5
3.6424450575221416E-5
3.646139854590471E-5
3.64983499646032E-5
3.6535304863654044E-5
3.6572263275742354E-5
3.660922523390311E-5
3.664619077152259E-5
3.6683159922339824E-5
3.672013272044839E-5
3.675710920029787E-5
3.6794089396695505E-5
3.683107334480762E-5
3.68680610801614E-5
3.690505263864662E-5
3.6942048056516984E-5
3.697904737039181E-5
3.701605061725775E-5
3.7053057834470515E-5
3.709006905975613E-5
3.7127084331213134E-5
3.7164103687313786E-5
3.720112716690576E-5
3.7238154809213996E-5
3.7275186653842317E-5
3.731222274077494E-5
3.7349263110378304E-5
3.738630780340271E-5
3.7423356860983964E-5
3.7460410324645135E-5
3.749746823629806E-5
3.75345306382453E-5
3.757159757318154E-5
3.760866908419564E-5
3.7645745214772015E-5
3.768282600879249E-5
3.7719911510537936E-5
3.7757001764690036E-5
3.779409681633317E-5
3.7831196710955566E-5
3.786830149445166E-5
3.790541121312361E-5
3.7942525913682615E-5
3.797964564325141E-5
3.801677044936518E-5
3.8053900379973876E-5
3.809103548344367E-5
3.812817580855871E-5
3.816532140452304E-5
3.820247232096191E-5
3.823962860792408E-5
3.8276790315882905E-5
3.831395749573864E-5
3.835113019881988E-5
3.838830847688532E-5
3.84254923821256E-5
3.8462681967164894E-5
3.84998772850627E-5
3.853707838931564E-5
3.85742853338591E-5
3.861149817306898E-5
3.864871696176345E-5
3.86859417552047E-5
3.872317260910068E-5
3.876040957960662E-5
3.879765272332717E-5
3.883490209731755E-5
3.887215775908588E-5
3.890941976659454E-5
3.8946688178262005E-5
3.898396305296449E-5
3.902124445003764E-5
3.905853242927838E-5
3.909582705094654E-5
3.913312837576663E-5
3.917043646492927E-5
3.920775138009341E-5
3.9245073183387594E-5
3.92824019374117E-5
3.931973770523881E-5
3.935708055041671E-5
3.93944305369698E-5
3.943178772940056E-5
3.946915219269133E-5
3.9506523992305984E-5
3.954390319419148E-5
3.958128986477962E-5
3.9618684070988805E-5
3.965608588022559E-5
3.969349536038624E-5
3.973091257985847E-5
3.976833760752308E-5
3.980577051275563E-5
3.9843211365427966E-5
3.988066023590991E-5
3.991811719507095E-5
3.995558231428156E-5
3.999305566541515E-5
4.0030537320849674E-5
4.00680273534687E-5
4.0105525836663705E-5
4.0143032844335045E-5
4.018054845089401E-5
4.021807273126406E-5
4.02556057608825E-5
4.029314761570209E-5
4.0330698372192495E-5
4.036825810734191E-5
4.0405826898658436E-5
4.044340482417176E-5
4.048099196243468E-5
4.051858839252449E-5
4.055619419404448E-5
4.0593809447125656E-5
4.063143423242784E-5
4.066906863114156E-5
4.070671272498926E-5
4.074436659622684E-5
4.078203032764537E-5
4.081970400257254E-5
4.085738770487431E-5
4.0895081518956896E-5
4.093278552976932E-5
4.097049982280637E-5
4.1008224484113506E-5
4.104595960029409E-5
4.108370525852147E-5
4.112146154655964E-5
4.1159228552798374E-5
4.119700636631422E-5
4.1234795076975434E-5
4.127259477562244E-5
4.131040555437568E-5
4.13482275071577E-5
4.138606073057051E-5
4.142390532535865E-5
4.1461761398827154E-5
4.149962906880185E-5
4.1537508470057785E-5
4.157539976465421E-5
4.161330315839376E-5
4.1651218926779515E-5
4.168914745554554E-5
4.17270893033034E-5
4.176504529737289E-5
4.1803016678829703E-5
4.1841005319675915E-5
4.1879014044402777E-5
4.191704710072699E-5
4.195511084067691E-5
4.199321469421116E-5
4.2031372543813545E-5
4.206960464040943E-5
4.210794023842492E-5
4.214642117003697E-5
4.218510662373136E-5
4.2224079436782836E-5
4.2263454249878474E-5
4.23033878972439E-5
4.2344092407215106E-5
4.2385850953709605E-5
4.2429037013943054E-5
4.2474136836452935E-5
4.2521775091111893E-5
4.257274324750432E-5
4.2628029804199E-5
4.268885097344562E-5
4.2756679831945663E-5
4.283327131436418E-5
4.29206798078835E-5
4.3021265579400824E-5
4.31376859257073E-5
4.3272866886204376E-5
4.342995170304689E-5
4.361222304648553E-5
4.382299740292894E-5
4.406549195802255E-5
4.4342666736418595E-5
4.465704754273386E-5
4.501053815931546E-5
4.540423299573078E-5
4.583824360051599E-5
4.631155377149751E-5
4.6821918105406795E-5
4.7365817468524185E-5
4.7938481948004814E-5
4.8533987442196644E-5
4.9145426455220595E-5
4.976514735930585E-5
5.038505001576383E-5
5.0996919924102305E-5
5.1592778711357756E-5
5.216522638058075E-5
5.270775070036008E-5
5.32149815477993E-5
5.3682872713589504E-5
5.410880013900072E-5
5.449157304341421E-5
5.483136204530543E-5
5.512955529724468E-5
5.5388559081319854E-5
5.561156270409875E-5
5.5802288641299236E-5
5.596474777570619E-5
5.610301659331218E-5
5.62210489063722E-5
5.632252972053129E-5
5.64107739195782E-5
5.648866807392072E-5
5.655865029241649E-5
5.662272084028307E-5
5.668247525409597E-5
5.6739151754505704E-5
5.679368563743581E-5
5.684676471644705E-5
5.689888150010234E-5
5.6950379372861015E-5
5.700149143088543E-5
5.70523717062688E-5
5.71031192645732E-5
5.715379610365953E-5
5.720443997172097E-5
5.725507322824619E-5
5.73057087615229E-5
5.735635380801995E-5
5.740701233546699E-5
5.745768648027167E-5
5.7508377385560856E-5
5.755908567331019E-5
5.760981170126302E-5
5.766055569790162E-5
5.771131783085909E-5
5.776209824034963E-5
5.7812897054906555E-5
5.786371439851325E-5
5.791455039371107E-5
5.7965405162901396E-5
5.801627882887073E-5
5.8067171514994974E-5
5.8118083345317316E-5
5.816901444457899E-5
5.821996493823226E-5
5.827093495244813E-5
5.83219246141218E-5
5.837293405087767E-5
5.842396339107425E-5
5.847501276380877E-5
5.852608229892227E-5
5.857717212700408E-5
5.862828237939655E-5
5.867941318820024E-5
5.873056468627825E-5
5.878173700726111E-5
5.883293028555148E-5
5.888414465632903E-5
5.8935380255555034E-5
5.898663721997706E-5
5.903791568713367E-5
5.908921579535931E-5
5.9140537683788524E-5
5.919188149236119E-5
5.9243247361826655E-5
5.929463543374855E-5
5.9346045850509334E-5
5.939747875531492E-5
5.9448934292199125E-5
5.9500412606028326E-5
5.955191384250577E-5
5.9603438148176146E-5
5.9654985670430145E-5
5.9706556557508515E-5
5.975815095850691E-5
5.980976902337983E-5
5.98614109029452E-5
5.9913076748888515E-5
5.9964766713767274E-5
6.0016480951014945E-5
6.0068219614945304E-5
6.0119982860756695E-5
6.0171770844536E-5
6.02235837232627E-5
6.027542165481291E-5
6.032728479796352E-5
6.03791733123962E-5
6.0431087358700865E-5
6.048302709838012E-5
6.05349926938529E-5
6.058698430845816E-5
6.06390021064586E-5
6.069104625304462E-5
6.074311691433801E-5
6.079521425739503E-5
6.08473384502106E-5
6.089948966172165E-5
6.0951668061810366E-5
6.100387382130793E-5
6.105610711199783E-5
6.110836810661898E-5
6.11606569788694E-5
6.121297390340903E-5
6.126531905586332E-5
6.131769261282611E-5
6.13700947518627E-5
6.142252565151316E-5
6.147498549129485E-5
6.152747445170608E-5
6.157999271422801E-5
6.163254046132834E-5
6.168511787646369E-5
6.17377251440824E-5
6.179036244962701E-5
6.184302997953732E-5
6.189572792125237E-5
6.194845646321328E-5
6.200121579486569E-5
6.205400610666205E-5
6.210682759006406E-5
6.215968043754478E-5
6.221256484259088E-5
6.226548099970495E-5
6.231842910440734E-5
6.237140935323854E-5
6.242442194376097E-5
6.247746707456067E-5
6.253054494524962E-5
6.258365575646734E-5
6.26367997098825E-5
6.26899770081948E-5
6.27431878551366E-5
6.279643245547422E-5
6.28497110150098E-5
6.290302374058264E-5
6.29563708400704E-5
6.300975252239068E-5
6.306316899750226E-5
6.311662047640597E-5
6.317010717114633E-5
6.322362929481232E-5
6.327718706153846E-5
6.333078068650572E-5
6.338441038594273E-5
6.343807637712611E-5
6.349177887838172E-5
6.354551810908512E-5
6.359929428966212E-5
6.365310764158997E-5
6.370695838739716E-5
6.376084675066404E-5
6.381477295602386E-5
6.386873722916219E-5
6.392273979681807E-5
6.397678088678343E-5
6.403086072790413E-5
6.408497955007902E-5
6.413913758426102E-5
6.419333506245632E-5
6.424757221772493E-5
6.430184928417994E-5
6.435616649698777E-5
6.441052409236757E-5
6.446492230759126E-5
6.451936138098278E-5
6.45738415519177E-5
6.462836306082299E-5
6.468292614917629E-5
6.473753105950514E-5
6.479217803538648E-5
6.48468673214456E-5
6.490159916335583E-5
6.495637380783736E-5
6.501119150265601E-5
6.506605249662292E-5
6.512095703959289E-5
6.517590538246362E-5
6.52308977771746E-5
6.528593447670512E-5
6.534101573507422E-5
6.539614180733834E-5
6.545131294959021E-5
6.550652941895753E-5
6.556179147360121E-5
6.561709937271393E-5
6.567245337651866E-5
6.572785374626649E-5
6.578330074423498E-5
6.583879463372704E-5
6.589433567906796E-5
6.594992414560455E-5
6.600556029970194E-5
6.606124440874298E-5
6.61169767411246E-5
6.617275756625704E-5
6.62285871545607E-5
6.628446577746432E-5
6.634039370740269E-5
6.639637121781437E-5
6.64523985831397E-5
6.650847607881841E-5
6.656460398128868E-5
6.662078256798605E-5
6.667701211734468E-5
6.673329290880085E-5
6.678962522280232E-5
6.684600934082648E-5
6.690244554541558E-5
6.695893412024108E-5
6.701547535021825E-5
6.707206952170772E-5
6.712871692286589E-5
6.718541784424547E-5
6.724217257981573E-5
6.72989814286794E-5
6.735584469793133E-5
6.741276270737833E-5
6.746973579725448E-5
6.752676434071445E-5
6.758384876386737E-5
6.764098957758938E-5
6.769818742753382E-5
6.775544317195014E-5
6.781275800152069E-5
6.787013362194691E-5
6.7927572529131E-5
6.798507841931642E-5
6.804265679342929E-5
6.810031583719146E-5
6.815806768746949E-5
6.821593023184083E-5
6.827392963325998E-5
6.83321038251855E-5
6.839050728381118E-5
6.844921745087243E-5
6.850834324855968E-5
6.856803619035259E-5
6.862850463778632E-5
6.86900317692578E-5
6.87529977951315E-5
6.881790685242733E-5
6.888541881889165E-5
6.895638597702407E-5
6.903189401375823E-5
6.911330624906056E-5
6.92023092481803E-5
6.930095710856102E-5
6.94117107695576E-5
6.953746774669211E-5
6.968157684896306E-5
6.984783183304557E-5
7.004043773782438E-5
7.026394398825909E-5
7.052313940559039E-5
7.082290611646603E-5
7.116803205139094E-5
7.156298519965516E-5
7.201165686118067E-5
7.251708549532781E-5
7.308117698352868E-5
7.370444067880909E-5
7.438576295658078E-5
7.512224058747391E-5
7.590909472206585E-5
7.673968240528839E-5
7.760561638840775E-5
7.849699594752672E-5
7.940274212071992E-5
8.031102116340303E-5
8.120973116764204E-5
8.208701978572466E-5
8.293179679137914E-5
8.373420446365623E-5
8.448601174118817E-5
8.518090455105057E-5
8.581465398826186E-5
8.638515505149194E-5
8.68923401365372E-5
8.733798211189444E-5
8.772541035642763E-5
8.805916874860411E-5
8.83446468110165E-5
8.858771405600447E-5
8.879438350839544E-5
8.897052419464483E-5
8.912163506636262E-5
8.925268537716652E-5
8.936801983735886E-5
8.947132157864419E-5
8.956562242618092E-5
8.965334825851456E-5
8.973638714904272E-5
8.981616916479043E-5
8.989374870513473E-5
8.996988265032295E-5
9.004509997715668E-5
9.011976061004361E-5
9.019410294797118E-5
9.026828068588134E-5
9.034239025864416E-5
9.041649055606002E-5
9.049061659058714E-5
9.05647886490288E-5
9.063901821395256E-5
9.071331166687088E-5
9.078767252678972E-5
9.086210275802117E-5
9.09366035084198E-5
9.101117551186231E-5
9.108581930006989E-5
9.116053531015905E-5
9.123532393728675E-5
9.13101855594755E-5
9.138512054888105E-5
9.14601292767124E-5
9.153521211529729E-5
9.161036943891766E-5
9.168560162413616E-5
9.176090904992091E-5
9.183629209769485E-5
9.191175115135696E-5
9.198728659729269E-5
9.20628988243825E-5
9.21385882240068E-5
9.221435519005183E-5
9.229020011891352E-5
9.236612340950143E-5
9.244212546324226E-5
9.251820668408216E-5
9.259436747848918E-5
9.267060825545445E-5
9.274692942649332E-5
9.282333140564605E-5
9.289981460947739E-5
9.297637945707599E-5
9.30530263700542E-5
9.312975577254497E-5
9.32065680912008E-5
9.328346375519064E-5
9.336044319619741E-5
9.343750684841383E-5
9.351465514853854E-5
9.359188853577143E-5
9.366920745180914E-5
9.374661234083936E-5
9.382410364953499E-5
9.390168182704757E-5
9.397934732500085E-5
9.40571005974839E-5
9.413494210104288E-5
9.421287229467363E-5
9.429089163981274E-5
9.436900060032924E-5
9.444719964251495E-5
9.452548923507561E-5
9.460386984911987E-5
9.468234195814974E-5
9.476090603804992E-5
9.483956256707642E-5
9.491831202584478E-5
9.499715489731921E-5
9.507609166679957E-5
9.515512282190963E-5
9.523424885258366E-5
9.53134702510538E-5
9.539278751183618E-5
9.547220113171748E-5
9.555171160974037E-5
9.563131944718991E-5
9.571102514757833E-5
9.579082921662992E-5
9.587073216226597E-5
9.595073449458924E-5
9.6030836725868E-5
9.611103937052006E-5
9.61913429450961E-5
9.627174796826336E-5
9.635225496078845E-5
9.643286444552023E-5
9.651357694737256E-5
9.659439299330628E-5
9.667531311231172E-5
9.675633783539008E-5
9.683746769553561E-5
9.691870322771644E-5
9.700004496885611E-5
9.708149345781437E-5
9.716304923536804E-5
9.72447128441912E-5
9.732648482883616E-5
9.740836573571286E-5
9.749035611306943E-5
9.757245651097128E-5
9.765466748128102E-5
9.773698957763822E-5
9.78194233554377E-5
9.790196937180917E-5
9.798462818559591E-5
9.80674003573333E-5
9.815028644922773E-5
9.823328702513462E-5
9.83164026505366E-5
9.839963389252149E-5
9.848298131976068E-5
9.856644550248624E-5
9.865002701246902E-5
9.87337264229959E-5
9.881754430884713E-5
9.890148124627351E-5
9.898553781297379E-5
9.906971458807121E-5
9.91540121520905E-5
9.923843108693499E-5
9.932297197586264E-5
9.940763540346275E-5
9.949242195563272E-5
9.957733221955383E-5
9.966236678366793E-5
9.974752623765303E-5
9.983281117239984E-5
9.991822217998753E-5
1.0000375985365931E-4
1.0008942478779867E-4
1.0017521757790468E-4
1.0026113882056798E-4
1.0034718911344588E-4
1.0043336905523816E-4
1.0051967924566227E-4
1.0060612028542877E-4
1.00692692776217E-4
1.0077939732064935E-4
1.0086623452226719E-4
1.0095320498550602E-4
1.0104030931566989E-4
1.011275481189072E-4
1.0121492200218533E-4
1.0130243157326516E-4
1.0139007744067651E-4
1.0147786021369287E-4
1.0156578050230636E-4
1.0165383891720198E-4
1.0174203606973282E-4
1.0183037257189482E-4
1.0191884903630134E-4
1.0200746607615788E-4
1.0209622430523661E-4
1.0218512433785114E-4
1.0227416678883126E-4
1.0236335227349757E-4
1.0245268140763575E-4
1.0254215480747166E-4
1.026317730896454E-4
1.0272153687118647E-4
1.0281144676948793E-4
1.0290150340228143E-4
1.02991707387611E-4
1.0308205934380874E-4
1.0317255988946889E-4
1.0326320964342207E-4
1.0335400922471042E-4
1.0344495925256243E-4
1.0353606034636715E-4
1.036273131256488E-4
1.037187182100422E-4
1.0381027621926646E-4
1.0390198777310035E-4
1.0399385349135754E-4
1.0408587399386021E-4
1.0417804990041453E-4
1.0427038183078605E-4
1.0436287040467339E-4
1.0445551624168409E-4
1.0454831996130935E-4
1.0464128218289926E-4
1.0473440352563752E-4
1.0482768460851733E-4
1.0492112605031688E-4
1.0501472846957544E-4
1.0510849248457104E-4
1.0520241871329913E-4
1.0529650777345463E-4
1.0539076028242059E-4
1.0548517685726582E-4
1.0557975811476195E-4
1.05674504671432E-4
1.0576941714365498E-4
1.0586449614786773E-4
1.059597423009328E-4
1.0605515622078971E-4
1.0615073852758127E-4
1.0624648984557506E-4
1.0634241080639779E-4
1.0643850205441781E-4
1.0653476425560949E-4
1.0663119811200217E-4
1.0672780438499588E-4
1.0682458393260507E-4
1.0692153776834796E-4
1.0701866715339931E-4
1.0711597373929256E-4
1.0721345978653772E-4
1.0731112849589496E-4
1.0740898450477035E-4
1.075070346225498E-4
1.0760528890714049E-4
1.0770376222209354E-4
1.078024764609558E-4
1.0790146368416403E-4
1.0800077048437795E-4
1.0810046397801355E-4
1.0820063991137907E-4
1.0830143346407847E-4
1.0840303342155659E-4
1.0850570045972739E-4
1.0860979031943635E-4
1.0871578262356263E-4
1.0882431597645763E-4
1.0893622975222964E-4
1.0905261259241852E-4
1.0917485706569472E-4
1.0930471917265518E-4
1.0944438040475489E-4
1.095965089102104E-4
1.0976431503706458E-4
1.0995159521021288E-4
1.1016275689406903E-4
1.1040281647571514E-4
1.1067736148624163E-4
1.1099246888486421E-4
1.1135457237094612E-4
1.1177027402280721E-4
1.1224609905858114E-4
1.1278819711339179E-4
1.1340199890776398E-4
1.1409184314673758E-4
1.1486059437072962E-4
1.1570927760520963E-4
1.1663675912862122E-4
1.1763950403129865E-4
1.1871143961197473E-4
1.1984394885562065E-4
1.2102601025445793E-4
1.2224448951604088E-4
1.2348457611488018E-4
1.2473034441619482E-4
1.259654066952656E-4
1.271736153076587E-4
1.2833976488549817E-4
1.2945024371999327E-4
1.30493586872048E-4
1.314608918189924E-4
1.3234606973912255E-4
1.3314592045586042E-4
1.3386003485683586E-4
1.344905434170167E-4
1.350417416058918E-4
1.3551963117382657E-4
1.3593141989934552E-4
1.3628502129537628E-4
1.3658859059045817E-4
1.3685012507390153E-4
1.370771469575833E-4
1.3727647665440576E-4
1.3745409504497896E-4
1.3761508582883615E-4
1.377636439646132E-4
1.3790313361652543E-4
1.38036178711703E-4
1.3816477069525818E-4
1.3829038074171247E-4
1.3841406692732507E-4
1.3853657015489647E-4
1.3865839555647703E-4
1.3877987844441729E-4
1.3890123554947462E-4
1.390226033045495E-4
1.391440654080662E-4
1.3926567197163655E-4
1.393874523650745E-4
1.3950942354196185E-4
1.396315952547754E-4
1.3975397321214073E-4
1.39876560925936E-4
1.3999936075526087E-4
1.4012237447621277E-4
1.4024560358199617E-4
1.4036904943534086E-4
1.4049271334305212E-4
1.4061659659105535E-4
1.407407004601716E-4
1.408650262328577E-4
1.4098957519588406E-4
1.4111434864126274E-4
1.4123934786644947E-4
1.4136457417426412E-4
1.41490028872705E-4
1.4161571327472609E-4
1.4174162869800427E-4
1.418677764647048E-4
1.4199415790124785E-4
1.421207743380768E-4
1.4224762710942986E-4
1.4237471755311395E-4
1.4250204701028027E-4
1.4262961682520356E-4
1.4275742834506238E-4
1.428854829197238E-4
1.430137819015287E-4
1.4314232664508023E-4
1.4327111850703534E-4
1.4340015884589706E-4
1.4352944902181104E-4
1.4365899039636264E-4
1.4378878433237766E-4
1.4391883219372491E-4
1.44049135345121E-4
1.4417969515193805E-4
1.4431051298001164E-4
1.4444159019545372E-4
1.445729281644668E-4
1.447045282531583E-4
1.4483639182736102E-4
1.4496852025245143E-4
1.451009148931742E-4
1.4523357711346518E-4
1.4536650827627994E-4
1.4549970974342123E-4
1.4563318287537147E-4
1.4576692903112446E-4
1.459009495680216E-4
1.460352458415886E-4
1.4616981920537474E-4
1.4630467101079469E-4
1.4643980260697117E-4
1.4657521534058062E-4
1.4671091055569954E-4
1.4684688959365494E-4
1.469831537928742E-4
1.4711970448873948E-4
1.4725654301344079E-4
1.4739367069583408E-4
1.4753108886129965E-4
1.4766879883160297E-4
1.478068019247556E-4
1.4794509945488134E-4
1.4808369273208095E-4
1.4822258306230034E-4
1.4836177174719977E-4
1.485012600840265E-4
1.4864104936548593E-4
1.487811408796178E-4
1.489215359096723E-4
1.4906223573398888E-4
1.4920324162587555E-4
1.4934455485349045E-4
1.4948617667972619E-4
1.4962810836209386E-4
1.497703511526101E-4
1.4991290629768562E-4
1.5005577503801414E-4
1.5019895860846492E-4
1.5034245823797578E-4
1.5048627514944709E-4
1.5063041055963814E-4
1.5077486567906592E-4
1.5091964171190324E-4
1.5106473985587976E-4
1.5121016130218522E-4
1.513559072353722E-4
1.5150197883326234E-4
1.5164837726685314E-4
1.5179510370022528E-4
1.519421592904533E-4
1.5208954518751671E-4
1.522372625342123E-4
1.5238531246606826E-4
1.525336961112601E-4
1.5268241459052666E-4
1.528314690170886E-4
1.5298086049656882E-4
1.531305901269117E-4
1.5328065899830717E-4
1.5343106819311296E-4
1.5358181878578035E-4
1.537329118427801E-4
1.538843484225302E-4
1.5403612957532416E-4
1.541882563432621E-4
1.5434072976018077E-4
1.5449355085158753E-4
1.546467206345935E-4
1.548002401178489E-4
1.54954110301479E-4
1.5510833217702245E-4
1.5526290672736897E-4
1.5541783492670013E-4
1.5557311774043009E-4
1.5572875612514814E-4
1.5588475102856195E-4
1.560411033894423E-4
1.5619781413756797E-4
1.5635488419367448E-4
1.5651231446939967E-4
1.5667010586723515E-4
1.5682825928047466E-4
1.5698677559316672E-4
1.5714565568006526E-4
1.5730490040658516E-4
1.5746451062875486E-4
1.5762448719317353E-4
1.5778483093696583E-4
1.579455426877417E-4
1.581066232635524E-4
1.582680734728523E-4
1.5842989411445863E-4
1.5859208597751332E-4
1.5875464984144562E-4
1.5891758647593467E-4
1.5908089664087597E-4
1.5924458108634564E-4
1.5940864055256695E-4
1.595730757698779E-4
1.597378874586996E-4
1.599030763295054E-4
1.600686430827912E-4
1.6023458840904662E-4
1.604009129887262E-4
1.605676174922235E-4
1.6073470257984383E-4
1.6090216890177862E-4
1.610700170980829E-4
1.6123824779864856E-4
1.6140686162318416E-4
1.6157585918119154E-4
1.6174524107194526E-4
1.6191500788447104E-4
1.6208516019752838E-4
1.6225569857958978E-4
1.624266235888241E-4
1.6259793577307855E-4
1.6276963566986297E-4
1.6294172380633385E-4
1.6311420069927963E-4
1.6328706685510692E-4
1.634603227698266E-4
1.636339689290419E-4
1.6380800580793588E-4
1.6398243387126077E-4
1.6415725357332776E-4
1.6433246535799695E-4
1.6450806965866946E-4
1.6468406689827775E-4
1.6486045748928047E-4
1.65037241833656E-4
1.6521442032289745E-4
1.6539199333801276E-4
1.6556996124952457E-4
1.6574832441748207E-4
1.6592708319147797E-4
1.6610623791069043E-4
1.6628578890395696E-4
1.6646573648990926E-4
1.6664608097721013E-4
1.6682682266497173E-4
1.670079618434784E-4
1.6718949879542365E-4
1.6737143379801412E-4
1.675537671265107E-4
1.6773649906013033E-4
1.6791962989179743E-4
1.6810315994409333E-4
1.6828708959509982E-4
1.684714193198532E-4
1.6865614975617447E-4
1.6884128180813713E-4
1.6902681680698792E-4
1.6921275675875258E-4
1.6939910472105947E-4
1.6958586537021785E-4
1.6977304584483863E-4
1.69960656986131E-4
1.70148715139411E-4
1.7033724473828414E-4
1.7052628196409685E-4
1.7071587985949336E-4
1.7090611537583895E-4
1.710970989472625E-4
1.7128898730330662E-4
1.7148200034763724E-4
1.7167644302641777E-4
1.7187273316502787E-4
1.7207143623716823E-4
1.7227330791091814E-4
1.7247934495201225E-4
1.7269084461365004E-4
1.729094719661775E-4
1.731373336911601E-4
1.7337705567476382E-4
1.736318603072149E-4
1.739056377916864E-4
1.742030041003196E-4
1.7452933665522313E-4
1.7489077757947176E-4
1.7529419372116345E-4
1.757470828870116E-4
1.762574171024314E-4
1.7683341645752097E-4
1.7748325131022231E-4
1.7821467624862857E-4
1.7903460601292144E-4
1.7994865106906574E-4
1.8096064863742047E-4
1.820721889884207E-4
1.832822057287627E-4
1.8458665792429128E-4
1.8597834111300324E-4
1.874468586871221E-4
1.8897877549630188E-4
1.9055796234353786E-4
1.9216612435144867E-4
1.937834894827479E-4
1.953896176371433E-4
1.969642776418299E-4
1.984883308504692E-4
1.999445572633904E-4
2.0131836370296328E-4
2.0259832343661832E-4
2.037765117257519E-4
2.0484862037435523E-4
2.0581385426612827E-4
2.066746317648272E-4
2.074361265468558E-4
2.0810569927130648E-4
2.0869227252598766E-4
2.0920570159619137E-4
2.096561874506552E-4
2.1005376821808537E-4
2.10407913009061E-4
2.1072722898806082E-4
2.1101928071010946E-4
2.1129051111496393E-4
2.115462469274605E-4
2.1179076773439472E-4
2.120274174321893E-4
2.1225873847662485E-4
2.1248661265655118E-4
2.1271239617713468E-4
2.1293704099198925E-4
2.131611980571477E-4
2.1338530118329019E-4
2.1360963231460106E-4
2.1383437039161653E-4
2.1405962658868914E-4
2.1428546882917946E-4
2.1451193825397033E-4
2.1473905990950144E-4
2.1496684945107323E-4
2.1519531720600325E-4
2.154244705536872E-4
2.1565431527263514E-4
2.1588485627688526E-4
2.1611609800478775E-4
2.163480446172081E-4
2.1658070009514884E-4
2.1681406828629357E-4
2.1704815292661038E-4
2.172829576502486E-4
2.1751848599416336E-4
2.177547414004584E-4
2.179917272177854E-4
2.1822944670236145E-4
2.1846790301884586E-4
2.187070992411573E-4
2.1894703835327153E-4
2.191877232500064E-4
2.1942915673780206E-4
2.196713415354941E-4
2.199142802750829E-4
2.2015797550249826E-4
2.2040242967835783E-4
2.2064764517872268E-4
2.208936242958465E-4
2.211403692389208E-4
2.2138788213481707E-4
2.2163616502881927E-4
2.218852198853582E-4
2.2213504858873732E-4
2.2238565294385393E-4
2.2263703467691694E-4
2.2288919543616087E-4
2.2314213679255267E-4
2.2339586024049736E-4
2.2365036719853586E-4
2.2390565901004165E-4
2.2416173694390988E-4
2.2441860219524508E-4
2.2467625588604213E-4
2.2493469906586377E-4
2.251939327125145E-4
2.2545395773270854E-4
2.257147749627352E-4
2.2597638516911917E-4
2.2623878904927635E-4
2.2650198723216602E-4
2.2676598027893867E-4
2.270307686835791E-4
2.272963528735464E-4
2.2756273321040905E-4
2.27829909990476E-4
2.2809788344542415E-4
2.283666537429213E-4
2.2863622098724456E-4
2.2890658521989627E-4
2.291777464202149E-4
2.2944970450598185E-4
2.2972245933402418E-4
2.2999601070081488E-4
2.3027035834306727E-4
2.305455019383262E-4
2.3082144110555663E-4
2.310981754057262E-4
2.313757043423858E-4
2.3165402736224542E-4
2.3193314385574655E-4
2.3221305315762974E-4
2.324937545475012E-4
2.3277524725039172E-4
2.3305753043731552E-4
2.333406032258239E-4
2.3362446468055438E-4
2.3390911381377657E-4
2.3419454958593664E-4
2.3448077090619532E-4
2.3476777663296327E-4
2.3505556557443374E-4
2.3534413648911012E-4
2.35633488086332E-4
2.3592361902679453E-4
2.3621452792306922E-4
2.3650621334011555E-4
2.3679867379579352E-4
2.3709190776137059E-4
2.3738591366202592E-4
2.3768068987735144E-4
2.3797623474184837E-4
2.3827254654542167E-4
2.3856962353387124E-4
2.3886746390937833E-4
2.3916606583098958E-4
2.39465427415098E-4
2.3976554673592112E-4
2.4006642182597382E-4
2.4036805067654025E-4
2.4067043123814145E-4
2.409735614209993E-4
2.4127743909549887E-4
2.4158206209264573E-4
2.418874282045214E-4
2.4219353518473535E-4
2.4250038074887382E-4
2.4280796257494512E-4
2.4311627830382276E-4
2.434253255396851E-4
2.4373510185045122E-4
2.4404560476821532E-4
2.443568317896768E-4
2.4466878037656683E-4
2.449814479560754E-4
2.452948319212698E-4
2.456089296315154E-4
2.4592373841289094E-4
2.4623925555860063E-4
2.465554783293851E-4
2.468724039539268E-4
2.471900296292562E-4
2.4750835252115166E-4
2.478273697645385E-4
2.481470784638836E-4
2.4846747569359E-4
2.487885584983859E-4
2.491103238937126E-4
2.4943276886610756E-4
2.4975589037358795E-4
2.5007968534602874E-4
2.504041506855398E-4
2.5072928326683874E-4
2.5105507993762247E-4
2.513815375189357E-4
2.5170865280553577E-4
2.5203642256625686E-4
2.523648435443692E-4
2.526939124579387E-4
2.530236260001804E-4
2.5335398083981144E-4
2.5368497362140264E-4
2.54016600965724E-4
2.5434885947009145E-4
2.5468174570870874E-4
2.5501525623300745E-4
2.55349387571984E-4
2.5568413623253556E-4
2.560194986997924E-4
2.563554714374485E-4
2.5669205088808806E-4
2.57029233473511E-4
2.5736701559505806E-4
2.5770539363392813E-4
2.580443639514995E-4
2.583839228896418E-4
2.5872406677103385E-4
2.590647918994714E-4
2.5940609456017767E-4
2.5974797102010813E-4
2.600904175282575E-4
2.6043343031595856E-4
2.607770055971834E-4
2.6112113956883995E-4
2.6146582841106875E-4
2.618110682875337E-4
2.621568553457137E-4
2.6250318571719166E-4
2.62850055517939E-4
2.6319746084860256E-4
2.6354539779478313E-4
2.638938624273184E-4
2.64242850802558E-4
2.6459235896264115E-4
2.649423829357693E-4
2.6529291873647793E-4
2.6564396236590694E-4
2.659955098120704E-4
2.6634755705012397E-4
2.667001000426351E-4
2.6705313473985817E-4
2.674066570800152E-4
2.6776066298959446E-4
2.681151483836844E-4
2.684701091663591E-4
2.688255412311708E-4
2.69181440461819E-4
2.695378027331267E-4
2.6989462391254333E-4
2.702518998625303E-4
2.706096264444229E-4
2.709677995247338E-4
2.71326414985447E-4
2.716854687407684E-4
2.720449567642174E-4
2.7240487513210916E-4
2.7276522009271647E-4
2.731259881752345E-4
2.734871763597244E-4
2.738487823393896E-4
2.7421080492099064E-4
2.745732446293401E-4
2.7493610460949916E-4
2.752993919574581E-4
2.756631196591334E-4
2.7602730938064977E-4
2.763919954321857E-4
2.7675723032436134E-4
2.7712309245004306E-4
2.7748969655295E-4
2.778572077814939E-4
2.7822586026101715E-4
2.7859598123305696E-4
2.789680218823048E-4
2.793425959684825E-4
2.7972052726173727E-4
2.801029065006333E-4
2.804911581029815E-4
2.8088711611622694E-4
2.8129310786166833E-4
2.817120423926786E-4
2.8214749927219315E-4
2.8260381134595893E-4
2.8308613326897983E-4
2.836004857202159E-4
2.841537637642496E-4
2.8475369698887233E-4
2.8540874919238816E-4
2.861279468316831E-4
2.86920628429562E-4
2.877961118171047E-4
2.8876328241590895E-4
2.8983011348032977E-4
2.9100736171317235E-4
2.922995275700136E-4
2.937085894284322E-4
2.952335276281991E-4
2.968699500065949E-4
2.986098618207633E-4
3.0044161693320394E-4
3.02350076430674E-4
3.043169859756006E-4
3.063215653050497E-4
3.0834128410467436E-4
3.103527800884242E-4
3.1233285973203417E-4
3.1425951177998054E-4
3.161128599150831E-4
3.178759846271558E-4
3.1953555519372543E-4
3.210822296881285E-4
3.2251080212423474E-4
3.238200987314842E-4
3.25012647220851E-4
3.260941612338822E-4
3.270728949988996E-4
3.27958929407774E-4
3.287634500774943E-4
3.2949807119159023E-4
3.3017424748302027E-4
3.308028025332902E-4
3.3139358665974653E-4
3.319552638950311E-4
3.324952163488933E-4
3.3301954642920634E-4
3.335331532314185E-4
3.3403985860138563E-4
3.345425602704707E-4
3.3504339318407653E-4
3.3554388479403583E-4
3.360450948681297E-4
3.3654773468929576E-4
3.3705226400644486E-4
3.3755896661050893E-4
3.380680069706068E-4
3.3857947111931233E-4
3.390933951233353E-4
3.396097842250134E-4
3.4012862527422013E-4
3.406498945303182E-4
3.411735623936424E-4
3.4169959617792153E-4
3.4222796167938095E-4
3.427586240340727E-4
3.432915481697263E-4
3.4382669903517305E-4
3.4436404171233015E-4
3.4490354146850716E-4
3.454451637795758E-4
3.4598887433945363E-4
3.4653463906343353E-4
3.470824240888526E-4
3.476321957746648E-4
3.481839207005807E-4
3.4873756566604857E-4
3.492930976891821E-4
3.4985048400566857E-4
3.504096920676803E-4
3.509706895427838E-4
3.515334443128573E-4
3.5209792447301024E-4
3.5266409833050854E-4
3.532319344037042E-4
3.5380140142096905E-4
3.543724683196336E-4
3.5494510424493236E-4
3.555192785489515E-4
3.5609496078957837E-4
3.566721207294639E-4
3.57250728334982E-4
3.5783075377519575E-4
3.584121674208285E-4
3.5899493984324155E-4
3.5957904181341163E-4
3.6016444430091675E-4
3.607511184729238E-4
3.6133903569318383E-4
3.619281675210289E-4
3.625184857103754E-4
3.631099622087278E-4
3.637025691561929E-4
3.642962788844943E-4
3.648910639159902E-4
3.654868969626996E-4
3.6608375092533E-4
3.66681598892309E-4
3.672804141388233E-4
3.678801701258575E-4
3.6848084049924027E-4
3.690823990886945E-4
3.696848199068906E-4
3.7028807714850316E-4
3.708921451892758E-4
3.7149699858508514E-4
3.7210261207101136E-4
3.7270896056041395E-4
3.73316019144009E-4
3.739237630889524E-4
3.745321678379267E-4
3.7514120900823135E-4
3.7575086239087876E-4
3.763611039496901E-4
3.769719098204024E-4
3.7758325630977215E-4
3.781951198946871E-4
3.788074772212818E-4
3.7942030510405394E-4
3.8003358052498984E-4
3.806472806326885E-4
3.8126138274149305E-4
3.818758643306261E-4
3.8249070304332595E-4
3.8310587668598977E-4
3.83721363227317E-4
3.8433714079746354E-4
3.84953187687191E-4
3.8556948234702495E-4
3.8618600338641805E-4
3.8680272957291104E-4
3.874196398313043E-4
3.8803671324282783E-4
3.886539290443187E-4
3.8927126662740007E-4
3.8988870553766374E-4
3.905062254738578E-4
3.911238062870769E-4
3.9174142797995695E-4
3.923590707058715E-4
3.9297671476813407E-4
3.935943406192037E-4
3.9421192885989335E-4
3.948294602385805E-4
3.9544691565042395E-4
3.9606427613658285E-4
3.966815228834398E-4
3.9729863722182677E-4
3.9791560062625456E-4
3.9853239471414445E-4
3.991490012450693E-4
3.997654021199887E-4
4.003815793804952E-4
4.00997515208061E-4
4.01613191923287E-4
4.022285919851573E-4
4.0284369799029746E-4
4.034584926722321E-4
4.0407295890065203E-4
4.0468707968067827E-4
4.0530083815213476E-4
4.0591421758882223E-4
4.0652720139779244E-4
4.0713977311863134E-4
4.077519164227418E-4
4.0836361511263115E-4
4.089748531211997E-4
4.0958561451103496E-4
4.10195883473708E-4
4.108056443290734E-4
4.114148815245735E-4
4.1202357963454205E-4
4.126317233595137E-4
4.132392975255388E-4
4.138462870834973E-4
4.1445267710841675E-4
4.150584527987961E-4
4.1566359947592835E-4
4.1626810258323045E-4
4.168719476855737E-4
4.17475120468617E-4
4.180776067381453E-4
4.1867939241940896E-4
4.1928046355646715E-4
4.1988080631153585E-4
4.2048040696433266E-4
4.210792519114333E-4
4.2167732766562583E-4
4.222746208552684E-4
4.2287111822364844E-4
4.234668066283499E-4
4.2406167304061943E-4
4.246557045447349E-4
4.2524888833737933E-4
4.2584121172701487E-4
4.2643266213326486E-4
4.2702322708629205E-4
4.276128942261843E-4
4.2820165130234177E-4
4.287894861728646E-4
4.293763868039491E-4
4.299623412692823E-4
4.3054733774943794E-4
4.3113136453128153E-4
4.317144100073715E-4
4.322964626753664E-4
4.3287751113743497E-4
4.3345754409966674E-4
4.3403655037148965E-4
4.3461451886508663E-4
4.351914385948138E-4
4.357672986766264E-4
4.3634208832750323E-4
4.3691579686487445E-4
4.374884137060543E-4
4.3805992836767297E-4
4.386303304651144E-4
4.3919960971195403E-4
4.397677559194013E-4
4.4033475899574425E-4
4.4090060894579384E-4
4.414652958703381E-4
4.4202880996558876E-4
4.4259114152264033E-4
4.4315228092692695E-4
4.437122186576833E-4
4.4427094528741017E-4
4.448284514813461E-4
4.453847279969451E-4
4.4593976568336937E-4
4.464935554809975E-4
4.470460884209725E-4
4.475973556247997E-4
4.481473483040521E-4
4.4869605776023984E-4
4.492434753849745E-4
4.4978959266062633E-4
4.5033440116182266E-4
4.508778925583345E-4
4.514200586202792E-4
4.5196089122711105E-4
4.5250038238274997E-4
4.530385242405775E-4
4.535753091441035E-4
4.541107296922497E-4
4.5464477884288773E-4
4.551774500751306E-4
4.5570873764082096E-4
4.5623863694977215E-4
4.567671451531264E-4
4.572942620163863E-4
4.578199912103852E-4
4.583443421970041E-4
4.588673329491251E-4
4.5938899382333865E-4
4.599093730005886E-4
4.604285440242769E-4
4.6094661609498525E-4
4.614637479200732E-4
4.6198016605439893E-4
4.624961887885832E-4
4.6301225671954455E-4
4.635289711424668E-4
4.6404714129394555E-4
4.645678412064748E-4
4.6509247645527927E-4
4.6562286034290977E-4
4.6616129803879946E-4
4.6671067585511846E-4
4.6727455121512747E-4
4.6785723702044685E-4
4.684638721712253E-4
4.691004681245356E-4
4.6977391984214244E-4
4.704919685831886E-4
4.7126310407445037E-4
4.720963949670377E-4
4.7300123943221567E-4
4.739870324114887E-4
4.750627523902954E-4
4.77916571333811E-4
4.8086216618525683E-4
4.8390424684807443E-4
4.870449893390238E-4
4.902835500294389E-4
4.936156811096459E-4
4.970334910568574E-4
5.005253879601595E-4
5.04076232837732E-4
5.076677150809986E-4
5.112789440304089E-4
5.148872311543911E-4
5.184690184951423E-4
5.220008932324922E-4
5.254606174955187E-4
5.28828098518306E-4
5.320862277159305E-4
5.3522152812879E-4
5.382245668491915E-4
5.410901105508358E-4
5.438170255476974E-4
5.464079461498626E-4
5.488687538796641E-4
5.51207923338881E-4
5.534357969874317E-4
5.555638505830763E-4
5.576040042541149E-4
5.59568022605045E-4
5.614670328328986E-4
5.633111746397132E-4
5.651093816596738E-4
5.66869282636367E-4
5.685972025609301E-4
5.702982396760314E-4
5.71976393383081E-4
5.736347199867388E-4
5.752754969855704E-4
5.769003813500607E-4
5.785105521072504E-4
5.801068319626018E-4
5.816897862576249E-4
5.832598001331092E-4
5.848171363686902E-4
5.863619771451756E-4
5.878944531308658E-4
5.894146630398161E-4
5.909226863361797E-4
5.924185912083174E-4
5.939024394055988E-4
5.953742890733748E-4
5.968341963582937E-4
5.982822162862616E-4
5.997184032260525E-4
6.01142811125618E-4
6.025554936283978E-4
6.039565041286494E-4
6.053458957970006E-4
6.067237215920163E-4
6.080900342654714E-4
6.094448863649015E-4
6.107883302350213E-4
6.121204180187011E-4
6.134412016577683E-4
6.147507328937478E-4
6.160490632685809E-4
6.173362441253311E-4
6.186123266088881E-4
6.198773616666689E-4
6.211314000493161E-4
6.223744923113932E-4
6.236066888120771E-4
6.248280397158523E-4
6.260385949931959E-4
6.272384044212668E-4
6.284275175845889E-4
6.296059838757318E-4
6.30773852495993E-4
6.319311724560753E-4
6.330779925767602E-4
6.342143614895797E-4
6.35340327637491E-4
6.364559392755416E-4
6.375612444715368E-4
6.386562911067044E-4
6.397411268763546E-4
6.408157992905415E-4
6.418803556747187E-4
6.429348431703966E-4
6.439793087357946E-4
6.450137991464894E-4
6.460383609960681E-4
6.470530406967721E-4
6.480578844801404E-4
6.490529383976559E-4
6.500382483213816E-4
6.510138599445974E-4
6.519798187824419E-4
6.529361701725411E-4
6.538829592756393E-4
6.548202310762332E-4
6.557480303831949E-4
6.566664018304009E-4
6.575753898773497E-4
6.584750388097887E-4
6.59365392740331E-4
6.602464956090694E-4
6.611183911841981E-4
6.619811230626166E-4
6.628347346705499E-4
6.636792692641487E-4
6.645147699301027E-4
6.653412795862419E-4
6.661588409821369E-4
6.669674966997067E-4
6.677672891538095E-4
6.685582605928433E-4
6.693404530993418E-4
6.701139085905639E-4
6.70878668819085E-4
6.716347753733871E-4
6.723822696784441E-4
6.731211929963062E-4
6.738515864266841E-4
6.745734909075289E-4
6.752869472156104E-4
6.759919959670953E-4
6.766886776181214E-4
6.773770324653708E-4
6.780571006466386E-4
6.787289221414071E-4
6.793925367714096E-4
6.80047984201195E-4
6.806953039386946E-4
6.813345353357809E-4
6.81965717588828E-4
6.825888897392682E-4
6.832040906741523E-4
6.838113591266972E-4
6.844107336768443E-4
6.850022527518048E-4
6.855859546266132E-4
6.86161877424668E-4
6.867300591182798E-4
6.872905375292181E-4
6.878433503292434E-4
6.883885350406538E-4
6.889261290368203E-4
6.894561695427222E-4
6.899786936354805E-4
6.904937382448935E-4
6.91001340153959E-4
6.915015359994128E-4
6.919943622722489E-4
6.924798553182457E-4
6.929580513384898E-4
6.934289863898986E-4
6.93892696385738E-4
6.943492170961411E-4
6.947985841486223E-4
6.952408330285964E-4
6.956759990798849E-4
6.96104117505236E-4
6.965252233668227E-4
6.969393515867607E-4
6.973465369476049E-4
6.97746814092861E-4
6.98140217527484E-4
6.985267816183794E-4
6.989065405949029E-4
6.992795285493563E-4
6.99645779437486E-4
7.000053270789736E-4
7.003582051579292E-4
7.007044472233824E-4
7.010440866897734E-4
7.013771568374359E-4
7.017036908130857E-4
7.020237216303025E-4
7.023372821700154E-4
7.026444051809816E-4
7.029451232802646E-4
7.032394689537137E-4
7.03527474556439E-4
7.038091723132841E-4
7.040845943193034E-4
7.043537725402264E-4
7.046167388129317E-4
7.048735248459157E-4
7.051241622197542E-4
7.053686823875709E-4
7.056071166754999E-4
7.058394962831446E-4
7.060658522840414E-4
7.062862156261172E-4
7.065006171321439E-4
7.067090875001948E-4
7.069116573040975E-4
7.071083569938924E-4
7.07299216896273E-4
7.074842672150423E-4
7.076635380315593E-4
7.078370593051818E-4
7.080048608737149E-4
7.081669724538502E-4
7.083234236416124E-4
7.08474243912795E-4
7.086194626233996E-4
7.087591090100758E-4
7.088932121905512E-4
7.090218011640712E-4
7.09144904811829E-4
7.092625518973968E-4
7.093747710671536E-4
7.094815908507179E-4
7.095830396613712E-4
7.096791457964824E-4
7.097699374379347E-4
7.098554426525464E-4
7.099356893924918E-4
7.10010705495722E-4
7.100805186863817E-4
7.10145156575231E-4
7.102046466600594E-4
7.102590163261062E-4
7.103082928464818E-4
7.103525033825942E-4
7.103916749845931E-4
7.104258345918267E-4
7.104550090333528E-4
7.104792250285163E-4
7.104985091876611E-4
7.105128880130739E-4
7.10522387900313E-4
7.105270351402068E-4
7.10526855921958E-4
7.105218763381003E-4
7.10512122392481E-4
7.104976200131717E-4
7.10478395073312E-4
7.104544734245541E-4
7.104258809503612E-4
7.103926436501689E-4
7.103547877710438E-4
7.103123400115075E-4
7.102653278337405E-4
7.102137799364754E-4
7.101577269631296E-4
7.100972025496876E-4
7.100322448565702E-4
7.099628987800565E-4
7.098892191036032E-4
7.098112749287514E-4
7.097291558192569E-4
7.096429801987234E-4
7.095529066566098E-4
7.094591489313912E-4
7.093619954390796E-4
7.092618342805799E-4
7.091591846660416E-4
7.090547356054565E-4
7.089493924940587E-4
7.08844331827703E-4
7.087410636784501E-4
7.08641500714118E-4
7.08548031444777E-4
7.08463594039112E-4
7.083917455274004E-4
7.083367195961094E-4
7.083034646359116E-4
7.082976524374499E-4
7.083256471890323E-4
7.083944244941446E-4
7.085114312645051E-4
7.086843797785634E-4
7.089209730510664E-4
0.0013774969938144682
0.0013744693222133761
0.001371535503510272
0.0013686987969893356
0.0013659603613490534
0.0013633188749526686
0.001360770242698699
0.001358307424370949
0.0013559204140484418
0.0013535963910329242
0.0013513200502592857
0.0013490741052831423
0.0013468399411322022
0.0013445983793098758
0.0013423305048828446
0.0013400184975290894
0.001337646405897568
0.0013352008082178413
0.0013326713116056017
0.0013300508569603494
0.00132733581409368
0.0013245258706641003
0.0013216237363868801
0.0013186346987805642
0.0013155660768324133
0.0013124266235348425
0.0013092259271728823
0.0013059738551875928
0.0013026800746537982
0.0012993536714985836
0.0012960028782360532
0.0012926349087145949
0.001289255889303478
0.0012858708697428525
0.0012824838937047214
0.0012790981086929442
0.0012757158966726107
0.0012723390100317221
0.0012689687013950892
0.001265605839783853
0.0012622510091640834
0.001258904588266801
0.0012555668125814972
0.0012522378206594608
0.0012489176874376044
0.0012456064473772826
0.0012423041099789648
0.0012390106698326072
0.0012357261129094538
0.0012324504203686645
0.0012291835707828403
0.0012259255413949687
0.0012226763088039733
0.0012194358493255598
0.0012162041391753859
0.0012129811545586462
0.0012097668717122093
0.0012065612669236458
0.001203364316539421
0.0012001759969682254
0.0011969962846822106
0.001193825156217348
0.0011906625881734642
0.0011875085572141332
0.001184363040066528
0.0011812260135212508
0.0011780974544321747
0.0011749773397162642
0.001171865646353409
0.001168762351386257
0.0011656674319200345
0.0011625808651223896
0.001159502628223215
0.0011564326985144806
0.0011533710533500742
0.0011503176701456205
0.001147272526378325
0.0011442355995868064
0.0011412068673709243
0.00113818630739162
0.0011351738973707471
0.001132169615090912
0.001129173438395303
0.001126185345187532
0.0011232053134314723
0.001120233321151089
0.001117269346430279
0.0011143133674127164
0.0011113653623016767
0.0011084253093598907
0.0011054931869093735
0.001102568973331266
0.0010996526470656823
0.001096744186611538
0.0010938435705264015
0.0010909507774263286
0.0010880657859857117
0.0010851885749371118
0.0010823191230711115
0.00107945740923615
0.0010766034123383737
0.0010737571113414726
0.0010709184852665326
0.0010680875131918745
0.001065264174252898
0.0010624484476419343
0.0010596403126080834
0.0010568397484570701
0.0010540467345510813
0.0010512612503086201
0.0010484832752043502
0.0010457127887689417
0.0010429497705889271
0.0010401942003065421
0.0010374460576195808
0.0010347053222812385
0.0010319719740999698
0.0010292459929393308
0.0010265273587178412
0.0010238160514088209
0.0010211120510402543
0.0010184153376946352
0.0010157258915088224
0.0010130436926738882
0.001010368721434981
0.0010077009580911655
0.0010050403829952902
0.0010023869765538298
9.99740719226751E-4
9.971015915273575E-4
9.94469574022153E-4
9.918446473306944E-4
9.89226792125446E-4
9.866159891316396E-4
9.84012219127131E-4
9.81415462942255E-4
9.788257014596887E-4
9.762429156142985E-4
9.736670863930132E-4
9.710981948346726E-4
9.685362220298913E-4
9.659811491209148E-4
9.634329573014855E-4
9.608916278166959E-4
9.583571419628578E-4
9.558294810873535E-4
9.533086265885067E-4
9.507945599154393E-4
9.482872625679335E-4
9.457867160962984E-4
9.43292902101229E-4
9.408058022336718E-4
9.383253981946889E-4
9.358516717353172E-4
9.333846046564401E-4
9.309241788086492E-4
9.284703760921093E-4
9.260231784564219E-4
9.235825679004966E-4
9.21148526472413E-4
9.187210362692869E-4
9.163000794371412E-4
9.138856381707705E-4
9.114776947136085E-4
9.090762313575985E-4
9.066812304430582E-4
9.042926743585511E-4
9.019105455407571E-4
8.995348264743384E-4
8.971654996918097E-4
8.94802547773412E-4
8.924459533469787E-4
8.9009569908781E-4
8.877517677185432E-4
8.854141420090204E-4
8.830828047761666E-4
8.807577388838595E-4
8.784389272427988E-4
8.761263528103845E-4
8.738199985905857E-4
8.715198476338168E-4
8.692258830368116E-4
8.669380879424956E-4
8.646564455398639E-4
8.623809390638504E-4
8.601115517952111E-4
8.578482670603907E-4
8.555910682314068E-4
8.533399387257221E-4
8.510948620061199E-4
8.488558215805827E-4
8.46622801002172E-4
8.443957838688996E-4
8.421747538236124E-4
8.399596945538677E-4
8.377505897918082E-4
8.355474233140475E-4
8.33350178941546E-4
8.311588405394875E-4
8.289733920171671E-4
8.267938173278623E-4
8.246201004687207E-4
8.224522254806371E-4
8.202901764481341E-4
8.181339374992448E-4
8.159834928053959E-4
8.138388265812897E-4
8.116999230847843E-4
8.095667666167765E-4
8.074393415210873E-4
8.053176321843431E-4
8.032016230358617E-4
8.010912985475325E-4
7.989866432337051E-4
7.96887641651071E-4
7.947942783985474E-4
7.927065381171666E-4
7.906244054899599E-4
7.885478652418412E-4
7.864769021394976E-4
7.844115009912717E-4
7.823516466470504E-4
7.802973239981532E-4
7.782485179772206E-4
7.762052135581054E-4
7.741673957557628E-4
7.721350496261498E-4
7.701081602661291E-4
7.680867128133854E-4
7.66070692446368E-4
7.640600843842708E-4
7.620548738870838E-4
7.600550462557623E-4
7.580605868326073E-4
7.560714810019926E-4
7.540877141916681E-4
7.521092718750371E-4
7.501361395750186E-4
7.481683028704886E-4
7.462057474068678E-4
7.442484589133052E-4
7.422964232302383E-4
7.403496263530912E-4
7.384080545007859E-4
7.364716942219511E-4
7.345405325577156E-4
7.326145572883509E-4
7.306937573026153E-4
7.287781231441845E-4
7.26867647810198E-4
7.249623279035281E-4
7.230621652738964E-4
7.211671693239153E-4
7.192773602045126E-4
7.173927731788995E-4
7.155134644927918E-4
7.13639519146329E-4
7.117710610128307E-4
7.099082657809449E-4
7.080513771959636E-4
7.062007270262233E-4
7.043567590616437E-4
7.025200572428331E-4
7.006913777010829E-4
6.988716840470271E-4
6.970621846733035E-4
6.952643701430059E-4
6.934800479500499E-4
6.917113711132283E-4
6.899608562837477E-4
6.882313864144534E-4
6.865261926881058E-4
6.848488104740051E-4
6.832030047144864E-4
6.815926614463862E-4
0.2664880912876085
