5.207040335058898E-7
1.0526721973411058E-6
1.5937716765641227E-6
2.1420276637627194E-6
2.6958622575550307E-6
3.2542117252594964E-6
3.8165180786450244E-6
4.382626483848953E-6
4.952639329660437E-6
5.526776355622548E-6
6.1052729488313556E-6
6.6883260573972745E-6
7.276079295059677E-6
7.868630881026929E-6
8.466049249005178E-6
9.06838704935812E-6
9.675690300968737E-6
1.0288003165782395E-5
1.090537005820877E-5
1.1527836598924115E-5
1.2155450339057034E-5
1.2788261770891608E-5
1.3426326014598637E-5
1.4069705655279759E-5
1.4718475428743214E-5
1.537272979242184E-5
1.603259486923951E-5
1.6698246809286284E-5
1.7369939233776965E-5
1.8048043001136052E-5
1.873310186456264E-5
1.9425907349914653E-5
2.0127594916240212E-5
2.0839760614283378E-5
2.1564592484061262E-5
2.2305003499581E-5
2.3064743177684345E-5
2.3848454141951305E-5
2.466163037002758E-5
2.5510429346291695E-5
2.6401295700885846E-5
2.734037385134297E-5
2.8332724363952642E-5
2.9381411456796577E-5
3.0486588925254845E-5
3.16447632540243E-5
3.284843534703984E-5
3.408629659944152E-5
3.534407075950856E-5
3.660595773009088E-5
3.733577438130864E-5
3.802971528923758E-5
3.868049158774162E-5
3.928540574147774E-5
3.9846187346109666E-5
4.0368129371440376E-5
4.0858766494887784E-5
4.132642926947369E-5
4.1778995273117704E-5
4.2223053325114614E-5
4.266354592120779E-5
4.3103816993484255E-5
4.354591131775106E-5
4.3990961488995366E-5
4.443954087216805E-5
4.4891923389003634E-5
4.5348243957642065E-5
4.580858257260046E-5
4.627300169988265E-5
4.6741560438812334E-5
4.721431942086978E-5
4.769134309500273E-5
4.817270210170278E-5
4.865847695207601E-5
4.914876400459767E-5
4.9643685040475855E-5
5.0143402295779965E-5
5.064814154152379E-5
5.115822667397913E-5
5.1674130197981425E-5
5.2196544765129226E-5
5.2726481228040885E-5
5.3265397967274585E-5
5.381536382215542E-5
5.4379251958506206E-5
5.496095361640393E-5
5.556558843525707E-5
5.619967232997549E-5
5.68711865157921E-5
5.758947608250416E-5
5.836489956153887E-5
5.920815997249346E-5
6.01292806630268E-5
6.11362506695302E-5
6.223345219021058E-5
6.342008426980824E-5
6.468888693921889E-5
6.60255145830334E-5
6.740887163237911E-5
6.881258691728985E-5
7.020757305636705E-5
7.156533976863494E-5
7.286148374055818E-5
7.407865260183756E-5
7.520834283206448E-5
7.625114906809004E-5
7.721546941085815E-5
7.811506417947241E-5
7.896612909258026E-5
7.978458972242175E-5
8.058415076564437E-5
8.13753260718146E-5
8.216536220359127E-5
8.295876066810023E-5
8.375804873189332E-5
8.45645204362321E-5
8.53787992876003E-5
8.620119337988575E-5
8.703188449921942E-5
8.787101313351782E-5
8.871871062370035E-5
8.957510968992626E-5
9.044034829625097E-5
9.131457273820441E-5
9.219794222086998E-5
9.309063639729157E-5
9.399286768263062E-5
9.490490098921196E-5
9.582708468900277E-5
9.675989807580231E-5
9.770402228922117E-5
9.866044334861109E-5
9.963059716425298E-5
1.0061656635669643E-4
1.0162133624783999E-4
1.0264911095329909E-4
1.0370567840772138E-4
1.0479879400454711E-4
1.0593852606181747E-4
1.0713747452067785E-4
1.08410742618629E-4
1.097755195840181E-4
1.1125013457445524E-4
1.1285248379303746E-4
1.14597826413088E-4
1.1649609248963472E-4
1.185490307274183E-4
1.2074770549364067E-4
1.2307096943761086E-4
1.2548552200838004E-4
1.279479647020369E-4
1.304088788558329E-4
1.328184495418382E-4
1.351326764353754E-4
1.3731891977775192E-4
1.3935956669733563E-4
1.4125301072783573E-4
1.4301181710036734E-4
1.4465868064949527E-4
1.4622131603583437E-4
1.4772756757715306E-4
1.492017607025959E-4
1.5066277806209178E-4
1.5212376467967507E-4
1.5359296238025218E-4
1.5507504511951168E-4
1.5657243868141135E-4
1.5808633830817357E-4
1.5961735755978056E-4
1.6116587638339007E-4
1.6273219834493532E-4
1.6431661007837377E-4
1.6591940029087667E-4
1.6754086587963537E-4
1.691813158406552E-4
1.7084107676651773E-4
1.7252050201586452E-4
1.7421998697818219E-4
1.7593999401712305E-4
1.7768109237872347E-4
1.7944402058938573E-4
1.812297815885686E-4
1.8303978378888332E-4
1.8487604383199307E-4
1.8674146790196363E-4
1.8864022630329298E-4
1.905782281540671E-4
1.9256368655774282E-4
1.946077367437273E-4
1.9672502905658155E-4
1.989341672352262E-4
2.0125780753757713E-4
2.0372219062925304E-4
2.0635586799720173E-4
2.0918743472609646E-4
2.122422145158053E-4
2.1553806943343316E-4
2.1908080548769263E-4
2.2285995551179976E-4
2.268459446581032E-4
2.309896666917219E-4
2.352252197587461E-4
2.3947596122336434E-4
2.4366323035991547E-4
2.4771627277779627E-4
2.515813639330984E-4
2.5522811662588373E-4
2.5865155954476094E-4
2.6186965207658107E-4
2.649171090711886E-4
2.678373233258653E-4
2.706744731586338E-4
2.734675193586984E-4
2.762469414002034E-4
2.790341165012669E-4
2.81842565432063E-4
2.846800545195289E-4
2.8755070746405687E-4
2.904566479539574E-4
2.9339905272668577E-4
2.9637871837183936E-4
2.99396317626983E-4
3.0245249581145226E-4
3.055479007614782E-4
3.086831912049296E-4
3.118590408512062E-4
3.150761440451305E-4
3.183352258101002E-4
3.2163705937790043E-4
3.249824958303891E-4
3.283725128121883E-4
3.31808292432305E-4
3.3529134244874957E-4
3.388236793596208E-4
3.4240809636841075E-4
3.4604854187683686E-4
3.497506327203767E-4
3.535223172175266E-4
3.5737468176816025E-4
3.613228566574558E-4
3.653869190216364E-4
3.6959261516363804E-4
3.7397164002422374E-4
3.785611391327097E-4
3.8340207033499003E-4
3.8853611989205986E-4
3.940010486588406E-4
3.998246670919594E-4
4.060180785339065E-4
4.125693044725974E-4
4.1943890979133006E-4
4.26558886197699E-4
4.338361362647149E-4
4.411609029610619E-4
4.4841929272751283E-4
4.555078041170673E-4
4.6234692311548047E-4
4.68890761695554E-4
4.751305546948714E-4
4.810914049922679E-4
4.8682347233776346E-4
4.923901989580949E-4
4.978566615393942E-4
5.032806128193266E-4
5.08707527732728E-4
5.141695610846258E-4
5.196872969301535E-4
5.252728011456491E-4
5.309327175659826E-4
5.366706871730285E-4
5.424889025396279E-4
5.483889448388221E-4
5.543721613536325E-4
5.604398060322748E-4
5.665930813778475E-4
5.728331482402969E-4
5.791611289419949E-4
5.855781120554653E-4
5.920851624582671E-4
5.986833404143315E-4
6.053737353242449E-4
6.121575227757344E-4
6.190360576577311E-4
6.260110214305663E-4
6.330846479131677E-4
6.402600582889538E-4
6.475417406009264E-4
6.549362085943513E-4
6.624528645603751E-4
6.701050646163563E-4
6.779113360323748E-4
6.858966200933607E-4
6.940933115610713E-4
7.025417486212444E-4
7.112897020671591E-4
7.203903633248086E-4
7.298983944136317E-4
7.398638342895491E-4
7.503240843723508E-4
7.612947936066588E-4
7.727714392607686E-4
7.847119331512025E-4
7.970347893575808E-4
8.096234723282125E-4
8.223374777613602E-4
8.3502907451227E-4
8.475629332728251E-4
8.598346692813765E-4
8.717841635673593E-4
8.834006297314704E-4
8.947185194318542E-4
9.058058247285078E-4
9.167482643053529E-4
9.276335487330938E-4
9.385392294189494E-4
9.495259494253538E-4
9.606359975304075E-4
9.718956611624222E-4
9.83319362222858E-4
9.94913863917981E-4
0.0010066815664783728
0.0010186226333308462
0.0010307361454045096
0.0010430206323744935
0.0010554742821468495
0.00106809501580322
0.0010808805180222694
0.0010938282572061496
0.0011069355062540917
0.0011201993683885648
0.0011336168123330969
0.0011471847233165688
0.0011608999799104707
0.0011747595716609055
0.0011887607789689537
0.0012029014444583633
0.0012171803731802506
0.0012315979052796165
0.0012461567053287982
0.0012608628015168472
0.00127572687750229
0.0012907657615584107
0.001306003965355248
0.001321474998817687
0.0013372220414348507
0.001353297416656401
0.0013697602487986694
0.0013866717519551725
0.0014040878777490673
0.001422049571853
0.001441326370755806
0.0014618547510598394
0.0014835277742436793
0.001506192640130378
0.0015296558282921486
0.0015536965359362514
0.0015780871134935166
0.0016026170889867329
0.0016271158832075773
0.0016514691112068081
0.0016756247268728819
0.0016995878956943384
0.001723406525377432
0.0017471517604603596
0.001770898610571095
0.0017947110181013649
0.0018186335838659927
0.0018426898077139246
0.0018668849783129977
0.0018912112288686446
0.001915652659983994
0.001940189332887536
0.001964799824734341
0.0019894625940693705
0.0020141565861734735
0.0020388614473977663
0.002063557576939307
0.0020882261254730194
0.0021128489819729943
0.0021374087616496166
0.0021618887998334706
0.002186273156243337
0.002210546636317307
0.0022346948400102677
0.0022587042537259667
0.0022825624079966266
0.0023062581319117027
0.0023297819441150574
0.0023531266271296677
0.0023762880326730768
0.002399266154101596
0.002422066469719187
0.0024447014982183603
0.002467192408101536
0.0024895703871039825
0.002511877320125915
0.0025341651804594045
0.002556493468232726
0.002578924108801379
0.0026015135276732265
0.0026795024680892864
0.0027554323342264164
0.0028293373250448815
0.0029012023630777956
0.0029709610168772455
0.0030385016692885507
0.003103682577472816
0.003166354280977206
0.003226385557914481
0.0032836875933548873
0.0033382309060462074
0.0033900511512290634
0.003439242811384526
0.0034859430566130134
0.00353031053426984
0.0035725046570064685
0.00361266991978227
0.0036509274754121337
0.0036873736699033427
0.0037220834466009855
0.003755115936226599
0.0037865200138948963
0.0038163385900754822
0.0038446113465581944
0.003871376205294668
0.003896669995778649
0.003920528713120759
0.0039429876066529495
0.003964081212837771
0.003983843375023836
0.004002307263065948
0.004019505397340469
0.004035469681022488
0.0040502314463751144
0.004063821523998585
0.0040762703485002745
0.0040876081199732375
0.0040978650477712444
0.004107071710410125
0.004115259570942532
0.004122461687174361
0.0041287136450466905
0.004134054714152282
0.004138529169006947
0.0041421876329767815
0.004145088185098628
0.004147296837426108
0.004148886873937375
0.004149936493160115
0.0041505242809892805
0.008187929822920622
0.008077096808254391
0.007968198073013077
0.007861177455399257
0.007755941004311331
0.007652357561442411
0.007550266012683216
0.007449489199408287
0.007349852729663821
0.007251205298088983
0.007153436216976797
0.007056486144418258
0.006960348551836378
0.006865061888172459
0.006770694866874058
0.006677328945929986
0.00658504232662501
0.006493898673916736
0.0064039418259076615
0.006315195838482114
0.006227668488922681
0.0061413560974032085
0.006056248022229783
0.005972329998892637
0.005889586206576353
0.005808000347035736
0.005727556118187857
0.0056482373859680236
0.00557002823378147
0.005492912972462191
0.00541687614102382
0.005341902507155321
0.005267977070291027
0.005195085069411793
0.005123211998702049
0.005052343635879277
0.004982466090368652
0.004913565881526965
0.0048456300606426845
0.004778646393884136
0.004712603625557311
0.004647491839964587
0.004583302932894179
0.00452003118666321
0.004457673912061906
0.004396232074445525
0.00433571076146968
0.004276119285238834
0.004217470659789806
0.004159780183117062
0.29937335493921285
