1.2302913023705089E-5
2.5428505839913035E-5
3.944299527654093E-5
5.4404830299157204E-5
7.036053594892398E-5
8.734633364646808E-5
1.0539735165633751E-4
1.2456279857251843E-4
1.4492051657569405E-4
1.6658226965727052E-4
1.7738218078535166E-4
1.8894376949987157E-4
2.0133020740104176E-4
2.14584775875825E-4
2.287299072023691E-4
2.4377025314913233E-4
2.5970159478969985E-4
2.7652819618183885E-4
2.942857808978351E-4
3.13060092930137E-4
3.3298902332136324E-4
3.542432245663198E-4
3.769936473100505E-4
4.013828648300156E-4
4.2751099404981905E-4
4.554337331486789E-4
4.85166979910442E-4
5.167019197611717E-4
5.500383670155546E-4
5.852319930646021E-4
6.224357444793948E-4
6.619085948672521E-4
7.039798320291996E-4
7.489861172188339E-4
7.972160820861072E-4
8.488837995165994E-4
9.041244885355924E-4
9.629997610851613E-4
0.0010255193571285933
0.0010916950688148132
0.0011616415531780025
0.0012356560204126728
0.001314233177613671
0.0013979980521493123
0.001487589871110954
0.0015835593249626384
0.001686316170002674
0.001796114670980721
0.001913054101563434
0.002037105257405262
0.002168516641729947
0.002307807304208899
0.0024557718401376975
0.0026134209846986715
0.0027818252556773343
0.002961909048313393
0.0031542864791673864
0.0033591892637959745
0.0035764611941358974
0.0038055798213057646
0.004050773187177223
0.004314460765261171
0.004597765390040623
0.004900949063595654
0.005223679402097837
0.005565097523276975
0.005923768480951501
0.006297650116658165
0.006684152899158668
0.0070802574738361955
0.007560631383554625
0.008101558633566588
0.008682667428263643
0.009286774593836844
0.009899717410343824
0.010510050538989742
0.011108576345060553
0.011687814102342885
0.012241569613321466
0.012764677867762489
0.014456096112465911
0.015874984029876582
0.017048963045741338
0.018003205846037273
0.018760873881995814
0.019343450609933158
0.01977086744730893
0.020061429094719016
0.020231675196943813
0.020296341447042076
0.03883138044858527
0.036314678871328596
0.03396127201432662
0.03176010226934603
0.029700953301801912
0.02777451464615107
0.02597236258400135
0.024286822419576876
0.022710752599092148
0.021237349793874864
0.306238788686255
