3.519957051257766E-8
7.127194299070051E-8
1.0827078825811012E-7
1.462289576312995E-7
1.8515569084392239E-7
2.2503507975986013E-7
2.6582598270668655E-7
3.074634659282781E-7
3.498617149584826E-7
3.9291822450695395E-7
4.36518956570233E-7
4.805440675261913E-7
5.248737570778252E-7
5.693937910233984E-7
6.140002957060038E-7
6.586035082108007E-7
7.031302812987821E-7
7.475252706599895E-7
7.917508582231956E-7
8.357859741902563E-7
8.796240608024733E-7
9.232704660453388E-7
9.667395643575982E-7
1.010051877701906E-6
1.0532314216815573E-6
1.0963034375679543E-6
1.13929260240232E-6
1.182221744886314E-6
1.2251110414327558E-6
1.2679776284995088E-6
1.3108355452895399E-6
1.3536959137578041E-6
1.3965672676338568E-6
1.4394559550314575E-6
1.4823665563045473E-6
1.5253022767878294E-6
1.5682652904715369E-6
1.6112570240251479E-6
1.6542783803190207E-6
1.6973299068008562E-6
1.7404119173107728E-6
1.7835245769124749E-6
1.8266679588443466E-6
1.8698420814152106E-6
1.913046931085104E-6
1.956282476412092E-6
1.999548676193734E-6
2.0428454840580823E-6
2.0861728509639947E-6
2.1295307265158405E-6
2.1729190596306E-6
2.216337798864354E-6
2.2597868925663434E-6
2.3032662889489875E-6
2.3467759361185987E-6
2.3903157820883393E-6
2.4338857747835673E-6
2.4774858620439866E-6
2.521115991624568E-6
2.5647761111959618E-6
2.6084661683447773E-6
2.652186110573761E-6
2.6959358853019947E-6
2.739715439865058E-6
2.783524721515214E-6
2.827363677421575E-6
2.8712322546702877E-6
2.9151304002646982E-6
2.959058061125546E-6
3.0030151840911246E-6
3.047001715917472E-6
3.0910176032785516E-6
3.135062792766428E-6
3.1791372308914606E-6
3.2232408640824586E-6
3.2673736386869053E-6
3.31153550097111E-6
3.3557263971204153E-6
3.3999462732393705E-6
3.444195075351922E-6
3.488472749401618E-6
3.532779241251773E-6
3.5771144966856673E-6
3.621478461406761E-6
3.6658710810388546E-6
3.710292301126304E-6
3.7547420671341963E-6
3.7992203244485675E-6
3.843727018376586E-6
3.888262094146754E-6
3.9328254969091035E-6
3.977417171735396E-6
4.022037063619331E-6
4.0666851174767335E-6
4.111361278145775E-6
4.1560654903871515E-6
4.20079769888432E-6
4.245557848243676E-6
4.290345882994785E-6
4.335161747590565E-6
4.380005386407507E-6
4.4248767437458885E-6
4.46977576382998E-6
4.5147023908082724E-6
4.559656568753655E-6
4.604638241663661E-6
4.649647353460666E-6
4.694683847992111E-6
4.739747669030722E-6
4.784838760274721E-6
4.829957065348048E-6
4.8751025278005805E-6
4.920275091108363E-6
4.965474698673811E-6
5.010701293825958E-6
5.055954819820659E-6
5.1012352198408356E-6
5.146542436996679E-6
5.191876414325891E-6
5.237237094793934E-6
5.282624421294224E-6
5.328038336648383E-6
5.373478783606464E-6
5.418945704847194E-6
5.464439042978177E-6
5.50995874053619E-6
5.555504739987369E-6
5.601076983727443E-6
5.646675414082022E-6
5.692299973306788E-6
5.737950603587768E-6
5.783627247041553E-6
5.82932984571556E-6
5.875058341588265E-6
5.920812676569451E-6
5.966592792500466E-6
6.012398631154456E-6
6.058230134236617E-6
6.104087243384468E-6
6.149969900168063E-6
6.195878046090289E-6
6.241811622587068E-6
6.287770571027656E-6
6.333754832714893E-6
6.3797643488854266E-6
6.425799060710039E-6
6.4718589092938295E-6
6.517943835676512E-6
6.564053780832705E-6
6.610188685672135E-6
6.6563484910399545E-6
6.702533137716982E-6
6.748742566419972E-6
6.7949767178018966E-6
6.841235532452194E-6
6.887518950897054E-6
6.9338269135996884E-6
6.980159360960626E-6
7.026516233317922E-6
7.072897470947518E-6
7.119303014063464E-6
7.1657328028182135E-6
7.212186777302903E-6
7.258664877547634E-6
7.305167043521752E-6
7.351693215134142E-6
7.398243332233497E-6
7.444817334608617E-6
7.491415161988689E-6
7.53803675404359E-6
7.584682050384149E-6
7.631350990562464E-6
7.678043514072194E-6
7.724759560348848E-6
7.771499068770052E-6
7.818261978655927E-6
7.865048229269287E-6
7.911857759816E-6
7.95869050944528E-6
8.005546417249982E-6
8.052425422266896E-6
8.09932746347708E-6
8.146252479806157E-6
8.193200410124583E-6
8.240171193248023E-6
8.287164767937584E-6
8.334181072900221E-6
8.38122004678898E-6
8.428281628203317E-6
8.475365755689463E-6
8.522472367740649E-6
8.569601402797551E-6
8.616752799248482E-6
8.663926495429814E-6
8.711122429626235E-6
8.758340540071141E-6
8.805580764946864E-6
8.852843042385085E-6
8.900127310467137E-6
8.947433507224312E-6
8.99476157063822E-6
9.042111438641092E-6
9.08948304911619E-6
9.136876339898028E-6
9.184291248772784E-6
9.23172771347864E-6
9.279185671706095E-6
9.326665061098317E-6
9.374165819251458E-6
9.421687883715087E-6
9.469231191992402E-6
9.516795681540702E-6
9.56438128977166E-6
9.611987954051715E-6
9.65961561170237E-6
9.707264200000604E-6
9.754933656179201E-6
9.80262391742711E-6
9.850334920889784E-6
9.898066603669568E-6
9.945818902826043E-6
9.993591755376395E-6
1.0041385098295752E-5
1.0089198868517609E-5
1.0137033002934154E-5
1.0184887438396578E-5
1.023276211171558E-5
1.0280656959661628E-5
1.0328571918965386E-5
1.037650692631805E-5
1.0424461918371764E-5
1.0472436831739955E-5
1.0520431602997808E-5
1.0568446168682557E-5
1.0616480465293935E-5
1.0664534429294657E-5
1.0712607997110832E-5
1.0760701105132626E-5
1.080881368971492E-5
1.0856945687178395E-5
1.0905097033811053E-5
1.095326766587067E-5
1.100145751958897E-5
1.1049666531178414E-5
1.10978946368441E-5
1.1146141772803984E-5
1.1194407875323529E-5
1.1242692880774604E-5
1.1290996725735174E-5
1.1339319347156552E-5
1.1387660682642363E-5
1.1436020670909105E-5
1.1484399252541117E-5
1.1532796371216602E-5
1.1581211975681469E-5
1.1629646022898125E-5
1.1678098483022217E-5
1.1726569347195167E-5
1.1775058639628264E-5
1.182356643615965E-5
1.1872092892468073E-5
1.1920638286533385E-5
1.1969203081875548E-5
1.2017788020742244E-5
1.206639425993719E-5
1.2115023566597665E-5
1.2163678597153977E-5
1.2212363290137852E-5
1.2261083412594618E-5
1.2309847310634679E-5
1.2358666926992655E-5
1.2407559161937908E-5
1.245654766771297E-5
1.2505665179595033E-5
1.2554956496810144E-5
1.2604482231332833E-5
1.2654323438818335E-5
1.270458722963841E-5
1.2755413424856607E-5
1.2806982267509592E-5
1.2859523119712333E-5
1.2913323968012039E-5
1.2968741422325268E-5
1.3026210730114755E-5
1.308625514383167E-5
1.3149493787828598E-5
1.3216646988363107E-5
1.328853787995941E-5
1.3366089010902716E-5
1.3450312670277248E-5
1.3542293778502095E-5
1.3643164447893894E-5
1.3754069744928888E-5
1.3876124772404118E-5
1.4010363919098105E-5
1.415768395583939E-5
1.4318783525961518E-5
1.4494102400151432E-5
1.4683764541486764E-5
1.48875294523807E-5
1.5069556785659637E-5
1.5263113487433185E-5
1.5466668734111405E-5
1.567831959659806E-5
1.589584154671786E-5
1.6116759806593344E-5
1.633843823589299E-5
1.6558180798552903E-5
1.6773339344368943E-5
1.698142064791587E-5
1.7180185483708387E-5
1.736773302910706E-5
1.75425650420006E-5
1.770362594635968E-5
1.7850316996252127E-5
1.7982484854882085E-5
1.810038698273603E-5
1.8204637959200546E-5
1.829614209367732E-5
1.8376018312854744E-5
1.8445523317559995E-5
1.850597844045935E-5
1.8558704624257322E-5
1.8604968641032527E-5
1.86459422652793E-5
1.8682674764612215E-5
1.871607792002548E-5
1.874692192361707E-5
1.8775839966470482E-5
1.8803339115903255E-5
1.8829815144533326E-5
1.8855569244226566E-5
1.8880824956865463E-5
1.890574410511821E-5
1.8930440946863143E-5
1.8954994161667064E-5
1.897945658119034E-5
1.900386278954483E-5
1.902823484984859E-5
1.905258647345958E-5
1.9076925956498476E-5
1.9101258182321556E-5
1.9125585944252486E-5
1.9149910792160406E-5
1.9174233557500867E-5
1.9198554668835416E-5
1.922287433552257E-5
1.924719265129193E-5
1.927150965078316E-5
1.9295825339410768E-5
1.9320139708620745E-5
1.9344452743422813E-5
1.9368764425981995E-5
1.9393074737271024E-5
1.941738365780347E-5
1.9441691167947093E-5
1.9465997248052763E-5
1.9490301878505457E-5
1.9514605039743895E-5
1.9538906712267854E-5
1.9563206876640732E-5
1.9587505513491012E-5
1.9611802603512415E-5
1.9636098127464697E-5
1.9660392066173728E-5
1.9684684400531914E-5
1.970897511149863E-5
1.9733264180100307E-5
1.9757551587431055E-5
1.97818373146527E-5
1.980612134299542E-5
1.9830403653757766E-5
1.985468422830725E-5
1.98789630480806E-5
1.9903240094584018E-5
1.9927515349393582E-5
1.9951788794155643E-5
1.9976060410587072E-5
2.000033018047564E-5
2.002459808568036E-5
2.0048864108131835E-5
2.0073128229832567E-5
2.009739043285742E-5
2.0121650699353767E-5
2.0145909011542045E-5
2.0170165351716038E-5
2.019441970224311E-5
2.021867204556471E-5
2.0242922364196702E-5
2.0267170640729592E-5
2.0291416857829108E-5
2.0315660998236365E-5
2.0339903044768293E-5
2.0364142980318012E-5
2.0388380787855178E-5
2.0412616450426357E-5
2.0436849951155354E-5
2.0461081273243624E-5
2.048531039997063E-5
2.050953731469421E-5
2.0533762000850925E-5
2.0557984441956437E-5
2.058220462160591E-5
2.0606422523474317E-5
2.0630638131316977E-5
2.0654851428969713E-5
2.067906240034939E-5
2.0703271029454188E-5
2.072747730036412E-5
2.0751681197241303E-5
2.0775882704330328E-5
2.0800081805958686E-5
2.082427848653721E-5
2.0848472730560407E-5
2.0872664522606815E-5
2.0896853847339493E-5
2.092104068950627E-5
2.0945225033940267E-5
2.096940686556024E-5
2.0993586169370987E-5
2.1017762930463727E-5
2.104193713401658E-5
2.1066108765294817E-5
2.1090277809651436E-5
2.111444425252744E-5
2.1138608079452226E-5
2.1162769276044147E-5
2.1186927828010796E-5
2.1211083721149412E-5
2.1235236941347353E-5
2.1259387474582504E-5
2.128353530692364E-5
2.1307680424530915E-5
2.1331822813656154E-5
2.13559624606434E-5
2.1380099351929334E-5
2.14042334740436E-5
2.1428364813609293E-5
2.1452493357343376E-5
2.1476619092057156E-5
2.1500742004656557E-5
2.152486208214279E-5
2.1548979311612514E-5
2.1573093680258485E-5
2.159720517536991E-5
2.1621313784332842E-5
2.1645419494630683E-5
2.1669522293844627E-5
2.1693622169654023E-5
2.171771910983691E-5
2.1741813102270343E-5
2.1765904134931E-5
2.1789992195895496E-5
2.1814077273340933E-5
2.1838159355545185E-5
2.1862238430887537E-5
2.188631448784903E-5
2.1910387515012946E-5
2.1934457501065288E-5
2.1958524434795167E-5
2.1982588305095297E-5
2.2006649100962524E-5
2.203070681149815E-5
2.205476142590852E-5
2.207881293350539E-5
2.2102861323706497E-5
2.212690658603594E-5
2.215094871012462E-5
2.2174987685710886E-5
2.2199023502640798E-5
2.222305615086873E-5
2.2247085620457832E-5
2.2271111901580352E-5
2.2295134984518425E-5
2.2319154859664196E-5
2.234317151752058E-5
2.236718494870162E-5
2.239119514393296E-5
2.2415202094052357E-5
2.2439205790010232E-5
2.246320622286997E-5
2.248720338380862E-5
2.2511197264117288E-5
2.253518785520165E-5
2.2559175148582394E-5
2.2583159135895722E-5
2.260713980889392E-5
2.263111715944584E-5
2.265509117953735E-5
2.2679061861271803E-5
2.270302919687069E-5
2.27269931786739E-5
2.2750953799140472E-5
2.2774911050848944E-5
2.2798864926497958E-5
2.2822815418906665E-5
2.2846762521015318E-5
2.2870706225885734E-5
2.2894646526701853E-5
2.291858341677018E-5
2.294251688952036E-5
2.2966446938505604E-5
2.2990373557403453E-5
2.3014296740015945E-5
2.3038216480270378E-5
2.306213277221969E-5
2.308604561004317E-5
2.310995498804677E-5
2.3133860900663773E-5
2.3157763342455176E-5
2.3181662308110384E-5
2.3205557792447616E-5
2.32294497904145E-5
2.3253338297088567E-5
2.3277223307677838E-5
2.3301104817521195E-5
2.3324982822089106E-5
2.3348857316984047E-5
2.3372728297941156E-5
2.3396595760828587E-5
2.3420459701648194E-5
2.344432011653592E-5
2.3468177001762588E-5
2.3492030353734217E-5
2.351588016899265E-5
2.3539726444216043E-5
2.3563569176219446E-5
2.3587408361955436E-5
2.3611243998514483E-5
2.3635076083125585E-5
2.3658904613156917E-5
2.3682729586116173E-5
2.3706550999651324E-5
2.3730368851551073E-5
2.375418313974537E-5
2.3777993862306143E-5
2.3801801017447858E-5
2.382560460352826E-5
2.3849404619049157E-5
2.387320106265743E-5
2.3896993933146683E-5
2.3920783229459233E-5
2.3944568950689916E-5
2.396835109609172E-5
2.399212966508588E-5
2.4015904657279077E-5
2.4039676072492465E-5
2.406344391081234E-5
2.4087208172675714E-5
2.4110968859015698E-5
2.413472597150644E-5
2.4158479512971652E-5
2.4182229488062027E-5
2.420597590436754E-5
2.4229718774229214E-5
2.425345811766383E-5
2.4277193967043217E-5
2.430092637451196E-5
2.4324655423637533E-5
2.4348381247534276E-5
2.4372104056786672E-5
2.4395824182047157E-5
2.4419542138368497E-5
2.4443258721363347E-5
2.446697514943097E-5
2.449069327186099E-5
2.451441586997695E-5
2.4538147087991907E-5
2.456189304228035E-5
2.458566267262701E-5
2.4609468916834094E-5
2.4633330310740117E-5
2.465727313868744E-5
2.4681334283653902E-5
2.4705564949719664E-5
2.4730035449378356E-5
2.4754841260369737E-5
2.4780110555909615E-5
2.4806013391924803E-5
2.4832772687694256E-5
2.48606770542395E-5
2.4890095400351543E-5
2.4921493073330603E-5
2.4955449067501576E-5
2.4992673560441604E-5
2.503402472353331E-5
2.508052341744859E-5
2.5133364051785925E-5
2.519391959875325E-5
2.5263738549938676E-5
2.534453154543087E-5
2.5438145539732917E-5
2.5546523747440328E-5
2.567165026799537E-5
2.5815479234377774E-5
2.5979849544923656E-5
2.6166387661660514E-5
2.6376402492186254E-5
2.661077787568167E-5
2.6869869497315717E-5
2.7153413974640736E-5
2.746045821714247E-5
2.778931681109952E-5
2.8137564040418398E-5
2.8502065216041358E-5
2.887904934452048E-5
2.9264222012985717E-5
2.965291398419954E-5
3.0040257725236725E-5
3.0421381303297024E-5
3.079160711471695E-5
3.11466420375922E-5
3.1482745967853794E-5
3.179686732177517E-5
3.2086736819740845E-5
3.2350914421675004E-5
3.258878827404963E-5
3.280052850923812E-5
3.298700227523995E-5
3.314965909963374E-5
3.329039735367949E-5
3.3411423073620044E-5
3.351511176100305E-5
3.360388220192192E-5
3.368008909531773E-5
3.3745938693123824E-5
3.380342906067085E-5
3.385431425001673E-5
3.39000898493633E-5
3.3941996141543654E-5
3.398103449238031E-5
3.4017992534208294E-5
3.405347409365942E-5
3.408793049021801E-5
3.412169065539575E-5
3.4154988362681864E-5
3.418798561859399E-5
3.422079188487592E-5
3.4253479255777444E-5
3.428609400529842E-5
3.431866506943186E-5
3.4351210070032276E-5
3.438373945449467E-5
3.441625925022741E-5
3.4448772839813365E-5
3.448128206923485E-5
3.4513787918069636E-5
3.454629089204077E-5
3.457879124565145E-5
3.461128910440228E-5
3.464378452970138E-5
3.4676277552199016E-5
3.470876818832936E-5
3.4741256448237305E-5
3.477374233944339E-5
3.480622586847682E-5
3.4838707041577136E-5
3.4871185864983884E-5
3.490366234505179E-5
3.49361364882953E-5
3.496860830140509E-5
3.500107779125416E-5
3.5033544964900485E-5
3.506600982958843E-5
3.5098472392749275E-5
3.513093266200247E-5
3.516339064515599E-5
3.51958463502073E-5
3.522829978534385E-5
3.526075095894411E-5
3.5293199879578115E-5
3.532564655600825E-5
3.535809099719005E-5
3.539053321227285E-5
3.5422973210600765E-5
3.545541100171321E-5
3.5487846595345843E-5
3.5520280001431314E-5
3.555271123009993E-5
3.558514029168063E-5
3.5617567196701676E-5
3.564999195589144E-5
3.5682414580179216E-5
3.5714835080696065E-5
3.574725346877566E-5
3.577966975595496E-5
3.5812083953975196E-5
3.584449607478265E-5
3.5876906130529314E-5
3.590931413357404E-5
3.5941720096483175E-5
3.597412403203139E-5
3.600652595320258E-5
3.6038925873190795E-5
3.607132380540099E-5
3.6103719763449914E-5
3.613611376116704E-5
3.616850581259531E-5
3.620089593199215E-5
3.623328413383026E-5
3.626567043279851E-5
3.629805484380282E-5
3.633043738196701E-5
3.636281806263393E-5
3.639519690136604E-5
3.6427573913946534E-5
3.645994911638007E-5
3.649232252489392E-5
3.6524694155938565E-5
3.655706402618899E-5
3.658943215254522E-5
3.66217985521335E-5
3.6654163242307196E-5
3.668652624064761E-5
3.671888756496506E-5
3.6751247233299664E-5
3.678360526392243E-5
3.681596167533609E-5
3.684831648627603E-5
3.6880669715711354E-5
3.691302138284588E-5
3.694537150711882E-5
3.697772010820606E-5
3.7010067206020886E-5
3.704241282071506E-5
3.707475697267977E-5
3.710709968254659E-5
3.713944097118844E-5
3.717178085972059E-5
3.720411936950163E-5
3.723645652213442E-5
3.7268792339467145E-5
3.730112684359418E-5
3.7333460056857115E-5
3.736579200184586E-5
3.739812270139938E-5
3.7430452178607145E-5
3.746278045680948E-5
3.7495107559599085E-5
3.752743351082185E-5
3.755975833457778E-5
3.7592082055222096E-5
3.762440469736623E-5
3.7656726285878755E-5
3.768904684588647E-5
3.7721366402775376E-5
3.77536849821916E-5
3.7786002610042526E-5
3.781831931249781E-5
3.785063511599023E-5
3.7882950047216835E-5
3.791526413313993E-5
3.7947577400988114E-5
3.797988987825713E-5
3.8012201592711086E-5
3.804451257238341E-5
3.8076822845577685E-5
3.810913244086899E-5
3.814144138710458E-5
3.817374971340524E-5
3.820605744916587E-5
3.823836462405694E-5
3.8270671268025246E-5
3.8302977411294906E-5
3.833528308436855E-5
3.8367588318028246E-5
3.839989314333647E-5
3.843219759163705E-5
3.846450169455644E-5
3.849680548400453E-5
3.852910899217559E-5
3.856141225154962E-5
3.8593715294892946E-5
3.862601815525941E-5
3.865832086599144E-5
3.8690623460721035E-5
3.8722925973370645E-5
3.875522843815443E-5
3.8787530889578826E-5
3.8819833362444186E-5
3.885213589184516E-5
3.888443851317196E-5
3.891674126211146E-5
3.894904417464802E-5
3.898134728706473E-5
3.901365063594392E-5
3.9045954258168676E-5
3.9078258190923523E-5
3.9110562471695566E-5
3.914286713827538E-5
3.9175172228757945E-5
3.9207477781543894E-5
3.9239783835340217E-5
3.927209042916125E-5
3.930439760232979E-5
3.933670539447806E-5
3.936901384554871E-5
3.940132299579553E-5
3.943363288578471E-5
3.94659435563957E-5
3.949825504882196E-5
3.953056740457247E-5
3.9562880665472023E-5
3.959519487366265E-5
3.96275100716044E-5
3.965982630207623E-5
3.969214360817713E-5
3.9724462033326794E-5
3.975678162126678E-5
3.97891024160614E-5
3.9821424462098645E-5
3.985374780409108E-5
3.988607248707666E-5
3.991839855641996E-5
3.995072605781278E-5
3.998305503727528E-5
4.001538554115661E-5
4.0047717616136136E-5
4.00800513092242E-5
4.0112386667762965E-5
4.014472373942749E-5
4.017706257222627E-5
4.020940321450245E-5
4.0241745714934637E-5
4.0274090122537757E-5
4.030643648666387E-5
4.033878485700305E-5
4.03711352835843E-5
4.040348781677638E-5
4.043584250728874E-5
4.046819940617223E-5
4.050055856482005E-5
4.053292003496861E-5
4.056528386869828E-5
4.0597650118434324E-5
4.0630018836947595E-5
4.066239007735568E-5
4.069476389312357E-5
4.072714033806479E-5
4.0759519466342236E-5
4.0791901332469926E-5
4.0824285991314324E-5
4.085667349809761E-5
4.088906390840121E-5
4.092145727817297E-5
4.095385366373856E-5
4.098625312182116E-5
4.101865570957552E-5
4.1051061484646846E-5
4.108347050527177E-5
4.111588283045023E-5
4.114829852023817E-5
4.1180717636238787E-5
4.1213140242423665E-5
4.1245566406491434E-5
4.1277996202097476E-5
4.131042971248162E-5
4.1342867036316067E-5
4.1375308297047596E-5
4.140775365768256E-5
4.144020334396367E-5
4.14726576803526E-5
4.150511714534271E-5
4.15375824556343E-5
4.1570054692919854E-5
4.1602535492847275E-5
4.163502732363699E-5
4.166753389237504E-5
4.17000607308129E-5
4.173261603019577E-5
4.1765211816787875E-5
4.1797865586753776E-5
4.1830602550925344E-5
4.1863458676223815E-5
4.1896484749739406E-5
4.192975173118275E-5
4.196335769557782E-5
4.199743669483903E-5
4.203216987638391E-5
4.206779917922982E-5
4.2104643871311745E-5
4.214312008305225E-5
4.2183763318476E-5
4.222725367507718E-5
4.2274443169943724E-5
4.2326384152005E-5
4.2384357288484246E-5
4.244989707073656E-5
4.2524812229374824E-5
4.261119793660402E-5
4.271143627675754E-5
4.282818126841313E-5
4.2964324813098006E-5
4.3122940411817E-5
4.330720239902089E-5
4.3520279828830094E-5
4.376520599691248E-5
4.4044726819101975E-5
4.436113377199607E-5
4.471608962095242E-5
4.5110457449914855E-5
4.5544145263697626E-5
4.601597935393381E-5
4.652361944203551E-5
4.706352715779595E-5
4.763099662754102E-5
4.8220251933126354E-5
4.882461123195157E-5
4.943671182387375E-5
5.004878495822001E-5
5.06529642974591E-5
5.1241608281231265E-5
5.180761465397334E-5
5.2344705445174544E-5
5.28476628068301E-5
5.3312500146288656E-5
5.373655853013024E-5
5.411852476882413E-5
5.445837420321447E-5
5.475724726941164E-5
5.501727377317201E-5
5.524136198749225E-5
5.543297095962665E-5
5.559588379080903E-5
5.573399738250134E-5
5.585114065674152E-5
5.5950929089318085E-5
5.603665909660578E-5
5.6111241884058456E-5
5.6177173171050546E-5
5.62365329740567E-5
5.629100842031543E-5
5.63419323002149E-5
5.639033056988042E-5
5.6436973050858055E-5
5.648242289505208E-5
5.652708176922723E-5
5.657122899315558E-5
5.661505392799607E-5
5.66586817049942E-5
5.670219290654098E-5
5.6745638094128384E-5
5.678904817210734E-5
5.683244153946472E-5
5.687582886701545E-5
5.691921618740595E-5
5.696260683086428E-5
5.700600259968661E-5
5.704940445831802E-5
5.709281292590329E-5
5.713622829240044E-5
5.717965073367627E-5
5.722308037077097E-5
5.7266517299383664E-5
5.7309961604036784E-5
5.73534133646416E-5
5.739687265943184E-5
5.744033956622687E-5
5.748381416295563E-5
5.7527296527866795E-5
5.7570786739610185E-5
5.7614284877268525E-5
5.765779102037023E-5
5.770130524889546E-5
5.774482764328009E-5
5.778835828441877E-5
5.783189725366761E-5
5.7875444632847146E-5
5.79190005042453E-5
5.7962564950619765E-5
5.800613805520114E-5
5.804971990169562E-5
5.809331057428766E-5
5.8136910157642836E-5
5.8180518736910755E-5
5.82241363977275E-5
5.826776322621873E-5
5.831139930900228E-5
5.8355044733190926E-5
5.839869958639528E-5
5.844236395672622E-5
5.8486037932797984E-5
5.852972160373067E-5
5.8573415059152985E-5
5.861711838920515E-5
5.866083168454135E-5
5.870455503633261E-5
5.874828853626931E-5
5.8792032276564026E-5
5.883578634995398E-5
5.8879550849704016E-5
5.8923325869608836E-5
5.8967111503995896E-5
5.901090784772792E-5
5.9054714996205594E-5
5.909853304536984E-5
5.914236209170484E-5
5.9186202232240115E-5
5.923005356455333E-5
5.9273916186772756E-5
5.9317790197579775E-5
5.936167569621133E-5
5.940557278246229E-5
5.944948155668805E-5
5.9493402119806835E-5
5.953733457330226E-5
5.958127901922547E-5
5.962523556019776E-5
5.9669204299412674E-5
5.97131853406384E-5
5.975717878822027E-5
5.980118474708276E-5
5.98452033227319E-5
5.988923462125742E-5
5.993327874933508E-5
5.9977335814228766E-5
6.002140592379255E-5
6.006548918647309E-5
6.010958571131145E-5
6.015369560794561E-5
6.019781898661201E-5
6.024195595814795E-5
6.028610663399342E-5
6.0330271126193396E-5
6.0374449547399484E-5
6.041864201087179E-5
6.0462848630481274E-5
6.050706952071121E-5
6.0551304796659195E-5
6.059555457403908E-5
6.063981896918269E-5
6.068409809904159E-5
6.072839208118883E-5
6.077270103382068E-5
6.0817025075758375E-5
6.086136432644977E-5
6.090571890597083E-5
6.095008893502746E-5
6.099447453495692E-5
6.103887582772955E-5
6.10832929359501E-5
6.112772598285943E-5
6.117217509233567E-5
6.12166403888959E-5
6.126112199769753E-5
6.130562004453973E-5
6.135013465586453E-5
6.139466595875834E-5
6.143921408095308E-5
6.148377915082782E-5
6.152836129740939E-5
6.157296065037414E-5
6.16175773400487E-5
6.166221149741124E-5
6.170686325409284E-5
6.1751532742378E-5
6.179622009520618E-5
6.184092544617255E-5
6.188564892952904E-5
6.193039068018522E-5
6.19751508337093E-5
6.201992952632893E-5
6.206472689493219E-5
6.210954307706815E-5
6.215437821094772E-5
6.219923243544472E-5
6.224410589009621E-5
6.228899871510316E-5
6.233391105133146E-5
6.237884304031249E-5
6.242379482424307E-5
6.246876654598691E-5
6.251375834907462E-5
6.255877037770424E-5
6.260380277674175E-5
6.264885569172165E-5
6.269392926884695E-5
6.273902365499017E-5
6.278413899769287E-5
6.282927544516676E-5
6.287443314629328E-5
6.291961225062429E-5
6.296481290838202E-5
6.301003527045937E-5
6.305527948842001E-5
6.310054571449822E-5
6.314583410159964E-5
6.319114480330048E-5
6.323647797384802E-5
6.328183376816048E-5
6.3327212341827E-5
6.337261385110747E-5
6.341803845293232E-5
6.346348630490269E-5
6.350895756528964E-5
6.355445239303465E-5
6.3599970947749E-5
6.364551338971329E-5
6.369107987987742E-5
6.373667057986024E-5
6.378228565194899E-5
6.382792525909884E-5
6.387358956493268E-5
6.391927873374065E-5
6.396499293047939E-5
6.401073232077147E-5
6.405649707090528E-5
6.410228734783372E-5
6.414810331917428E-5
6.419394515320776E-5
6.423981301887806E-5
6.428570708579092E-5
6.43316275242139E-5
6.43775745050748E-5
6.442354819996131E-5
6.446954878111983E-5
6.451557642145506E-5
6.456163129452874E-5
6.460771357455852E-5
6.465382343641739E-5
6.469996105563248E-5
6.4746126608384E-5
6.479232027150447E-5
6.483854222247659E-5
6.488479263943374E-5
6.493107170115739E-5
6.497737958707672E-5
6.50237164772669E-5
6.507008255244844E-5
6.511647799398522E-5
6.51629029838835E-5
6.520935770479068E-5
6.525584233999399E-5
6.530235707341877E-5
6.534890208962714E-5
6.539547757381671E-5
6.544208371181903E-5
6.548872069009824E-5
6.553538869574943E-5
6.558208791649721E-5
6.562881854069455E-5
6.567558075732209E-5
6.572237475598672E-5
6.576920072692262E-5
6.581605886099305E-5
6.586294934969497E-5
6.590987238516974E-5
6.595682816022172E-5
6.60038168683544E-5
6.605083870383405E-5
6.609789386180189E-5
6.61449825384685E-5
6.619210493144926E-5
6.623926124033153E-5
6.628645166763291E-5
6.633367642039805E-5
6.63809357128387E-5
6.642822977065836E-5
6.647555883807208E-5
6.652292318909305E-5
6.657032314551331E-5
6.66177591052719E-5
6.666523158677624E-5
6.671274129746888E-5
6.676028923882764E-5
6.6807876865509E-5
6.685550632401907E-5
6.690318080680569E-5
6.695090507181142E-5
6.699868619619889E-5
6.704653465712086E-5
6.709446586294877E-5
6.714250229602388E-5
6.71906764730154E-5
6.723903498094396E-5
6.728764390428245E-5
6.73365960181424E-5
6.738602017916392E-5
6.743609339151968E-5
6.748705604961167E-5
6.75392308476195E-5
6.759304578211134E-5
6.764906153835573E-5
6.770800332394408E-5
6.777079687671522E-5
6.783860791456276E-5
6.791288370843103E-5
6.799539475640286E-5
6.808827374465694E-5
6.819404815139001E-5
6.831566205900782E-5
6.84564820893876E-5
6.862028198898994E-5
6.881120039902516E-5
6.903366688241453E-5
6.929229245431311E-5
6.959172274330771E-5
6.993645449608416E-5
7.03306193420441E-5
7.077774236762465E-5
7.128048682111803E-5
7.184039979471822E-5
7.245767656778364E-5
7.313096298542853E-5
7.385721537675126E-5
7.463163578650211E-5
7.544769657781921E-5
7.629726286231112E-5
7.717081407776293E-5
7.80577579543979E-5
7.89468218727128E-5
7.982649911414302E-5
8.068552163380156E-5
8.151332751103637E-5
8.230049068517463E-5
8.303908315430594E-5
8.37229453183944E-5
8.43478480271702E-5
8.491153928475767E-5
8.541367841143216E-5
8.585566966610655E-5
8.62404148955305E-5
8.657200994411993E-5
8.685541191570312E-5
8.709610388705051E-5
8.729978065318111E-5
8.747207414227697E-5
8.761833105484112E-5
8.774344888674734E-5
8.785177054537636E-5
8.794703285034239E-5
8.803236068882741E-5
8.811029659503908E-5
8.818285495464971E-5
8.825159064840411E-5
8.83176734013427E-5
8.838196102708919E-5
8.844506681404003E-5
8.85074182264959E-5
8.856930571246851E-5
8.863092163405306E-5
8.869239015452849E-5
8.875378937174769E-5
8.881516715415213E-5
8.887655209869495E-5
8.893796086905552E-5
8.899940295348638E-5
8.90608836520861E-5
8.91224058931343E-5
8.918397130245199E-5
8.924558081287654E-5
8.930723500041934E-5
8.936893426360923E-5
8.943067891599795E-5
8.949246923225962E-5
8.955430547037338E-5
8.96161878819215E-5
8.9678116716699E-5
8.974009222470272E-5
8.98021146569585E-5
8.986418426585327E-5
8.992630130526586E-5
8.998846603061725E-5
9.005067869889123E-5
9.011293956864467E-5
9.017524890001258E-5
9.023760695471344E-5
9.030001399605177E-5
9.03624702889221E-5
9.042497609981117E-5
9.048753169680136E-5
9.055013734957172E-5
9.061279332940097E-5
9.067549990916854E-5
9.073825736335579E-5
9.080106596804731E-5
9.086392600093118E-5
9.092683774130032E-5
9.098980147005145E-5
9.105281746968569E-5
9.111588602430802E-5
9.117900741962624E-5
9.12421819429507E-5
9.130540988319213E-5
9.136869153086116E-5
9.143202717806553E-5
9.149541711850902E-5
9.155886164748855E-5
9.162236106189198E-5
9.168591566019537E-5
9.174952574245932E-5
9.181319161032684E-5
9.187691356701879E-5
9.194069191733112E-5
9.200452696763008E-5
9.206841902584867E-5
9.213236840148201E-5
9.219637540558257E-5
9.226044035075552E-5
9.232456355115387E-5
9.238874532247264E-5
9.245298598194423E-5
9.2517285848332E-5
9.258164524192476E-5
9.264606448453043E-5
9.271054389947029E-5
9.277508381157199E-5
9.283968454716328E-5
9.290434643406507E-5
9.296906980158419E-5
9.303385498050634E-5
9.309870230308889E-5
9.3163612103053E-5
9.322858471557634E-5
9.329362047728464E-5
9.33587197262442E-5
9.342388280195296E-5
9.348911004533284E-5
9.355440179872086E-5
9.361975840586023E-5
9.368518021189176E-5
9.375066756334488E-5
9.381622080812837E-5
9.388184029552075E-5
9.394752637616154E-5
9.401327940204096E-5
9.407909972649072E-5
9.414498770417348E-5
9.421094369107379E-5
9.427696804448708E-5
9.43430611230096E-5
9.44092232865285E-5
9.447545489621098E-5
9.454175631449332E-5
9.460812790507047E-5
9.467457003288526E-5
9.474108306411711E-5
9.480766736617125E-5
9.4874323307667E-5
9.49410512584269E-5
9.500785158946489E-5
9.507472467297535E-5
9.514167088232078E-5
9.52086905920204E-5
9.527578417773815E-5
9.534295201627072E-5
9.54101944855358E-5
9.547751196455955E-5
9.554490483346498E-5
9.561237347345856E-5
9.567991826681899E-5
9.57475395968838E-5
9.58152378480376E-5
9.588301340569863E-5
9.595086665630654E-5
9.601879798730928E-5
9.608680778715048E-5
9.615489644525661E-5
9.622306435202332E-5
9.629131189880307E-5
9.63596394778912E-5
9.642804748251359E-5
9.649653630681262E-5
9.656510634583403E-5
9.663375799551397E-5
9.670249165266442E-5
9.677130771496084E-5
9.684020658092785E-5
9.690918864992586E-5
9.697825432213722E-5
9.704740399855257E-5
9.711663808095694E-5
9.718595697191593E-5
9.725536107476192E-5
9.73248507935798E-5
9.73944265331937E-5
9.746408869915192E-5
9.753383769771347E-5
9.76036739358343E-5
9.767359782115248E-5
9.774360976197429E-5
9.781371016725982E-5
9.788389944660911E-5
9.795417801024754E-5
9.802454626901176E-5
9.809500463433515E-5
9.816555351823341E-5
9.823619333329044E-5
9.830692449264328E-5
9.837774740996872E-5
9.844866249946775E-5
9.851967017585186E-5
9.859077085432795E-5
9.866196495058444E-5
9.873325288077596E-5
9.88046350615095E-5
9.887611190982951E-5
9.894768384320297E-5
9.901935127950557E-5
9.909111463700633E-5
9.916297433435369E-5
9.92349307905603E-5
9.930698442498839E-5
9.937913565733566E-5
9.945138490762034E-5
9.952373259616593E-5
9.959617914358796E-5
9.966872497077786E-5
9.974137049888902E-5
9.981411614932222E-5
9.988696234371062E-5
9.995990950390544E-5
1.0003295805196084E-4
1.0010610841011981E-4
1.0017936100079919E-4
1.0025271624657514E-4
1.0032617457016853E-4
1.0039973639443024E-4
1.0047340214232646E-4
1.0054717223692456E-4
1.006210471013778E-4
1.0069502715891123E-4
1.0076911283280724E-4
1.0084330454639044E-4
1.0091760272301338E-4
1.0099200778604259E-4
1.01066520158843E-4
1.0114114026476448E-4
1.0121586852712659E-4
1.0129070536920486E-4
1.0136565121421561E-4
1.0144070648530193E-4
1.0151587160551939E-4
1.0159114699782164E-4
1.0166653308504561E-4
1.0174203028989787E-4
1.018176390349398E-4
1.0189335974257371E-4
1.0196919283502856E-4
1.0204513873434543E-4
1.0212119786236429E-4
1.0219737064070958E-4
1.0227365749077675E-4
1.0235005883371955E-4
1.0242657509043767E-4
1.02503206681567E-4
1.025799540274724E-4
1.0265681754824662E-4
1.0273379766371917E-4
1.0281089479348273E-4
1.0288810935695116E-4
1.0296544177347072E-4
1.0304289246252346E-4
1.0312046184408636E-4
1.031981503392559E-4
1.0327595837131039E-4
1.0335388636750317E-4
1.0343193476204936E-4
1.0351010400105313E-4
1.0358839455055627E-4
1.0366680690955734E-4
1.0374534163086794E-4
1.0382399935419984E-4
1.0390278085813887E-4
1.0398168714097055E-4
1.0406071954510104E-4
1.0413987994660476E-4
1.0421917104093895E-4
1.0429859676897082E-4
1.0437816294520812E-4
1.0445787817372041E-4
1.045377551679794E-4
1.0461781263002046E-4
1.0469807789300843E-4
1.0477859059006906E-4
1.0485940768084189E-4
1.0494061024394474E-4
1.0502231252472242E-4
1.0510467380691946E-4
1.0518791374445204E-4
1.052723318314868E-4
1.0535833168741541E-4
1.0544645076571415E-4
1.0553739593640895E-4
1.0563208511368237E-4
1.0573169467725618E-4
1.0583771184842852E-4
1.0595199042008762E-4
1.0607680731328764E-4
1.0621491637392586E-4
1.0636959469489035E-4
1.0654467564920952E-4
1.0674456188054295E-4
1.0697421088133598E-4
1.0723908567792142E-4
1.0754506371875414E-4
1.0789829848601869E-4
1.0830503072743618E-4
1.0877134955367353E-4
1.093029078714292E-4
1.0990460150775833E-4
1.1058022646709332E-4
1.1133213371519915E-4
1.1216090493534676E-4
1.1306507530801415E-4
1.1404092992770636E-4
1.1508239854624828E-4
1.1618106870638176E-4
1.1732633008827778E-4
1.1850565346062195E-4
1.1970499676853192E-4
1.2090931964218515E-4
1.2210317718239712E-4
1.2327135550430912E-4
1.2439950628280287E-4
1.2547473621747542E-4
1.2648611025326345E-4
1.2742503437212355E-4
1.2828549411411948E-4
1.2906413756072008E-4
1.2976020490111138E-4
1.3037531939579772E-4
1.3091316516306822E-4
1.3137908466639373E-4
1.317796324475101E-4
1.3212212141831231E-4
1.3241419427954476E-4
1.3266344616532041E-4
1.328771164672561E-4
1.3306185910248744E-4
1.3322359230481443E-4
1.3336742216816939E-4
1.3349762918521012E-4
1.3361770410314975E-4
1.337304184685613E-4
1.3383791592969864E-4
1.3394181224946444E-4
1.3404329455247974E-4
1.3414321312105686E-4
1.3424216169544059E-4
1.343405444722722E-4
1.3443862970343262E-4
1.3453659095202626E-4
1.3463453771695507E-4
1.3473253739102354E-4
1.348306304849584E-4
1.349288408410727E-4
1.350271822666985E-4
1.3512566270568795E-4
1.3522428677856498E-4
1.353230572801084E-4
1.3542197603398095E-4
1.3552104436464137E-4
1.356202633493497E-4
1.35719633948225E-4
1.3581915706905085E-4
1.3591883359840754E-4
1.3601866441605455E-4
1.3611865040128696E-4
1.362187924355897E-4
1.363190914036526E-4
1.3641954819368555E-4
1.3652016369744945E-4
1.3662093881017685E-4
1.367218744304509E-4
1.3682297146007207E-4
1.369242308039195E-4
1.3702565336981326E-4
1.3712724006837757E-4
1.3722899181290368E-4
1.3733090951921682E-4
1.3743299410554178E-4
1.3753524649237145E-4
1.3763766760233582E-4
1.3774025836007343E-4
1.3784301969210338E-4
1.379459525266978E-4
1.3804905779375845E-4
1.381523364246905E-4
1.3825578935228208E-4
1.3835941751058135E-4
1.3846322183477732E-4
1.3856720326108058E-4
1.386713627266059E-4
1.3877570116925606E-4
1.3888021952760692E-4
1.3898491874079265E-4
1.3908979974839477E-4
1.3919486349032951E-4
1.3930011090673784E-4
1.3940554293787684E-4
1.395111605240118E-4
1.3961696460530938E-4
1.3972295612173327E-4
1.398291360129378E-4
1.3993550521816713E-4
1.4004206467615232E-4
1.4014881532501008E-4
1.402557581021438E-4
1.4036289394414486E-4
1.40470223786695E-4
1.4057774856447057E-4
1.4068546921104636E-4
1.407933866588022E-4
1.409015018388301E-4
1.4100981568084147E-4
1.4111832911307701E-4
1.4122704306221656E-4
1.4133595845329048E-4
1.4144507620959164E-4
1.4155439725258928E-4
1.4166392250184264E-4
1.4177365287491677E-4
1.4188358928729914E-4
1.4199373265231667E-4
1.4210408388105411E-4
1.4221464388227382E-4
1.4232541356233548E-4
1.4243639382511856E-4
1.425475855719435E-4
1.426589897014955E-4
1.4277060710974907E-4
1.4288243868989273E-4
1.4299448533225582E-4
1.431067479242346E-4
1.4321922735022118E-4
1.433319244915321E-4
1.4344484022633827E-4
1.4355797542959584E-4
1.43671330972978E-4
1.4378490772480647E-4
1.4389870654998667E-4
1.440127283099408E-4
1.4412697386254378E-4
1.4424144406205894E-4
1.4435613975907492E-4
1.444710618004439E-4
1.4458621102921975E-4
1.4470158828459794E-4
1.448171944018562E-4
1.449330302122945E-4
1.4504909654317803E-4
1.451653942176799E-4
1.452819240548248E-4
1.4539868686943276E-4
1.4551568347206565E-4
1.4563291466897167E-4
1.45750381262033E-4
1.4586808404871426E-4
1.4598602382200903E-4
1.4610420137038996E-4
1.462226174777588E-4
1.4634127292339718E-4
1.4646016848191714E-4
1.4657930492321424E-4
1.4669868301241988E-4
1.4681830350985508E-4
1.4693816717098487E-4
1.4705827474637367E-4
1.4717862698163963E-4
1.4729922461741358E-4
1.4742006838929425E-4
1.47541159027807E-4
1.4766249725836213E-4
1.4778408380121386E-4
1.4790591937142135E-4
1.4802800467880847E-4
1.4815034042792516E-4
1.4827292731800964E-4
1.4839576604295146E-4
1.4851885729125363E-4
1.486422017459975E-4
1.4876580008480725E-4
1.488896529798151E-4
1.4901376109762677E-4
1.4913812509928837E-4
1.4926274564025366E-4
1.4938762337035136E-4
1.4951275893375335E-4
1.4963815296894473E-4
1.4976380610869186E-4
1.49889718980014E-4
1.5001589220415293E-4
1.501423263965446E-4
1.502690221667915E-4
1.5039598011863485E-4
1.505232008499278E-4
1.5065068495260852E-4
1.5077843301267515E-4
1.5090644561016074E-4
1.5103472331910695E-4
1.511632667075428E-4
1.5129207633745787E-4
1.5142115276478186E-4
1.515504965393604E-4
1.5168010820493447E-4
1.5180998829911795E-4
1.519401373533769E-4
1.520705558930094E-4
1.522012444371253E-4
1.5233220349862754E-4
1.524634335841928E-4
1.5259493519425302E-4
1.5272670882297788E-4
1.5285875495825722E-4
1.5299107408168436E-4
1.531236666685394E-4
1.5325653318777323E-4
1.53389674101993E-4
1.5352308986744573E-4
1.5365678093400486E-4
1.5379074774515573E-4
1.5392499073798256E-4
1.5405951034315444E-4
1.541943069849129E-4
1.5432938108106084E-4
1.5446473304294846E-4
1.546003632754643E-4
1.5473627217702283E-4
1.5487246013955395E-4
1.5500892754849422E-4
1.5514567478277578E-4
1.5528270221481792E-4
1.5542001021051746E-4
1.5555759912924162E-4
1.5569546932381895E-4
1.5583362114053256E-4
1.5597205491911233E-4
1.5611077099272777E-4
1.5624976968798307E-4
1.5638905132490952E-4
1.5652861621696064E-4
1.566684646710073E-4
1.56808596987332E-4
1.569490134596247E-4
1.5708971437497905E-4
1.5723070001388815E-4
1.5737197065024202E-4
1.5751352655132326E-4
1.5765536797780516E-4
1.5779749518375017E-4
1.579399084166064E-4
1.580826079172085E-4
1.5822559391977502E-4
1.583688666519096E-4
1.5851242633460247E-4
1.586562731822339E-4
1.5880040740258165E-4
1.589448291968342E-4
1.590895387596155E-4
1.592345362790279E-4
1.593798219367287E-4
1.5952539590806218E-4
1.5967125836229194E-4
1.5981740946299878E-4
1.5996384936876177E-4
1.6011057823431518E-4
1.6025759621249452E-4
1.6040490345748223E-4
1.605525001301761E-4
1.6070038640698494E-4
1.6084856249410956E-4
1.6099702865051015E-4
1.6114578522448744E-4
1.6129483271138333E-4
1.6144417184368268E-4
1.6159380373028314E-4
1.617437300695352E-4
1.6189395347167483E-4
1.6204447794154384E-4
1.6219530959327372E-4
1.6234645769639642E-4
1.6249793618924196E-4
1.6264976584213993E-4
1.6280197731130034E-4
1.629546153952127E-4
1.631077448888923E-4
1.6326145852564423E-4
1.634158875971189E-4
1.6357121594304873E-4
1.637276980907106E-4
1.6388568238456106E-4
1.6404563995678527E-4
1.6420820032258585E-4
1.6437419420814995E-4
1.6454470390028482E-4
1.647211209115114E-4
1.6490521005598155E-4
1.650991781156939E-4
1.6530574414968594E-4
1.6552820719686412E-4
1.6577050571876174E-4
1.660372617371418E-4
1.6633380140263946E-4
1.6666614288357316E-4
1.6704094221461083E-4
1.674653883245644E-4
1.679470400777288E-4
1.6849360095845192E-4
1.6911263104606172E-4
1.698112084472327E-4
1.705955287494444E-4
1.714704819988617E-4
1.7243922313366376E-4
1.735027645308156E-4
1.746596228540652E-4
1.7590555344642914E-4
1.7723340350869285E-4
1.7863310993732369E-4
1.8009185901976107E-4
1.8159441368583205E-4
1.831236005995941E-4
1.8466093531551008E-4
1.8618735051734685E-4
1.8768398155799302E-4
1.8913295651259765E-4
1.9051813576516482E-4
1.9182574924864502E-4
1.9304488768800239E-4
1.9416781674216465E-4
1.951900984324363E-4
1.9611052093084972E-4
1.969308537734513E-4
1.9765545909929363E-4
1.982907992050456E-4
1.9884488570844202E-4
1.9932671573407132E-4
1.9974573620394606E-4
2.001113694849348E-4
2.0043262360732329E-4
2.0071779943910703E-4
2.0097429690584106E-4
2.0120851365036148E-4
2.0142582312223162E-4
2.0163061525590583E-4
2.018263815447631E-4
2.0201582705820198E-4
2.0220099421462833E-4
2.0238338628714798E-4
2.0256408209451342E-4
2.0274383664360305E-4
2.029231653173966E-4
2.0310241137424745E-4
2.0328179800404986E-4
2.0346146703697674E-4
2.036415067418348E-4
2.038219711272939E-4
2.0400289290845378E-4
2.0418429193894678E-4
2.043661805200163E-4
2.045485666372143E-4
2.0473145587092395E-4
2.0491485248802602E-4
2.0509876004557774E-4
2.0528318171380002E-4
2.054681204432474E-4
2.0565357904851932E-4
2.0583956024886404E-4
2.060260666873169E-4
2.062131009395424E-4
2.064006655179226E-4
2.0658876287353386E-4
2.067773953972207E-4
2.0696656542029812E-4
2.071562752151093E-4
2.0734652699552452E-4
2.0753732291741762E-4
2.077286650791344E-4
2.0792055552195654E-4
2.081129962305596E-4
2.0830598913347109E-4
2.0849953610352514E-4
2.086936389583127E-4
2.0888829946063195E-4
2.0908351931893369E-4
2.092793001877659E-4
2.0947564366821487E-4
2.0967255130834419E-4
2.0987002460363003E-4
2.1006806499739537E-4
2.10266673881242E-4
2.104658525954781E-4
2.106656024295447E-4
2.1086592462244018E-4
2.1106682036313987E-4
2.1126829079101643E-4
2.1147033699625556E-4
2.1167296002027003E-4
2.1187616085611115E-4
2.1207994044887738E-4
2.122842996961224E-4
2.1248923944825832E-4
2.1269476050895725E-4
2.1290086363555229E-4
2.1310754953943425E-4
2.1331481888644545E-4
2.1352267229727404E-4
2.1373111034784316E-4
2.1394013356969952E-4
2.141497424503986E-4
2.1435993743388801E-4
2.1457071892088943E-4
2.1478208726927666E-4
2.149940427944523E-4
2.15206585769723E-4
2.154197164266704E-4
2.1563343495552197E-4
2.1584774150551822E-4
2.1606263618527887E-4
2.162781190631658E-4
2.1649419016764397E-4
2.1671084948764134E-4
2.1692809697290472E-4
2.1714593253435531E-4
2.1736435604444065E-4
2.175833673374864E-4
2.178029662100432E-4
2.1802315242123356E-4
2.1824392569309622E-4
2.184652857109283E-4
2.1868723212362524E-4
2.1890976454401866E-4
2.1913288254921259E-4
2.1935658568091715E-4
2.1958087344578045E-4
2.1980574531571892E-4
2.2003120072824455E-4
2.2025723908679096E-4
2.2048385976103764E-4
2.2071106208723114E-4
2.2093884536850591E-4
2.2116720887520143E-4
2.213961518451789E-4
2.2162567348413454E-4
2.2185577296591284E-4
2.2208644943281573E-4
2.2231770199591204E-4
2.2254952973534256E-4
2.2278193170062574E-4
2.2301490691095942E-4
2.2324845435552288E-4
2.234825729937739E-4
2.2371726175574838E-4
2.2395251954235266E-4
2.2418834522565931E-4
2.244247376491971E-4
2.2466169562824172E-4
2.248992179501036E-4
2.2513730337441298E-4
2.2537595063340602E-4
2.2561515843220602E-4
2.2585492544910412E-4
2.260952503358397E-4
2.263361317178761E-4
2.2657756819467764E-4
2.268195583399819E-4
2.2706210070207294E-4
2.27305193804051E-4
2.2754883614410127E-4
2.277930261957613E-4
2.2803776240818517E-4
2.2828304320640826E-4
2.2852886699160853E-4
2.287752321413668E-4
2.2902213700992525E-4
2.2926957992844372E-4
2.295175592052569E-4
2.2976607312612571E-4
2.3001511995449049E-4
2.3026469793172125E-4
2.3051480527736605E-4
2.3076544018939897E-4
2.3101660084446472E-4
2.312682853981227E-4
2.3152049198509072E-4
2.3177321871948413E-4
2.3202646369505634E-4
2.3228022498543612E-4
2.3253450064436338E-4
2.327892887059244E-4
2.330445871847849E-4
2.333003940764207E-4
2.3355670735734948E-4
2.3381352498535833E-4
2.3407084489973022E-4
2.3432866502147114E-4
2.345869832535325E-4
2.3484579748103593E-4
2.351051055714919E-4
2.3536490537502103E-4
2.3562519472457213E-4
2.3588597143613842E-4
2.3614723330897387E-4
2.364089781258064E-4
2.3667120365305E-4
2.3693390764101724E-4
2.3719708782412758E-4
2.3746074192111617E-4
2.377248676352411E-4
2.3798946265448813E-4
2.3825452465177523E-4
2.3852005128515582E-4
2.3878604019801888E-4
2.3905248901929068E-4
2.3931939536363204E-4
2.3958675683163628E-4
2.3985457101002486E-4
2.401228354718427E-4
2.403915477766509E-4
2.4066070547071897E-4
2.4093030608721556E-4
2.4120034714639822E-4
2.4147082615580084E-4
2.4174174061042126E-4
2.4201308799290597E-4
2.422848657737347E-4
2.4255707141140404E-4
2.4282970235260865E-4
2.4310275603242105E-4
2.4337622987447287E-4
2.436501212911305E-4
2.4392442768367346E-4
2.441991464424694E-4
2.44474274947148E-4
2.447498105667752E-4
2.450257506600241E-4
2.453020925753454E-4
2.455788336511385E-4
2.458559712159174E-4
2.461335025884803E-4
2.4641142507807407E-4
2.4668973598455875E-4
2.469684325985722E-4
2.4724751220169244E-4
2.4752697206659765E-4
2.4780680945722775E-4
2.4808702162894275E-4
2.483676058286808E-4
2.4864855929511475E-4
2.48929879258808E-4
2.492115629423692E-4
2.4949360756060517E-4
2.497760103206733E-4
2.5005876842223393E-4
2.5034187905760016E-4
2.5062533941188877E-4
2.5090914666316903E-4
2.5119329798261485E-4
2.514777905346557E-4
2.517626214771364E-4
2.520477879614823E-4
2.523332871328832E-4
2.5261911613051025E-4
2.529052720877855E-4
2.531917521327511E-4
2.534785533886042E-4
2.5376567297451344E-4
2.540531080069226E-4
2.5434085560165017E-4
2.546289128773193E-4
2.549172769609625E-4
2.5520594499715095E-4
2.5549491416279173E-4
2.557841816909263E-4
2.560737449086948E-4
2.5636360129734147E-4
2.566537485861666E-4
2.5694418489815766E-4
2.5723490897341987E-4
2.5752592050836434E-4
2.578172206650669E-4
2.5810881282770386E-4
2.584007037131594E-4
2.5869290498261666E-4
2.5898543555207573E-4
2.592783248640152E-4
2.595716174609616E-4
2.5986537929473377E-4
2.6015970631093014E-4
2.604547359627043E-4
2.6075066242326714E-4
2.6104775637053715E-4
2.6134639029212243E-4
2.616470702802622E-4
2.6195047522428337E-4
2.622575041268459E-4
2.625693319309116E-4
2.6288747370865076E-4
2.6321385629921376E-4
2.6355089547090504E-4
2.639015754287655E-4
2.6426952602723455E-4
2.646590914570755E-4
2.650753825821398E-4
2.6552430368140083E-4
2.6601254332784304E-4
2.665475187638761E-4
2.6713726367809105E-4
2.677902509911124E-4
2.685151452936577E-4
2.693236850752136E-4
2.7022386525026135E-4
2.712227281730209E-4
2.7232588729073206E-4
2.73537040621662E-4
2.748575061088746E-4
2.76285815131421E-4
2.7781740193763533E-4
2.7944442481413326E-4
2.8115574903445724E-4
2.829371120714563E-4
2.847714787174513E-4
2.866395786341467E-4
2.8852060286884E-4
2.9039302072205033E-4
2.922354658058421E-4
2.9402763179787935E-4
2.9575111547415055E-4
2.9739014768876516E-4
2.9893216193081226E-4
3.0036816404974126E-4
3.0169288417718806E-4
3.029047108103966E-4
3.040054253095993E-4
3.049997706739393E-4
3.0589489977934394E-4
3.066997542880517E-4
3.074244259032982E-4
3.080795469955179E-4
3.08675748922935E-4
3.092232150652284E-4
3.0973134329479243E-4
3.102085208480467E-4
3.106620045612059E-4
3.1109789201264044E-4
3.115211646129451E-4
3.1193578201613094E-4
3.1234480796380197E-4
3.127505501809898E-4
3.1315470050377424E-4
3.1355846536318307E-4
3.139626805307602E-4
3.1436790727198423E-4
3.1477450955385303E-4
3.1518271366552013E-4
3.15592652603052E-4
3.160043979770168E-4
3.164179821876869E-4
3.168334133350605E-4
3.1725068492226304E-4
3.1766978196925765E-4
3.1809068474225496E-4
3.18513370956024E-4
3.1893781703254203E-4
3.1936399879686544E-4
3.197918918490701E-4
3.202214717562565E-4
3.2065271414812604E-4
3.2108559476272305E-4
3.215200894673539E-4
3.219561742675899E-4
3.2239382531077916E-4
3.2283301888711135E-4
3.232737314296471E-4
3.237159395139207E-4
3.241596198573767E-4
3.2460474931875075E-4
3.25051304897427E-4
3.254992637327911E-4
3.259486031035844E-4
3.263993004272574E-4
3.268513332593301E-4
3.273046792927488E-4
3.277593163572512E-4
3.282152224187294E-4
3.2867237557859965E-4
3.291307540731715E-4
3.2959033627301935E-4
3.300511006823596E-4
3.30513025938428E-4
3.3097609081085913E-4
3.314402742010693E-4
3.31905555141642E-4
3.323719127957155E-4
3.3283932645637314E-4
3.33307775546036E-4
3.337772396158567E-4
3.3424769834511885E-4
3.347191315406359E-4
3.3519151913615196E-4
3.3566484119174913E-4
3.361390778932536E-4
3.3661420955164486E-4
3.370902166024677E-4
3.3756707960524534E-4
3.380447792428987E-4
3.3852329632116305E-4
3.390026117680104E-4
3.394827066330733E-4
3.3996356208707E-4
3.40445159421232E-4
3.4092748004673786E-4
3.4141050549414285E-4
3.418942174128161E-4
3.423785975703766E-4
3.428636278521342E-4
3.4334929026053204E-4
3.438355669145889E-4
3.4432244004934764E-4
3.448098920153245E-4
3.452979052779568E-4
3.457864624170594E-4
3.462755461262807E-4
3.4676513921255746E-4
3.4725522459557606E-4
3.47745785307236E-4
3.4823680449111265E-4
3.487282654019241E-4
3.492201514049995E-4
3.4971244597575114E-4
3.5020513269914575E-4
3.50698195269181E-4
3.511916174883628E-4
3.5168538326718396E-4
3.5217947662360575E-4
3.526738816825413E-4
3.5316858267534293E-4
3.536635639392894E-4
3.541588099170754E-4
3.5465430515630207E-4
3.551500343089747E-4
3.5564598213099673E-4
3.5614213348166777E-4
3.5663847332318587E-4
3.571349867201473E-4
3.576316588390531E-4
3.5812847494781424E-4
3.586254204152614E-4
3.591224807106542E-4
3.596196414031943E-4
3.6011688816154E-4
3.606142067533225E-4
3.6111158304466496E-4
3.616090029997024E-4
3.621064526801043E-4
3.6260391824459947E-4
3.6310138594850184E-4
3.6359884214323885E-4
3.640962732758831E-4
3.6459366588868276E-4
3.650910066185956E-4
3.655882821968273E-4
3.6608547944836804E-4
3.6658258529153237E-4
3.670795867375004E-4
3.6757647088986377E-4
3.680732249441689E-4
3.685698361874652E-4
3.690662919978555E-4
3.695625798440459E-4
3.700586872849E-4
3.7055460196899184E-4
3.710503116341664E-4
3.71545804107094E-4
3.720410673028334E-4
3.725360892243942E-4
3.7303085796229913E-4
3.7352536169415205E-4
3.7401958868420377E-4
3.745135272829234E-4
3.7500716592656904E-4
3.7550049313675964E-4
3.759934975200522E-4
3.7648616776751666E-4
3.769784926543144E-4
3.7747046103927997E-4
3.7796206186450177E-4
3.784532841549058E-4
3.789441170178413E-4
3.794345496426689E-4
3.7992457130034684E-4
3.804141713430253E-4
3.809033392036356E-4
3.8139206439548556E-4
3.818803365118556E-4
3.82368145225596E-4
3.8285548028872473E-4
3.8334233153203056E-4
3.8382868886467403E-4
3.8431454227379083E-4
3.847998818241006E-4
3.85284697657511E-4
3.857689799927282E-4
3.862527191248692E-4
3.867359054250728E-4
3.872185293401131E-4
3.87700581392016E-4
3.8818205217767656E-4
3.8866293236847747E-4
3.8914321270991093E-4
3.8962288402119805E-4
3.9010193719491527E-4
3.905803631966187E-4
3.910581530644698E-4
3.915352979088677E-4
3.9201178891207374E-4
3.9248761732784803E-4
3.9296277448107797E-4
3.9343725176741893E-4
3.939110406529251E-4
3.9438413267368916E-4
3.948565194354837E-4
3.953281926133983E-4
3.957991439514859E-4
3.9626936526240326E-4
3.967388484270585E-4
3.9720758539425776E-4
3.97675568180354E-4
3.981427888688955E-4
3.9860923961027863E-4
3.9907491262140067E-4
3.995398001853134E-4
4.000038946508805E-4
4.004671884324336E-4
4.0092967400943145E-4
4.013913439261205E-4
4.0185219079119725E-4
4.0231220727746846E-4
4.0277138612152046E-4
4.0322972012338135E-4
4.0368720214619097E-4
4.041438251158673E-4
4.0459958202078016E-4
4.05054465911419E-4
4.055084699000702E-4
4.0596158716048867E-4
4.0641381092757466E-4
4.0686513449705115E-4
4.0731555122514317E-4
4.0776505452825846E-4
4.0821363788266557E-4
4.0866129482418183E-4
4.0910801894785304E-4
4.0955380390764325E-4
4.0999864341611755E-4
4.1044253124413593E-4
4.108854612205408E-4
4.113274272318493E-4
4.117684232219518E-4
4.122084431918083E-4
4.126474811991597E-4
4.130855313582403E-4
4.1352258783951626E-4
4.139586448694507E-4
4.1439369673032257E-4
4.148277377601389E-4
4.152607623527018E-4
4.1569276495794004E-4
4.1612374008269105E-4
4.165536822922298E-4
4.1698258621304066E-4
4.1741044653762556E-4
4.178372580326255E-4
4.1826301555227273E-4
4.1868771406034145E-4
4.1911134866549405E-4
4.1953391467753265E-4
4.1995540769591654E-4
4.2037582374752035E-4
4.207951594987032E-4
4.2121341257819273E-4
4.2163058206326725E-4
4.220466692035661E-4
4.2246167848630523E-4
4.228756191855126E-4
4.2328850758803054E-4
4.237003701522621E-4
4.241112479331868E-4
4.245212026993076E-4
4.2493032527252773E-4
4.253387467365441E-4
4.25746653275772E-4
4.261543055131307E-4
4.2656206329370406E-4
4.26970416888677E-4
4.2738002554000234E-4
4.277917640954064E-4
4.282067781564967E-4
4.286265476410001E-4
4.290529579103239E-4
4.2948837661559353E-4
4.299357331710333E-4
4.3039859630689207E-4
4.30881243560158E-4
4.313887149535085E-4
4.319268416660657E-4
4.325022394353293E-4
4.331222560046202E-4
4.3379486241197857E-4
4.3452847955049724E-4
4.367204391021999E-4
4.389807849870646E-4
4.413175825144252E-4
4.4373796474494076E-4
4.4624765659530285E-4
4.488504873184586E-4
4.5154792330031755E-4
4.5433865748436804E-4
4.5721829337650116E-4
4.601791597900296E-4
4.6321028686059754E-4
4.662975644005418E-4
4.6942409086472874E-4
4.725707060515887E-4
4.7571668457976017E-4
4.7884055186663807E-4
4.81920971578455E-4
4.849376449530576E-4
4.8787215924607567E-4
4.907087254439686E-4
4.934347542173819E-4
4.960412329963678E-4
4.985228845163622E-4
5.008781062299887E-4
5.031087084369875E-4
5.052194848025836E-4
5.07217660466126E-4
5.091122691595682E-4
5.109135113666037E-4
5.126321409950077E-4
5.142789193571206E-4
5.158641639169061E-4
5.17397406889976E-4
5.188871669146893E-4
5.203408268982523E-4
5.217646036102167E-4
5.231635900048853E-4
5.245418495233522E-4
5.259025423300485E-4
5.272480659373567E-4
5.285801962458626E-4
5.299002189982557E-4
5.312090454583125E-4
5.325073094002261E-4
5.337954450228684E-4
5.350737471391576E-4
5.363424159988142E-4
5.376015895199128E-4
5.388513656947782E-4
5.400918176584621E-4
5.413230034972998E-4
5.42544972430162E-4
5.437577685799409E-4
5.449614332013767E-4
5.46156005954868E-4
5.473415256112631E-4
5.485180304291008E-4
5.496855583499019E-4
5.50844147095943E-4
5.519938342176207E-4
5.531346571157234E-4
5.542666530516403E-4
5.553898591520162E-4
5.565043124109281E-4
5.576100496910122E-4
5.587071077241498E-4
5.597955231119937E-4
5.608753323264207E-4
5.619465717099603E-4
5.630092774762243E-4
5.640634857103196E-4
5.651092323692667E-4
5.661465532824157E-4
5.67175484151857E-4
5.6819606055284E-4
5.692083179341766E-4
5.702122916186579E-4
5.712080168034591E-4
5.721955285605478E-4
5.731748618370912E-4
5.741460514558602E-4
5.751091321156333E-4
5.760641383916028E-4
5.770111047357687E-4
5.779500654773432E-4
5.788810548231524E-4
5.798041068580295E-4
5.807192555452138E-4
5.816265347267441E-4
5.825259781238542E-4
5.834176193373664E-4
5.843014918480801E-4
5.851776290171668E-4
5.860460640865562E-4
5.869068301793247E-4
5.877599603000838E-4
5.886054873353644E-4
5.894434440540034E-4
5.902738631075213E-4
5.910967770305145E-4
5.919122182410283E-4
5.927202190409379E-4
5.935208116163299E-4
5.943140280378793E-4
5.950999002612227E-4
5.958784601273378E-4
5.966497393629152E-4
5.974137695807341E-4
5.981705822800298E-4
5.989202088468664E-4
5.996626805545079E-4
6.003980285637865E-4
6.011262839234668E-4
6.018474775706153E-4
6.025616403309642E-4
6.032688029192782E-4
6.039689959397088E-4
6.04662249886169E-4
6.053485951426804E-4
6.060280619837454E-4
6.067006805746942E-4
6.073664809720521E-4
6.0802549312389E-4
6.086777468701795E-4
6.093232719431487E-4
6.099620979676349E-4
6.105942544614367E-4
6.112197708356661E-4
6.118386763950929E-4
6.124510003385015E-4
6.130567717590314E-4
6.136560196445264E-4
6.142487728778828E-4
6.148350602373891E-4
6.154149103970732E-4
6.159883519270413E-4
6.16555413293822E-4
6.171161228607056E-4
6.176705088880835E-4
6.182185995337852E-4
6.187604228534159E-4
6.192960068006958E-4
6.198253792277883E-4
6.20348567885641E-4
6.208656004243134E-4
6.213765043933123E-4
6.218813072419217E-4
6.223800363195319E-4
6.228727188759694E-4
6.233593820618241E-4
6.238400529287762E-4
6.243147584299233E-4
6.247835254201035E-4
6.252463806562201E-4
6.257033507975653E-4
6.261544624061405E-4
6.265997419469792E-4
6.270392157884629E-4
6.274729102026455E-4
6.279008513655674E-4
6.283230653575737E-4
6.287395781636305E-4
6.291504156736385E-4
6.295556036827474E-4
6.299551678916722E-4
6.30349133907E-4
6.307375272415035E-4
6.311203733144545E-4
6.31497697451928E-4
6.318695248871104E-4
6.322358807606142E-4
6.325967901207737E-4
6.329522779239589E-4
6.333023690348765E-4
6.33647088226873E-4
6.339864601822389E-4
6.343205094925085E-4
6.346492606587617E-4
6.349727380919249E-4
6.352909661130693E-4
6.356039689537061E-4
6.359117707560863E-4
6.362143955734981E-4
6.365118673705578E-4
6.368042100235072E-4
6.37091447320509E-4
6.373736029619322E-4
6.376507005606503E-4
6.379227636423294E-4
6.381898156457179E-4
6.384518799229359E-4
6.387089797397622E-4
6.389611382759233E-4
6.392083786253777E-4
6.394507237965999E-4
6.396881967128708E-4
6.399208202125545E-4
6.40148617049383E-4
6.40371609892741E-4
6.40589821327941E-4
6.408032738565107E-4
6.410119898964647E-4
6.412159917825875E-4
6.4141530176671E-4
6.416099420179845E-4
6.417999346231634E-4
6.419853015868711E-4
6.421660648318796E-4
6.423422461993784E-4
6.425138674492561E-4
6.426809502603586E-4
6.42843516230769E-4
6.430015868780744E-4
6.431551836396374E-4
6.4330432787286E-4
6.434490408554512E-4
6.435893437856982E-4
6.437252577827265E-4
6.43856803886769E-4
6.439840030594263E-4
6.441068761839327E-4
6.44225444065416E-4
6.44339727431161E-4
6.444497469308698E-4
6.445555231369195E-4
6.44657076544625E-4
6.447544275724951E-4
6.448475965624886E-4
6.44936603780273E-4
6.450214694154805E-4
6.451022135819624E-4
6.451788563180402E-4
6.452514175867671E-4
6.453199172761718E-4
6.453843751995159E-4
6.454448110955401E-4
6.455012446287223E-4
6.455536953895199E-4
6.456021828946213E-4
6.456467265871937E-4
6.456873458371306E-4
6.457240599412973E-4
6.457568881237771E-4
6.45785849536116E-4
6.458109632575686E-4
6.45832248295338E-4
6.458497235848234E-4
6.458634079898589E-4
6.458733203029573E-4
6.458794792455525E-4
6.458819034682454E-4
6.458806115510508E-4
6.458756220036516E-4
6.45866953265666E-4
6.458546237069343E-4
6.458386516278503E-4
6.458190552597611E-4
6.457958527654813E-4
6.457690622400267E-4
6.457387017116846E-4
6.457047891436884E-4
6.456673424368576E-4
6.456263794338564E-4
6.45581917926072E-4
6.455339756647248E-4
6.454825703787265E-4
6.454277198031964E-4
6.453694417246342E-4
6.453077540518324E-4
6.452426749261205E-4
6.45174222891033E-4
6.45102417150707E-4
6.450272779591745E-4
6.449488272003327E-4
6.448670892421761E-4
6.447820921802335E-4
6.446938696257536E-4
6.446024632454065E-4
6.445079263221568E-4
6.44410328681832E-4
6.443097634155354E-4
6.442063559214297E-4
6.441002758844196E-4
6.439917528993118E-4
6.438810965078302E-4
6.437687214432055E-4
6.436551788334652E-4
6.43541193976925E-4
6.434277110388663E-4
6.433159445950057E-4
6.432074373378896E-4
6.431041224501081E-4
6.430083881344311E-4
6.429231406031319E-4
6.428518605276783E-4
6.427986466364369E-4
6.427682389645625E-4
6.427660133881525E-4
6.427979387237707E-4
6.428704880637342E-4
0.0012454460206449778
0.0012427958765733416
0.0012402158664044439
0.0012377121281673226
0.001235290005207444
0.0012329536667460203
0.0012307057222582496
0.001228546855578812
0.0012264755079025884
0.0012244876398626143
0.0012225766010960854
0.0012207331308618852
0.0012189455053961368
0.001217199837221985
0.001215480519394131
0.0012137707948190358
0.0012120534187245922
0.001210311372482758
0.0012085285805924998
0.0012066905806463499
0.0012047850989727281
0.0012028024922181358
0.0012007360266599076
0.0011985819812581836
0.0011963395757529915
0.001194010739751467
0.001191599751113146
0.001189112780753024
0.0011865573854781615
0.0011839419904816934
0.001181275399045208
0.0011785663597310993
0.001175823212075475
0.001173053621824365
0.0011702644073105725
0.0011674614506193236
0.0011646496813665001
0.0011618331174639781
0.0011590149460764317
0.0011561976287187972
0.0011533830165773654
0.0011505724650806494
0.0011477669399595298
0.001144967110086011
0.0011421734249721272
0.0011393861767927133
0.0011366055481386269
0.0011338316474708177
0.0011310645345438172
0.0011283042380328641
0.0011255507673592722
0.0011228041203697823
0.0011200642881649867
0.0011173312580388473
0.0011146050152112416
0.0011118855438163877
0.0011091728274484462
0.0011064668494527737
0.001103767593076208
0.0011010750415419508
0.001098389178085544
0.0010957099859715334
0.0010930374485008552
0.0010903715490139668
0.0010877122708920844
0.0010850595975576026
0.001082413512474204
0.001079773999146832
0.0010771410411216065
0.0010745146219857387
0.001071894725367429
0.0010692813349357665
0.0010666744344006319
0.0010640740075125899
0.0010614800380627958
0.0010588925098828916
0.0010563114068449055
0.001053736712861158
0.0010511684118841558
0.0010486064879064905
0.0010460509249607484
0.0010435017071194054
0.0010409588184947327
0.001038422243238693
0.001035891965542845
0.001033367969638253
0.0010308502397953735
0.0010283387603239724
0.001025833515573019
0.0010233344899305953
0.0010208416678237967
0.0010183550337186326
0.0010158745721199351
0.0010134002675712627
0.0010109321046547998
0.0010084700679912656
0.0010060141422398188
0.0010035643120979603
0.00100112056230144
9.986828776241633E-4
9.962512428780923E-4
9.938256429131596E-4
9.914060626171639E-4
9.889924869156852E-4
9.865849007719924E-4
9.841832891869396E-4
9.817876371988816E-4
9.793979298835837E-4
9.770141523541167E-4
9.746362897607799E-4
9.72264327290999E-4
9.698982501692365E-4
9.67538043656902E-4
9.651836930522609E-4
9.628351836903366E-4
9.604925009428336E-4
9.581556302180306E-4
9.55824556960701E-4
9.534992666520182E-4
9.511797448094661E-4
9.488659769867508E-4
9.465579487737122E-4
9.44255645796226E-4
9.419590537161265E-4
9.396681582311088E-4
9.373829450746463E-4
9.351034000158954E-4
9.328295088596114E-4
9.305612574460647E-4
9.282986316509417E-4
9.260416173852682E-4
9.237902005953138E-4
9.215443672625107E-4
9.193041034033642E-4
9.170693950693632E-4
9.148402283468988E-4
9.126165893571738E-4
9.103984642561187E-4
9.081858392343035E-4
9.059787005168565E-4
9.037770343633733E-4
9.015808270678333E-4
8.993900649585169E-4
8.972047343979183E-4
8.950248217826607E-4
8.928503135434124E-4
8.906811961448012E-4
8.88517456085334E-4
8.863590798973086E-4
8.842060541467332E-4
8.820583654332389E-4
8.799160003900003E-4
8.777789456836509E-4
8.75647188014202E-4
8.735207141149529E-4
8.713995107524225E-4
8.692835647262508E-4
8.671728628691268E-4
8.650673920467065E-4
8.629671391575259E-4
8.608720911329224E-4
8.587822349369545E-4
8.566975575663221E-4
8.546180460502801E-4
8.525436874505608E-4
8.504744688612958E-4
8.4841037740893E-4
8.463514002521482E-4
8.442975245817919E-4
8.422487376207765E-4
8.402050266240167E-4
8.38166378878347E-4
8.361327817024359E-4
8.341042224467168E-4
8.320806884933009E-4
8.300621672559034E-4
8.280486461797645E-4
8.260401127415697E-4
8.240365544493719E-4
8.22037958842516E-4
8.200443134915571E-4
8.180556059981882E-4
8.160718239951586E-4
8.140929551461988E-4
8.12118987145943E-4
8.101499077198547E-4
8.081857046241469E-4
8.062263656457056E-4
8.04271878602019E-4
8.023222313410958E-4
8.00377411741391E-4
7.984374077117319E-4
7.965022071912415E-4
7.945717981492624E-4
7.926461685852847E-4
7.90725306528869E-4
7.888092000395725E-4
7.868978372068729E-4
7.849912061500964E-4
7.830892950183418E-4
7.811920919904075E-4
7.792995852747192E-4
7.774117631092528E-4
7.755286137614649E-4
7.736501255282165E-4
7.71776286735702E-4
7.699070857393746E-4
7.680425109238754E-4
7.661825507029597E-4
7.643271935194253E-4
7.624764278450414E-4
7.606302421804742E-4
7.587886250552167E-4
7.569515650275163E-4
7.55119050684304E-4
7.532910706411224E-4
7.514676135420589E-4
7.496486680596661E-4
7.478342228948996E-4
7.460242667770414E-4
7.442187884636335E-4
7.424177767404052E-4
7.406212204212066E-4
7.388291083479336E-4
7.370414293904612E-4
7.35258172446575E-4
7.334793264418983E-4
7.317048803298263E-4
7.299348230914558E-4
7.281691437355149E-4
7.264078312982983E-4
7.246508748435953E-4
7.228982634626197E-4
7.211499862739483E-4
7.194060324234473E-4
7.176663910842042E-4
7.159310514564633E-4
7.142000027675584E-4
7.124732342718418E-4
7.107507352506189E-4
7.090324950120838E-4
7.073185028912481E-4
7.056087482498764E-4
7.039032204764202E-4
7.022019089859494E-4
7.005048032200902E-4
6.988118926469544E-4
6.971231667610778E-4
6.954386150833501E-4
6.937582271609567E-4
6.920819925673072E-4
6.904099009019803E-4
6.887419417906549E-4
6.870781048850623E-4
6.854183798629297E-4
6.837627564279467E-4
6.821112243097458E-4
6.804637732639263E-4
6.788203930721346E-4
6.771810735422557E-4
6.755458045087844E-4
6.739145758335066E-4
6.722873774066815E-4
6.706641991490576E-4
6.690450310152473E-4
6.674298629992862E-4
6.658186851436802E-4
6.642114875539635E-4
6.626082604218558E-4
6.610089940617198E-4
6.594136789673208E-4
6.578223058992689E-4
6.562348660182477E-4
6.546513510857541E-4
6.530717537631645E-4
6.51496068052141E-4
6.499242899355114E-4
6.483564182985889E-4
6.467924562370956E-4
6.452324128900602E-4
6.436763059742026E-4
6.421241652399498E-4
6.405760371165049E-4
6.390319908613539E-4
6.374921265730141E-4
6.359565854574822E-4
6.344255627487461E-4
6.328993236592519E-4
6.313782226626359E-4
6.298627262719538E-4
6.283534392560747E-4
6.268511339212063E-4
6.253567816657224E-4
6.238715854960129E-4
6.223970115838437E-4
6.209348172839323E-4
6.194870723667026E-4
6.180561696292026E-4
6.166448206203168E-4
6.152560320618535E-4
0.26197433096770184
