9.282369051307777E-8
1.8822183429492415E-7
2.8610183453157446E-7
3.8627902654774127E-7
4.884906528351202E-7
5.924168813598018E-7
6.977064062520565E-7
8.040035539113025E-7
9.109736912191084E-7
1.0183241184309546E-6
1.1258184465115248E-6
1.2332835407116088E-6
1.340609245847394E-6
1.447742083723702E-6
1.5546747690379892E-6
1.661433648344462E-6
1.7680660397081513E-6
1.8746290278350995E-6
1.981180685451421E-6
2.0877740885870774E-6
2.194453987036132E-6
2.3012556504590408E-6
2.408205252465438E-6
2.5153211541439754E-6
2.6226155544267314E-6
2.7300961308477432E-6
2.8377674529433675E-6
2.9456320807919975E-6
3.0536913498997984E-6
3.1619458917559653E-6
3.2703959560143913E-6
3.3790415970962862E-6
3.4878827754492493E-6
3.596919409032938E-6
3.7061513978299915E-6
3.815578634757657E-6
3.925201010203171E-6
4.035018413782513E-6
4.145030734978627E-6
4.255237863361917E-6
4.365639688667565E-6
4.4762361008278965E-6
4.587026989992015E-6
4.698012246542238E-6
4.8091917611099065E-6
4.9205654245911315E-6
5.032133128162643E-6
5.143894763297817E-6
5.255850221782738E-6
5.367999395732469E-6
5.480342177607391E-6
5.592878460229729E-6
5.705608136800163E-6
5.818531100914586E-6
5.93164724658103E-6
6.044956468236618E-6
6.158458660764817E-6
6.27215371951266E-6
6.3860415403082275E-6
6.500122019478205E-6
6.614395053865572E-6
6.728860540847469E-6
6.843518378353187E-6
6.958368464882293E-6
7.0734106995228945E-6
7.188644981970064E-6
7.304071212544405E-6
7.419689292210721E-6
7.53549912259691E-6
7.651500606012932E-6
7.767693645469956E-6
7.884078144699668E-6
8.000654008173697E-6
8.11742114112321E-6
8.234379449558667E-6
8.351528840289714E-6
8.468869220945237E-6
8.586400499993536E-6
8.704122586762749E-6
8.822035391461295E-6
8.940138825198623E-6
9.05843280000596E-6
9.176917228857401E-6
9.29559202569094E-6
9.414457105429893E-6
9.533512384004334E-6
9.652757778372676E-6
9.772193206543582E-6
9.89181858759784E-6
1.0011633841710546E-5
1.0131638890173472E-5
1.0251833655417528E-5
1.037221806103563E-5
1.0492792031805733E-5
1.0613555493714536E-5
1.0734508373981852E-5
1.085565060108645E-5
1.0976982104794573E-5
1.1098502816193233E-5
1.1220212667732658E-5
1.1342111593285635E-5
1.1464199528238305E-5
1.1586476409638683E-5
1.170894217645014E-5
1.183159676999439E-5
1.1954440134731488E-5
1.2077472219634125E-5
1.2200692980596736E-5
1.232410238462508E-5
1.244770041705256E-5
1.2571487093836527E-5
1.2695462482271991E-5
1.2819626735466675E-5
1.2943980149007626E-5
1.3068523252908644E-5
1.319325695882881E-5
1.3318182792565784E-5
1.3443303256038924E-5
1.3568622382659373E-5
1.3694146576518423E-5
1.3819885860514803E-5
1.3945855702301778E-5
1.407207963979997E-5
1.4198592988457844E-5
1.4325447976444806E-5
1.4452720714014303E-5
1.458052044727145E-5
1.4709001556972786E-5
1.483837871649983E-5
1.4968945491551925E-5
1.5101096416573745E-5
1.523535219054566E-5
1.53723870774028E-5
1.551305687196176E-5
1.5658424927630224E-5
1.5809782803711955E-5
1.596866119163099E-5
1.6136826083890616E-5
1.6316254860919692E-5
1.6509087312299017E-5
1.6717547786418608E-5
1.6943836816461252E-5
1.7189993718486493E-5
1.7457735642178147E-5
1.774828301003954E-5
1.8062185629932088E-5
1.839916726854812E-5
1.8758008324617565E-5
1.913648571603908E-5
1.9531385722291387E-5
1.9845775553776457E-5
2.0165078391054364E-5
2.0484095995206832E-5
2.0797563826058854E-5
2.1100469757924526E-5
2.1388358939156798E-5
2.1657593451810818E-5
2.1905540196725298E-5
2.2130669126231856E-5
2.233255525377E-5
2.251178994845581E-5
2.2669817876482325E-5
2.2808723835280484E-5
2.2930997504897454E-5
2.3039303502673108E-5
2.313627960587977E-5
2.3224378808739605E-5
2.3305762569809048E-5
2.3382244739864396E-5
2.3455279465376796E-5
2.3525982531185405E-5
2.359517424850034E-5
2.366343273262312E-5
2.3731148568991694E-5
2.379857467036155E-5
2.3865867912939257E-5
2.3933121445236923E-5
2.4000388171970824E-5
2.4067696816224766E-5
2.413506228358232E-5
2.4202491978999447E-5
2.426998944479245E-5
2.433755633970634E-5
2.4405193454943062E-5
2.4472901205734105E-5
2.4540679855057124E-5
2.460852960918787E-5
2.4676450655897733E-5
2.4744443178703556E-5
2.481250736181493E-5
2.4880643391732946E-5
2.4948851457736524E-5
2.501713175202988E-5
2.5085484469795547E-5
2.515390980922418E-5
2.522240797153898E-5
2.5290979161019257E-5
2.535962358502411E-5
2.5428341454016E-5
2.5497132981584654E-5
2.5565998384471274E-5
2.5634937882592483E-5
2.570395169906494E-5
2.5773040060229902E-5
2.5842203195677926E-5
2.5911441338273747E-5
2.5980754724181516E-5
2.605014359289008E-5
2.6119608187238315E-5
2.6189148753441046E-5
2.6258765541114697E-5
2.6328458803303413E-5
2.6398228796505247E-5
2.6468075780698527E-5
2.6538000019368627E-5
2.6608001779534494E-5
2.6678081331775842E-5
2.6748238950260185E-5
2.681847491277018E-5
2.6888789500731217E-5
2.6959182999239088E-5
2.7029655697087936E-5
2.71002078867983E-5
2.7170839864645396E-5
2.724155193068763E-5
2.731234438879521E-5
2.738321754667899E-5
2.7454171715919453E-5
2.7525207211995956E-5
2.7596324354316105E-5
2.766752346624531E-5
2.7738804875136515E-5
2.78101689123601E-5
2.788161591333412E-5
2.7953146217554325E-5
2.80247601686248E-5
2.8096458114288583E-5
2.816824040645836E-5
2.8240107401247554E-5
2.8312059459001327E-5
2.8384096944327997E-5
2.8456220226130565E-5
2.8528429677638442E-5
2.860072567643947E-5
2.8673108604512456E-5
2.874557884826035E-5
2.8818136798544698E-5
2.889078285072225E-5
2.896351740468593E-5
2.9036340864913723E-5
2.910925364053238E-5
2.9182256145408946E-5
2.9255348798293596E-5
2.9328532023056724E-5
2.9401806249096798E-5
2.947517191205557E-5
2.954862945507874E-5
2.9622179331035863E-5
2.9695822006407077E-5
2.9769557968032626E-5
2.9843387734720946E-5
2.9917311877001677E-5
2.999133105036158E-5
3.0065446050510653E-5
3.013965790416464E-5
3.021396801629766E-5
3.0288378405899414E-5
3.036289207839136E-5
3.0437513605802043E-5
3.051225001770886E-5
3.0587112149167364E-5
3.066211664868443E-5
3.073728892151387E-5
3.081266737164198E-5
3.088830940783954E-5
3.096429978925916E-5
3.1040761992764454E-5
3.111787336845976E-5
3.11958848835402E-5
3.127514619939072E-5
3.1356136635404335E-5
3.14395021919403E-5
3.152609818178814E-5
3.1617036113928456E-5
3.17137322719141E-5
3.1817953964113125E-5
3.1931857791579815E-5
3.205801265954648E-5
3.2199398916138953E-5
3.235937428105343E-5
3.2541597518917095E-5
3.274990249829657E-5
3.298811864746632E-5
3.325983897181299E-5
3.356814354684231E-5
3.3915294195244226E-5
3.4302423963597835E-5
3.4729251775808785E-5
3.519385682349159E-5
3.5692547491483176E-5
3.62198549091401E-5
3.676867123562176E-5
3.733053810578677E-5
3.78960728502237E-5
3.8455501597896774E-5
3.8999252140533845E-5
3.951854845054641E-5
4.000594534661611E-5
4.045574715655773E-5
4.086426795058246E-5
4.12299110299525E-5
4.155306859924359E-5
4.183586502215352E-5
4.2081785018590327E-5
4.2295238807714835E-5
4.24811182513995E-5
4.264439193188854E-5
4.278977474233905E-5
4.292149188422719E-5
4.304314130632921E-5
4.315764529236311E-5
4.3267272861985926E-5
4.3373710487799696E-5
4.347815888577173E-5
4.358143711313612E-5
4.368408040770759E-5
4.378642372003823E-5
4.38886676849954E-5
4.39909272881274E-5
4.4093265582189676E-5
4.419571569286189E-5
4.429829437050282E-5
4.440100986910025E-5
4.4503866270123326E-5
4.460686572050558E-5
4.471000952371616E-5
4.481329863988576E-5
4.4916733900868064E-5
4.502031609676387E-5
4.512404600839646E-5
4.522792441865331E-5
4.533195211617175E-5
4.5436129896467094E-5
4.5540458562277554E-5
4.564493892368956E-5
4.574957179820918E-5
4.58543580108211E-5
4.5959298394045826E-5
4.606439378799659E-5
4.6169645040437396E-5
4.627505300684096E-5
4.63806185504474E-5
4.648634254232341E-5
4.6592225861421665E-5
4.669826939464124E-5
4.680447403688767E-5
4.691084069113406E-5
4.7017370268482305E-5
4.71240636882247E-5
4.7230921877906E-5
4.733794577338575E-5
4.744513631890114E-5
4.755249446712972E-5
4.766002117925288E-5
4.77677174250193E-5
4.787558418280888E-5
4.798362243969651E-5
4.809183319151664E-5
4.820021744292748E-5
4.83087762074758E-5
4.8417510507661366E-5
4.852642137500226E-5
4.863550985009955E-5
4.874477698270245E-5
4.885422383177361E-5
4.896385146555416E-5
4.9073660961629025E-5
4.918365340699224E-5
4.929382989811204E-5
4.940419154099611E-5
4.951473945125683E-5
4.962547475417618E-5
4.9736398584770935E-5
4.9847512087857184E-5
4.995881641811534E-5
5.007031274015462E-5
5.0182002228577384E-5
5.029388606804325E-5
5.040596545333333E-5
5.0518241589413574E-5
5.0630715691498505E-5
5.0743388985114334E-5
5.085626270616184E-5
5.096933810097909E-5
5.108261642640399E-5
5.119609894983642E-5
5.1309786949301045E-5
5.1423681713510456E-5
5.153778454193021E-5
5.165209674484743E-5
5.1766619643447655E-5
5.188135456990645E-5
5.199630286751052E-5
5.211146589083433E-5
5.222684500601933E-5
5.234244159124434E-5
5.245825703754178E-5
5.2574292750237085E-5
5.26905501514987E-5
5.280703068483941E-5
5.292373582301294E-5
5.30406670817422E-5
5.3157826043346334E-5
5.32752143969559E-5
5.339283400617212E-5
5.3510687021526096E-5
5.362877606506996E-5
5.374710452946359E-5
5.386567705612838E-5
5.398450028918295E-5
5.410358404733581E-5
5.422294311863892E-5
5.4342599967157636E-5
5.446258874997041E-5
5.45829611797694E-5
5.4703794931896324E-5
5.4825205478720015E-5
5.494736242437903E-5
5.507051158299241E-5
5.5195004152578715E-5
5.532133432699111E-5
5.5450186483635086E-5
5.5582492596100084E-5
5.571949965363103E-5
5.586284554010058E-5
5.601463998501527E-5
5.617754486468021E-5
5.6354845419328676E-5
5.6550501109954746E-5
5.6769162266989835E-5
5.701613693101739E-5
5.7297292013152507E-5
5.7618874797020755E-5
5.798724545170816E-5
5.840851894500377E-5
5.8888125413212885E-5
5.943031093584574E-5
6.003761438619392E-5
6.0710368564396044E-5
6.144628273650423E-5
6.224016653194737E-5
6.308384989001534E-5
6.396633940540747E-5
6.487422849529254E-5
6.579234951086292E-5
6.670462408568546E-5
6.759503862229668E-5
6.844865011590351E-5
6.92525179610537E-5
6.999646261520519E-5
7.067357205092031E-5
7.128040904814558E-5
7.181691137761574E-5
7.22860162013521E-5
7.269307290813369E-5
7.304512981168311E-5
7.335018682560525E-5
7.361649850946691E-5
7.385199261937902E-5
7.406384326271877E-5
7.425821040418303E-5
7.444013368753805E-5
7.461355168806795E-5
7.478140917647009E-5
7.494581424197718E-5
7.51082122977386E-5
7.526955253344646E-5
7.543043181019795E-5
7.559120940846404E-5
7.575209235016838E-5
7.591319491165514E-5
7.607457769643259E-5
7.623627182458036E-5
7.639829306364742E-5
7.656064961736276E-5
7.672334617322824E-5
7.68863858832048E-5
7.704977127481147E-5
7.721350464422643E-5
7.737758821497312E-5
7.754202419770178E-5
7.770681481117646E-5
7.787196228916639E-5
7.803746888261299E-5
7.820333686034466E-5
7.836956850938252E-5
7.853616613514094E-5
7.870313206160341E-5
7.887046863149022E-5
7.903817820642458E-5
7.920626316709482E-5
7.937472591341414E-5
7.954356886467793E-5
7.97127944597184E-5
7.988240515705524E-5
8.005240343504478E-5
8.022279179202443E-5
8.039357274645465E-5
8.05647488370578E-5
8.073632262295246E-5
8.090829668378556E-5
8.108067361985993E-5
8.125345605225845E-5
8.142664662296478E-5
8.160024799497944E-5
8.177426285243268E-5
8.194869390069315E-5
8.212354386647224E-5
8.229881549792513E-5
8.247451156474685E-5
8.265063485826419E-5
8.282718819152404E-5
8.30041743993769E-5
8.318159633855601E-5
8.335945688775235E-5
8.3537758947685E-5
8.371650544116704E-5
8.389569931316735E-5
8.40753435308673E-5
8.425544108371332E-5
8.443599498346477E-5
8.461700826423675E-5
8.479848398253937E-5
8.498042521731123E-5
8.516283506994892E-5
8.53457166643315E-5
8.552907314684069E-5
8.57129076863758E-5
8.589722347436458E-5
8.608202372476855E-5
8.626731167408465E-5
8.645309058134122E-5
8.663936372808992E-5
8.682613441839266E-5
8.70134059788036E-5
8.720118175834742E-5
8.738946512849215E-5
8.75782594831185E-5
8.776756823848562E-5
8.795739483319348E-5
8.814774272814648E-5
8.833861540651926E-5
8.853001637373548E-5
8.87219491574726E-5
8.891441730772277E-5
8.910742439696027E-5
8.930097402051355E-5
8.949506979731576E-5
8.968971537134865E-5
8.988491441433633E-5
9.008067063066507E-5
9.027698776622157E-5
9.047386962403832E-5
9.067132009162408E-5
9.086934318809452E-5
9.106794314442339E-5
9.126712453835578E-5
9.146689251829975E-5
9.166725317000233E-5
9.18682141089826E-5
9.206978542446485E-5
9.22719811618793E-5
9.247482161681963E-5
9.267833683024483E-5
9.288257182913978E-5
9.308759435372207E-5
9.329350605272569E-5
9.350045840639598E-5
9.37086749353059E-5
9.39184815381725E-5
9.41303470177904E-5
9.434493591887184E-5
9.456317560451098E-5
9.478633890365192E-5
9.501614252075395E-5
9.525485956897201E-5
9.550544196950395E-5
9.57716450400257E-5
9.605814250411919E-5
9.637061571690552E-5
9.671579668101014E-5
9.710144122617448E-5
9.753620754943677E-5
9.802941725222852E-5
9.85906820574388E-5
9.922939018292005E-5
9.995406189144177E-5
1.0077160313944346E-4
1.0168650756490982E-4
1.0270007731903029E-4
1.0380974873739666E-4
1.0500861562051646E-4
1.0628523758966539E-4
1.0762380164052394E-4
1.0900467189398668E-4
1.1040531857909355E-4
1.1180156805481706E-4
1.1316906873579307E-4
1.1448483139536223E-4
1.1572868380572938E-4
1.1688448374929423E-4
1.1794096189491134E-4
1.1889211324437832E-4
1.1973711522774191E-4
1.2047981195223282E-4
1.2112785705940325E-4
1.2169164341921137E-4
1.2218316144827643E-4
1.226149187349956E-4
1.2299902584583949E-4
1.2334651382529832E-4
1.2366690645941787E-4
1.239680326583103E-4
1.2425603689161013E-4
1.2453553098893153E-4
1.2480982828935096E-4
1.250812083235354E-4
1.253511730393581E-4
1.2562067013421324E-4
1.258902722714709E-4
1.2616031101873445E-4
1.2643097067311482E-4
1.2670235009128552E-4
1.26974501093921E-4
1.2724745096706375E-4
1.275212148977188E-4
1.2779580245207733E-4
1.2807122075266065E-4
1.2834747594267376E-4
1.2862457381884637E-4
1.2890252008713898E-4
1.2918132045898283E-4
1.2946098068483737E-4
1.297415065649093E-4
1.3002290395218539E-4
1.3030517875307695E-4
1.305883369273694E-4
1.308723844879728E-4
1.3115732750060172E-4
1.3144317208341874E-4
1.3172992440664585E-4
1.3201759069214616E-4
1.323061772129791E-4
1.3259569029292726E-4
1.3288613630599685E-4
1.331775216758926E-4
1.3346985287546819E-4
1.33763136426152E-4
1.3405737889734845E-4
1.3435258690581842E-4
1.3464876711503652E-4
1.3494592623452723E-4
1.3524407101918033E-4
1.3554320826854554E-4
1.358433448261106E-4
1.3614448757855624E-4
1.364466434549972E-4
1.3674981942620357E-4
1.3705402250380547E-4
1.3735925973948305E-4
1.3766553822413828E-4
1.3797286508705428E-4
1.3828124749503933E-4
1.3859069265155489E-4
1.3890120779583444E-4
1.3921280020198602E-4
1.3952547717808344E-4
1.398392460652466E-4
1.4015411423671004E-4
1.404700890968801E-4
1.4078717808038287E-4
1.41105388651102E-4
1.4142472830120764E-4
1.4174520455017487E-4
1.420668249437966E-4
1.4238959705318606E-4
1.427135284737737E-4
1.4303862682429563E-4
1.4336489974577638E-4
1.43692354900505E-4
1.44020999971006E-4
1.4435084265900465E-4
1.4468189068438675E-4
1.4501415178415434E-4
1.4534763371137815E-4
1.4568234423414445E-4
1.4601829113449968E-4
1.4635548220739243E-4
1.4669392525961221E-4
1.4703362810872898E-4
1.4737459858202862E-4
1.477168445154569E-4
1.4806037375256442E-4
1.4840519414347278E-4
1.487513135438678E-4
1.4909873981405847E-4
1.494474808181505E-4
1.4979754442344688E-4
1.5014893850025566E-4
1.5050167092246284E-4
1.5085574956948158E-4
1.5121118233067915E-4
1.5156797711420231E-4
1.519261418635147E-4
1.5228568458729714E-4
1.526466134122033E-4
1.5300893667421266E-4
1.5337266307427843E-4
1.5373780193961693E-4
1.541043636560971E-4
1.54472360373653E-4
1.5484180714068468E-4
1.552127237017556E-4
1.5558513730374796E-4
1.559590870084407E-4
1.5633463021386834E-4
1.56711852351025E-4
1.5709088105029216E-4
1.574719064584916E-4
1.5785520981311693E-4
1.582412028035768E-4
1.5863048059871232E-4
1.5902389158679398E-4
1.594226267087336E-4
1.598283305785742E-4
1.602432351627995E-4
1.6067031441879262E-4
1.6111345480751695E-4
1.615776319419811E-4
1.6206907794584835E-4
1.6259541777936774E-4
1.6316574658009918E-4
1.637906150582849E-4
1.644818875861803E-4
1.6525243939948051E-4
1.6611566677428034E-4
1.67084798203879E-4
1.6817201567674003E-4
1.693874221114686E-4
1.7073792129690675E-4
1.7222610684140295E-4
1.738492784998065E-4
1.75598718007752E-4
1.7745935123943417E-4
1.7940989889961943E-4
1.8142357332731266E-4
1.8346931800283117E-4
1.8551351655494484E-4
1.875220300253934E-4
1.8946236672664357E-4
1.9130575904610184E-4
1.9302892332747766E-4
1.946153143551336E-4
1.9605575047744364E-4
1.973483686920637E-4
1.984979568468397E-4
1.9951478731501863E-4
2.0041313023421917E-4
2.0120964685472825E-4
2.0192185345609408E-4
2.0256680880531347E-4
2.031601231656482E-4
2.0371532648427688E-4
2.0424357892167636E-4
2.0475366659923966E-4
2.0525220326313831E-4
2.0574395406468819E-4
2.0623220707590673E-4
2.0671913598807295E-4
2.0720611807138552E-4
2.0769399043451574E-4
2.0818324220796706E-4
2.086741495614846E-4
2.091668649001684E-4
2.0966147238577685E-4
2.101580205273026E-4
2.1065654022044627E-4
2.1115705415608002E-4
2.116595814368958E-4
2.1216413970356717E-4
2.1267074605007085E-4
2.1317941738916896E-4
2.1369017058522763E-4
2.1420302249560157E-4
2.1471798997880608E-4
2.1523508989164E-4
2.15754339083015E-4
2.1627575438696938E-4
2.1679935261559416E-4
2.1732515055205524E-4
2.1785316494375432E-4
2.183834124956376E-4
2.1891590986365165E-4
2.1945067364834275E-4
2.1998772038859938E-4
2.2052706655553667E-4
2.2106872854651857E-4
2.2161272267931647E-4
2.2215906518640533E-4
2.2270777220938841E-4
2.2325885979355826E-4
2.23812343882583E-4
2.2436824031332245E-4
2.2492656481077003E-4
2.2548733298311557E-4
2.2605056031693393E-4
2.266162621724923E-4
2.271844537791746E-4
2.2775515023102684E-4
2.2832836648241286E-4
2.2890411734378688E-4
2.2948241747757666E-4
2.3006328139417724E-4
2.3064672344805235E-4
2.3123275783394414E-4
2.3182139858318756E-4
2.324126595601287E-4
2.3300655445864456E-4
2.3360309679876486E-4
2.342022999233936E-4
2.3480417699512534E-4
2.3540874099316095E-4
2.3601600471031644E-4
2.366259807501265E-4
2.3723868152403723E-4
2.3785411924869297E-4
2.3847230594330968E-4
2.3909325342713714E-4
2.3971697331700656E-4
2.4034347702496444E-4
2.4097277575599015E-4
2.4160488050579444E-4
2.4223980205870043E-4
2.4287755098560383E-4
2.435181376420111E-4
2.441615721661572E-4
2.448078644771971E-4
2.454570242734724E-4
2.461090610308535E-4
2.467639840011529E-4
2.4742180221061223E-4
2.480825244584602E-4
2.487461593155448E-4
2.4941271512304034E-4
2.5008219999124036E-4
2.50754621798446E-4
2.514299881899842E-4
2.521083065774102E-4
2.527895841380002E-4
2.534738278147398E-4
2.5416104431716835E-4
2.5485124012374766E-4
2.555444214869429E-4
2.562405944431114E-4
2.56939764830852E-4
2.5764193832409526E-4
2.5834712049057853E-4
2.590553168934909E-4
2.59766533265585E-4
2.604807758032576E-4
2.6119805165641377E-4
2.619183697331096E-4
2.6264174200250575E-4
2.633681855740184E-4
2.6409772596527534E-4
2.6483040215884255E-4
2.655662743007791E-4
2.6630543522459025E-4
2.6704802739911546E-4
2.6779426739493824E-4
2.68544480520106E-4
2.692991488439581E-4
2.700589763215062E-4
2.7082497501570394E-4
2.7159857630193343E-4
2.723817701853633E-4
2.7317727418544794E-4
2.739887303548154E-4
2.748209246651376E-4
2.7568001710583665E-4
2.7657376353261074E-4
2.775117020445025E-4
2.785052683681838E-4
2.795677977706578E-4
2.8071436722126576E-4
2.819614329541768E-4
2.8332622725813053E-4
2.8482589574155417E-4
2.864763829313254E-4
2.8829110871632103E-4
2.9027964401759636E-4
2.924461253428981E-4
2.947879468020138E-4
2.972947719592219E-4
2.999480335845917E-4
3.027210598449097E-4
3.0557990935776503E-4
3.0848491916241587E-4
3.113928785475442E-4
3.142596514835731E-4
3.170429967599172E-4
3.1970529235396817E-4
3.222158692148881E-4
3.245527026284149E-4
3.267032913570849E-4
3.286646627102556E-4
3.3044255709093243E-4
3.320499483540738E-4
3.3350512923720536E-4
3.348296233980135E-4
3.3604617497831016E-4
3.371770194003743E-4
3.382425680539026E-4
3.392605604551731E-4
3.402456653994339E-4
3.412094587195968E-4
3.421606749834161E-4
3.4310562351100483E-4
3.440486706968846E-4
3.4499271360193955E-4
3.4593959674041557E-4
3.4689044896784585E-4
3.478459367231404E-4
3.4880644229390046E-4
3.497721817887645E-4
3.5074327869034325E-4
3.5171980710113024E-4
3.527018157258277E-4
3.5368934041124354E-4
3.546824103255615E-4
3.556810508279606E-4
3.566852847273306E-4
3.576951328085596E-4
3.5871061404836016E-4
3.597317457086713E-4
3.6075854338523945E-4
3.617910210409229E-4
3.6282919103408363E-4
3.638730641453749E-4
3.649226496039055E-4
3.6597795511302743E-4
3.670389868758191E-4
3.68105749620271E-4
3.691782466241812E-4
3.7025647973976995E-4
3.713404494180045E-4
3.7243015473264893E-4
3.7352559340403455E-4
3.7462676182255147E-4
3.7573365507187446E-4
3.7684626695191263E-4
3.7796459000149585E-4
3.790886155207941E-4
3.80218333593476E-4
3.8135373310860656E-4
3.8249480178228893E-4
3.8364152617905047E-4
3.847938917329772E-4
3.859518827685988E-4
3.8711548252152463E-4
3.88284673158837E-4
3.894594357992409E-4
3.9063975053297157E-4
3.9182559644146967E-4
3.9301695161681247E-4
3.942137931809217E-4
3.954160973045315E-4
3.966238392259337E-4
3.978369932694926E-4
3.990555328639392E-4
4.002794305604402E-4
4.0150865805044933E-4
4.027431861833396E-4
4.039829849838198E-4
4.052280236691397E-4
4.0647827066608047E-4
4.077336936277406E-4
4.089942594501098E-4
4.1025993428844013E-4
4.115306835734142E-4
4.128064720271115E-4
4.1408726367877694E-4
4.153730218803914E-4
4.1666370932204517E-4
4.179592880471237E-4
4.19259719467296E-4
4.2056496437731624E-4
4.2187498296964197E-4
4.2318973484885796E-4
4.2450917904592565E-4
4.25833274032246E-4
4.271619777335436E-4
4.284952475435778E-4
4.2983304033767815E-4
4.311753124861134E-4
4.325220198673068E-4
4.33873117880909E-4
4.35228561460763E-4
4.3658830508782497E-4
4.3795230280314115E-4
4.393205082210966E-4
4.4069287454330156E-4
4.4206935457380235E-4
4.4344990073684774E-4
4.4483446509938155E-4
4.462229994020979E-4
4.476154551056598E-4
4.490117834633844E-4
4.504119356393796E-4
4.518158629036135E-4
4.532235169553026E-4
4.5463485045713433E-4
4.5604981791065287E-4
4.574683770750603E-4
4.588904912375141E-4
4.6031613279512413E-4
4.6174528882184475E-4
4.631779695831987E-4
4.646142213430103E-4
4.6605414528895E-4
4.674979249862028E-4
4.6894586542964344E-4
4.703984474518131E-4
4.7185640185983327E-4
4.733208080653456E-4
4.747932219178803E-4
4.762758366678995E-4
4.7777167913425793E-4
4.7928483988142435E-4
4.808207312258277E-4
4.8238636003729735E-4
4.8399059369918384E-4
4.856443877593419E-4
4.87360933780505E-4
4.891556772955163E-4
4.91046150735326E-4
4.93051567210435E-4
4.9519213054578E-4
4.974880368835332E-4
4.999581741462992E-4
5.026460233832374E-4
5.055625191053703E-4
5.087122858021179E-4
5.120920647953713E-4
5.156895077374689E-4
5.194825387152857E-4
5.234394537113407E-4
5.27519860934205E-4
5.31676473099014E-4
5.358576541952721E-4
5.400105148165898E-4
5.440842604734562E-4
5.480334440830419E-4
5.518207695771843E-4
5.554191424739634E-4
5.588127594544676E-4
5.619971571134825E-4
5.649782781089223E-4
5.677707368572346E-4
5.703955557887692E-4
5.728776836924494E-4
5.752435967707781E-4
5.775192279059185E-4
5.79728385402413E-4
5.818917280166166E-4
5.840262765237464E-4
5.861453769290199E-4
5.882589934585361E-4
5.903742004850732E-4
5.924957559415338E-4
5.946266659991116E-4
5.967686829596932E-4
5.989227082476761E-4
6.010890956496392E-4
6.032678649351294E-4
6.054588432997136E-4
6.076617535736202E-4
6.098762660781966E-4
6.121020273610797E-4
6.143386751903965E-4
6.165858459076334E-4
6.188431778034075E-4
6.211103125573017E-4
6.233868957976724E-4
6.25672577288771E-4
6.279670109713057E-4
6.302698549497601E-4
6.325807714620212E-4
6.348994268437587E-4
6.372254914915404E-4
6.395586398258608E-4
6.418985502543597E-4
6.442449051353269E-4
6.465973907414903E-4
6.489556972240889E-4
6.513195185772399E-4
6.536885526025767E-4
6.560625008741839E-4
6.584410687038058E-4
6.60823965106329E-4
6.632109027655466E-4
6.656015980001936E-4
6.679957707302584E-4
6.703931444435574E-4
6.727934461625845E-4
6.751964064116189E-4
6.77601759184105E-4
6.800092419102937E-4
6.824185954251342E-4
6.84829563936437E-4
6.872418949932836E-4
6.896553394546979E-4
6.920696514585665E-4
6.944845883908064E-4
6.968999108547907E-4
6.993153826410133E-4
7.017307706970033E-4
7.041458450974808E-4
7.065603790147551E-4
7.08974148689364E-4
7.113869334009488E-4
7.137985154393672E-4
7.162086800760425E-4
7.186172155355433E-4
7.210239129673921E-4
7.234285664181106E-4
7.258309728034843E-4
7.282309318810636E-4
7.306282462228776E-4
7.330227211883769E-4
7.354141648976007E-4
7.378023882045563E-4
7.40187204670819E-4
7.42568430539354E-4
7.449458847085408E-4
7.473193887064243E-4
7.496887666651659E-4
7.52053845295713E-4
7.544144538626706E-4
7.567704241593843E-4
7.591215904832263E-4
7.614677896110833E-4
7.63808860775057E-4
7.661446456383524E-4
7.684749882713825E-4
7.707997351280674E-4
7.731187350223514E-4
7.754318391049398E-4
7.777389008402877E-4
7.800397759838878E-4
7.823343225599585E-4
7.846224008397294E-4
7.869038733206566E-4
7.8917860470723E-4
7.91446461894531E-4
7.937073139566252E-4
7.959610321434838E-4
7.982074898928281E-4
8.004465628678819E-4
8.026781290396222E-4
8.049020688444514E-4
8.071182654680243E-4
8.093266053370629E-4
8.115269789489511E-4
8.137192822414028E-4
8.159034188115919E-4
8.180793034487396E-4
8.202468676616246E-4
8.224060681794715E-4
8.245568997973758E-4
8.266994144368683E-4
8.288337488983521E-4
8.309601644746184E-4
8.330791023205405E-4
8.351912591350161E-4
8.372976881486303E-4
8.393999303966588E-4
8.415001804930676E-4
8.436014892524267E-4
8.457080021606786E-4
8.478252275499003E-4
8.49960321214568E-4
8.521223652237878E-4
8.54322608361298E-4
8.56574625032041E-4
8.588943402907601E-4
8.612998631237908E-4
8.638110708722292E-4
8.664488973338236E-4
8.6923429765515E-4
8.781563711414126E-4
8.871792482580153E-4
8.96315553421477E-4
9.055713181101625E-4
9.149443285123995E-4
9.24422855362907E-4
9.33984978929108E-4
9.435986875596376E-4
9.532228597846181E-4
9.628091426955377E-4
9.723046248918315E-4
9.816550877588316E-4
9.908085240481316E-4
9.997185563282132E-4
0.0010083473831726895
0.0010166679324185414
0.001024665002280093
0.0010323353063104344
0.0010396864838913358
0.0010467352686583942
0.001053505100917045
0.0010600235126468965
0.0010663196019220695
0.0010724218551662165
0.0010783564866095386
0.0010841463646060702
0.0010898105032318016
0.0010953640290573355
0.001100818494251222
0.0011061823979657702
0.0011114617923092655
0.00111666087806253
0.001121782529279792
0.0011268287174601155
0.0011318008304358397
0.0011366998968354684
0.0011415267345992654
0.001146282043544975
0.0011509664597673835
0.0011555805857871788
0.0011601250063015525
0.0011646002959354665
0.0011690070228332738
0.0011733457502272392
0.0011776170370870352
0.001181821438380149
0.0011859595051791371
0.0011900317847130042
0.001194038820399727
0.0011979811518728516
0.0012018593150063318
0.0012056738419388157
0.0012094252610976802
0.0012131140972229083
0.0012167408713908124
0.0012203061010376103
0.001223810299982868
0.0012272539784527888
0.0012306376431033567
0.0012339617970433523
0.0012372269398572213
0.0012404335676277937
0.0012435821729588701
0.0012466732449976888
0.0012497072694572222
0.0012526847286383502
0.001255606101451912
0.001258471863440604
0.0012612824868007558
0.0012640384404039526
0.0012667401898185542
0.0012693881973310631
0.001271982921967362
0.0012745248195138311
0.0012770143425383153
0.001279451940410992
0.0012818380593250867
0.0012841731423174738
0.0012864576292891438
0.0012886919570255443
0.001290876559216808
0.001293011866477841
0.0012950983063682905
0.0012971363034124065
0.0012991262791187531
0.00130106865199982
0.0013029638375915095
0.0013048122484724859
0.0013066142942834446
0.0013083703817462153
0.0013100809146827774
0.0013117462940341565
0.0013133669178791941
0.0013149431814531997
0.0013164754771665087
0.0013179641946228988
0.0013194097206379097
0.0013208124392570435
0.0013221727317738572
0.001323490976747936
0.0013247675500227657
0.0013260028247434835
0.0013271971713745294
0.0013283509577171797
0.0013294645489269862
0.0013305383075310913
0.0013315725934454658
0.0013325677639920248
0.0013335241739156852
0.0013344421754013444
0.0013353221180908506
0.001336164349100039
0.0013369692130359846
0.0013377370520147548
0.0013384682056801966
0.0013391630112247134
0.0013398218034137226
0.0013404449146168426
0.001341032674851051
0.0013415854118449002
0.0013421034511391435
0.00134258711624939
0.0013430367289329569
0.0013434526096279674
0.0013438350781729406
0.0013441844549758025
0.0013445010628911317
0.00134478523019434
0.0013450372952244444
0.0013452576135171655
0.0013454465685811148
0.0013456045878910544
0.0013457321661836529
0.001345829898725507
0.0013458985278353788
0.0013459390064989234
0.0013459525832797865
0.0013459409127120547
0.0013459061947016738
0.0013458513448675938
0.0013457801949014795
0.0013456977176460538
0.001345610265544246
0.0013455258034909582
0.0013454541083813929
0.0013454068987129827
0.0013453978498989489
0.0013454424464082956
0.0013455576226870023
0.001345761153244587
0.0026439083951052354
0.0026323053051271147
0.0026209166050443003
0.002609750027981826
0.00259880766605182
0.002588084690874029
0.0025775684200380483
0.0025672378987690973
0.002557064132802872
0.0025470110480794914
0.0025370371703857587
0.0025270979238612794
0.002517148355803544
0.002507146022641306
0.002497053732957622
0.0024868418478030314
0.0024764898884582333
0.002465987290776352
0.002455333258839129
0.0024445357893193467
0.002433610041021521
0.0024225762943569603
0.002411457772860115
0.0024002785821289263
0.0023890619683165277
0.0023778290223852843
0.002366597874280244
0.0023553833482454845
0.002344196997566669
0.0023330474089571776
0.002321940662596553
0.002310880848050678
0.00229987056133183
0.002288911336598444
0.0022780039915187913
0.002267148884649223
0.0022563460952355345
0.0022455955413760655
0.002234897053212021
0.0022242504156871966
0.0022136553921087787
0.0022031117363818767
0.002192619198988309
0.002182177529730312
0.002171786478908968
0.0021614457977952107
0.0021511552388027867
0.002140914555544561
0.002130723502846507
0.0021205818367476116
0.002110489314495433
0.002100445694540496
0.002090450736530419
0.0020805042013039825
0.002070605850885216
0.002060755448477528
0.002050952758457847
0.0020411975463707995
0.0020314895789229105
0.002021828623976847
0.0020122144505456668
0.002002646828787123
0.0019931255299979705
0.0019836503266083133
0.001974220992175993
0.0019648373013809663
0.001955499030019766
0.0019462059549999336
0.0019369578543345113
0.0019277545071365548
0.0019185956936136764
0.0019094811950626021
0.0019004107938637726
0.001891384273475958
0.0018824014184309144
0.0018734620143280336
0.0018645658478290644
0.0018557127066528294
0.0018469023795699778
0.0018381346563977558
0.0018294093279948226
0.0018207261862560624
0.0018120850241074569
0.0018034856355009514
0.0017949278154093624
0.001786411359821314
0.0017779360657361814
0.0017695017311590848
0.0017611081550958831
0.0017527551375482093
0.0017444424795085257
0.0017361699829551954
0.0017279374508475931
0.0017197446871212306
0.0017115914966829033
0.0017034776854058721
0.0016954030601250554
0.0016873674286322598
0.001679370599671423
0.0016714123829338796
0.0016634925890536617
0.0016556110296028115
0.0016477675170867216
0.0016399618649395003
0.0016321938875193567
0.001624463400104011
0.0016167702188861265
0.0016091141609687767
0.0016014950443609221
0.0015939126879729463
0.0015863669116122161
0.0015788575359787218
0.001571384382660835
0.0015639472741312505
0.0015565460337432825
0.0015491804857277918
0.001541850455191261
0.001534555768115932
0.001527296251363633
0.0015200717326861429
0.0015128820407469428
0.0015057270051626512
0.00149860645657787
0.001491520226796092
0.0014844681490031656
0.0014774500581412632
0.0014704657915237198
0.0014635151898289565
0.0014565980986806794
0.0014497143711185163
0.00144286387139533
0.0014360464807115973
0.0014292621057178994
0.0014225106908827875
0.0014157922361249466
0.0014091068214205358
0.001402454640373143
0.0013958360449023825
0.0013892516031647037
0.0013827021724327146
0.0013761889877708002
0.0013697137657937364
0.0013632788204471535
0.0013568871845423163
0.0013505427267810162
0.0013442502494789785
0.0013380155476410654
0.0013318454062293877
0.0013257475104078464
0.0013197302443997082
0.28347936052339884
