7.333512798070603E-6
1.464780833127235E-5
2.1942854603307843E-5
2.9218619644829425E-5
3.6475071494130724E-5
4.371217819678363E-5
5.0929907804324124E-5
5.812822837243076E-5
6.530710795905586E-5
7.246651462255553E-5
7.960641641981954E-5
8.672678140440015E-5
9.382757762464119E-5
1.0090877312180651E-4
1.0797033592820909E-4
1.1501223406533984E-4
1.2203443554199657E-4
1.2903690835241438E-4
1.3601962047439566E-4
1.4298253986744176E-4
1.4992563447088533E-4
1.5684887220202416E-4
1.6375222095425546E-4
1.7063564859521333E-4
1.7749912296490615E-4
1.8434261187385694E-4
1.9116608310124604E-4
1.979695043930548E-4
2.0475284346021283E-4
2.1151606797674744E-4
2.1825914557793545E-4
2.2498204385845884E-4
2.3168473037056268E-4
2.3836717262221718E-4
2.45029338075282E-4
2.5167119414367555E-4
2.5829270819154775E-4
2.648938475314563E-4
2.714745794225475E-4
2.780348710687421E-4
2.845746896169246E-4
2.9109400215513907E-4
2.9759277571078657E-4
3.040709772488324E-4
3.1052857367001494E-4
3.169655318090616E-4
3.233818184329106E-4
3.2977740023893803E-4
3.361522438531912E-4
3.4250631582862857E-4
3.488395826433667E-4
3.5515201069893346E-4
3.614435663185284E-4
3.677142157452926E-4
3.7396392514058984E-4
3.801926605823031E-4
3.8640038806316034E-4
3.9258707348911097E-4
3.987526826778198E-4
4.048971813573933E-4
4.1102053516561723E-4
4.1712270965027346E-4
4.232036702717386E-4
4.292633824103279E-4
4.353018113833655E-4
4.413189224819041E-4
4.473146810465065E-4
4.53289052619399E-4
4.592420032434791E-4
4.65173500038804E-4
4.710835122941004E-4
4.769720134966571E-4
4.828389850396722E-4
4.886844228693751E-4
4.945083491791852E-4
5.003108325844065E-4
5.060920222292012E-4
5.118522042448561E-4
5.175918931730214E-4
5.233119766300784E-4
5.29013938711091E-4
5.34700196180003E-4
5.403745905550667E-4
5.460430870722327E-4
5.517147352772418E-4
5.57402941299134E-4
5.631270829272934E-4
5.689144588114118E-4
5.74802496195776E-4
5.808410439693683E-4
5.870944515828231E-4
5.93642991052654E-4
6.005830429654381E-4
6.080253762092415E-4
6.160908547493204E-4
6.249030563397843E-4
6.345776299701951E-4
6.452087628717948E-4
6.568538343573455E-4
6.695180965176966E-4
6.831418685304475E-4
6.97593047370309E-4
7.126675167399161E-4
7.280991514884661E-4
7.435795933676767E-4
7.58786042970339E-4
7.73413390707474E-4
7.872056224534681E-4
7.999810644836722E-4
8.11646937021947E-4
8.222007667130789E-4
8.31718980258647E-4
8.403357123269365E-4
8.482167345770122E-4
8.555339280775496E-4
8.624448096346642E-4
8.690796883232254E-4
8.755367786742946E-4
8.818837519320177E-4
8.881632295295635E-4
8.943996871264608E-4
9.006058791447142E-4
9.067877937637276E-4
9.129479369651838E-4
9.190872266231193E-4
9.17872432045334E-4
9.166563449784749E-4
9.154389941275984E-4
9.1422039227376E-4
9.130005490338625E-4
9.117794734759007E-4
9.105571745174705E-4
9.093336609659195E-4
9.081089415203169E-4
9.06883024771431E-4
9.05655919201713E-4
9.04427633185292E-4
9.031981749879756E-4
9.019675527672667E-4
9.007357745723831E-4
8.995028483442944E-4
8.982687819157655E-4
8.970335830114057E-4
8.957972592477395E-4
8.945598181332761E-4
8.933212670685942E-4
8.920816133464396E-4
8.908408641518298E-4
8.895990265621707E-4
8.883561075473811E-4
8.871121139700335E-4
8.858670525854989E-4
8.846209300421089E-4
8.833737528813262E-4
8.821255275379227E-4
8.808762603401714E-4
8.796259575100528E-4
8.783746251634659E-4
8.77122269310454E-4
8.758688958554417E-4
8.746145105974816E-4
8.733591192305129E-4
8.721027273436337E-4
8.708453404213783E-4
8.695869638440131E-4
8.683276028878402E-4
8.670672627255118E-4
8.658059484263593E-4
8.64543664956729E-4
8.632804171803308E-4
8.620162098586068E-4
8.607510476510952E-4
8.59484935115821E-4
8.582178767096887E-4
8.569498767888909E-4
8.556809396093266E-4
8.544110693270324E-4
8.53140269998626E-4
8.518685455817622E-4
8.505958999355959E-4
8.493223368212732E-4
8.480478599024369E-4
8.467724727457698E-4
8.454961788216003E-4
8.442189815046529E-4
8.429408840750585E-4
8.416618897199565E-4
8.403820015362975E-4
8.391012225361789E-4
8.378195556573508E-4
8.365370037842137E-4
8.352535697897761E-4
8.339692566188443E-4
8.32684067451048E-4
8.313980060160212E-4
8.301110771937293E-4
8.288232881401007E-4
8.27534650363388E-4
8.26245183490029E-4
8.249549219763083E-4
8.236639268559483E-4
8.223723059211158E-4
8.210802477248209E-4
8.197880777254145E-4
8.18496349057882E-4
8.172059860784507E-4
8.159185061332677E-4
8.146363538059029E-4
8.13363391530714E-4
8.121055994075498E-4
8.108720426203889E-4
8.096761628772683E-4
8.08537435028743E-4
8.074833945660026E-4
8.065519789757888E-4
8.057940306920395E-4
8.052756812105136E-4
8.050801830077716E-4
8.053085988777375E-4
8.060786328687877E-4
8.075208433626286E-4
8.097715758516423E-4
8.129622455503411E-4
8.172051195955133E-4
8.225764797353475E-4
8.290989051635072E-4
8.367252393711922E-4
8.453273665510981E-4
8.546929706318368E-4
8.645327802510075E-4
8.744993492110532E-4
8.842163309151922E-4
8.933148660658281E-4
9.014716955300788E-4
9.084425628070012E-4
9.140848517221479E-4
9.183653195093071E-4
9.213518613672214E-4
9.231916848161215E-4
9.24081096498434E-4
9.242334817186012E-4
9.238516317285945E-4
9.231086041500523E-4
9.221385513100759E-4
9.210363672821024E-4
9.198633382864418E-4
9.186555268328643E-4
9.174321846131875E-4
9.162025772173322E-4
9.149706913491072E-4
9.137380441292374E-4
9.125051396129564E-4
9.112721222727999E-4
9.100390281659507E-4
9.088058662655282E-4
9.075726400943669E-4
9.063393522730243E-4
9.051060052297304E-4
9.038726012740261E-4
9.026391426010431E-4
9.014056312920737E-4
9.001720693151454E-4
8.989384585256182E-4
8.977048006667909E-4
8.964710973705295E-4
8.952373501579035E-4
8.940035604398463E-4
8.927697295178221E-4
8.915358585845191E-4
8.903019487245475E-4
8.890680009151611E-4
8.87834016026994E-4
8.865999948248084E-4
8.853659379682639E-4
8.841318460126948E-4
8.828977194099179E-4
8.816635585090323E-4
8.804293635572581E-4
8.791951347007748E-4
8.779608719855854E-4
8.767265753583833E-4
8.754922446674462E-4
8.742578796635366E-4
8.730234800008195E-4
8.717890452377934E-4
8.705545748382367E-4
8.693200681721673E-4
8.680855245168146E-4
8.668509430576043E-4
8.656163228891605E-4
8.64381663016315E-4
8.631469623551342E-4
8.619122197339543E-4
8.606774338944312E-4
8.594426034926002E-4
8.582077270999508E-4
8.569728032045103E-4
8.557378302119352E-4
8.545028064466221E-4
8.532677301528206E-4
8.520325994957618E-4
8.507974125627943E-4
8.495621673645316E-4
8.483268618360083E-4
8.470914938378453E-4
8.45856061157426E-4
8.44620561510081E-4
8.433849925402868E-4
8.42149351822881E-4
8.409136368642982E-4
8.396778451038611E-4
8.384419739151649E-4
8.372060206076705E-4
8.359699824287399E-4
8.347338565666046E-4
8.334976401553099E-4
8.322613302837515E-4
8.310249240131225E-4
8.297884184113305E-4
8.285518106212027E-4
8.273150979948538E-4
8.260782783555531E-4
8.248413505012382E-4
8.236043151581493E-4
8.223671767582055E-4
8.211299466964483E-4
8.198926491977058E-4
8.186553316930055E-4
8.174180828314308E-4
8.161810631429223E-4
8.149445561898769E-4
8.137090521091281E-4
8.124753810538039E-4
8.112449213962451E-4
8.10019916577635E-4
8.088039445912024E-4
8.076025938028346E-4
8.06424405425267E-4
8.052821421348515E-4
8.041944279501607E-4
8.031877690115635E-4
8.022989003485057E-4
8.015773038849668E-4
8.010876067202485E-4
8.009114045450373E-4
8.011478854403846E-4
8.01912494168471E-4
8.033328332966471E-4
8.055411122889761E-4
8.086627914388522E-4
8.128016581764971E-4
8.180223957425189E-4
8.243326525977041E-4
8.316674963900282E-4
8.398796660143445E-4
8.487389302198705E-4
8.579429099484363E-4
8.671398996912072E-4
8.759617782141607E-4
8.840625625810922E-4
8.91156248548339E-4
8.970469884356965E-4
9.016457884262788E-4
9.049706564157795E-4
9.071308281873196E-4
9.082992770545438E-4
9.086800741597259E-4
9.084776113831535E-4
9.078732051482669E-4
9.070118289600317E-4
9.059987240920512E-4
9.049033958699442E-4
9.037675544580373E-4
9.026138582114607E-4
9.014533824361059E-4
9.002909568395316E-4
8.991284383956529E-4
8.979664458564119E-4
8.968051524598364E-4
8.956445954946646E-4
8.944847779485485E-4
8.933256958826019E-4
8.921673442508006E-4
8.910097178181669E-4
8.898528112576556E-4
8.886966191566774E-4
8.875411360187678E-4
8.863863562652896E-4
8.852322742371781E-4
8.840788841967161E-4
8.829261803293413E-4
8.817741567454808E-4
8.806228074824056E-4
8.794721265061157E-4
8.783221077132344E-4
8.771727449329223E-4
8.760240319288036E-4
8.748759624009025E-4
8.737285299875923E-4
8.725817282675434E-4
8.714355507616787E-4
8.702899909351372E-4
8.691450421992254E-4
8.68000697913379E-4
8.668569513871133E-4
8.657137958819751E-4
8.645712246134823E-4
8.634292307530604E-4
8.622878074299664E-4
8.611469477332076E-4
8.600066447134422E-4
8.588668913848756E-4
8.57727680727132E-4
8.565890056871248E-4
8.55450859180903E-4
8.543132340954819E-4
8.531761232906605E-4
8.520395196008221E-4
8.5090341583671E-4
8.497678047871941E-4
8.486326792210083E-4
8.474980318884773E-4
8.463638555232205E-4
8.45230142843831E-4
8.440968865555405E-4
8.429640793518596E-4
8.418317139162014E-4
8.406997829234736E-4
8.395682790416641E-4
8.384371949333926E-4
8.37306523257447E-4
8.361762566702962E-4
8.350463878275862E-4
8.339169093856049E-4
8.327878140027438E-4
8.316590943409299E-4
8.305307430670545E-4
8.294027528544125E-4
8.282751163841885E-4
8.271478263470645E-4
8.260208754451482E-4
8.248942563945805E-4
8.237679619296641E-4
8.226419848101839E-4
8.215163178353947E-4
8.20390953871676E-4
8.192658859077086E-4
8.181411071642702E-4
8.170166113105307E-4
8.158923928846775E-4
8.147684480997119E-4
8.136447763625821E-4
8.125213830902153E-4
8.113982848387622E-4
8.102755184773868E-4
8.091531572880128E-4
8.080313386684548E-4
8.069103108309825E-4
8.05790509842239E-4
8.04672683866019E-4
8.035580887729742E-4
8.024487883214077E-4
8.013481022943464E-4
8.002612557823064E-4
7.991962893549537E-4
7.981652885414789E-4
7.97185975294383E-4
7.96283665843218E-4
7.954935301506972E-4
7.948629818583978E-4
7.944538840436687E-4
7.943440862891496E-4
7.946276396288511E-4
7.95412914300695E-4
7.968178349707876E-4
7.98961621402482E-4
8.019528402850412E-4
8.058742569535206E-4
8.107658725390643E-4
8.166084943124173E-4
8.233109683042346E-4
8.307044971545995E-4
8.385469886562767E-4
8.4653898659253E-4
8.543505335163669E-4
8.616557257698763E-4
8.681694284765871E-4
8.736793907417423E-4
8.780674164385252E-4
8.813154183402083E-4
8.834956256825514E-4
8.84747933793685E-4
8.852502134149973E-4
8.851884514414661E-4
8.847326352520371E-4
8.84021820542212E-4
8.831588407520775E-4
8.822126778356213E-4
8.812252867531057E-4
8.802197266506395E-4
8.792073839775519E-4
8.781932669305554E-4
8.771793130532253E-4
8.761661681531243E-4
8.7515400923206E-4
8.74142869179688E-4
8.731327443459524E-4
8.721236237423398E-4
8.711154952973674E-4
8.701083468544165E-4
8.691021662822346E-4
8.680969414867815E-4
8.670926604172943E-4
8.660893110719258E-4
8.650868815029802E-4
8.640853598217612E-4
8.630847342030492E-4
8.620849928892195E-4
8.610861241940142E-4
8.600881165059878E-4
8.590909582916388E-4
8.580946380982294E-4
8.57099144556323E-4
8.561044663820447E-4
8.551105923790674E-4
8.541175114403563E-4
8.531252125496629E-4
8.521336847827912E-4
8.511429173086417E-4
8.501528993900543E-4
8.491636203844379E-4
8.481750697442243E-4
8.471872370171374E-4
8.462001118462911E-4
8.452136839701282E-4
8.442279432222084E-4
8.432428795308524E-4
8.422584829186498E-4
8.41274743501844E-4
8.40291651489592E-4
8.393091971831199E-4
8.383273709747683E-4
8.373461633469491E-4
8.363655648710021E-4
8.353855662059771E-4
8.344061580973365E-4
8.334273313755845E-4
8.324490769548354E-4
8.31471385831329E-4
8.304942490818776E-4
8.295176578622807E-4
8.285416034056909E-4
8.275660770209442E-4
8.265910700908582E-4
8.256165740705019E-4
8.246425804854414E-4
8.236690809299747E-4
8.226960670653418E-4
8.217235306179307E-4
8.207514633774768E-4
8.197798571952578E-4
8.188087039822973E-4
8.17837995707567E-4
8.168677243962148E-4
8.158978821278186E-4
8.149284610347101E-4
8.139594533004177E-4
8.129908511583865E-4
8.120226468912574E-4
8.110548328313635E-4
8.100874013637749E-4
8.091203449347006E-4
8.081536560709606E-4
8.07187327422026E-4
8.062213518473852E-4
8.052557225934319E-4
8.042904336443553E-4
8.033254804052929E-4
8.023608610086894E-4
8.013965787678635E-4
8.004326467014868E-4
7.994690957206859E-4
7.985059891561185E-4
7.975434480130578E-4
7.965816939472348E-4
7.956211207674262E-4
7.946624106024699E-4
7.937067179163117E-4
7.927559532055698E-4
7.918132077616363E-4
7.908833696245601E-4
7.89973985669823E-4
7.890964207301335E-4
7.882673449927894E-4
7.875105375893091E-4
7.868589196004391E-4
7.863566192033783E-4
7.860607285480425E-4
7.860422520562313E-4
7.863856023522777E-4
7.871859248995973E-4
7.885435917077648E-4
7.905554646493464E-4
7.933030329580543E-4
7.968382658229272E-4
8.011688940987701E-4
8.062456519088501E-4
8.119544975904603E-4
8.181167065241486E-4
8.244987857077455E-4
8.308324054610818E-4
8.368422676341932E-4
8.422776004795017E-4
8.469415009417927E-4
8.507122505249393E-4
8.535522564922782E-4
8.555031152267503E-4
8.566686426453102E-4
8.571905029990845E-4
8.572223936864308E-4
8.569082524638599E-4
8.563679741257497E-4
8.556915059792767E-4
8.549399083385955E-4
8.541506952968465E-4
8.533446660718159E-4
8.525321688980594E-4
8.51717784353557E-4
8.509032931691276E-4
8.50089290171942E-4
8.492759376520002E-4
8.484632648418518E-4
8.476512677441307E-4
8.468399363399522E-4
8.460292603992294E-4
8.452192303622629E-4
8.444098373872348E-4
8.436010733064235E-4
8.427929305789456E-4
8.419854022450791E-4
8.411784818821363E-4
8.403721635618549E-4
8.395664418092635E-4
8.38761311563001E-4
8.379567681370474E-4
8.371528071838447E-4
8.363494246587636E-4
8.355466167858951E-4
8.34744380025132E-4
8.339427110405169E-4
8.331416066698155E-4
8.323410638952959E-4
8.315410798156915E-4
8.307416516192933E-4
8.299427765581828E-4
8.291444519235421E-4
8.283466750220403E-4
8.275494431532582E-4
8.267527535881253E-4
8.25956603548355E-4
8.251609901868361E-4
8.243659105689739E-4
8.235713616549449E-4
8.227773402828475E-4
8.219838431527252E-4
8.211908668114352E-4
8.203984076383561E-4
8.196064618318794E-4
8.188150253967081E-4
8.180240941319051E-4
8.172336636196893E-4
8.164437292149529E-4
8.156542860354814E-4
8.148653289528569E-4
8.140768525840291E-4
8.132888512835291E-4
8.125013191363077E-4
8.117142499511906E-4
8.109276372549211E-4
8.101414742867747E-4
8.093557539937372E-4
8.0857046902622E-4
8.077856117342998E-4
8.070011741644671E-4
8.062171480568707E-4
8.054335248430308E-4
8.046502956440284E-4
8.038674512691295E-4
8.030849822148514E-4
8.023028786644453E-4
8.015211304877959E-4
8.007397272417233E-4
7.999586581706996E-4
7.991779122080179E-4
7.983974779774935E-4
7.976173437959361E-4
7.968374976768727E-4
7.96057927336605E-4
7.952786202048878E-4
7.944995634449865E-4
7.937207439928675E-4
7.929421486351101E-4
7.921637641641978E-4
7.913855776860983E-4
7.906075772223693E-4
7.8982975287147E-4
7.890520990111991E-4
7.882746183998142E-4
7.874973296651335E-4
7.867202807013454E-4
7.859435721185346E-4
7.851673973583157E-4
7.84392109678359E-4
7.836183311653292E-4
7.828471253525831E-4
7.820802626316969E-4
7.813206155385424E-4
7.805727272277892E-4
7.798435976986987E-4
7.79143723671751E-4
7.784884030945274E-4
7.778992672207106E-4
7.774059266472634E-4
7.770475118214016E-4
7.768737613539229E-4
7.769451841285007E-4
7.773317306265285E-4
7.781094064070212E-4
7.793544035699238E-4
7.811346604008889E-4
7.834992953467526E-4
7.864670462155407E-4
7.900155454766055E-4
7.940737690122332E-4
7.985200661016595E-4
8.031876153833532E-4
8.0787790218052E-4
8.123810508432478E-4
8.164999889054657E-4
8.200740420457551E-4
8.229972038822655E-4
8.252272751759729E-4
8.267841719502826E-4
8.277383639634507E-4
8.281927697775302E-4
8.282627240375622E-4
8.280584713262476E-4
8.276732136296602E-4
8.271776879867569E-4
8.266203697962883E-4
8.260314626169116E-4
8.254278943575777E-4
8.248182082239697E-4
8.242062795239516E-4
8.235936983106546E-4
8.229810767372998E-4
8.223686638328259E-4
8.217565914968487E-4
8.21144957065948E-4
8.205338460718565E-4
8.199233372832403E-4
8.193135036455518E-4
8.187044125204829E-4
8.18096125844751E-4
8.174887002817922E-4
8.168821873706809E-4
8.162766336723112E-4
8.156720809128896E-4
8.150685661247592E-4
8.144661217846066E-4
8.13864775949087E-4
8.132645523879004E-4
8.126654707143575E-4
8.120675465134731E-4
8.114707914676138E-4
8.108752134797516E-4
8.102808167943413E-4
8.096876021158637E-4
8.090955667250739E-4
8.085047045929712E-4
8.079150064925465E-4
8.073264601083208E-4
8.067390501437139E-4
8.061527584262801E-4
8.055675640108364E-4
8.04983443280513E-4
8.04400370045765E-4
8.038183156413648E-4
8.032372490214174E-4
8.026571368524162E-4
8.020779436043786E-4
8.014996316400825E-4
8.009221613024384E-4
8.003454910000258E-4
7.99769577290809E-4
7.991943749640828E-4
7.986198371206526E-4
7.980459152512895E-4
7.974725593134832E-4
7.968997178065188E-4
7.963273378449028E-4
7.957553652301629E-4
7.951837445210551E-4
7.946124191021874E-4
7.940413312511004E-4
7.934704222038238E-4
7.928996322189231E-4
7.923289006400813E-4
7.917581659572158E-4
7.911873658661711E-4
7.906164373270014E-4
7.900453166208679E-4
7.894739394055728E-4
7.88902240769755E-4
7.883301552857656E-4
7.877576170612429E-4
7.871845597894185E-4
7.866109167981708E-4
7.860366210978527E-4
7.854616054279364E-4
7.848858023025275E-4
7.843091440548486E-4
7.837315628809285E-4
7.831529908829053E-4
7.825733601129263E-4
7.819926026196615E-4
7.814106505016728E-4
7.808274359764665E-4
7.802428914831549E-4
7.796569498545039E-4
7.790695446284506E-4
7.784806106331878E-4
7.778900850969453E-4
7.772979097414167E-4
7.767040346765414E-4
7.761084255145833E-4
7.75511076091884E-4
7.74912030697298E-4
7.743114219588561E-4
7.73709533735254E-4
7.731069026227621E-4
7.725044769456951E-4
7.719038578765604E-4
7.713076525036385E-4
7.707199711707343E-4
7.701470980587597E-4
7.695983504469733E-4
7.69087113421728E-4
7.686319885502114E-4
7.682579253187596E-4
7.679971164806636E-4
7.678893450385784E-4
7.679813947252855E-4
7.683251120974581E-4
7.689737780486443E-4
7.699766470794889E-4
7.71371860509053E-4
7.731784103538116E-4
7.753883420426222E-4
7.779607960621075E-4
7.808196256122389E-4
7.83856031601373E-4
7.869368601490048E-4
7.899180005587054E-4
7.926609749358652E-4
7.950497295086295E-4
7.970042342049418E-4
7.984880197401549E-4
7.995081754154271E-4
8.001082065240098E-4
8.003559025468234E-4
8.003294107486356E-4
8.001047264864743E-4
7.99746886119292E-4
7.993057155350062E-4
7.988391527302659E-4
7.983678787773941E-4
7.979031721927221E-4
7.974503335003485E-4
7.970113226660763E-4
7.965864655501292E-4
7.961753967906537E-4
7.957775055702231E-4
7.953921146415462E-4
7.950185404418213E-4
7.946561094826965E-4
7.943041617389149E-4
7.939620510198122E-4
7.936291448278365E-4
7.933048241617934E-4
7.929884833192518E-4
7.926795297012656E-4
7.92377383619388E-4
7.920814781049592E-4
7.91791258720643E-4
7.915061833741811E-4
7.912257221343585E-4
7.909493570491476E-4
7.90676581966006E-4
7.904069023543186E-4
7.901398351299497E-4
7.898749084818917E-4
7.896116617009881E-4
7.893496450107045E-4
7.890884193999356E-4
7.888275564578184E-4
7.885666382105363E-4
7.88305256960097E-4
7.880430151250566E-4
7.87779525083174E-4
7.87514409015974E-4
7.872472987552073E-4
7.869778356311758E-4
7.867056703229125E-4
7.864304627101914E-4
7.861518817273568E-4
7.858696052189472E-4
7.855833197970932E-4
7.852927207006767E-4
7.849975116562278E-4
7.846974047405517E-4
7.843921202450511E-4
7.84081386541741E-4
7.837649399509363E-4
7.834425246105809E-4
7.831138923472251E-4
7.827788025486095E-4
7.824370220378565E-4
7.820883249492474E-4
7.817324926055611E-4
7.813693133969689E-4
7.809985826614672E-4
7.806201025668159E-4
7.802336819939982E-4
7.79839136422155E-4
7.794362878149916E-4
7.790249645086459E-4
7.786050011009926E-4
7.781762383423742E-4
7.777385230277414E-4
7.772917078901915E-4
7.768356514958759E-4
7.763702181402977E-4
7.758952777459308E-4
7.754107057612073E-4
7.749163830608161E-4
7.744121958473487E-4
7.738980355542845E-4
7.733737987503966E-4
7.728393870457345E-4
7.722947069995667E-4
7.717396700311744E-4
7.711741923353867E-4
7.705981948070073E-4
7.700116029827099E-4
7.69414347018071E-4
7.688063617350702E-4
7.681875868091705E-4
7.67557967227898E-4
7.669174542662736E-4
7.662660074232501E-4
7.656035981004996E-4
7.649302163568849E-4
7.642458829410666E-4
7.635506701148072E-4
7.628447366576716E-4
7.621283849791221E-4
7.614021514336287E-4
7.606669444892891E-4
7.599242487142359E-4
7.591764144462126E-4
7.584270516494548E-4
7.576815393011164E-4
7.569476456972346E-4
7.562362275141079E-4
7.555619348084715E-4
7.549437968614572E-4
7.544055062618894E-4
7.539751688956496E-4
7.536842656518825E-4
7.535656027954104E-4
7.536501364602358E-4
7.539627563128206E-4
7.545173945795434E-4
7.553121452581659E-4
7.563253523941562E-4
7.575137473017048E-4
7.588135779465346E-4
7.601452238365776E-4
7.614210653880836E-4
7.625555329149327E-4
7.634755455248946E-4
7.641292308466814E-4
7.644910694599907E-4
7.645624246916732E-4
7.643675749437319E-4
7.63946487647779E-4
7.633462822511454E-4
7.626134019377492E-4
7.617879799743316E-4
7.63866547297196E-4
7.658340321720137E-4
7.677050937587027E-4
7.694885059261069E-4
7.71189270330768E-4
7.728102608226099E-4
7.743532950291602E-4
7.758197297037593E-4
7.772107435004559E-4
7.785274510782358E-4
7.797709416896713E-4
7.809422899063856E-4
7.820425580349072E-4
7.830727965978455E-4
7.840340444834785E-4
7.849273290573645E-4
7.857536662709939E-4
7.865140607695379E-4
7.872095059986812E-4
7.878409843105729E-4
7.884094670688776E-4
7.889159147529522E-4
7.893612770611356E-4
7.897464930131849E-4
7.900724910518353E-4
7.90340189143514E-4
7.905504948781974E-4
7.907043055684301E-4
7.908025083475103E-4
7.908459802668386E-4
7.908355883924453E-4
7.907721899007071E-4
7.906566321732433E-4
7.904897528910146E-4
7.902723801276211E-4
7.900053324418062E-4
7.896894189691798E-4
7.893254395131543E-4
7.889141846351141E-4
7.884564357438072E-4
7.879529651839868E-4
7.874045363242878E-4
7.86811903644355E-4
7.861758128212286E-4
7.854970008149905E-4
7.847761959536722E-4
7.840141180174445E-4
7.832114783220787E-4
7.823689798016918E-4
7.814873170907858E-4
7.805671766055771E-4
7.796092366246268E-4
7.786141673687805E-4
7.77582631080414E-4
7.765152821019999E-4
7.754127669539939E-4
7.742757244120507E-4
7.731047855835663E-4
7.71900573983565E-4
7.706637056099254E-4
7.693947890179553E-4
7.680944253943185E-4
7.667632086303208E-4
7.654017253945595E-4
7.640105552049392E-4
7.625902705000628E-4
7.611414367100003E-4
7.596646123264326E-4
7.581603489722013E-4
7.5662919147023E-4
7.550716779118609E-4
7.534883397245878E-4
7.518797017392096E-4
7.502462822564171E-4
7.485885931128487E-4
7.469071397467088E-4
7.452024212631157E-4
7.434749304996062E-4
7.417251540926934E-4
7.399535725474383E-4
7.381606603141873E-4
7.363468858810893E-4
7.345127118997847E-4
7.326585953786512E-4
7.307849880096805E-4
7.288923367526611E-4
7.269810849015773E-4
7.250516740302152E-4
7.231045474956708E-4
7.211401566216498E-4
7.191589713498373E-4
7.171614980991837E-4
7.151483088507762E-4
7.131200870620901E-4
7.110776977765209E-4
7.090222909121013E-4
7.069554476018814E-4
7.048793787084905E-4
7.02797181015578E-4
7.007131486739137E-4
6.986331239083106E-4
6.965648510547161E-4
6.945182723684654E-4
6.925056757123626E-4
6.905415793360157E-4
6.886422271042428E-4
6.86824580985803E-4
6.851047487049923E-4
6.834958808997652E-4
6.820057107340763E-4
6.806340695453366E-4
6.793708551001152E-4
6.781949998659149E-4
6.770749304854935E-4
6.759707939408337E-4
6.748383649483591E-4
6.736341173692106E-4
6.723205652242763E-4
6.708707956062872E-4
6.69271223824028E-4
6.675220043582385E-4
6.656351206238444E-4
6.636307609820651E-4
6.615329689439804E-4
6.593656104139801E-4
0.001030827567712178
0.0010226077578908827
0.0010144379711086607
0.0010063247502418635
9.982715687521207E-4
9.902799432072542E-4
9.823502942061936E-4
9.744825049256602E-4
9.666762302174025E-4
9.589310428611761E-4
9.512464923329687E-4
9.436221245610853E-4
9.36057487341701E-4
9.285521314933795E-4
9.211056110234619E-4
9.137174831261825E-4
9.063873081621239E-4
8.991146496367732E-4
8.918990741792242E-4
8.84740151521006E-4
8.776374544750555E-4
8.705905589148255E-4
8.635990437535254E-4
8.566624909234924E-4
8.49780485355703E-4
8.42952614959414E-4
8.361784706019306E-4
8.29457646088511E-4
8.22789738142396E-4
8.161743463849745E-4
8.096110733160672E-4
8.030995242943455E-4
7.966393075178743E-4
7.902300340047822E-4
7.838713175740542E-4
7.775627748264451E-4
7.713040251255298E-4
7.650946905788607E-4
7.589343960192575E-4
7.528227689862105E-4
7.46759439707411E-4
7.407440410803984E-4
7.347762086543269E-4
7.288555806118465E-4
7.22981797751108E-4
7.171545034678814E-4
7.113733437377872E-4
7.056379670986505E-4
6.999480246329604E-4
6.943031699504519E-4
6.887030591707948E-4
6.831473509063978E-4
6.776357062453242E-4
6.721677887343167E-4
6.667432643619353E-4
6.613618015418019E-4
6.560230710959572E-4
6.507267462383222E-4
6.4547250255827E-4
6.40260018004304E-4
6.350889728678401E-4
6.299590497670986E-4
6.248699336310967E-4
6.19821311683749E-4
6.148128734280685E-4
6.098443106304725E-4
6.049153173051901E-4
6.00025589698773E-4
5.951748262747028E-4
5.903627276981057E-4
5.855889968205602E-4
5.808533386650091E-4
5.761554604107696E-4
5.71495071378648E-4
5.668718830161487E-4
5.622856088828163E-4
5.577359646357058E-4
5.532226680150709E-4
5.487454388304E-4
5.443039989471348E-4
5.398980722747776E-4
5.355273847579092E-4
5.311916643732525E-4
5.268906411391524E-4
5.226240471500291E-4
5.183916166598956E-4
5.141930862599052E-4
5.100281952313548E-4
5.058966862171085E-4
5.017983064543221E-4
4.977328099668734E-4
4.936999613469381E-4
4.896995420801709E-4
4.8573136079738913E-4
4.8179526935473283E-4
4.778911872006746E-4
4.7401913696544897E-4
4.7017929440484467E-4
4.663720554453949E-4
4.625981217208844E-4
4.5885860322391757E-4
4.5515513213755784E-4
4.514899753951129E-4
4.4786612532438775E-4
4.4428733886986676E-4
4.407580883206516E-4
4.372833832290245E-4
4.338684281215381E-4
4.3051809754398587E-4
4.272362413770812E-4
4.240248782206561E-4
4.2088338657097753E-4
4.1780784976008973E-4
4.147907334803935E-4
4.1182105613532527E-4
4.08885141349437E-4
4.059679231034771E-4
4.03054631456631E-4
4.001325621142447E-4
3.9719257255259137E-4
3.942299836411594E-4
3.912447001683475E-4
3.8824056006612E-4
3.852241165983486E-4
3.8220318385755506E-4
0.047465129342711854
