3.1068562696223277E-6
6.206845321341691E-6
9.29996565714128E-6
1.2386217711859513E-5
1.5465601863947852E-5
1.8538118420790742E-5
2.160376770093888E-5
2.4662550053815794E-5
2.7714465861226995E-5
3.075951553709046E-5
3.379769952716628E-5
3.6829018308785636E-5
3.985347239057872E-5
4.287106231220198E-5
4.588178864406453E-5
4.8885651987053556E-5
5.188265297225906E-5
5.4872792260697895E-5
5.785607054303656E-5
6.083248853931376E-5
6.380204699866162E-5
6.676474669902622E-5
6.972058844688759E-5
7.266957307697869E-5
7.561170145200338E-5
7.854697446235407E-5
8.14753930258278E-5
8.439695808734272E-5
8.731167061865228E-5
9.021953161805996E-5
9.312054211013258E-5
9.601470314541236E-5
9.890201580012938E-5
1.0178248117591217E-4
1.0465610039949809E-4
1.0752287462244247E-4
1.1038280502082762E-4
1.1323589279497075E-4
1.1608213916913057E-4
1.1892154539121392E-4
1.2175411273248144E-4
1.245798424872524E-4
1.2739873597260803E-4
1.3021079452809597E-4
1.3301601951543141E-4
1.358144123182003E-4
1.386059743415589E-4
1.4139070701193516E-4
1.441686117767278E-4
1.469396901040047E-4
1.4970394348220157E-4
1.52461373419819E-4
1.5521198144511852E-4
1.5795576910581938E-4
1.6069273796879302E-4
1.6342288961975737E-4
1.6614622566297083E-4
1.688627477209246E-4
1.7157245743403625E-4
1.742753564603397E-4
1.7697144647517703E-4
1.7966072917088754E-4
1.823432062564989E-4
1.850188794574142E-4
1.8768775051510074E-4
1.903498211867771E-4
1.930050932450999E-4
1.9565356847785044E-4
1.9829524868761865E-4
2.009301356914884E-4
2.0355823132072205E-4
2.0617953742044272E-4
2.0879405584931754E-4
2.1140178847923964E-4
2.1400273719500903E-4
2.1659690389401408E-4
2.1918429048591067E-4
2.217648988923021E-4
2.243387310464176E-4
2.2690578889279108E-4
2.2946607438693802E-4
2.3201958949503246E-4
2.3456633619358392E-4
2.3710631646911174E-4
2.396395323178211E-4
2.421659857452785E-4
2.4468567876608275E-4
2.4719861340354135E-4
2.4970479168934137E-4
2.5220421566322205E-4
2.5469688737264607E-4
2.5718280887247123E-4
2.5966198222462033E-4
2.6213440949775056E-4
2.6460009276692384E-4
2.670590341132751E-4
2.695112356236794E-4
2.7195669939042227E-4
2.7439542751086344E-4
2.7682742208710653E-4
2.792526852256619E-4
2.81671219037116E-4
2.8408302563579305E-4
2.8648810713942174E-4
2.8888646566879787E-4
2.912781033474496E-4
2.9366302230129736E-4
2.9604122465832036E-4
2.984127125482153E-4
3.007774881020607E-4
3.03135553451976E-4
3.054869107307825E-4
3.0783156207166623E-4
3.1016950960783364E-4
3.125007554721741E-4
3.148253017969176E-4
3.171431507132926E-4
3.1945430435118607E-4
3.21758764838799E-4
3.240565343023058E-4
3.263476148655087E-4
3.286320086494969E-4
3.309097177723005E-4
3.331807443485474E-4
3.3544509048911823E-4
3.3770275830080133E-4
3.3995374988594765E-4
3.421980673421244E-4
3.4443571276176983E-4
3.46666688231846E-4
3.4889099583349274E-4
3.511086376416794E-4
3.533196157248606E-4
3.5552393214462343E-4
3.577215889553442E-4
3.599125882038374E-4
3.6209693192900994E-4
3.6427462216150877E-4
3.664456609233752E-4
3.6861005022769815E-4
3.7076779207826873E-4
3.729188884692455E-4
3.750633413848447E-4
3.7720115279909333E-4
3.793323246757372E-4
3.814568589685398E-4
3.835747576225263E-4
3.856860225774743E-4
3.8779065577665493E-4
3.8988865918763424E-4
3.9198003485017277E-4
3.94064784983872E-4
3.9614291222482247E-4
3.9821442013489284E-4
4.002793142746986E-4
4.023376044156324E-4
4.0438930899973146E-4
4.064344639272502E-4
4.0847313946383666E-4
4.105054719741174E-4
4.1253172196429325E-4
4.1455237741030174E-4
4.165683325352067E-4
4.1858118792881553E-4
4.2059373839191774E-4
4.2261073886206113E-4
4.2464006222026757E-4
4.266943774282416E-4
4.287934684828954E-4
4.3096726444766844E-4
4.332595349216531E-4
4.3573200250934916E-4
4.384683259712557E-4
4.4157703498174576E-4
4.451921149363064E-4
4.4946966864189676E-4
4.5457909100526006E-4
4.6068766868677104E-4
4.6793859357294887E-4
4.7642404823967997E-4
4.861570432132374E-4
4.970475505586335E-4
5.088894737178403E-4
5.213644033561156E-4
5.340655200041549E-4
5.46540618855716E-4
5.583480265682024E-4
5.691147560557042E-4
5.785843260340774E-4
5.866433768158108E-4
5.933214248324105E-4
5.987652820871314E-4
6.031963548206355E-4
6.068628365337024E-4
6.099984870804732E-4
6.127957266213249E-4
6.153950947415443E-4
6.178881017329716E-4
6.203278108721946E-4
6.227414798702854E-4
6.220345450689313E-4
6.213255339461456E-4
6.206160465086404E-4
6.199065256208077E-4
6.191970722777658E-4
6.184877075532461E-4
6.177784386180588E-4
6.170692710195328E-4
6.163602101837486E-4
6.156512615063097E-4
6.149424303522543E-4
6.142337220559691E-4
6.135251419211069E-4
6.128166952204983E-4
6.121083871960702E-4
6.114002230587618E-4
6.106922079884369E-4
6.099843471338053E-4
6.092766456123384E-4
6.085691085101856E-4
6.07861740882097E-4
6.07154547751335E-4
6.064475341096E-4
6.057407049169447E-4
6.050340651016974E-4
6.043276195603819E-4
6.036213731576362E-4
6.029153307261355E-4
6.022094970665152E-4
6.015038769472889E-4
6.007984751047765E-4
6.000932962430244E-4
5.993883450337268E-4
5.986836261161571E-4
5.979791440970839E-4
5.972749035507032E-4
5.965709090185578E-4
5.958671650094703E-4
5.951636759994644E-4
5.944604464316938E-4
5.937574807163692E-4
5.930547832306885E-4
5.923523583187642E-4
5.916502102915508E-4
5.909483434267791E-4
5.902467619688809E-4
5.895454701289246E-4
5.888444720845439E-4
5.881437719798709E-4
5.874433739254696E-4
5.867432819982646E-4
5.860435002414798E-4
5.853440326645695E-4
5.846448832431556E-4
5.839460559189595E-4
5.832475545997415E-4
5.825493831592358E-4
5.818515454370861E-4
5.811540452387857E-4
5.804568863356146E-4
5.797600724645792E-4
5.790636073283501E-4
5.783674945952039E-4
5.776717378989632E-4
5.769763408389374E-4
5.762813069798667E-4
5.75586639851862E-4
5.748923429503486E-4
5.741984197360127E-4
5.73504873634744E-4
5.72811708037579E-4
5.721189263006502E-4
5.714265317451302E-4
5.7073452765718E-4
5.700429172878974E-4
5.693517038532634E-4
5.686608905340922E-4
5.679704804759833E-4
5.672804767892675E-4
5.665908825489626E-4
5.659017007947211E-4
5.65212934530789E-4
5.645245867259503E-4
5.638366603134904E-4
5.631491581911424E-4
5.624620832210489E-4
5.617754382297136E-4
5.610892260079624E-4
5.604034493108995E-4
5.597181108578615E-4
5.590332133323838E-4
5.583487593821551E-4
5.576647516189799E-4
5.569811926187403E-4
5.56298084921358E-4
5.556154310307542E-4
5.549332334148209E-4
5.542514945053739E-4
5.53570216698129E-4
5.528894023526618E-4
5.522090537923769E-4
5.515291733044728E-4
5.508497631399146E-4
5.501708255133987E-4
5.494923626033267E-4
5.488143765517748E-4
5.481368694644626E-4
5.474598434107299E-4
5.467833004235093E-4
5.461072424992962E-4
5.454316715981295E-4
5.447565896435629E-4
5.440819985226449E-4
5.434079000858931E-4
5.427342961472764E-4
5.420611884841928E-4
5.413885788374448E-4
5.407164689112279E-4
5.400448603731091E-4
5.393737548540072E-4
5.387031539481813E-4
5.38033059213213E-4
5.373634721699899E-4
5.36694394302696E-4
5.360258270587948E-4
5.353577718490209E-4
5.34690230047367E-4
5.340232029910745E-4
5.333566919806264E-4
5.326906982797332E-4
5.32025223115334E-4
5.313602676775848E-4
5.306958331198527E-4
5.300319205587163E-4
5.293685310739579E-4
5.287056657085627E-4
5.280433254687164E-4
5.273815113238085E-4
5.267202242064275E-4
5.260594650123657E-4
5.253992346006246E-4
5.247395337934175E-4
5.240803633761833E-4
5.234217240976131E-4
5.227636166697106E-4
5.221060417679313E-4
5.214490000315398E-4
5.207924920644663E-4
5.201365184373863E-4
5.194810796926881E-4
5.188261763561409E-4
5.181718089638285E-4
5.175179781231929E-4
5.168646846487858E-4
5.162119298583348E-4
5.155597162055573E-4
5.149080486049826E-4
5.142569371467907E-4
5.136064025382823E-4
5.129564867632707E-4
5.123072734715086E-4
5.116589260240207E-4
5.110117566650991E-4
5.10366348906665E-4
5.097237679203661E-4
5.090859113367673E-4
5.08456075311195E-4
5.078398361412601E-4
5.072463709456631E-4
5.066903518612355E-4
5.061945306141572E-4
5.057930618163356E-4
5.055354685145284E-4
5.054909115055801E-4
5.057520815625344E-4
5.064376232719788E-4
5.076916061486278E-4
5.096783305310705E-4
5.125708890597452E-4
5.165325984234392E-4
5.216917880673389E-4
5.281124110480498E-4
5.357651740497462E-4
5.445057163323196E-4
5.540669656546968E-4
5.640714174403781E-4
5.740654416892202E-4
5.835723390956349E-4
5.921551496528993E-4
5.994761410796477E-4
6.053393017662138E-4
6.09705843502982E-4
6.12679870121918E-4
6.144696354874473E-4
6.153361845177734E-4
6.155433116399882E-4
6.153201450658462E-4
6.148417696802718E-4
6.142268545206354E-4
6.135467873880474E-4
6.128395203004133E-4
6.121227330833585E-4
6.114035501902902E-4
6.106844100500264E-4
6.099660037319415E-4
6.092484881323687E-4
6.085318912422367E-4
6.078162179591971E-4
6.071014704179494E-4
6.063876505534101E-4
6.056747602601161E-4
6.049628013922047E-4
6.04251775763404E-4
6.035416851470233E-4
6.028325312759336E-4
6.021243158425674E-4
6.014170404989006E-4
6.007107068564484E-4
6.000053164862541E-4
5.993008709188826E-4
5.985973716444145E-4
5.978948201124434E-4
5.971932177320622E-4
5.964925658718676E-4
5.957928658599526E-4
5.950941189839076E-4
5.943963264908155E-4
5.93699489587251E-4
5.930036094392856E-4
5.92308687172483E-4
5.916147238719058E-4
5.90921720582117E-4
5.902296783071824E-4
5.895385980106789E-4
5.88848480615697E-4
5.881593270048493E-4
5.874711380202801E-4
5.867839144636706E-4
5.860976570962492E-4
5.854123666388056E-4
5.847280437716979E-4
5.840446891348675E-4
5.833623033278524E-4
5.826808869098035E-4
5.820004403994949E-4
5.813209642753458E-4
5.806424589754347E-4
5.799649248975204E-4
5.792883623990592E-4
5.786127717972271E-4
5.779381533689376E-4
5.772645073508695E-4
5.76591833939487E-4
5.759201332910655E-4
5.752494055217147E-4
5.745796507074079E-4
5.739108688840088E-4
5.732430600472975E-4
5.725762241530067E-4
5.719103611168406E-4
5.71245470814519E-4
5.705815530818036E-4
5.699186077145296E-4
5.692566344686458E-4
5.685956330602463E-4
5.679356031656097E-4
5.672765444212337E-4
5.666184564238767E-4
5.65961338730598E-4
5.653051908587937E-4
5.64650012286245E-4
5.63995802451158E-4
5.633425607522078E-4
5.626902865485832E-4
5.620389791600323E-4
5.613886378669119E-4
5.607392619102332E-4
5.600908504917128E-4
5.594434027738222E-4
5.587969178798383E-4
5.581513948938971E-4
5.57506832861045E-4
5.568632307872974E-4
5.562205876396891E-4
5.555789023463352E-4
5.549381737964863E-4
5.542984008405871E-4
5.536595822903371E-4
5.530217169187527E-4
5.523848034602268E-4
5.517488406105933E-4
5.511138270271888E-4
5.504797613289218E-4
5.49846642096336E-4
5.492144678716762E-4
5.485832371589629E-4
5.47952948424054E-4
5.473236000947228E-4
5.466951905607203E-4
5.460677181738589E-4
5.454411812480795E-4
5.448155780595261E-4
5.441909068466248E-4
5.435671658101591E-4
5.429443531133497E-4
5.423224668819319E-4
5.417015052042379E-4
5.410814661312759E-4
5.404623476768171E-4
5.398441478174756E-4
5.392268644927921E-4
5.386104956053249E-4
5.379950390207338E-4
5.373804925678688E-4
5.367668540388603E-4
5.361541211892089E-4
5.355422917378758E-4
5.349313633673796E-4
5.343213337238857E-4
5.33712200417305E-4
5.331039610213872E-4
5.324966130738208E-4
5.318901540763286E-4
5.312845814947709E-4
5.306798927592461E-4
5.300760852641892E-4
5.294731563684773E-4
5.288711033955351E-4
5.282699236334377E-4
5.276696143350219E-4
5.270701727179864E-4
5.264715959650104E-4
5.258738812238565E-4
5.252770256074859E-4
5.246810261941697E-4
5.240858800276035E-4
5.234915841170224E-4
5.22898135437314E-4
5.223055309291431E-4
5.217137674990646E-4
5.211228420196436E-4
5.20532751329582E-4
5.199434922338365E-4
5.193550615037421E-4
5.18767455877151E-4
5.181806720585602E-4
5.175947067192812E-4
5.170095564976581E-4
5.164252179994212E-4
5.158416877984049E-4
5.152589624381215E-4
5.146770384354153E-4
5.140959122890274E-4
5.135155804995647E-4
5.129360396154016E-4
5.123572863364118E-4
5.117793177439394E-4
5.112021318005051E-4
5.106257284130125E-4
5.100501116461252E-4
5.094752942270041E-4
5.089013065008294E-4
5.083282138050517E-4
5.077561493286514E-4
5.071853746219013E-4
5.066163879422E-4
5.0605011258463E-4
5.054882140741748E-4
5.049336165951936E-4
5.043913134525535E-4
5.038695885143884E-4
5.033817752520184E-4
5.029486605612174E-4
5.026015692203969E-4
5.023860160144012E-4
5.023655662465926E-4
5.026252016725314E-4
5.032730871013493E-4
5.044392697211446E-4
5.06269679335808E-4
5.0891403850371E-4
5.12507128979695E-4
5.171443756872609E-4
5.228547558001114E-4
5.295761628022239E-4
5.37139807671055E-4
5.452701655735635E-4
5.536047524447221E-4
5.617336543756701E-4
5.692531570226387E-4
5.758227857628807E-4
5.812126079198537E-4
5.853292021515183E-4
5.882142646580602E-4
5.900176669107812E-4
5.90954013017139E-4
5.912555844016592E-4
5.911336832835051E-4
5.907555835657327E-4
5.902379965200173E-4
5.896528954047135E-4
5.890393851833433E-4
5.884160390399461E-4
5.87790471790035E-4
5.871653287634302E-4
5.865413672624648E-4
5.859187577003279E-4
5.852975267175445E-4
5.846776748479123E-4
5.840591994688561E-4
5.834420977343782E-4
5.828263667597987E-4
5.82212003621853E-4
5.815990053587855E-4
5.80987368970449E-4
5.803770914184045E-4
5.79768169626028E-4
5.791606004786116E-4
5.785543808234753E-4
5.779495074700778E-4
5.773459771901257E-4
5.767437867176946E-4
5.761429327493369E-4
5.755434119442093E-4
5.749452209241874E-4
5.743483562739902E-4
5.737528145413063E-4
5.731585922369134E-4
5.725656858348143E-4
5.719740917723565E-4
5.713838064503715E-4
5.707948262332998E-4
5.702071474493286E-4
5.696207663905244E-4
5.69035679312968E-4
5.684518824368935E-4
5.678693719468246E-4
5.672881439917187E-4
5.667081946851031E-4
5.661295201052154E-4
5.655521162951511E-4
5.649759792630059E-4
5.644011049820159E-4
5.638274893907079E-4
5.632551283930477E-4
5.626840178585826E-4
5.621141536225882E-4
5.615455314862252E-4
5.609781472166848E-4
5.604119965473369E-4
5.598470751778834E-4
5.592833787745131E-4
5.587209029700483E-4
5.581596433641045E-4
5.57599595523239E-4
5.570407549811093E-4
5.564831172386267E-4
5.559266777641113E-4
5.553714319934499E-4
5.548173753302532E-4
5.542645031460085E-4
5.53712810780245E-4
5.531622935406883E-4
5.526129467034179E-4
5.520647655130308E-4
5.515177451827982E-4
5.509718808948263E-4
5.504271678002196E-4
5.498836010192388E-4
5.49341175641467E-4
5.487998867259666E-4
5.482597293014468E-4
5.477206983664273E-4
5.471827888893955E-4
5.466459958089778E-4
5.461103140341016E-4
5.455757384441582E-4
5.450422638891723E-4
5.445098851899642E-4
5.439785971383195E-4
5.43448394497154E-4
5.42919272000681E-4
5.423912243545776E-4
5.41864246236158E-4
5.413383322945381E-4
5.408134771508046E-4
5.402896753981868E-4
5.397669216022239E-4
5.392452103009393E-4
5.387245360050071E-4
5.382048931979291E-4
5.376862763362033E-4
5.371686798494981E-4
5.366520981408228E-4
5.361365255867053E-4
5.356219565373631E-4
5.351083853168816E-4
5.345958062233875E-4
5.340842135292222E-4
5.335736014811226E-4
5.330639643003969E-4
5.325552961831024E-4
5.320475913002226E-4
5.315408437978479E-4
5.310350477973534E-4
5.305301973955839E-4
5.300262866650274E-4
5.295233096540022E-4
5.290212603868407E-4
5.285201328640665E-4
5.28019921062582E-4
5.275206189358532E-4
5.270222204140939E-4
5.265247194044502E-4
5.26028109791192E-4
5.255323854358946E-4
5.250375401776319E-4
5.245435678331636E-4
5.240504621971236E-4
5.235582170422139E-4
5.230668261193944E-4
5.225762831580772E-4
5.220865818663145E-4
5.21597715931E-4
5.211096790180619E-4
5.206224647726569E-4
5.201360668193682E-4
5.196504787624029E-4
5.191656941857934E-4
5.186817066535953E-4
5.181985097100872E-4
5.177160968799734E-4
5.172344616685911E-4
5.16753597562106E-4
5.162734980277245E-4
5.157941565138944E-4
5.153155664505177E-4
5.148377212491501E-4
5.14360614303218E-4
5.13884238988227E-4
5.134085886619703E-4
5.129336566647436E-4
5.124594363195585E-4
5.119859209323571E-4
5.115131037922284E-4
5.110409781716252E-4
5.105695373265869E-4
5.100987744969673E-4
5.096286829066772E-4
5.091592557639705E-4
5.086904862618228E-4
5.082223675785799E-4
5.077548928792314E-4
5.07288055318261E-4
5.068218480462791E-4
5.063562642255758E-4
5.058912970663126E-4
5.0542693990946E-4
5.049631864132263E-4
5.045000309635479E-4
5.040374695582233E-4
5.03575501668076E-4
5.03114134062546E-4
5.026533884809517E-4
5.021933166243234E-4
5.017340286776197E-4
5.012757460700186E-4
5.008188962288097E-4
5.003642775137367E-4
4.999133369048969E-4
4.994686210635078E-4
4.990344809466945E-4
4.986181259003269E-4
4.982311251146986E-4
4.978914270363589E-4
4.976258906614942E-4
4.974731759843376E-4
4.974866121478947E-4
4.977363616484873E-4
4.983098775353485E-4
4.993094108573933E-4
5.008453211087564E-4
5.030243466956087E-4
5.059329325344865E-4
5.096171728676315E-4
5.140626600838987E-4
5.191790183070211E-4
5.247944476304471E-4
5.306645727252601E-4
5.364970376538503E-4
5.419890759004127E-4
5.468709335486659E-4
5.509451992775126E-4
5.541122258416383E-4
5.563753396311832E-4
5.578254246749857E-4
5.58610562222943E-4
5.589003040266636E-4
5.588543991457052E-4
5.586026056097666E-4
5.582373363591993E-4
5.578165694580151E-4
5.573722774172787E-4
5.569198449409934E-4
5.56465651792817E-4
5.560119349761243E-4
5.5555933776446E-4
5.551080025178282E-4
5.546579476699424E-4
5.542091689576877E-4
5.537616593614792E-4
5.533154116765089E-4
5.528704186764458E-4
5.524266731139657E-4
5.51984167721273E-4
5.515428952106061E-4
5.511028482747213E-4
5.506640195873667E-4
5.502264018037371E-4
5.497899875609192E-4
5.49354769478318E-4
5.489207401580715E-4
5.484878921854509E-4
5.480562181292491E-4
5.476257105421552E-4
5.471963619611195E-4
5.467681649076985E-4
5.463411118883986E-4
5.459151953949993E-4
5.454904079048756E-4
5.45066741881295E-4
5.446441897737214E-4
5.442227440180933E-4
5.438023970371021E-4
5.433831412404569E-4
5.42964969025142E-4
5.425478727756612E-4
5.421318448642817E-4
5.417168776512607E-4
5.413029634850692E-4
5.40890094702606E-4
5.404782636294085E-4
5.400674625798466E-4
5.396576838573219E-4
5.392489197544475E-4
5.388411625532356E-4
5.384344045252651E-4
5.380286379318504E-4
5.376238550242051E-4
5.372200480435962E-4
5.368172092214998E-4
5.364153307797406E-4
5.36014404930637E-4
5.35614423877138E-4
5.352153798129571E-4
5.348172649226943E-4
5.344200713819673E-4
5.340237913575276E-4
5.336284170073809E-4
5.332339404808982E-4
5.328403539189251E-4
5.324476494538942E-4
5.320558192099228E-4
5.316648553029229E-4
5.312747498406948E-4
5.308854949230276E-4
5.304970826417928E-4
5.301095050810392E-4
5.297227543170845E-4
5.293368224186049E-4
5.289517014467224E-4
5.285673834550949E-4
5.281838604900031E-4
5.278011245904325E-4
5.27419167788159E-4
5.270379821078357E-4
5.26657559567073E-4
5.262778921765217E-4
5.258989719399584E-4
5.255207908543651E-4
5.251433409100128E-4
5.247666140905436E-4
5.243906023730563E-4
5.240152977281841E-4
5.236406921201837E-4
5.232667775070167E-4
5.228935458404349E-4
5.22520989066066E-4
5.22149099123501E-4
5.217778679463788E-4
5.214072874624808E-4
5.210373495938144E-4
5.206680462567086E-4
5.202993693619025E-4
5.199313108146424E-4
5.195638625147763E-4
5.191970163568509E-4
5.188307642302121E-4
5.184650980191017E-4
5.181000096027633E-4
5.177354908555453E-4
5.173715336470092E-4
5.170081298420342E-4
5.16645271300931E-4
5.162829498795564E-4
5.159211574294214E-4
5.155598857978166E-4
5.151991268279271E-4
5.148388723589571E-4
5.144791142262532E-4
5.141198442614328E-4
5.137610542925133E-4
5.134027361440454E-4
5.130448816372466E-4
5.126874825901421E-4
5.123305308177041E-4
5.119740181319941E-4
5.116179363423118E-4
5.112622772553436E-4
5.109070326753133E-4
5.1055219440414E-4
5.101977542415933E-4
5.098437039854586E-4
5.09490035431698E-4
5.091367403746169E-4
5.087838106070396E-4
5.084312379204771E-4
5.080790141053093E-4
5.077271309509589E-4
5.073755802460797E-4
5.070243537787396E-4
5.066734433366111E-4
5.063228407071672E-4
5.0597253767787E-4
5.056225260363791E-4
5.05272797570745E-4
5.049233440696218E-4
5.04574157322472E-4
5.042252291197807E-4
5.038765512532712E-4
5.035281155161221E-4
5.031799137031922E-4
5.028319376112424E-4
5.024841790391676E-4
5.021366297882268E-4
5.017892816622778E-4
5.014421264680191E-4
5.010951560152282E-4
5.00748362117012E-4
5.004017365900631E-4
5.000552712549291E-4
4.997089579363241E-4
4.993627884635396E-4
4.990167546710868E-4
4.986708483999717E-4
4.983250615004612E-4
4.97979385838527E-4
4.976338133109338E-4
4.972883358803906E-4
4.969429456559962E-4
4.965976350736387E-4
4.962523972913987E-4
4.959072270357143E-4
4.955621223676523E-4
4.952170882761847E-4
4.948721437966588E-4
4.945273357305928E-4
4.941827643451716E-4
4.938386301033379E-4
4.934953160288628E-4
4.931535281841835E-4
4.928145270083012E-4
4.924804941348157E-4
4.921550903785187E-4
4.918442659173804E-4
4.915573750887899E-4
4.913086141047103E-4
4.911187270557049E-4
4.910168030627166E-4
4.910418149064703E-4
4.912433474098841E-4
4.916807841145777E-4
4.924201504786337E-4
4.935279618558823E-4
4.950618951179408E-4
4.970589256373321E-4
4.995226433899936E-4
5.024125038902566E-4
5.056383530848539E-4
5.090632393999202E-4
5.125160318331222E-4
5.158128561678108E-4
5.187835140859955E-4
5.212969088611168E-4
5.232790838191098E-4
5.247192527275086E-4
5.256627206181253E-4
5.261935686418207E-4
5.264128168516009E-4
5.264183752126808E-4
5.262913886131729E-4
5.26090567876961E-4
5.258532328308861E-4
5.256001960753282E-4
5.253415703059492E-4
5.250815839736648E-4
5.248217288221576E-4
5.2456243383347E-4
5.243037912255549E-4
5.240458093494581E-4
5.237884811712597E-4
5.235317978598682E-4
5.2327575054781E-4
5.230203304407991E-4
5.227655288147511E-4
5.225113370128611E-4
5.222577464427454E-4
5.220047485736469E-4
5.217523349337011E-4
5.21500497107265E-4
5.212492267323004E-4
5.209985154978292E-4
5.207483551414309E-4
5.204987374468156E-4
5.202496542414364E-4
5.200010973941758E-4
5.197530588130729E-4
5.195055304431204E-4
5.192585042641019E-4
5.190119722884928E-4
5.187659265594104E-4
5.185203591486166E-4
5.182752621545755E-4
5.180306277005554E-4
5.177864479327891E-4
5.175427150186778E-4
5.172994211450456E-4
5.170565585164456E-4
5.168141193535098E-4
5.16572095891348E-4
5.163304803779946E-4
5.160892650728958E-4
5.158484422454463E-4
5.156080041735751E-4
5.153679431423655E-4
5.15128251442722E-4
5.148889213700867E-4
5.146499452231866E-4
5.144113153028334E-4
5.141730239107559E-4
5.139350633484759E-4
5.136974259162247E-4
5.134601039118998E-4
5.132230896300584E-4
5.129863753609479E-4
5.12749953389574E-4
5.125138159948127E-4
5.12277955448548E-4
5.120423640148519E-4
5.118070339492024E-4
5.115719574977278E-4
5.113371268964938E-4
5.11102534370817E-4
5.108681721346192E-4
5.106340323898093E-4
5.104001073256981E-4
5.101663891184463E-4
5.099328699305421E-4
5.096995419103124E-4
5.094663971914604E-4
5.092334278926365E-4
5.090006261170329E-4
5.087679839520174E-4
5.085354934687835E-4
5.083031467220365E-4
5.080709357497031E-4
5.078388525726707E-4
5.0760688919455E-4
5.073750376014673E-4
5.071432897618778E-4
5.069116376264085E-4
5.066800731277242E-4
5.064485881804151E-4
5.06217174680915E-4
5.059858245074315E-4
5.05754529519912E-4
5.055232815600255E-4
5.052920724511662E-4
5.050608939984788E-4
5.04829737988909E-4
5.045985961912698E-4
5.043674603563351E-4
5.041363222169433E-4
5.039051734881307E-4
5.03674005867278E-4
5.034428110342777E-4
5.03211580651722E-4
5.029803063651084E-4
5.027489798030552E-4
5.025175925775465E-4
5.02286136284189E-4
5.020546025024844E-4
5.018229827961179E-4
5.015912687132636E-4
5.01359451786912E-4
5.011275235352006E-4
5.008954754617665E-4
5.006632990561172E-4
5.00430985794007E-4
5.001985271378351E-4
4.999659145370523E-4
4.99733139428584E-4
4.995001932372637E-4
4.992670673762834E-4
4.990337532476537E-4
4.988002422426695E-4
4.985665257424033E-4
4.98332595118197E-4
4.98098441732165E-4
4.978640569377189E-4
4.976294320800875E-4
4.973945584968615E-4
4.971594275185397E-4
4.969240304690883E-4
4.966883586665055E-4
4.964524034234022E-4
4.962161560475846E-4
4.959796078426513E-4
4.957427501085928E-4
4.955055741424061E-4
4.952680712387113E-4
4.950302326903757E-4
4.947920497891512E-4
4.945535138263126E-4
4.94314616093306E-4
4.940753478824034E-4
4.938357004873584E-4
4.935956652040787E-4
4.933552333312968E-4
4.931143961712439E-4
4.928731450303369E-4
4.926314712198672E-4
4.923893660566904E-4
4.921468208639281E-4
4.919038269716681E-4
4.916603757176718E-4
4.914164584480842E-4
4.911720665181506E-4
4.909271912929328E-4
4.906818241480348E-4
4.904359564703303E-4
4.901895796587049E-4
4.899426851248219E-4
4.896952642939517E-4
4.89447308605962E-4
4.891988095167059E-4
4.889497585004008E-4
4.88700147054388E-4
4.884499667095155E-4
4.881992090534393E-4
4.8794786578286356E-4
4.876959288189043E-4
4.8744339055641127E-4
4.8719024438969905E-4
4.8693648579233457E-4
4.866821144748518E-4
4.864271385760398E-4
4.861715825703791E-4
4.859155017453508E-4
4.856590078995436E-4
4.8540231352097373E-4
4.851458052469041E-4
4.848901618175162E-4
4.8463653657204405E-4
4.843868287065421E-4
4.8414406896769385E-4
4.8391294091973836E-4
4.837004438432754E-4
4.8351667237783643E-4
4.833756365501774E-4
4.832959726821775E-4
4.833013074699937E-4
4.834199536047945E-4
4.836835710199402E-4
4.841244723523249E-4
4.8477143518516996E-4
4.8564423473059003E-4
4.8674760057721404E-4
4.8806581861768404E-4
4.895595501496208E-4
4.911663960450787E-4
4.928061314247279E-4
4.94390395904017E-4
4.958352248859519E-4
4.970736455870154E-4
4.980651715630973E-4
4.98799716930182E-4
4.992950801881646E-4
4.995891276468531E-4
4.997293374931178E-4
4.997628592666836E-4
4.997294214278469E-4
4.996581439050993E-4
4.995677401354483E-4
4.994687488978457E-4
4.993663402271373E-4
4.992627003135086E-4
4.991586149493077E-4
4.99054321527077E-4
4.989498820427704E-4
4.98845314067959E-4
4.987406264683077E-4
4.986358265430464E-4
4.985309209651926E-4
4.984259158510232E-4
4.983208167697574E-4
4.982156287531451E-4
4.98110356304951E-4
4.980050034103596E-4
4.978995735452712E-4
4.977940696855109E-4
4.976884943159424E-4
4.97582849439492E-4
4.974771365860803E-4
4.97371356821456E-4
4.972655107559512E-4
4.971595985531365E-4
4.97053619938392E-4
4.969475742073867E-4
4.968414602344761E-4
4.967352764810005E-4
4.966290210035106E-4
4.965226914618966E-4
4.964162851274349E-4
4.96309798890754E-4
4.96203229269707E-4
4.960965724171661E-4
4.959898241287392E-4
4.958829798503903E-4
4.957760346859879E-4
4.956689834047755E-4
4.955618204487444E-4
4.954545399399473E-4
4.953471356877166E-4
4.95239601195811E-4
4.951319296694794E-4
4.950241140224518E-4
4.949161468838508E-4
4.948080206050188E-4
4.946997272662848E-4
4.945912586836416E-4
4.944826064153497E-4
4.943737617684737E-4
4.942647158053397E-4
4.941554593499175E-4
4.940459829941333E-4
4.939362771041101E-4
4.938263318263308E-4
4.937161370937375E-4
4.936056826317536E-4
4.93494957964239E-4
4.933839524193779E-4
4.932726551354868E-4
4.931610550667669E-4
4.930491409889815E-4
4.92936901505065E-4
4.928243250506649E-4
4.927113998996231E-4
4.925981141693815E-4
4.924844558263285E-4
4.923704126910771E-4
4.922559724436823E-4
4.921411226287885E-4
4.920258506607172E-4
4.919101438284925E-4
4.917939893007975E-4
4.916773741308764E-4
4.9156028526137E-4
4.914427095290905E-4
4.913246336697357E-4
4.912060443225452E-4
4.910869280348915E-4
4.90967271266818E-4
4.908470603955132E-4
4.907262817197266E-4
4.906049214641326E-4
4.904829657836257E-4
4.90360400767573E-4
4.90237212443994E-4
4.901133867837E-4
4.899889097043648E-4
4.898637670745472E-4
4.897379447176575E-4
4.896114284158685E-4
4.894842039139724E-4
4.893562569231861E-4
4.892275731248995E-4
4.890981381743765E-4
4.889679377044002E-4
4.88836957328865E-4
4.887051826463205E-4
4.885725992434645E-4
4.88439192698582E-4
4.883049485849377E-4
4.8816985247411495E-4
4.880338899393107E-4
4.8789704655857746E-4
4.8775930791801605E-4
4.8762065961492396E-4
4.874810872608933E-4
4.873405764848637E-4
4.8719911293612465E-4
4.87056682287275E-4
4.869132702371346E-4
4.8676886251360996E-4
4.8662344487651783E-4
4.86477003120356E-4
4.863295230770418E-4
4.8618099061859373E-4
4.860313916597778E-4
4.858807121607074E-4
4.8572893812939973E-4
4.855760556242905E-4
4.854220507567076E-4
4.8526690969329914E-4
4.8511061865842486E-4
4.8495316393650217E-4
4.8479453187431296E-4
4.846347088832713E-4
4.8447368144164754E-4
4.843114360967579E-4
4.841479594671097E-4
4.8398323824451044E-4
4.83817259196137E-4
4.8365000916656705E-4
4.834814750797722E-4
4.8331164394107483E-4
4.8314050283906445E-4
4.8296803894748094E-4
4.827942395270597E-4
4.826190919273369E-4
4.824425835884268E-4
4.8226470204275687E-4
4.820854349167682E-4
4.819047699325844E-4
4.817226949096442E-4
4.815391977662973E-4
4.81354266521369E-4
4.8116788929569357E-4
4.8098005431360856E-4
4.8079074990442207E-4
4.8059996450384903E-4
4.8040768665542205E-4
4.8021390501189415E-4
4.8001860833666866E-4
4.7982178550534644E-4
4.7962342550762565E-4
4.794235174501049E-4
4.7922205056128786E-4
4.7901901420176885E-4
4.7881439788618894E-4
4.786081913312002E-4
4.784003845591502E-4
4.781909681176244E-4
4.7797993353240444E-4
4.7776727421564686E-4
4.775529872321332E-4
4.773370766264327E-4
4.7711955948509223E-4
4.7690047660514054E-4
4.7667991060039894E-4
4.764580154864475E-4
4.7623506313056836E-4
4.760115131686696E-4
4.757881136167564E-4
4.755660387836507E-4
4.7534706843652315E-4
4.7513380670188116E-4
4.749299303232539E-4
4.7474044345923507E-4
4.74571900559696E-4
4.7443254108399385E-4
4.743322620477081E-4
4.7428234049339945E-4
4.7429481471971053E-4
4.743814508530826E-4
4.7455227304131145E-4
4.748137317680649E-4
4.7516672426253814E-4
4.7560483912381034E-4
4.761133199410659E-4
4.766692547505313E-4
4.772433327924518E-4
4.7780315240720275E-4
4.783175879085056E-4
4.78761291569021E-4
4.7911821626054577E-4
4.7938322934434397E-4
4.7956143167150365E-4
4.7966550530551173E-4
4.797176116123587E-4
4.797344103101222E-4
4.7973012103681733E-4
4.7971524807850747E-4
4.7969655903521487E-4
4.796778415647397E-4
4.7966090499300233E-4
4.796464500925285E-4
4.796346543487303E-4
4.7962548998967185E-4
4.796188643190113E-4
4.796146693119255E-4
4.7961279520899536E-4
4.796131332357993E-4
4.7961557595020476E-4
4.7962001725484755E-4
4.7962635238660783E-4
4.7963447790614716E-4
4.7964429168750476E-4
4.796556929077527E-4
4.796685820367094E-4
4.796828608267088E-4
4.796984323024354E-4
4.797152007508093E-4
4.797330717109312E-4
4.797519519640875E-4
4.797717495238098E-4
4.7979237362599233E-4
4.798137347190668E-4
4.798357444542308E-4
4.7985831567573685E-4
4.7988136241123355E-4
4.7990479986216496E-4
4.7992854439422427E-4
4.7995251352786277E-4
4.799766259288555E-4
4.800008013989181E-4
4.8002496086638045E-4
4.8004902637691766E-4
4.8007292108432926E-4
4.8009656924137567E-4
4.801198961906683E-4
4.80142828355612E-4
4.801652932313999E-4
4.801872193760662E-4
4.802085364015823E-4
4.8022917496501506E-4
4.8024906675973194E-4
4.8026814450665865E-4
4.8028634194559024E-4
4.803035938265528E-4
4.803198359012151E-4
4.8033500491435384E-4
4.803490385953687E-4
4.803618756498472E-4
4.8037345575118086E-4
4.803837195322323E-4
4.8039260857705106E-4
4.8040006541263887E-4
4.80406033500766E-4
4.8041045722983637E-4
4.804132819067995E-4
4.804144537491163E-4
4.804139198767684E-4
4.804116283043198E-4
4.8040752793302355E-4
4.804015685429774E-4
4.803937007853312E-4
4.8038387617453584E-4
4.8037204708064165E-4
4.803581667216466E-4
4.8034218915588836E-4
4.8032406927448433E-4
4.8030376279381863E-4
4.8028122624807414E-4
4.8025641698181114E-4
4.8022929314259276E-4
4.801998136736557E-4
4.801679383066248E-4
4.801336275542765E-4
4.8009684270334185E-4
4.800575458073616E-4
4.8001569967957955E-4
4.7997126788588344E-4
4.799242147377902E-4
4.7987450528547344E-4
4.7982210531083755E-4
4.797669813206328E-4
4.7970910053961487E-4
4.796484309037493E-4
4.79584941053455E-4
4.7951860032689617E-4
4.7944937875331117E-4
4.7937724704638824E-4
4.793021765976807E-4
4.7922413947006586E-4
4.7914310839124554E-4
4.79059056747288E-4
4.789719585762105E-4
4.7888178856160546E-4
4.787885220263045E-4
4.7869213492608714E-4
4.785926038434279E-4
4.784899059812826E-4
4.783840191569196E-4
4.782749217957861E-4
4.7816259292541837E-4
4.780470121693884E-4
4.779281597412934E-4
4.7780601643878295E-4
4.77680563637624E-4
4.7755178328580855E-4
4.774196578976973E-4
4.772841705482026E-4
4.771453048670108E-4
4.770030450328408E-4
4.76857375767745E-4
4.767082823314418E-4
4.765557505156919E-4
4.7639976663870875E-4
4.7624031753960806E-4
4.760773905728923E-4
4.7591097360297565E-4
4.7574105499874336E-4
4.755676236281485E-4
4.7539066885284335E-4
4.7521018052285215E-4
4.7502614897127355E-4
4.748385650090253E-4
4.746474199196196E-4
4.744527054539766E-4
4.7425441382527354E-4
4.7405253770382963E-4
4.7384707021202234E-4
4.736380049192439E-4
4.7342533583688936E-4
4.7320905741338003E-4
4.729891645292209E-4
4.727656524920932E-4
4.725385170319814E-4
4.723077542963322E-4
4.7207336084524885E-4
4.718353336467184E-4
4.715936700718752E-4
4.7134836789029176E-4
4.7109942526530853E-4
4.708468407493941E-4
4.705906132795373E-4
4.703307421726738E-4
4.7006722712114476E-4
4.6980006818818864E-4
4.6952926580346425E-4
4.692548207586106E-4
4.689767342028463E-4
4.686950076386213E-4
4.684096429173596E-4
4.681206422353746E-4
4.678280081301867E-4
4.675317434777635E-4
4.67231851491918E-4
4.6692833572866224E-4
4.666212001016961E-4
4.6631044892221385E-4
4.659960869903332E-4
4.656781197927313E-4
4.6535655391175234E-4
4.6503139784131043E-4
4.647026635571972E-4
4.6437036943302044E-4
4.6403454545800195E-4
4.6369524221757567E-4
4.633525457246965E-4
4.6300660085033896E-4
4.626576465942282E-4
4.623060664168838E-4
4.619524558456823E-4
4.6159770705674947E-4
4.6124310577260965E-4
4.608904297222921E-4
4.6054203098609166E-4
4.6020087861577526E-4
4.5987053548449006E-4
4.595550467829959E-4
4.5925872806117703E-4
4.5898585695560595E-4
4.587402908617589E-4
4.585250475443823E-4
4.583418930080567E-4
4.581909807756031E-4
4.5807058355463835E-4
4.579769583304249E-4
4.5790439133630226E-4
4.5784547312388135E-4
4.577916406909107E-4
4.5773397859552036E-4
4.576641939937487E-4
4.575755951495865E-4
4.574638513552055E-4
4.5732733383258885E-4
4.571669420624847E-4
4.5811343647015923E-4
4.590257914351697E-4
4.59908113084376E-4
4.607639782451739E-4
4.6159610444343983E-4
4.6240632447524496E-4
4.631957555060276E-4
4.6396503444329657E-4
4.647145263970229E-4
4.654444666500469E-4
4.6615503848697245E-4
4.6684640778205637E-4
4.6751873529975836E-4
4.6817218008848833E-4
4.6880690016815106E-4
4.694230526243141E-4
4.700207936182315E-4
4.706002783910391E-4
4.711616612679367E-4
4.717050956623507E-4
4.722307340800868E-4
4.727387281234639E-4
4.73229228495437E-4
4.737023850037027E-4
4.7415834656479127E-4
4.745972612081446E-4
4.7501927608017784E-4
4.7542453744832885E-4
4.7581319070509034E-4
4.7618538037203173E-4
4.7654125010380234E-4
4.768809426921225E-4
4.7720460006976087E-4
4.775123633144945E-4
4.778043726530591E-4
4.78080767465082E-4
4.7834168628700126E-4
4.7858726681597176E-4
4.7881764591375605E-4
4.790329596106025E-4
4.7923334310910897E-4
4.7941893078807065E-4
4.7958985620631764E-4
4.7974625210653554E-4
4.7988825041907413E-4
4.800159822657409E-4
4.801295779635803E-4
4.8022916702864324E-4
4.803148781797375E-4
4.8038683934216794E-4
4.804451776514613E-4
4.804900194570811E-4
4.805214903261228E-4
4.8053971504700033E-4
4.8054481763311894E-4
4.8053692132653134E-4
4.805161486015841E-4
4.804826211685475E-4
4.804364599772367E-4
4.803777852206133E-4
4.803067163383793E-4
4.8022337202055423E-4
4.801278702110413E-4
4.800203281111793E-4
4.799008621832828E-4
4.797695881541661E-4
4.796266210186588E-4
4.79472075043103E-4
4.7930606376884403E-4
4.7912870001570127E-4
4.789400958854321E-4
4.787403627651796E-4
4.785296113309073E-4
4.7830795155082313E-4
4.780754926887908E-4
4.7783234330772483E-4
4.7757861127297824E-4
4.773144037557131E-4
4.7703982723626084E-4
4.7675498750747013E-4
4.7645998967803943E-4
4.761549381758422E-4
4.758399367512344E-4
4.755150884803536E-4
4.751804957684018E-4
4.7483626035292153E-4
4.744824833070522E-4
4.7411926504278135E-4
4.7374670531417934E-4
4.733649032206234E-4
4.729739572100084E-4
4.7257396508194795E-4
4.721650239909599E-4
4.71747230449643E-4
4.7132068033183965E-4
4.7088546887578763E-4
4.704416906872584E-4
4.699894397426858E-4
4.6952880939228077E-4
4.690598923631359E-4
4.6858278076231655E-4
4.6809756607994014E-4
4.676043391922478E-4
4.6710319036465776E-4
4.665942092548108E-4
4.660774849156053E-4
4.6555310579821763E-4
4.6502115975511255E-4
4.644817340430418E-4
4.639349153260312E-4
4.6338078967835786E-4
4.628194425875109E-4
4.622509589571484E-4
4.6167542311003387E-4
4.61092918790971E-4
4.6050352916972103E-4
4.599073368439083E-4
4.5930442384191936E-4
4.586948716257858E-4
4.5807876109405887E-4
4.5745617258467156E-4
4.5682718587779225E-4
4.561918801986631E-4
4.555503342204299E-4
4.549026260669608E-4
4.542488333156546E-4
4.535890330002355E-4
4.5292330161354034E-4
4.5225171511029143E-4
4.5157434890986313E-4
4.5089127789903254E-4
4.5020257643472203E-4
4.4950831834673194E-4
4.488085769404605E-4
4.4810342499961324E-4
4.4739293478890385E-4
4.466771780567421E-4
4.459562260379116E-4
4.4523014945623907E-4
4.444990185272487E-4
4.4376290296081126E-4
4.4302187196377916E-4
4.4227599424261055E-4
4.415253380059876E-4
4.407699709674192E-4
4.400099603478361E-4
4.3924537287817506E-4
4.384762748019525E-4
4.3770273187782835E-4
4.369248093821594E-4
4.361425721115417E-4
4.353560843853471E-4
4.3456541004824263E-4
4.3377061247271164E-4
4.329717545615636E-4
4.321688987504527E-4
4.313621070104343E-4
4.3055144085061956E-4
4.297369613211053E-4
4.289187290165859E-4
4.2809680408158727E-4
4.2727124621947386E-4
4.2644211470993444E-4
4.2560946844497196E-4
4.247733660040637E-4
4.239338658096E-4
4.2309102644148226E-4
4.22244907256267E-4
4.2139556956766487E-4
4.205430788210231E-4
4.1968750845309465E-4
4.1882894647630504E-4
4.1796750623915253E-4
4.1710334320793684E-4
4.1623667981739406E-4
4.1536784016967193E-4
4.144972952558594E-4
4.136257170677871E-4
4.127540362809084E-4
4.1188349338898314E-4
4.110156682324188E-4
4.101524695663595E-4
4.0929606698962334E-4
4.084487543120273E-4
4.0761274698379173E-4
4.067899346669761E-4
4.0598162846418166E-4
4.051883537305146E-4
4.0440973731461203E-4
4.036445200126746E-4
4.028906949635665E-4
4.021457407737519E-4
4.0140689662177356E-4
4.006714238384036E-4
3.9993681416682347E-4
3.9920092984398756E-4
3.984620818679651E-4
3.977190613544021E-4
3.969711348310559E-4
3.9621800574938577E-4
6.221826217546817E-4
6.191585114717796E-4
6.161465004738598E-4
6.131469860586929E-4
6.101603116226573E-4
6.071867238933973E-4
6.042263671424395E-4
6.012793015224329E-4
5.983455302272118E-4
5.95425024080548E-4
5.925177384971007E-4
5.896236228642414E-4
5.867426247401637E-4
5.838746913547962E-4
5.810197700251706E-4
5.781778082390888E-4
5.753487536657208E-4
5.725325541558045E-4
5.697291577411174E-4
5.669385126339584E-4
5.64160567226626E-4
5.613952700908962E-4
5.586425699775084E-4
5.559024158156438E-4
5.53174756712412E-4
5.504595419523354E-4
5.477567209968344E-4
5.450662434837161E-4
5.423880592266628E-4
5.397221182147213E-4
5.370683706117933E-4
5.344267667561301E-4
5.317972571598226E-4
5.291797925082979E-4
5.265743236598157E-4
5.239808016449624E-4
5.213991776661517E-4
5.188294030971221E-4
5.162714294824387E-4
5.137252085369951E-4
5.111906921455132E-4
5.086678323620496E-4
5.061565814095E-4
5.036568916791053E-4
5.01168715729959E-4
4.986920062885156E-4
4.962267162481002E-4
4.937727986684193E-4
4.91330206775072E-4
4.888988939590646E-4
4.8647881377632377E-4
4.840699199472119E-4
4.8167216635604243E-4
4.792855070506015E-4
4.769098962416614E-4
4.745452883025038E-4
4.721916377684406E-4
4.698488993363334E-4
4.6751702786412E-4
4.6519597837033766E-4
4.6288570603364784E-4
4.605861661923627E-4
4.5829731434397395E-4
4.5601910614468196E-4
4.537514974089231E-4
4.514944441089044E-4
4.4924790237413196E-4
4.4701182849094754E-4
4.447861789020612E-4
4.4257091020608665E-4
4.403659791570794E-4
4.381713426640715E-4
4.359869577906137E-4
4.3381278175431287E-4
4.3164877192637473E-4
4.294948858311437E-4
4.2735108114564817E-4
4.2521731569914345E-4
4.2309354747265785E-4
4.2097973459853807E-4
4.1887583535999833E-4
4.16781808190667E-4
4.1469761167413767E-4
4.1262320454351834E-4
4.105585456809856E-4
4.085035941173348E-4
4.064583090315361E-4
4.0442264975028747E-4
4.023965757475734E-4
4.003800466442186E-4
3.9837302220744816E-4
3.963754623504485E-4
3.9438732713192355E-4
3.924085767556597E-4
3.904391715700857E-4
3.884790720678382E-4
3.865282388853239E-4
3.8458663280228894E-4
3.826542147413796E-4
3.807309457677162E-4
3.7881678708845705E-4
3.7691170005237133E-4
3.750156461494076E-4
3.731285870102662E-4
3.712504844059741E-4
3.693813002474551E-4
3.675209965851078E-4
3.6566953560837975E-4
3.638268796453455E-4
3.6199299116228435E-4
3.601678327632583E-4
3.583513671896935E-4
3.565435573199603E-4
3.5474436616895626E-4
3.529537568876872E-4
3.5117169276285435E-4
3.4939813721643657E-4
3.4763305380527867E-4
3.458764062206762E-4
3.4412815828796674E-4
3.4238827396611596E-4
3.406567173473086E-4
3.389334526565409E-4
3.37218444251212E-4
3.3551165662071535E-4
3.338130543860359E-4
3.3212260229934274E-4
3.3044026524358674E-4
3.2876600823209624E-4
3.2709979640817744E-4
3.2544159504471016E-4
3.237913695437511E-4
3.221490854361322E-4
3.205147083810645E-4
3.1888820416574136E-4
3.1726953870494026E-4
3.156586780406303E-4
3.140555883415764E-4
3.124602359029466E-4
3.108725871459205E-4
3.0929260861729753E-4
3.077202669891072E-4
3.0615552905821825E-4
3.0459836174595307E-4
3.030487320976987E-4
3.0150660728252065E-4
2.9997195459277793E-4
2.984447414437376E-4
2.969249353731928E-4
2.954125040410786E-4
2.9390741522909264E-4
2.924096368403113E-4
2.909191368988137E-4
2.894358835493012E-4
2.8795984505672264E-4
2.8649098980590074E-4
2.850292863011701E-4
2.835747031660343E-4
2.821272091428797E-4
2.8068677309281735E-4
2.7925336399585253E-4
2.778269509518049E-4
2.764075031829825E-4
2.7499499004075297E-4
2.73589381020615E-4
2.7219064579517396E-4
2.707987542837E-4
2.6941367679393625E-4
2.680353843016416E-4
2.666638489829645E-4
2.65299045192511E-4
2.639409511933389E-4
2.6258955209562825E-4
2.612448446355258E-4
2.599068445849539E-4
2.5857559764768295E-4
2.572511945408336E-4
2.5593379042274024E-4
2.54623627753418E-4
2.5332105999954806E-4
2.52026571467687E-4
2.5074078643550363E-4
2.494644594791673E-4
2.4819843952205556E-4
2.469436035834926E-4
2.4570076273912003E-4
2.4447055145673514E-4
2.4325331986853617E-4
2.42049053356489E-4
2.4085734199972485E-4
2.396774127752286E-4
2.3850822182023778E-4
2.3734858748478705E-4
2.3619733354063028E-4
2.350534104409503E-4
2.3391597160311964E-4
2.3278439738759103E-4
2.316582751420759E-4
2.305373534074981E-4
2.2942148968490468E-4
0.04580009141373071
