0.0010169977021861733
0.002034216435237289
0.0030507395567539956
0.004065870417511352
0.005079535140084888
0.006092473559184694
0.007106043403724229
0.008121636616762894
0.009139971298093314
0.01016066186674546
0.010165303151803246
0.010168721960880204
0.010169948068375385
0.010168447473523875
0.010164256435972407
0.010158088398114874
0.01015130268820656
0.010145616818195936
0.010142551703702913
0.010142816811856322
0.010146002474476985
0.01015079050420182
0.010155478302225464
0.010158421510555331
0.010158294950016208
0.010154372853037642
0.010146885141931987
0.010137222172836888
0.010127700837501329
0.01012078294217864
0.010118050869486365
0.010119569095749681
0.010124035365979391
0.010129443395002616
0.010133654349542554
0.010134723048518946
0.010131288837165166
0.010123131153429957
0.01011156853949438
0.010099279613081926
0.010089388163939748
0.010084142958606782
0.01008402746824248
0.010087849793595716
0.010093482380802434
0.010098503352138924
0.010100551742227331
0.010097782067460126
0.010089545267899739
0.010076913150118829
0.010062850928218051
0.010051027638135033
0.010044218461916552
0.010043223353175442
0.01004690252388317
0.010052949647368192
0.01005857520774452
0.010060894493867897
0.01005743095791252
0.010046863280671175
0.010032996176686933
0.010019733173309432
0.0100104951590899
0.01000708959761988
0.010008989895373051
0.010013629497708072
0.010017336318346007
0.010016112128409216
0.010006078665824661
0.009983991406604619
0.009985200367635526
0.009996071815147977
0.010007766813434665
0.010014726460059941
0.010012871612882815
0.00999835622546148
0.009967347288734432
0.009916439010767974
0.009842987594541113
0.009745211862925322
0.01003230630648327
0.010183082139968833
0.010220210969799637
0.010164573114597618
0.010034769051233253
0.009846434786265092
0.009611996504923002
0.009341129228437052
0.009041553202386763
0.008719652971879724
0.012890577292878307
0.011718713146842839
0.010651447541942635
0.009679912124215295
0.008796448264670827
0.00799406420064617
0.0072659644032346486
0.006605394251703226
0.006005809538371203
0.005461133139816305
0.054578378447887405
