4.889961877931145E-6
9.767040892692193E-6
1.4631224950649948E-5
1.9482501965682725E-5
2.432085985822191E-5
2.9146286554292707E-5
3.3958769984553706E-5
3.8758298083335654E-5
4.354485878767925E-5
4.831844003637243E-5
5.307902976898629E-5
5.7826615924910844E-5
6.256118644238986E-5
6.728272925755506E-5
7.199123230345976E-5
7.66866835091122E-5
8.136907079850802E-5
8.603838208966254E-5
9.069460529364288E-5
9.53377283135994E-5
9.996773904379697E-5
1.0458462536864638E-4
1.0918837516173497E-4
1.1377897628485811E-4
1.1835641658704946E-4
1.2292068390361237E-4
1.2747176605515078E-4
1.3200965084660075E-4
1.3653432606626254E-4
1.4104577948483463E-4
1.4554399885445085E-4
1.5002897190772687E-4
1.545006863568257E-4
1.589591298925715E-4
1.6340429018367122E-4
1.6783615487618505E-4
1.7225471159355366E-4
1.766599479378641E-4
1.8105185149380821E-4
1.8543040983841314E-4
1.8979561056292637E-4
1.941474413198466E-4
1.9848588992104564E-4
2.0281094453777936E-4
2.07122594100034E-4
2.1142082907824774E-4
2.1570564298371863E-4
2.1997703519163693E-4
2.2423501614545965E-4
2.2847961675209597E-4
2.3271090497824679E-4
2.3692901451363054E-4
2.4113419312391733E-4
2.4532688223304105E-4
2.4950784454708813E-4
2.5367836316030464E-4
2.578405431623114E-4
2.619977541952951E-4
2.661552575634783E-4
2.703210609219891E-4
2.745070323877626E-4
2.78730278138902E-4
2.830147371514077E-4
2.8739286953217925E-4
2.9190721172053075E-4
2.966114519822047E-4
3.015705643899136E-4
3.0685946361592363E-4
3.125596521282604E-4
3.1875347423206227E-4
3.2551590386615143E-4
3.3290427856623613E-4
3.409470010906363E-4
3.496328487933796E-4
3.5890298703034957E-4
3.68647880099886E-4
3.7871086951910286E-4
3.888991908233876E-4
3.9900174228618863E-4
4.088113055436577E-4
4.181475888858257E-4
4.268768706784558E-4
4.349244606742561E-4
4.422776692493695E-4
4.4897912529887464E-4
4.551124925046445E-4
4.6078422488472044E-4
4.6610550136570175E-4
4.711778017623891E-4
4.7608406690073294E-4
4.8088562138103036E-4
4.856236292503216E-4
4.903231656597581E-4
4.94998047248381E-4
4.996551210196449E-4
5.042974130247915E-4
5.089261016750561E-4
5.135415838549213E-4
5.181439709550905E-4
5.227332859399395E-4
5.273095291566755E-4
5.318726963570523E-4
5.364227825920972E-4
5.409597828354202E-4
5.454836920481918E-4
5.499945051815336E-4
5.544922171754457E-4
5.589768229577344E-4
5.634483174429352E-4
5.679066955312457E-4
5.723519521074459E-4
5.767840820398302E-4
5.81203080179133E-4
5.856089413574549E-4
5.900016603871925E-4
5.943812320599666E-4
5.987476511455489E-4
6.031009123907933E-4
6.074410105185658E-4
6.117679402266715E-4
6.160816961867895E-4
6.203822730434038E-4
6.246696654127326E-4
6.289438678816666E-4
6.33204875006698E-4
6.374526813128587E-4
6.416872812926565E-4
6.459086694050124E-4
6.501168400741955E-4
6.543117876887664E-4
6.58493506600516E-4
6.626619911234067E-4
6.668172355325197E-4
6.70959234062995E-4
6.750879809089783E-4
6.792034702225724E-4
6.833056961127792E-4
6.873946526444614E-4
6.914703338372849E-4
6.955327336646774E-4
6.995818460527856E-4
7.036176648794312E-4
7.076401839730723E-4
7.116493971117656E-4
7.156452980221292E-4
7.196278803783082E-4
7.23597137800947E-4
7.275530638561565E-4
7.314956520544874E-4
7.354248958499069E-4
7.344508267608445E-4
7.334762828661341E-4
7.325012695375042E-4
7.315257920785061E-4
7.305498557244749E-4
7.295734656424704E-4
7.285966269312362E-4
7.27619344621156E-4
7.266416236742143E-4
7.256634689839628E-4
7.246848853754934E-4
7.237058776054073E-4
7.227264503617945E-4
7.217466082642161E-4
7.207663558636886E-4
7.197856976426744E-4
7.188046380150752E-4
7.17823181326229E-4
7.16841331852914E-4
7.158590938033516E-4
7.148764713172197E-4
7.138934684656651E-4
7.129100892513222E-4
7.119263376083366E-4
7.109422174023905E-4
7.099577324307379E-4
7.089728864222346E-4
7.079876830373844E-4
7.070021258683805E-4
7.060162184391593E-4
7.05029964205462E-4
7.040433665549086E-4
7.030564288071073E-4
7.020691542138249E-4
7.010815459593016E-4
7.000936071608826E-4
6.991053408703504E-4
6.981167500767772E-4
6.971278377126641E-4
6.961386066670423E-4
6.95149059813113E-4
6.941592000657592E-4
6.931690304994007E-4
6.921785545856584E-4
6.91187776664718E-4
6.90196702864193E-4
6.892053428588496E-4
6.882137131795615E-4
6.87221843319087E-4
6.86229786781012E-4
6.852376406740259E-4
6.842455797393541E-4
6.832539141658385E-4
6.822631856033027E-4
6.812743228308193E-4
6.802888878269024E-4
6.793094543931874E-4
6.783401741242227E-4
6.77387596289011E-4
6.764618152269003E-4
6.755780150872034E-4
6.7475845879391E-4
6.740349159969372E-4
6.734514336944732E-4
6.730672170022145E-4
6.729592086379295E-4
6.732237511263562E-4
6.739765226245645E-4
6.753498151184824E-4
6.774862502055762E-4
6.805282846165855E-4
6.846034060143101E-4
6.898057657965755E-4
6.961760570633265E-4
7.036825300516832E-4
7.122068507390819E-4
7.215387094371736E-4
7.31382383924235E-4
7.413767410872502E-4
7.511275958354552E-4
7.602484422813731E-4
7.684030951781936E-4
7.753425501249726E-4
7.809289751144623E-4
7.851422610361041E-4
7.880684253758862E-4
7.898732979420708E-4
7.907680647216661E-4
7.909744494655404E-4
7.906962984208755E-4
7.901016184322944E-4
7.893157755393133E-4
7.884237508465989E-4
7.874778488295243E-4
7.865072043230138E-4
7.855264221647179E-4
7.845420385010646E-4
7.835566374789744E-4
7.825711099914257E-4
7.815857203404403E-4
7.806005361914716E-4
7.796155742123524E-4
7.786308405220166E-4
7.776463395562684E-4
7.766620755084339E-4
7.756780524838886E-4
7.746942745083034E-4
7.737107455276851E-4
7.727274694084152E-4
7.717444499372977E-4
7.70761690821607E-4
7.697791956891427E-4
7.687969680882913E-4
7.678150114880808E-4
7.66833329278253E-4
7.658519247693318E-4
7.648708011926976E-4
7.638899617006658E-4
7.629094093665699E-4
7.619291471848464E-4
7.609491780711285E-4
7.5996950486234E-4
7.589901303167939E-4
7.580110571142954E-4
7.570322878562505E-4
7.560538250657756E-4
7.550756711878171E-4
7.540978285892652E-4
7.531202995590867E-4
7.521430863084418E-4
7.511661909708273E-4
7.501896156022076E-4
7.492133621811553E-4
7.482374326089985E-4
7.472618287099684E-4
7.462865522313532E-4
7.453116048436553E-4
7.443369881407537E-4
7.433627036400684E-4
7.423887527827334E-4
7.414151369337681E-4
7.404418573822581E-4
7.394689153415352E-4
7.384963119493703E-4
7.375240482681583E-4
7.365521252851153E-4
7.355805439124836E-4
7.346093049877286E-4
7.336384092737491E-4
7.326678574590944E-4
7.316976501581761E-4
7.307277879114914E-4
7.297582711858505E-4
7.28789100374605E-4
7.278202757978894E-4
7.268517977028573E-4
7.25883666263931E-4
7.249158815830522E-4
7.239484436899419E-4
7.229813525423617E-4
7.220146080263829E-4
7.210482099566606E-4
7.200821580767172E-4
7.191164520592266E-4
7.181510915063025E-4
7.171860759498075E-4
7.162214048516461E-4
7.15257077604083E-4
7.142930935300568E-4
7.133294518834984E-4
7.123661518496713E-4
7.11403192545494E-4
7.104405730198901E-4
7.094782922541341E-4
7.085163491622027E-4
7.075547425911357E-4
7.065934713214054E-4
7.056325340672871E-4
7.046719294772364E-4
7.037116561342766E-4
7.027517125563914E-4
7.01792097196922E-4
7.008328084449784E-4
6.998738446258607E-4
6.989152040015077E-4
6.979568847709919E-4
6.969988850711241E-4
6.960412029772908E-4
6.95083836504823E-4
6.941267836115108E-4
6.931700422026484E-4
6.922136101414863E-4
6.91257485271139E-4
6.903016654603278E-4
6.893461486978932E-4
6.883909332854267E-4
6.874360182237101E-4
6.864814039750985E-4
6.855270939412745E-4
6.845730972757998E-4
6.836194341367284E-4
6.826661453058661E-4
6.817133094504911E-4
6.807610734523354E-4
6.798097045358999E-4
6.788596778249565E-4
6.779118198881862E-4
6.769675381308212E-4
6.760291775203812E-4
6.7510055933729E-4
6.741877693972974E-4
6.733002716228564E-4
6.724524206604743E-4
6.716654255662449E-4
6.709697645146379E-4
6.704079570110853E-4
6.700374577543478E-4
6.699332468113321E-4
6.701894719431131E-4
6.709192912017629E-4
6.7225193346381E-4
6.743260287532869E-4
6.772785514927113E-4
6.812293360598299E-4
6.862620681576388E-4
6.924038246913325E-4
6.996063966925819E-4
7.077334371304154E-4
7.165575363388088E-4
7.257703315759999E-4
7.350066286513018E-4
7.438805389493912E-4
7.520284885682967E-4
7.591515694456907E-4
7.650489780235444E-4
7.696357352218856E-4
7.729413287213611E-4
7.750904505701378E-4
7.762712255611285E-4
7.766988782534437E-4
7.765828974866412E-4
7.761035709820585E-4
7.754002590763376E-4
7.745703128930309E-4
7.736752501536474E-4
7.727501520486787E-4
7.718129797236948E-4
7.708719252979108E-4
7.69930281507402E-4
7.689891974309986E-4
7.680490138148622E-4
7.671098133862743E-4
7.66171610927122E-4
7.652344069871095E-4
7.642981998422213E-4
7.633629874658176E-4
7.624287677430627E-4
7.614955384827775E-4
7.605632974177802E-4
7.596320422052303E-4
7.587017704269761E-4
7.577724795899076E-4
7.568441671263029E-4
7.559168303941938E-4
7.549904666777209E-4
7.540650731874972E-4
7.531406470609775E-4
7.522171853628254E-4
7.512946850852871E-4
7.503731431485671E-4
7.494525564012113E-4
7.485329216204824E-4
7.476142355127542E-4
7.466964947138956E-4
7.457796957896635E-4
7.448638352360984E-4
7.439489094799247E-4
7.430349148789522E-4
7.42121847722482E-4
7.412097042317129E-4
7.402984805601551E-4
7.393881727940455E-4
7.384787769527662E-4
7.375702889892648E-4
7.366627047904805E-4
7.357560201777735E-4
7.348502309073537E-4
7.339453326707186E-4
7.330413210950916E-4
7.321381917438595E-4
7.312359401170229E-4
7.303345616516431E-4
7.294340517222905E-4
7.285344056415032E-4
7.276356186602446E-4
7.267376859683669E-4
7.258406026950723E-4
7.249443639093862E-4
7.240489646206269E-4
7.23154399778881E-4
7.222606642755112E-4
7.213677529436863E-4
7.204756605589417E-4
7.195843818397674E-4
7.186939114482133E-4
7.178042439905241E-4
7.169153740177935E-4
7.160272960266373E-4
7.15140004459891E-4
7.14253493707319E-4
7.133677581063471E-4
7.12482791942809E-4
7.115985894517082E-4
7.107151448179948E-4
7.098324521773576E-4
7.089505056170241E-4
7.080692991765806E-4
7.071888268487942E-4
7.063090825804514E-4
7.054300602732068E-4
7.045517537844338E-4
7.036741569280921E-4
7.027972634755984E-4
7.019210671567018E-4
7.01045561660371E-4
7.001707406356822E-4
6.992965976927167E-4
6.984231264034583E-4
6.975503203026963E-4
6.966781728889356E-4
6.958066776253042E-4
6.949358279404684E-4
6.940656172295448E-4
6.931960388550209E-4
6.92327086147678E-4
6.914587524075133E-4
6.90591030904687E-4
6.89723914880488E-4
6.888573975483835E-4
6.879914720952289E-4
6.871261316828591E-4
6.862613694505513E-4
6.85397178519399E-4
6.84533552000859E-4
6.836704830142856E-4
6.82807964723407E-4
6.819459904121339E-4
6.810845536406056E-4
6.802236485619408E-4
6.793632705549856E-4
6.785034174665212E-4
6.776440920057608E-4
6.767853062727141E-4
6.759270901536302E-4
6.750695065676647E-4
6.742126785660636E-4
6.733568364261964E-4
6.725023975841581E-4
6.716500989705047E-4
6.70801210401775E-4
6.699578691221599E-4
6.691235886108819E-4
6.683040072811388E-4
6.675079506373926E-4
6.667488772224833E-4
6.660467549358824E-4
6.654303586744585E-4
6.649398815396369E-4
6.646296032394369E-4
6.645701646318034E-4
6.648497787251024E-4
6.655735129994256E-4
6.668596798910938E-4
6.688324657505359E-4
6.716103063009162E-4
6.752902340109316E-4
6.799294522955197E-4
6.85526581574463E-4
6.920060835219081E-4
6.992099120595986E-4
7.069000735248834E-4
7.147742708695516E-4
7.224942429393546E-4
7.297232872376828E-4
7.361666306574711E-4
7.416067717259105E-4
7.459264028450335E-4
7.491141688399169E-4
7.512526825660633E-4
7.524926160086609E-4
7.530198594659651E-4
7.530236607279703E-4
7.526721607617671E-4
7.520985976329E-4
7.513979674819251E-4
7.5063135400749E-4
7.498341224788024E-4
7.490246223600201E-4
7.482113212816424E-4
7.473976563625065E-4
7.46584834979936E-4
7.457732140656862E-4
7.449628763280248E-4
7.441538316199783E-4
7.433460744316148E-4
7.425395968069419E-4
7.417343904904276E-4
7.409304471622701E-4
7.401277584515318E-4
7.393263159365589E-4
7.38526111145397E-4
7.377271355562123E-4
7.369293805977164E-4
7.361328376495851E-4
7.353374980428873E-4
7.345433530605144E-4
7.337503939376044E-4
7.329586118619783E-4
7.321679979745754E-4
7.313785433698848E-4
7.305902390963898E-4
7.29803076157007E-4
7.290170455095311E-4
7.28232138067086E-4
7.274483446985704E-4
7.266656562291178E-4
7.258840634405466E-4
7.251035570718267E-4
7.243241278195391E-4
7.235457663383458E-4
7.227684632414599E-4
7.219922091011218E-4
7.212169944490742E-4
7.204428097770488E-4
7.196696455372509E-4
7.188974921428516E-4
7.181263399684771E-4
7.17356179350718E-4
7.16587000588623E-4
7.158187939442113E-4
7.15051549642985E-4
7.142852578744458E-4
7.135199087926164E-4
7.127554925165656E-4
7.119919991309424E-4
7.112294186865111E-4
7.104677412006893E-4
7.097069566580983E-4
7.089470550111122E-4
7.081880261804143E-4
7.07429860059476E-4
7.066725465188639E-4
7.059160754103717E-4
7.051604365709792E-4
7.04405619826656E-4
7.036516149960055E-4
7.028984118937459E-4
7.021460003340592E-4
7.013943701337741E-4
7.006435111154287E-4
6.998934131101821E-4
6.991440659605972E-4
6.983954595233042E-4
6.97647583671521E-4
6.969004282974748E-4
6.961539833146904E-4
6.954082386601715E-4
6.946631842964741E-4
6.939188102136705E-4
6.931751064312149E-4
6.924320629997041E-4
6.916896700025493E-4
6.909479175575514E-4
6.902067958183853E-4
6.894662949760006E-4
6.887264052599419E-4
6.879871169395824E-4
6.872484203252852E-4
6.865103057694869E-4
6.857727636677124E-4
6.850357844595195E-4
6.842993586293741E-4
6.83563476707467E-4
6.828281292704654E-4
6.820933069422074E-4
6.813590003943402E-4
6.80625200346908E-4
6.798918975688839E-4
6.79159082878672E-4
6.784267471445785E-4
6.776948812852865E-4
6.769634762704146E-4
6.762325231213214E-4
6.755020129125211E-4
6.747719367745359E-4
6.74042285899986E-4
6.73313051556768E-4
6.72584225116496E-4
6.718557981151466E-4
6.711277623804221E-4
6.704001102947607E-4
6.696728353288801E-4
6.689459331042096E-4
6.682194034680891E-4
6.674932544668378E-4
6.667675097958893E-4
6.66042222470614E-4
6.653174993510581E-4
6.645935441079979E-4
6.638707306453255E-4
6.631497253090052E-4
6.624316846907016E-4
6.617185663462881E-4
6.610136013522104E-4
6.603219880028347E-4
6.596518708109221E-4
6.590156615519662E-4
6.584317302003636E-4
6.579264326714387E-4
6.575363400171457E-4
6.573103867830783E-4
6.573114737458256E-4
6.576168709373689E-4
6.583166240749158E-4
6.595091479572975E-4
6.612933818321825E-4
6.637573564837174E-4
6.66963798401114E-4
6.709343930249002E-4
6.756353417095672E-4
6.809675562892923E-4
6.867648759168797E-4
6.928027796643168E-4
6.988181581996198E-4
7.045381070998378E-4
7.097130825473222E-4
7.141479881694861E-4
7.177246034708125E-4
7.204105257597292E-4
7.222531014254788E-4
7.23360656643642E-4
7.23876411332328E-4
7.239517366487309E-4
7.237245669750503E-4
7.233063153618649E-4
7.227776528491511E-4
7.221911283615737E-4
7.215775066528119E-4
7.209529056227635E-4
7.203248256527292E-4
7.196963320239508E-4
7.19068505600045E-4
7.184416641021327E-4
7.178158773741425E-4
7.171911489748983E-4
7.165674684066206E-4
7.159448229254133E-4
7.153231995150965E-4
7.147025851044588E-4
7.140829665792188E-4
7.134643307822057E-4
7.128466645135504E-4
7.122299545309047E-4
7.116141875496802E-4
7.109993502433057E-4
7.103854292435097E-4
7.097724111406201E-4
7.091602824838899E-4
7.085490297818383E-4
7.079386395026184E-4
7.073290980744017E-4
7.067203918857878E-4
7.061125072862316E-4
7.055054305864937E-4
7.048991480591102E-4
7.042936459388872E-4
7.036889104234095E-4
7.030849276735774E-4
7.02481683814156E-4
7.018791649343547E-4
7.012773570884167E-4
7.006762462962379E-4
7.00075818544E-4
6.994760597848269E-4
6.988769559394569E-4
6.982784928969391E-4
6.976806565153465E-4
6.970834326225103E-4
6.964868070167694E-4
6.958907654677462E-4
6.952952937171311E-4
6.94700377479494E-4
6.941060024431127E-4
6.935121542708142E-4
6.929188186008381E-4
6.923259810477202E-4
6.917336272031853E-4
6.911417426370661E-4
6.905503128982356E-4
6.899593235155512E-4
6.893687605907816E-4
6.887786107759291E-4
6.881888612511273E-4
6.875994997030952E-4
6.870105143041425E-4
6.864218936917167E-4
6.858336269484777E-4
6.852457035828995E-4
6.846581135103791E-4
6.840708470348484E-4
6.834838948308907E-4
6.828972479263287E-4
6.823108976852991E-4
6.817248357917946E-4
6.811390542336577E-4
6.805535452870424E-4
6.799683015012998E-4
6.793833156843125E-4
6.787985808882513E-4
6.782140903957519E-4
6.776298377065005E-4
6.770458165242296E-4
6.764620207440997E-4
6.758784444404772E-4
6.752950818550946E-4
6.747119273855754E-4
6.741289755743358E-4
6.735462210978398E-4
6.729636587562068E-4
6.723812834631683E-4
6.717990902363616E-4
6.71217074187954E-4
6.70635230515593E-4
6.700535544936796E-4
6.694720414649462E-4
6.68890686832347E-4
6.683094860512445E-4
6.67728434621897E-4
6.671475280822225E-4
6.665667620008585E-4
6.659861319704985E-4
6.654056336015135E-4
6.648252625158815E-4
6.642450143414636E-4
6.636648847067664E-4
6.630848692364648E-4
6.625049635483812E-4
6.619251632534115E-4
6.613454639617188E-4
6.607658613023104E-4
6.601863509709941E-4
6.596069288377041E-4
6.590275911757846E-4
6.584483351370033E-4
6.578691597112932E-4
6.572900676216558E-4
6.567110689815616E-4
6.561321881935731E-4
6.555534766567285E-4
6.549750356043173E-4
6.543970561057029E-4
6.538198872656441E-4
6.532441492315681E-4
6.526709148658476E-4
6.521019924873963E-4
6.515403507217916E-4
6.509907326945852E-4
6.504605062698567E-4
6.499607835260763E-4
6.495078083687061E-4
6.491245482032905E-4
6.488423288708138E-4
6.487022238766278E-4
6.487557645455081E-4
6.490644102228011E-4
6.496971595143931E-4
6.507257609270672E-4
6.522172574458315E-4
6.542241073784849E-4
6.567728314406226E-4
6.598529190069023E-4
6.634083634859382E-4
6.673344084436785E-4
6.714816223745431E-4
6.756681805132679E-4
6.796993741980899E-4
6.833913411688076E-4
6.865944634011952E-4
6.892114434378809E-4
6.912060795429149E-4
6.926010419998847E-4
6.93465816851775E-4
6.938984557735075E-4
6.940059970954616E-4
6.938880460620127E-4
6.936263148063776E-4
6.932807039104838E-4
6.92890634523599E-4
6.924793874801788E-4
6.920592502853577E-4
6.916359751285445E-4
6.91211921460599E-4
6.90787919337992E-4
6.903642067761203E-4
6.899408283232901E-4
6.895177764677916E-4
6.89095032546901E-4
6.886725760472455E-4
6.882503861685669E-4
6.878284419990541E-4
6.874067225277193E-4
6.869852066474102E-4
6.865638731578451E-4
6.861427007687002E-4
6.857216681027194E-4
6.853007536988564E-4
6.848799360154589E-4
6.844591934334684E-4
6.840385042596552E-4
6.836178467298727E-4
6.831971990123433E-4
6.827765392109621E-4
6.823558453686215E-4
6.819350954705532E-4
6.815142674476934E-4
6.810933391800612E-4
6.806722885001516E-4
6.802510931963408E-4
6.798297310163084E-4
6.794081796704601E-4
6.789864168353772E-4
6.78564420157255E-4
6.781421672553597E-4
6.777196357254875E-4
6.772968031434281E-4
6.768736470684339E-4
6.764501450466834E-4
6.76026274614754E-4
6.75602013303092E-4
6.75177338639476E-4
6.747522281524848E-4
6.743266593749584E-4
6.739006098474517E-4
6.734740571216888E-4
6.730469787640051E-4
6.726193523587822E-4
6.721911555118784E-4
6.717623658540436E-4
6.713329610443287E-4
6.709029187734816E-4
6.704723061561804E-4
6.700411873687404E-4
6.696096237121694E-4
6.691776736743101E-4
6.687453929910711E-4
6.683128347067725E-4
6.678800492335949E-4
6.674470844101678E-4
6.670139855592754E-4
6.665807955447231E-4
6.661475548273466E-4
6.657143015201899E-4
6.652810714428532E-4
6.648478981750269E-4
6.644148131092137E-4
6.639818455026517E-4
6.6354902252845E-4
6.631163693259387E-4
6.626839090502501E-4
6.62251662921138E-4
6.618196502710356E-4
6.613878885923737E-4
6.609563935841608E-4
6.605251791978314E-4
6.60094257682374E-4
6.596636396287533E-4
6.592333340136192E-4
6.588033482423277E-4
6.583736881912713E-4
6.57944358249531E-4
6.575153613598561E-4
6.570866990589814E-4
6.566583715172888E-4
6.562303775778198E-4
6.558027147946519E-4
6.55375379470635E-4
6.549483666945129E-4
6.545216703774162E-4
6.540952832887576E-4
6.536691970915144E-4
6.532434023769197E-4
6.528178886985699E-4
6.523926446059551E-4
6.519676576774298E-4
6.515429145526494E-4
6.511184009645374E-4
6.506941017709085E-4
6.502700009860422E-4
6.498460818128886E-4
6.494223266774076E-4
6.489987172683818E-4
6.485752345899087E-4
6.481518590418287E-4
6.47728570559629E-4
6.473053488775134E-4
6.468821740400933E-4
6.46459027403377E-4
6.460358935743779E-4
6.456127641044249E-4
6.451896443704612E-4
6.447665660882555E-4
6.443436094802544E-4
6.439209414760642E-4
6.434988796484237E-4
6.430779959731513E-4
6.426592797853996E-4
6.422443848470896E-4
6.418359898430315E-4
6.414383024439741E-4
6.410577306618108E-4
6.407037268621669E-4
6.403897744466018E-4
6.401344310728358E-4
6.399622653799425E-4
6.399044337862269E-4
6.399985579340358E-4
6.402875121527609E-4
6.40816754682159E-4
6.416299790525193E-4
6.427631514768904E-4
6.44237428829777E-4
6.460519552361349E-4
6.481779835477694E-4
6.505559829711951E-4
6.530972002291654E-4
6.556904432030917E-4
6.582137154093753E-4
6.605490049233738E-4
6.625974340449802E-4
6.642915387747755E-4
6.656019385211906E-4
6.665370248073458E-4
6.671361367141181E-4
6.674583718788184E-4
6.675701137292607E-4
6.675342480812076E-4
6.674030338321751E-4
6.672151676862979E-4
6.669963237360486E-4
6.667617625951748E-4
6.665195755946095E-4
6.662735555101627E-4
6.660252477061726E-4
6.657751783706449E-4
6.655234772077354E-4
6.652701439303021E-4
6.650151433333251E-4
6.647584329363004E-4
6.644999693001714E-4
6.64239709099736E-4
6.6397760925077E-4
6.637136269255667E-4
6.634477195618013E-4
6.631798448711773E-4
6.629099608478438E-4
6.626380257766069E-4
6.62363998240912E-4
6.620878371306302E-4
6.61809501649626E-4
6.615289513231185E-4
6.612461460048494E-4
6.609610458840382E-4
6.606736114921509E-4
6.603838037094651E-4
6.60091583771447E-4
6.597969132749419E-4
6.594997541841734E-4
6.592000688365583E-4
6.588978199483418E-4
6.585929706200563E-4
6.582854843417946E-4
6.579753249983224E-4
6.576624568740049E-4
6.573468446575772E-4
6.570284534467386E-4
6.56707248752589E-4
6.563831965039005E-4
6.560562630512258E-4
6.557264151708613E-4
6.553936200686423E-4
6.55057845383591E-4
6.547190591914202E-4
6.543772300078747E-4
6.540323267919418E-4
6.536843189489129E-4
6.533331763332972E-4
6.529788692516054E-4
6.526213684649951E-4
6.522606451917733E-4
6.518966711097768E-4
6.515429165914981E-4
6.511989946193478E-4
6.508645246503264E-4
6.505391325402432E-4
6.502224504686363E-4
6.499141168643822E-4
6.49613776332009E-4
6.493210795786848E-4
6.49035683341892E-4
6.487572503177787E-4
6.484854490901712E-4
6.48219954060261E-4
6.479604453769503E-4
6.477066088678436E-4
6.474581359708996E-4
6.472147236667232E-4
6.469760744114934E-4
6.467418960705291E-4
6.46511901852487E-4
6.462858102441774E-4
6.460633449460049E-4
6.458442348080232E-4
6.456282137665958E-4
6.454150207816663E-4
6.452043997746305E-4
6.449960995667944E-4
6.447898738184352E-4
6.44585480968441E-4
6.443826841745348E-4
6.44181251254076E-4
6.439809546254294E-4
6.437815712499107E-4
6.43582882574286E-4
6.433846744738388E-4
6.431867371959839E-4
6.429888653044376E-4
6.427908576239267E-4
6.425925171854482E-4
6.423936511720522E-4
6.421940708651726E-4
6.419935915914775E-4
6.417920326702425E-4
6.415892173612491E-4
6.41384972813203E-4
6.411791300126639E-4
6.409715237335046E-4
6.407619924869178E-4
6.405503784720255E-4
6.403365275272518E-4
6.401202890828054E-4
6.399015161151157E-4
6.396800651050561E-4
6.394557960040526E-4
6.392285722167814E-4
6.389982606186098E-4
6.387647316446831E-4
6.385278595235477E-4
6.38287522795436E-4
6.380436053767114E-4
6.377959986437892E-4
6.37544605366049E-4
6.372893468928369E-4
6.370301758895999E-4
6.367670982276554E-4
6.365002094502948E-4
6.362297535887797E-4
6.359562148639939E-4
6.356804556058548E-4
6.354039157888725E-4
6.351288896466159E-4
6.34858891055586E-4
6.345991094688447E-4
6.343569397205855E-4
6.341425402249544E-4
6.33969334965957E-4
6.338543286056515E-4
6.338180594656689E-4
6.33883986677667E-4
6.340771157128306E-4
6.344217331853493E-4
6.349382643149338E-4
6.356394852536878E-4
6.365265896624992E-4
6.375858609709703E-4
6.387868451851531E-4
6.40082854315502E-4
6.414142928081144E-4
6.427147048483325E-4
6.439187137958536E-4
6.449703854938997E-4
6.458302414727656E-4
6.464793470616178E-4
6.469196031354488E-4
6.47170375232288E-4
6.472625559566712E-4
6.472317327758639E-4
6.471121357916689E-4
6.469325210486979E-4
6.467143620478825E-4
6.464720037146894E-4
6.462140209846793E-4
6.459449811970688E-4
6.456670323656033E-4
6.453810508968004E-4
6.450873344843145E-4
6.447859556469416E-4
6.444769138207548E-4
6.441601898460564E-4
6.438357618505535E-4
6.43503608868708E-4
6.431637114336443E-4
6.428160516218439E-4
6.424606130333818E-4
6.420973807686427E-4
6.417263414052702E-4
6.413474829753548E-4
6.409607949428521E-4
6.405662681812251E-4
6.401638949513217E-4
6.397536688794767E-4
6.393355849358352E-4
6.389096394129037E-4
6.384758299043149E-4
6.380341552838218E-4
6.375846156845007E-4
6.371272124781701E-4
6.366619482550325E-4
6.361888268035183E-4
6.357078530903473E-4
6.352190332407915E-4
6.347223745191562E-4
6.342178853094565E-4
6.337055750963015E-4
6.331854544459834E-4
6.326575349877646E-4
6.321218293953619E-4
6.31578351368634E-4
6.310271156154593E-4
6.304681378338095E-4
6.299014346940175E-4
6.293270238212375E-4
6.287449237780869E-4
6.28155154047487E-4
6.275577350156844E-4
6.269526879554561E-4
6.26340035009502E-4
6.25719799174015E-4
6.250920042824388E-4
6.244566749893937E-4
6.238138367547897E-4
6.252018272681005E-4
6.265416325907681E-4
6.278338248047202E-4
6.290789708762424E-4
6.302776326942718E-4
6.314303671084434E-4
6.325377259668822E-4
6.336002561537589E-4
6.346184996265948E-4
6.355929934533289E-4
6.365242698491422E-4
6.37412856213039E-4
6.382592751641946E-4
6.390640445780646E-4
6.398276776222548E-4
6.405506827921635E-4
6.412335639463843E-4
6.41876820341879E-4
6.424809466689254E-4
6.430464330858292E-4
6.435737652534069E-4
6.440634243692537E-4
6.44515887201774E-4
6.449316261239948E-4
6.453111091471523E-4
6.456547999540644E-4
6.459631579322739E-4
6.462366382069826E-4
6.464756916737588E-4
6.466807650310379E-4
6.468523008123985E-4
6.469907374186341E-4
6.470965091496075E-4
6.471700462358917E-4
6.472117748702091E-4
6.472221172386525E-4
6.472014915517057E-4
6.47150312075056E-4
6.470689891601979E-4
6.469579292748375E-4
6.468175350330936E-4
6.46648205225496E-4
6.464503348487846E-4
6.462243151355069E-4
6.459705335834279E-4
6.456893739847337E-4
6.453812164550631E-4
6.450464374623612E-4
6.446854098556113E-4
6.442985028935352E-4
6.438860822734783E-4
6.434485101610136E-4
6.429861452213808E-4
6.424993426552966E-4
6.419884542444558E-4
6.41453828417806E-4
6.408958103609491E-4
6.403147422125264E-4
6.397109634310628E-4
6.390848114863561E-4
6.38436623150592E-4
6.377667368639801E-4
6.370754969646318E-4
6.363632610454237E-4
6.356304123726026E-4
6.348773801936963E-4
6.341046718518305E-4
6.333129218009985E-4
6.325029636442251E-4
6.316759317853934E-4
6.308333985966555E-4
6.299775503903478E-4
6.291114001043687E-4
6.282390257226608E-4
6.273658107012631E-4
6.264986464683056E-4
6.256460390706256E-4
6.248180456530772E-4
6.240259571949443E-4
6.232816493328858E-4
6.225965516967381E-4
6.219802449487822E-4
6.214387848612736E-4
6.209729645955667E-4
6.205768353440718E-4
6.202368730477359E-4
6.19932160903721E-4
6.196358213876081E-4
6.193176779832563E-4
6.189478044620835E-4
6.185003229126218E-4
6.179566539105631E-4
6.173074883418827E-4
6.16553051083996E-4
6.157016781004947E-4
6.147671761031019E-4
6.137657163037653E-4
6.127130357577684E-4
6.116224962905923E-4
6.105041955848785E-4
6.09364989577896E-4
6.082090860594647E-4
6.07038840661274E-4
6.058554840521542E-4
6.046596517883144E-4
6.034517060918542E-4
6.022319007988168E-4
6.010004526003186E-4
5.997575666618765E-4
5.98503444130385E-4
5.972382838690504E-4
5.95962282763564E-4
5.94675635769275E-4
5.933785359276166E-4
5.920711743806515E-4
5.907537403855287E-4
5.894264213288511E-4
5.88089402740947E-4
5.867428683100535E-4
5.853869998964065E-4
5.84021977546248E-4
5.826479795057348E-4
5.812651822347679E-4
5.798737604207244E-4
5.784738869921113E-4
5.770657331321239E-4
5.756494682921195E-4
5.7422526020501E-4
5.727932748985596E-4
5.713536767086049E-4
5.699066282921863E-4
5.684522906405957E-4
5.6699082309234E-4
5.655223833460218E-4
5.640471274731367E-4
5.625652099307863E-4
5.610767835743121E-4
5.595819996698476E-4
5.580810079067846E-4
5.565739564101619E-4
5.550609917529765E-4
5.535422589684117E-4
5.520179015619823E-4
5.504880615236082E-4
5.489528793396034E-4
5.47412494004593E-4
5.458670430333437E-4
5.44316662472524E-4
5.427614869123879E-4
5.412016494983754E-4
8.474341699617735E-4
8.417650585130253E-4
8.361327638418282E-4
8.305370597374518E-4
8.249777212820655E-4
8.194545248439294E-4
8.139672480706182E-4
8.085156698822704E-4
8.030995704648803E-4
7.977187312636162E-4
7.923729349761734E-4
7.870619655461587E-4
7.817856081565064E-4
7.765436492229291E-4
7.71335876387398E-4
7.661620785116552E-4
7.610220456707582E-4
7.559155691466552E-4
7.508424414217922E-4
7.458024561727538E-4
7.40795408263927E-4
7.358210937412062E-4
7.308793098257211E-4
7.259698549075992E-4
7.210925285397599E-4
7.162471314317323E-4
7.114334654435111E-4
7.066513335794372E-4
7.019005399821108E-4
6.971808899263348E-4
6.924921898130855E-4
6.878342471635107E-4
6.832068706129676E-4
6.786098699050762E-4
6.740430558858113E-4
6.695062404976218E-4
6.649992367735729E-4
6.605218588315267E-4
6.560739218683443E-4
6.51655242154117E-4
6.472656370264297E-4
6.429049248846482E-4
6.385729251842379E-4
6.342694584311086E-4
6.299943461759865E-4
6.257474110088169E-4
6.215284765531974E-4
6.173373674608385E-4
6.131739094060705E-4
6.090379290804081E-4
6.049292541872206E-4
6.008477134366185E-4
5.96793136540809E-4
5.927653542104703E-4
5.887641981533619E-4
5.847895010777099E-4
5.808410967056436E-4
5.769188198071635E-4
5.730225062750134E-4
5.691519932787887E-4
5.653071195679894E-4
5.614877260466262E-4
5.576936568271211E-4
5.539247611018578E-4
5.501808963603237E-4
5.464619337374504E-4
5.42767766601273E-4
5.390983238483343E-4
5.354535897088782E-4
5.318336320570355E-4
5.282386411065703E-4
5.246689797406955E-4
5.211252453557182E-4
5.176083408194796E-4
5.141195489007808E-4
5.106606004501719E-4
5.072337220913308E-4
5.038416448919854E-4
5.004875524164771E-4
4.971749460469782E-4
4.939074091481617E-4
4.906882613686231E-4
4.8752011166452937E-4
4.844043438072273E-4
4.813405988814268E-4
4.7832634930904117E-4
4.753566777086563E-4
4.724243686076071E-4
4.6952038136472774E-4
4.6663469744769086E-4
4.6375743776899003E-4
4.6088005418958695E-4
4.57996348671557E-4
4.551030916308841E-4
4.5220010293432094E-4
4.492897998407267E-4
4.463763578705322E-4
4.4346472150596903E-4
4.405597104447341E-4
4.37665397450288E-4
4.347848212022736E-4
4.3191999038882635E-4
4.2907207109328107E-4
4.2624163977409124E-4
4.23428914973044E-4
4.206339263735151E-4
4.178566175503953E-4
4.1509689866214925E-4
4.1235466920934205E-4
4.0962982621434196E-4
4.069222666124738E-4
4.042318877986782E-4
4.0155858771774225E-4
3.989022648718605E-4
3.962628183184228E-4
3.936401476672455E-4
3.9103415307781655E-4
3.8844473525655003E-4
3.8587179545405774E-4
3.833152354624277E-4
3.807749576125215E-4
3.7825086477127727E-4
3.757428603390296E-4
3.7325084824684054E-4
3.7077473295384154E-4
3.6831441944458937E-4
3.658698132264322E-4
3.634408203268885E-4
3.610273472910388E-4
3.5862930117892887E-4
3.562465895629832E-4
3.538791205254316E-4
3.515268026557497E-4
3.4918954504810595E-4
3.468672572988253E-4
3.445598495038628E-4
3.4226723225628565E-4
3.3998931664377323E-4
3.377260142461226E-4
3.354772371327688E-4
3.33242897860315E-4
3.3102290947007395E-4
3.288171854856227E-4
3.266256399103657E-4
3.244481872251103E-4
3.222847423856555E-4
3.20135220820387E-4
3.179995384278877E-4
3.158776115745585E-4
3.1376935709224687E-4
0.04679080143002641
