3.519957051257934E-8
7.127194299070394E-8
1.0827078825811537E-7
1.462289576313064E-7
1.8515569084393115E-7
2.2503507975987045E-7
2.6582598270669857E-7
3.0746346592829194E-7
3.4986171495849836E-7
3.929182245069707E-7
4.3651895657025166E-7
4.805440675262104E-7
5.248737570778458E-7
5.693937910234204E-7
6.140002957060267E-7
6.586035082108255E-7
7.031302812988084E-7
7.475252706600171E-7
7.91750858223225E-7
8.357859741902875E-7
8.796240608025064E-7
9.232704660453726E-7
9.667395643576323E-7
1.0100518777019418E-6
1.0532314216815948E-6
1.0963034375679924E-6
1.1392926024023609E-6
1.1822217448863564E-6
1.2251110414327985E-6
1.2679776284995564E-6
1.3108355452895871E-6
1.3536959137578507E-6
1.3965672676339055E-6
1.4394559550315079E-6
1.482366556304599E-6
1.525302276787882E-6
1.5682652904715906E-6
1.6112570240252065E-6
1.6542783803190783E-6
1.6973299068009142E-6
1.740411917310833E-6
1.783524576912537E-6
1.8266679588444125E-6
1.8698420814152805E-6
1.913046931085174E-6
1.9562824764121643E-6
1.9995486761938105E-6
2.042845484058158E-6
2.086172850964074E-6
2.1295307265159244E-6
2.1729190596306865E-6
2.2163377988644424E-6
2.259786892566429E-6
2.3032662889490773E-6
2.3467759361186893E-6
2.3903157820884337E-6
2.4338857747836604E-6
2.477485862044084E-6
2.5211159916246673E-6
2.5647761111960647E-6
2.608466168344879E-6
2.6521861105738623E-6
2.695935885302098E-6
2.7397154398651624E-6
2.7835247215153182E-6
2.827363677421679E-6
2.8712322546703915E-6
2.9151304002648105E-6
2.959058061125659E-6
3.0030151840912376E-6
3.0470017159175863E-6
3.091017603278668E-6
3.1350627927665466E-6
3.179137230891578E-6
3.2232408640825797E-6
3.2673736386870243E-6
3.311535500971234E-6
3.355726397120537E-6
3.3999462732394917E-6
3.444195075352047E-6
3.488472749401744E-6
3.5327792412518986E-6
3.5771144966857965E-6
3.621478461406892E-6
3.6658710810389884E-6
3.7102923011264334E-6
3.7547420671343268E-6
3.7992203244487E-6
3.84372701837672E-6
3.888262094146893E-6
3.932825496909243E-6
3.977417171735542E-6
4.02203706361948E-6
4.066685117476887E-6
4.111361278145928E-6
4.156065490387313E-6
4.200797698884486E-6
4.245557848243847E-6
4.290345882994962E-6
4.335161747590736E-6
4.380005386407683E-6
4.424876743746062E-6
4.469775763830165E-6
4.514702390808458E-6
4.559656568753845E-6
4.60463824166385E-6
4.649647353460856E-6
4.694683847992301E-6
4.739747669030915E-6
4.784838760274916E-6
4.8299570653482406E-6
4.8751025278007795E-6
4.920275091108561E-6
4.965474698674011E-6
5.010701293826158E-6
5.055954819820856E-6
5.10123521984103E-6
5.146542436996871E-6
5.191876414326092E-6
5.237237094794144E-6
5.282624421294437E-6
5.328038336648598E-6
5.373478783606683E-6
5.418945704847405E-6
5.464439042978392E-6
5.50995874053641E-6
5.555504739987581E-6
5.601076983727658E-6
5.6466754140822414E-6
5.692299973307018E-6
5.737950603588001E-6
5.783627247041789E-6
5.829329845715797E-6
5.875058341588501E-6
5.920812676569686E-6
5.966592792500704E-6
6.012398631154697E-6
6.0582301342368695E-6
6.104087243384722E-6
6.14996990016832E-6
6.195878046090541E-6
6.241811622587322E-6
6.287770571027912E-6
6.333754832715151E-6
6.379764348885693E-6
6.425799060710303E-6
6.471858909294091E-6
6.517943835676782E-6
6.56405378083297E-6
6.610188685672398E-6
6.6563484910402205E-6
6.7025331377172455E-6
6.748742566420239E-6
6.794976717802165E-6
6.8412355324524625E-6
6.887518950897322E-6
6.9338269135999646E-6
6.980159360960898E-6
7.026516233318201E-6
7.072897470947802E-6
7.119303014063751E-6
7.165732802818509E-6
7.212186777303196E-6
7.258664877547934E-6
7.3051670435220535E-6
7.351693215134449E-6
7.398243332233812E-6
7.444817334608934E-6
7.491415161989007E-6
7.538036754043897E-6
7.584682050384452E-6
7.63135099056277E-6
7.678043514072506E-6
7.724759560349165E-6
7.771499068770375E-6
7.81826197865625E-6
7.865048229269613E-6
7.91185775981633E-6
7.958690509445603E-6
8.005546417250296E-6
8.052425422267232E-6
8.099327463477422E-6
8.146252479806494E-6
8.193200410124927E-6
8.240171193248363E-6
8.287164767937933E-6
8.334181072900582E-6
8.38122004678935E-6
8.428281628203684E-6
8.475365755689828E-6
8.522472367741013E-6
8.569601402797896E-6
8.616752799248846E-6
8.663926495430177E-6
8.711122429626612E-6
8.758340540071519E-6
8.805580764947241E-6
8.852843042385476E-6
8.900127310467511E-6
8.947433507224707E-6
8.994761570638589E-6
9.042111438641491E-6
9.089483049116573E-6
9.136876339898413E-6
9.184291248773189E-6
9.231727713479029E-6
9.279185671706497E-6
9.326665061098707E-6
9.37416581925187E-6
9.421687883715497E-6
9.469231191992827E-6
9.516795681541132E-6
9.564381289772096E-6
9.611987954052148E-6
9.659615611702803E-6
9.707264200001043E-6
9.754933656179649E-6
9.802623917427553E-6
9.850334920890221E-6
9.898066603670015E-6
9.945818902826479E-6
9.993591755376838E-6
1.0041385098296199E-5
1.0089198868518058E-5
1.0137033002934586E-5
1.0184887438397024E-5
1.0232762111716023E-5
1.028065695966207E-5
1.0328571918965832E-5
1.0376506926318492E-5
1.042446191837221E-5
1.0472436831740428E-5
1.0520431602998281E-5
1.0568446168683008E-5
1.061648046529439E-5
1.0664534429295121E-5
1.0712607997111313E-5
1.07607011051331E-5
1.0808813689715401E-5
1.0856945687178874E-5
1.0905097033811519E-5
1.0953267665871162E-5
1.1001457519589446E-5
1.1049666531178904E-5
1.1097894636844575E-5
1.114614177280447E-5
1.119440787532403E-5
1.124269288077511E-5
1.1290996725735664E-5
1.133931934715707E-5
1.138766068264287E-5
1.1436020670909612E-5
1.148439925254163E-5
1.1532796371217103E-5
1.1581211975682004E-5
1.1629646022898643E-5
1.1678098483022751E-5
1.1726569347195709E-5
1.1775058639628809E-5
1.1823566436160204E-5
1.187209289246864E-5
1.1920638286533944E-5
1.1969203081876131E-5
1.2017788020742815E-5
1.2066394259937766E-5
1.2115023566598246E-5
1.216367859715455E-5
1.2212363290138428E-5
1.2261083412595206E-5
1.2309847310635268E-5
1.2358666926993235E-5
1.2407559161938484E-5
1.2456547667713542E-5
1.2505665179595605E-5
1.2554956496810718E-5
1.2604482231333399E-5
1.265432343881891E-5
1.2704587229638982E-5
1.2755413424857183E-5
1.2806982267510168E-5
1.2859523119712924E-5
1.2913323968012635E-5
1.2968741422325861E-5
1.302621073011535E-5
1.308625514383229E-5
1.3149493787829214E-5
1.3216646988363738E-5
1.3288537879960041E-5
1.336608901090335E-5
1.3450312670277903E-5
1.3542293778502752E-5
1.3643164447894543E-5
1.3754069744929529E-5
1.3876124772404779E-5
1.4010363919098774E-5
1.4157683955840057E-5
1.43187835259622E-5
1.4494102400152116E-5
1.4683764541487483E-5
1.4887529452381437E-5
1.5069556785660357E-5
1.526311348743392E-5
1.5466668734112147E-5
1.5678319596598824E-5
1.589584154671862E-5
1.611675980659412E-5
1.6338438235893756E-5
1.6558180798553666E-5
1.6773339344369706E-5
1.698142064791664E-5
1.718018548370914E-5
1.7367733029107826E-5
1.754256504200132E-5
1.7703625946360394E-5
1.785031699625286E-5
1.7982484854882794E-5
1.8100386982736745E-5
1.820463795920125E-5
1.829614209367803E-5
1.8376018312855482E-5
1.8445523317560727E-5
1.850597844046009E-5
1.855870462425807E-5
1.8604968641033238E-5
1.864594226528001E-5
1.868267476461293E-5
1.871607792002618E-5
1.8746921923617806E-5
1.8775839966471204E-5
1.880333911590397E-5
1.8829815144534102E-5
1.8855569244227285E-5
1.8880824956866167E-5
1.8905744105118935E-5
1.893044094686387E-5
1.89549941616678E-5
1.8979456581191057E-5
1.9003862789545562E-5
1.9028234849849364E-5
1.9052586473460338E-5
1.9076925956499208E-5
1.9101258182322288E-5
1.9125585944253242E-5
1.91499107921612E-5
1.917423355750167E-5
1.9198554668836223E-5
1.9222874335523378E-5
1.924719265129275E-5
1.9271509650783993E-5
1.9295825339411612E-5
1.932013970862159E-5
1.9344452743423694E-5
1.936876442598287E-5
1.9393074737271875E-5
1.9417383657804315E-5
1.944169116794795E-5
1.9465997248053634E-5
1.949030187850633E-5
1.9514605039744783E-5
1.953890671226875E-5
1.9563206876641654E-5
1.9587505513491897E-5
1.9611802603513302E-5
1.9636098127465558E-5
1.96603920661746E-5
1.9684684400532784E-5
1.9708975111499462E-5
1.9733264180101168E-5
1.975755158743193E-5
1.97818373146536E-5
1.9806121342996293E-5
1.9830403653758644E-5
1.9854684228308154E-5
1.987896304808149E-5
1.9903240094584875E-5
1.9927515349394463E-5
1.995178879415654E-5
1.9976060410587977E-5
2.000033018047651E-5
2.0024598085681258E-5
2.0048864108132713E-5
2.007312822983345E-5
2.0097390432858282E-5
2.0121650699354644E-5
2.014590901154293E-5
2.0170165351716923E-5
2.019441970224399E-5
2.0218672045565592E-5
2.024292236419757E-5
2.0267170640730473E-5
2.029141685783E-5
2.0315660998237283E-5
2.0339903044769218E-5
2.0364142980318947E-5
2.038838078785615E-5
2.0412616450427326E-5
2.0436849951156324E-5
2.0461081273244627E-5
2.0485310399971644E-5
2.0509537314695253E-5
2.0533762000851962E-5
2.0557984441957484E-5
2.058220462160693E-5
2.0606422523475374E-5
2.0630638131318038E-5
2.065485142897079E-5
2.0679062400350464E-5
2.0703271029455292E-5
2.0727477300365213E-5
2.0751681197242387E-5
2.0775882704331368E-5
2.0800081805959743E-5
2.0824278486538266E-5
2.0848472730561464E-5
2.0872664522607896E-5
2.0896853847340557E-5
2.0921040689507314E-5
2.0945225033941314E-5
2.0969406865561274E-5
2.0993586169372024E-5
2.1017762930464805E-5
2.1041937134017662E-5
2.106610876529595E-5
2.1090277809652544E-5
2.1114444252528514E-5
2.113860807945332E-5
2.116276927604524E-5
2.1186927828011853E-5
2.121108372115047E-5
2.1235236941348427E-5
2.1259387474583632E-5
2.1283535306924773E-5
2.1307680424532064E-5
2.1331822813657282E-5
2.1355962460644536E-5
2.138009935193046E-5
2.140423347404472E-5
2.1428364813610428E-5
2.1452493357344545E-5
2.14766190920583E-5
2.1500742004657733E-5
2.152486208214395E-5
2.154897931161368E-5
2.1573093680259667E-5
2.1597205175371085E-5
2.162131378433402E-5
2.1645419494631855E-5
2.1669522293845792E-5
2.16936221696552E-5
2.1717719109838055E-5
2.1741813102271488E-5
2.1765904134932154E-5
2.1789992195896686E-5
2.1814077273342122E-5
2.183815935554636E-5
2.1862238430888716E-5
2.1886314487850214E-5
2.1910387515014145E-5
2.193445750106648E-5
2.195852443479636E-5
2.198258830509651E-5
2.2006649100963757E-5
2.203070681149937E-5
2.205476142590975E-5
2.207881293350663E-5
2.2102861323707747E-5
2.212690658603716E-5
2.215094871012589E-5
2.2174987685712183E-5
2.2199023502642095E-5
2.2223056150870023E-5
2.224708562045908E-5
2.2271111901581626E-5
2.2295134984519692E-5
2.2319154859665467E-5
2.2343171517521864E-5
2.2367184948702903E-5
2.239119514393423E-5
2.2415202094053645E-5
2.243920579001149E-5
2.2463206222871223E-5
2.2487203383809906E-5
2.25111972641186E-5
2.2535187855202948E-5
2.2559175148583688E-5
2.2583159135897023E-5
2.2607139808895234E-5
2.2631117159447204E-5
2.2655091179538728E-5
2.267906186127319E-5
2.2703029196872038E-5
2.27269931786752E-5
2.275095379914177E-5
2.2774911050850266E-5
2.2798864926499323E-5
2.2822815418908034E-5
2.28467625210167E-5
2.2870706225887137E-5
2.2894646526703245E-5
2.2918583416771572E-5
2.2942516889521743E-5
2.2966446938507037E-5
2.2990373557404863E-5
2.301429674001733E-5
2.3038216480271773E-5
2.30621327722211E-5
2.3086045610044583E-5
2.3109954988048173E-5
2.3133860900665162E-5
2.3157763342456612E-5
2.318166230811183E-5
2.320555779244905E-5
2.3229449790415983E-5
2.325333829709007E-5
2.3277223307679322E-5
2.3301104817522686E-5
2.332498282209059E-5
2.334885731698556E-5
2.3372728297942678E-5
2.339659576083007E-5
2.3420459701649664E-5
2.3444320116537415E-5
2.3468177001764085E-5
2.3492030353735738E-5
2.3515880168994144E-5
2.3539726444217527E-5
2.3563569176220974E-5
2.3587408361956923E-5
2.3611243998515956E-5
2.3635076083127066E-5
2.365890461315842E-5
2.36827295861177E-5
2.370655099965287E-5
2.373036885155257E-5
2.375418313974685E-5
2.377799386230763E-5
2.380180101744937E-5
2.3825604603529815E-5
2.3849404619050685E-5
2.387320106265896E-5
2.389699393314818E-5
2.3920783229460768E-5
2.3944568950691454E-5
2.396835109609326E-5
2.3992129665087447E-5
2.4015904657280615E-5
2.4039676072494013E-5
2.4063443910813913E-5
2.408720817267728E-5
2.4110968859017297E-5
2.4134725971507996E-5
2.415847951297323E-5
2.4182229488063603E-5
2.42059759043691E-5
2.4229718774230766E-5
2.4253458117665432E-5
2.4277193967044844E-5
2.430092637451359E-5
2.432465542363917E-5
2.4348381247535933E-5
2.4372104056788363E-5
2.4395824182048868E-5
2.4419542138370185E-5
2.4443258721365047E-5
2.446697514943269E-5
2.449069327186267E-5
2.4514415869978634E-5
2.453814708799362E-5
2.456189304228208E-5
2.4585662672628708E-5
2.4609468916835795E-5
2.4633330310741825E-5
2.465727313868914E-5
2.4681334283655606E-5
2.4705564949721338E-5
2.4730035449380033E-5
2.4754841260371393E-5
2.4780110555911295E-5
2.480601339192648E-5
2.4832772687695933E-5
2.486067705424117E-5
2.4890095400353247E-5
2.492149307333231E-5
2.4955449067503297E-5
2.499267356044332E-5
2.503402472353504E-5
2.5080523417450374E-5
2.5133364051787717E-5
2.519391959875505E-5
2.5263738549940458E-5
2.534453154543266E-5
2.5438145539734753E-5
2.5546523747442164E-5
2.567165026799722E-5
2.5815479234379607E-5
2.597984954492552E-5
2.6166387661662397E-5
2.637640249218817E-5
2.66107778756836E-5
2.6869869497317716E-5
2.715341397464277E-5
2.7460458217144527E-5
2.778931681110157E-5
2.8137564040420434E-5
2.8502065216043455E-5
2.887904934452257E-5
2.9264222012987794E-5
2.965291398420165E-5
3.004025772523882E-5
3.0421381303299166E-5
3.079160711471908E-5
3.114664203759432E-5
3.14827459678559E-5
3.179686732177728E-5
3.208673681974292E-5
3.235091442167707E-5
3.258878827405167E-5
3.2800528509240194E-5
3.298700227524205E-5
3.3149659099635815E-5
3.329039735368158E-5
3.341142307362213E-5
3.3515111761005134E-5
3.360388220192398E-5
3.368008909531984E-5
3.374593869312591E-5
3.3803429060672945E-5
3.3854314250018854E-5
3.3900089849365365E-5
3.3941996141545796E-5
3.39810344923824E-5
3.401799253421043E-5
3.405347409366149E-5
3.408793049022004E-5
3.41216906553978E-5
3.415498836268392E-5
3.4187985618596114E-5
3.4220791884878045E-5
3.4253479255779565E-5
3.428609400530055E-5
3.431866506943394E-5
3.435121007003436E-5
3.438373945449682E-5
3.441625925022957E-5
3.444877283981552E-5
3.448128206923707E-5
3.4513787918071845E-5
3.4546290892042995E-5
3.4578791245653673E-5
3.461128910440455E-5
3.464378452970368E-5
3.46762775522013E-5
3.470876818833165E-5
3.4741256448239656E-5
3.4773742339445645E-5
3.480622586847907E-5
3.48387070415794E-5
3.487118586498613E-5
3.490366234505406E-5
3.493613648829764E-5
3.496860830140748E-5
3.500107779125655E-5
3.503354496490285E-5
3.5066009829590754E-5
3.5098472392751545E-5
3.513093266200476E-5
3.516339064515826E-5
3.5195846350209586E-5
3.522829978534614E-5
3.526075095894644E-5
3.5293199879580446E-5
3.53256465560106E-5
3.5358090997192396E-5
3.53905332122752E-5
3.542297321060312E-5
3.545541100171557E-5
3.548784659534824E-5
3.552028000143365E-5
3.555271123010225E-5
3.558514029168297E-5
3.561756719670403E-5
3.564999195589372E-5
3.5682414580181506E-5
3.571483508069834E-5
3.574725346877796E-5
3.5779669755957255E-5
3.5812083953977534E-5
3.584449607478495E-5
3.587690613053166E-5
3.59093141335764E-5
3.594172009648552E-5
3.597412403203372E-5
3.6006525953204926E-5
3.603892587319311E-5
3.607132380540333E-5
3.610371976345232E-5
3.6136113761169465E-5
3.616850581259775E-5
3.620089593199462E-5
3.6233284133832744E-5
3.6265670432801004E-5
3.6298054843805275E-5
3.633043738196952E-5
3.636281806263646E-5
3.639519690136861E-5
3.6427573913949095E-5
3.645994911638264E-5
3.6492322524896475E-5
3.652469415594119E-5
3.655706402619158E-5
3.6589432152547815E-5
3.662179855213609E-5
3.665416324230985E-5
3.668652624065028E-5
3.671888756496767E-5
3.6751247233302286E-5
3.6783605263925036E-5
3.68159616753386E-5
3.684831648627852E-5
3.6880669715713915E-5
3.691302138284845E-5
3.6945371507121425E-5
3.697772010820867E-5
3.70100672060235E-5
3.704241282071768E-5
3.707475697268238E-5
3.710709968254919E-5
3.7139440971191004E-5
3.717178085972318E-5
3.7204119369504215E-5
3.7236456522137056E-5
3.726879233946977E-5
3.730112684359682E-5
3.73334600568598E-5
3.7365792001848516E-5
3.739812270140211E-5
3.743045217860985E-5
3.746278045681221E-5
3.749510755960183E-5
3.7527433510824564E-5
3.7559758334580485E-5
3.75920820552248E-5
3.762440469736898E-5
3.7656726285881486E-5
3.768904684588918E-5
3.7721366402778046E-5
3.775368498219434E-5
3.7786002610045264E-5
3.781831931250054E-5
3.785063511599295E-5
3.7882950047219586E-5
3.79152641331427E-5
3.794757740099088E-5
3.797988987825986E-5
3.801220159271387E-5
3.804451257238615E-5
3.807682284558046E-5
3.810913244087171E-5
3.814144138710737E-5
3.8173749713408015E-5
3.820605744916866E-5
3.8238364624059714E-5
3.827067126802798E-5
3.830297741129765E-5
3.833528308437136E-5
3.836758831803103E-5
3.8399893143339204E-5
3.843219759163978E-5
3.846450169455926E-5
3.849680548400739E-5
3.8529108992178506E-5
3.8561412251552535E-5
3.8593715294895785E-5
3.862601815526225E-5
3.865832086599431E-5
3.869062346072391E-5
3.8722925973373505E-5
3.875522843815725E-5
3.878753088958176E-5
3.88198333624471E-5
3.885213589184805E-5
3.8884438513174824E-5
3.891674126211435E-5
3.8949044174650966E-5
3.8981347287067646E-5
3.901365063594682E-5
3.9045954258171617E-5
3.907825819092645E-5
3.9110562471698534E-5
3.9142867138278336E-5
3.917517222876091E-5
3.920747778154687E-5
3.923978383534309E-5
3.9272090429164136E-5
3.930439760233271E-5
3.933670539448108E-5
3.936901384555171E-5
3.9401322995798555E-5
3.9433632885787695E-5
3.946594355639863E-5
3.949825504882499E-5
3.9530567404575476E-5
3.956288066547501E-5
3.959519487366563E-5
3.9627510071607454E-5
3.965982630207932E-5
3.969214360818017E-5
3.972446203332984E-5
3.975678162126984E-5
3.978910241606448E-5
3.982142446210177E-5
3.98537478040942E-5
3.98860724870798E-5
3.991839855642315E-5
3.9950726057816004E-5
3.998305503727844E-5
4.001538554115974E-5
4.00477176161393E-5
4.0080051309227364E-5
4.0112386667766136E-5
4.014472373943059E-5
4.0177062572229385E-5
4.020940321450564E-5
4.024174571493782E-5
4.027409012254091E-5
4.0306436486667004E-5
4.03387848570062E-5
4.037113528358744E-5
4.040348781677954E-5
4.043584250729189E-5
4.04681994061754E-5
4.0500558564823214E-5
4.053292003497183E-5
4.056528386870145E-5
4.059765011843742E-5
4.063001883695073E-5
4.0662390077358873E-5
4.069476389312677E-5
4.0727140338067974E-5
4.075951946634542E-5
4.0791901332472996E-5
4.082428599131746E-5
4.085667349810075E-5
4.088906390840443E-5
4.092145727817623E-5
4.0953853663741786E-5
4.098625312182437E-5
4.1018655709578715E-5
4.10510614846501E-5
4.108347050527504E-5
4.111588283045351E-5
4.114829852024139E-5
4.118071763624201E-5
4.1213140242426924E-5
4.1245566406494714E-5
4.127799620210076E-5
4.1310429712484883E-5
4.134286703631927E-5
4.137530829705091E-5
4.140775365768593E-5
4.1440203343967054E-5
4.147265768035605E-5
4.150511714534612E-5
4.153758245563769E-5
4.157005469292327E-5
4.1602535492850744E-5
4.1635027323640424E-5
4.166753389237842E-5
4.170006073081632E-5
4.173261603019919E-5
4.176521181679128E-5
4.179786558675719E-5
4.18306025509288E-5
4.1863458676227224E-5
4.189648474974279E-5
4.192975173118613E-5
4.1963357695581194E-5
4.1997436694842456E-5
4.203216987638741E-5
4.2067799179233216E-5
4.210464387131517E-5
4.214312008305569E-5
4.218376331847946E-5
4.222725367508056E-5
4.22744431699471E-5
4.232638415200842E-5
4.238435728848769E-5
4.2449897070740085E-5
4.2524812229378334E-5
4.2611197936607564E-5
4.271143627676111E-5
4.282818126841672E-5
4.296432481310167E-5
4.3122940411820646E-5
4.330720239902455E-5
4.3520279828833834E-5
4.376520599691616E-5
4.4044726819105695E-5
4.43611337719998E-5
4.471608962095622E-5
4.511045744991871E-5
4.554414526370151E-5
4.601597935393776E-5
4.652361944203951E-5
4.7063527157800003E-5
4.763099662754512E-5
4.822025193313039E-5
4.8824611231955666E-5
4.9436711823877917E-5
5.0048784958224186E-5
5.0652964297463286E-5
5.124160828123546E-5
5.1807614653977516E-5
5.234470544517874E-5
5.2847662806834303E-5
5.331250014629288E-5
5.373655853013446E-5
5.411852476882833E-5
5.445837420321871E-5
5.4757247269415885E-5
5.501727377317624E-5
5.524136198749641E-5
5.54329709596308E-5
5.559588379081328E-5
5.573399738250557E-5
5.585114065674569E-5
5.595092908932226E-5
5.603665909660996E-5
5.611124188406264E-5
5.61771731710547E-5
5.623653297406081E-5
5.6291008420319536E-5
5.6341932300219055E-5
5.639033056988463E-5
5.643697305086225E-5
5.6482422895056266E-5
5.6527081769231424E-5
5.6571228993159834E-5
5.66150539280003E-5
5.665868170499845E-5
5.6702192906545244E-5
5.674563809413263E-5
5.6789048172111585E-5
5.683244153946893E-5
5.687582886701966E-5
5.691921618741028E-5
5.696260683086862E-5
5.7006002599691E-5
5.7049404458322407E-5
5.709281292590772E-5
5.713622829240483E-5
5.717965073368068E-5
5.722308037077538E-5
5.726651729938806E-5
5.730996160404115E-5
5.7353413364645984E-5
5.739687265943628E-5
5.744033956623128E-5
5.7483814162960084E-5
5.7527296527871234E-5
5.757078673961463E-5
5.761428487727299E-5
5.7657791020374745E-5
5.770130524890004E-5
5.7744827643284725E-5
5.778835828442333E-5
5.783189725367208E-5
5.787544463285166E-5
5.791900050424977E-5
5.796256495062425E-5
5.800613805520571E-5
5.804971990170012E-5
5.8093310574292135E-5
5.8136910157647336E-5
5.818051873691527E-5
5.8224136397732E-5
5.826776322622328E-5
5.831139930900682E-5
5.8355044733195466E-5
5.839869958639976E-5
5.844236395673074E-5
5.848603793280246E-5
5.852972160373507E-5
5.8573415059157464E-5
5.8617118389209655E-5
5.866083168454587E-5
5.8704555036337155E-5
5.8748288536273874E-5
5.8792032276568525E-5
5.883578634995852E-5
5.887955084970848E-5
5.892332586961327E-5
5.896711150400033E-5
5.901090784773245E-5
5.90547149962101E-5
5.909853304537441E-5
5.914236209170938E-5
5.9186202232244675E-5
5.923005356455793E-5
5.927391618677738E-5
5.9317790197584485E-5
5.9361675696216017E-5
5.940557278246702E-5
5.94494815566928E-5
5.949340211981164E-5
5.9537334573307064E-5
5.958127901923031E-5
5.962523556020259E-5
5.966920429941746E-5
5.9713185340643226E-5
5.9757178788225074E-5
5.98011847470876E-5
5.984520332273674E-5
5.988923462126233E-5
5.9933278749340013E-5
5.9977335814233624E-5
6.0021405923797397E-5
6.0065489186477894E-5
6.01095857113163E-5
6.015369560795039E-5
6.0197818986616785E-5
6.024195595815275E-5
6.028610663399829E-5
6.033027112619825E-5
6.03744495474043E-5
6.0418642010876655E-5
6.046284863048608E-5
6.0507069520715975E-5
6.0551304796663986E-5
6.0595554574043905E-5
6.0639818969187564E-5
6.068409809904649E-5
6.072839208119373E-5
6.077270103382565E-5
6.0817025075763335E-5
6.086136432645467E-5
6.0905718905975766E-5
6.0950088935032364E-5
6.099447453496186E-5
6.103887582773454E-5
6.108329293595509E-5
6.112772598286437E-5
6.11721750923406E-5
6.12166403889008E-5
6.126112199770253E-5
6.130562004454474E-5
6.135013465586952E-5
6.139466595876329E-5
6.143921408095811E-5
6.148377915083282E-5
6.152836129741444E-5
6.157296065037916E-5
6.16175773400537E-5
6.166221149741631E-5
6.170686325409782E-5
6.175153274238302E-5
6.179622009521114E-5
6.184092544617751E-5
6.188564892953402E-5
6.193039068019022E-5
6.197515083371435E-5
6.201992952633401E-5
6.206472689493725E-5
6.210954307707315E-5
6.215437821095274E-5
6.219923243544974E-5
6.224410589010121E-5
6.228899871510822E-5
6.233391105133657E-5
6.237884304031756E-5
6.24237948242482E-5
6.246876654599211E-5
6.251375834907978E-5
6.255877037770941E-5
6.260380277674696E-5
6.264885569172676E-5
6.269392926885213E-5
6.273902365499526E-5
6.278413899769809E-5
6.282927544517191E-5
6.287443314629854E-5
6.291961225062955E-5
6.296481290838732E-5
6.301003527046477E-5
6.305527948842532E-5
6.310054571450358E-5
6.314583410160489E-5
6.319114480330585E-5
6.323647797385338E-5
6.32818337681658E-5
6.332721234183238E-5
6.337261385111286E-5
6.341803845293769E-5
6.346348630490796E-5
6.350895756529494E-5
6.355445239304006E-5
6.35999709477543E-5
6.364551338971859E-5
6.369107987988279E-5
6.37366705798656E-5
6.378228565195431E-5
6.382792525910417E-5
6.387358956493802E-5
6.391927873374601E-5
6.396499293048475E-5
6.40107323207769E-5
6.405649707091072E-5
6.410228734783917E-5
6.414810331917972E-5
6.419394515321332E-5
6.423981301888346E-5
6.428570708579646E-5
6.433162752421945E-5
6.437757450508036E-5
6.442354819996684E-5
6.446954878112536E-5
6.451557642146056E-5
6.456163129453419E-5
6.460771357456405E-5
6.465382343642291E-5
6.4699961055638E-5
6.474612660838962E-5
6.479232027150991E-5
6.48385422224822E-5
6.48847926394393E-5
6.493107170116292E-5
6.497737958708218E-5
6.50237164772725E-5
6.507008255245402E-5
6.511647799399069E-5
6.516290298388897E-5
6.520935770479629E-5
6.525584233999958E-5
6.530235707342434E-5
6.534890208963267E-5
6.539547757382221E-5
6.544208371182462E-5
6.548872069010378E-5
6.5535388695755E-5
6.558208791650276E-5
6.562881854070011E-5
6.567558075732759E-5
6.572237475599211E-5
6.576920072692813E-5
6.581605886099862E-5
6.586294934970058E-5
6.590987238517534E-5
6.595682816022737E-5
6.600381686836E-5
6.60508387038397E-5
6.60978938618075E-5
6.614498253847423E-5
6.619210493145483E-5
6.623926124033716E-5
6.628645166763853E-5
6.633367642040374E-5
6.638093571284439E-5
6.642822977066413E-5
6.647555883807781E-5
6.652292318909873E-5
6.657032314551913E-5
6.661775910527768E-5
6.666523158678221E-5
6.67127412974748E-5
6.676028923883348E-5
6.680787686551489E-5
6.68555063240249E-5
6.69031808068115E-5
6.695090507181712E-5
6.69986861962048E-5
6.704653465712671E-5
6.709446586295449E-5
6.714250229602968E-5
6.719067647302121E-5
6.723903498094976E-5
6.72876439042883E-5
6.733659601814816E-5
6.738602017916972E-5
6.743609339152552E-5
6.748705604961752E-5
6.753923084762534E-5
6.759304578211722E-5
6.76490615383616E-5
6.770800332394986E-5
6.777079687672099E-5
6.783860791456864E-5
6.791288370843692E-5
6.799539475640878E-5
6.808827374466274E-5
6.819404815139597E-5
6.831566205901378E-5
6.84564820893937E-5
6.8620281988996E-5
6.88112003990312E-5
6.903366688242044E-5
6.929229245431921E-5
6.959172274331388E-5
6.993645449609033E-5
7.033061934205033E-5
7.077774236763105E-5
7.128048682112442E-5
7.184039979472466E-5
7.245767656779017E-5
7.313096298543509E-5
7.385721537675787E-5
7.463163578650885E-5
7.544769657782592E-5
7.629726286231795E-5
7.717081407776983E-5
7.80577579544049E-5
7.894682187271986E-5
7.982649911415009E-5
8.068552163380862E-5
8.151332751104335E-5
8.23004906851817E-5
8.303908315431301E-5
8.372294531840153E-5
8.434784802717725E-5
8.491153928476478E-5
8.541367841143925E-5
8.585566966611362E-5
8.62404148955377E-5
8.657200994412695E-5
8.685541191571018E-5
8.709610388705766E-5
8.72997806531883E-5
8.7472074142284E-5
8.761833105484817E-5
8.774344888675435E-5
8.785177054538346E-5
8.794703285034947E-5
8.803236068883446E-5
8.81102965950461E-5
8.818285495465673E-5
8.82515906484112E-5
8.831767340134983E-5
8.838196102709629E-5
8.844506681404708E-5
8.850741822650299E-5
8.856930571247568E-5
8.86309216340602E-5
8.869239015453567E-5
8.875378937175485E-5
8.881516715415924E-5
8.887655209870206E-5
8.893796086906267E-5
8.899940295349358E-5
8.906088365209329E-5
8.912240589314154E-5
8.918397130245916E-5
8.924558081288392E-5
8.930723500042667E-5
8.936893426361649E-5
8.943067891600508E-5
8.94924692322669E-5
8.955430547038068E-5
8.961618788192874E-5
8.967811671670628E-5
8.974009222470994E-5
8.980211465696565E-5
8.98641842658606E-5
8.992630130527325E-5
8.99884660306246E-5
9.005067869889871E-5
9.011293956865214E-5
9.017524890002012E-5
9.023760695472096E-5
9.030001399605932E-5
9.036247028892963E-5
9.042497609981869E-5
9.048753169680867E-5
9.055013734957908E-5
9.061279332940832E-5
9.067549990917586E-5
9.07382573633631E-5
9.080106596805459E-5
9.086392600093873E-5
9.092683774130778E-5
9.098980147005889E-5
9.105281746969311E-5
9.111588602431537E-5
9.117900741963364E-5
9.124218194295799E-5
9.13054098831995E-5
9.13686915308685E-5
9.143202717807289E-5
9.149541711851645E-5
9.15588616474961E-5
9.162236106189959E-5
9.168591566020283E-5
9.174952574246677E-5
9.181319161033418E-5
9.187691356702608E-5
9.194069191733836E-5
9.200452696763744E-5
9.206841902585607E-5
9.213236840148943E-5
9.219637540558995E-5
9.226044035076298E-5
9.232456355116136E-5
9.238874532248031E-5
9.245298598195189E-5
9.251728584833968E-5
9.258164524193238E-5
9.264606448453812E-5
9.271054389947807E-5
9.277508381157979E-5
9.28396845471711E-5
9.290434643407288E-5
9.296906980159201E-5
9.303385498051416E-5
9.309870230309657E-5
9.316361210306076E-5
9.322858471558409E-5
9.329362047729246E-5
9.335871972625208E-5
9.342388280196081E-5
9.348911004534062E-5
9.355440179872868E-5
9.361975840586796E-5
9.36851802118995E-5
9.375066756335269E-5
9.381622080813619E-5
9.388184029552854E-5
9.394752637616935E-5
9.401327940204879E-5
9.407909972649851E-5
9.414498770418133E-5
9.42109436910816E-5
9.427696804449481E-5
9.434306112301736E-5
9.440922328653653E-5
9.447545489621909E-5
9.45417563145013E-5
9.460812790507839E-5
9.467457003289317E-5
9.474108306412507E-5
9.480766736617909E-5
9.487432330767474E-5
9.494105125843467E-5
9.500785158947283E-5
9.507472467298331E-5
9.514167088232868E-5
9.520869059202832E-5
9.527578417774613E-5
9.534295201627865E-5
9.541019448554373E-5
9.547751196456762E-5
9.554490483347295E-5
9.561237347346666E-5
9.567991826682701E-5
9.574753959689186E-5
9.581523784804562E-5
9.588301340570666E-5
9.595086665631446E-5
9.60187979873172E-5
9.608680778715848E-5
9.615489644526465E-5
9.622306435203136E-5
9.629131189881105E-5
9.635963947789921E-5
9.642804748252161E-5
9.649653630682064E-5
9.656510634584207E-5
9.663375799552188E-5
9.67024916526723E-5
9.677130771496875E-5
9.684020658093587E-5
9.690918864993392E-5
9.69782543221453E-5
9.704740399856067E-5
9.711663808096503E-5
9.71859569719241E-5
9.72553610747701E-5
9.732485079358819E-5
9.7394426533202E-5
9.74640886991601E-5
9.753383769772182E-5
9.76036739358427E-5
9.767359782116087E-5
9.774360976198255E-5
9.78137101672681E-5
9.788389944661738E-5
9.795417801025593E-5
9.802454626902032E-5
9.809500463434362E-5
9.81655535182419E-5
9.823619333329882E-5
9.830692449265163E-5
9.837774740997699E-5
9.844866249947596E-5
9.851967017586016E-5
9.859077085433633E-5
9.866196495059277E-5
9.87332528807843E-5
9.880463506151782E-5
9.88761119098378E-5
9.894768384321132E-5
9.901935127951394E-5
9.909111463701465E-5
9.916297433436205E-5
9.923493079056855E-5
9.93069844249967E-5
9.937913565734396E-5
9.945138490762867E-5
9.952373259617439E-5
9.95961791435965E-5
9.966872497078635E-5
9.974137049889755E-5
9.981411614933084E-5
9.988696234371925E-5
9.99599095039139E-5
1.0003295805196936E-4
1.0010610841012842E-4
1.0017936100080777E-4
1.0025271624658377E-4
1.0032617457017716E-4
1.0039973639443886E-4
1.0047340214233507E-4
1.0054717223693321E-4
1.0062104710138637E-4
1.0069502715891985E-4
1.0076911283281587E-4
1.0084330454639893E-4
1.0091760272302192E-4
1.0099200778605102E-4
1.0106652015885137E-4
1.0114114026477287E-4
1.0121586852713506E-4
1.0129070536921334E-4
1.0136565121422414E-4
1.0144070648531058E-4
1.0151587160552811E-4
1.0159114699783041E-4
1.0166653308505436E-4
1.0174203028990649E-4
1.0181763903494844E-4
1.018933597425825E-4
1.0196919283503718E-4
1.0204513873435399E-4
1.0212119786237287E-4
1.0219737064071801E-4
1.0227365749078522E-4
1.0235005883372791E-4
1.0242657509044606E-4
1.0250320668157537E-4
1.0257995402748086E-4
1.0265681754825521E-4
1.0273379766372781E-4
1.0281089479349139E-4
1.0288810935695983E-4
1.0296544177347937E-4
1.0304289246253204E-4
1.0312046184409506E-4
1.0319815033926458E-4
1.0327595837131906E-4
1.0335388636751186E-4
1.0343193476205812E-4
1.0351010400106183E-4
1.0358839455056504E-4
1.03666806909566E-4
1.0374534163087657E-4
1.0382399935420873E-4
1.0390278085814789E-4
1.0398168714097938E-4
1.0406071954510991E-4
1.0413987994661365E-4
1.0421917104094776E-4
1.042985967689796E-4
1.0437816294521698E-4
1.0445787817372928E-4
1.0453775516798823E-4
1.0461781263002923E-4
1.0469807789301726E-4
1.0477859059007778E-4
1.0485940768085069E-4
1.0494061024395351E-4
1.0502231252473123E-4
1.0510467380692844E-4
1.0518791374446095E-4
1.052723318314956E-4
1.053583316874241E-4
1.0544645076572281E-4
1.0553739593641754E-4
1.0563208511369096E-4
1.0573169467726503E-4
1.0583771184843734E-4
1.0595199042009638E-4
1.0607680731329639E-4
1.0621491637393479E-4
1.063695946948995E-4
1.0654467564921862E-4
1.0674456188055212E-4
1.0697421088134522E-4
1.0723908567793059E-4
1.0754506371876327E-4
1.0789829848602792E-4
1.0830503072744541E-4
1.0877134955368287E-4
1.093029078714385E-4
1.0990460150776768E-4
1.1058022646710282E-4
1.1133213371520893E-4
1.121609049353565E-4
1.1306507530802397E-4
1.1404092992771632E-4
1.1508239854625837E-4
1.1618106870639201E-4
1.173263300882881E-4
1.185056534606324E-4
1.1970499676854241E-4
1.209093196421955E-4
1.2210317718240767E-4
1.232713555043198E-4
1.2439950628281369E-4
1.254747362174862E-4
1.2648611025327413E-4
1.2742503437213426E-4
1.2828549411413002E-4
1.290641375607304E-4
1.2976020490112176E-4
1.3037531939580845E-4
1.3091316516307871E-4
1.313790846664041E-4
1.3177963244752052E-4
1.3212212141832289E-4
1.324141942795551E-4
1.3266344616533071E-4
1.3287711646726668E-4
1.3306185910249795E-4
1.3322359230482495E-4
1.333674221681799E-4
1.3349762918522055E-4
1.3361770410316023E-4
1.337304184685717E-4
1.3383791592970913E-4
1.3394181224947522E-4
1.340432945524904E-4
1.3414321312106743E-4
1.3424216169545102E-4
1.3434054447228246E-4
1.3443862970344316E-4
1.3453659095203675E-4
1.3463453771696567E-4
1.3473253739103395E-4
1.3483063048496882E-4
1.3492884084108318E-4
1.3502718226670923E-4
1.3512566270569869E-4
1.3522428677857583E-4
1.3532305728011912E-4
1.3542197603399166E-4
1.3552104436465208E-4
1.3562026334936042E-4
1.3571963394823597E-4
1.3581915706906164E-4
1.3591883359841822E-4
1.3601866441606525E-4
1.3611865040129758E-4
1.362187924356002E-4
1.363190914036633E-4
1.3641954819369637E-4
1.3652016369746035E-4
1.3662093881018774E-4
1.367218744304618E-4
1.368229714600831E-4
1.3692423080393048E-4
1.3702565336982454E-4
1.3712724006838855E-4
1.3722899181291485E-4
1.3733090951922785E-4
1.374329941055529E-4
1.375352464923825E-4
1.3763766760234688E-4
1.377402583600846E-4
1.3784301969211408E-4
1.3794595252670887E-4
1.3804905779376942E-4
1.381523364247014E-4
1.382557893522927E-4
1.3835941751059202E-4
1.3846322183478803E-4
1.3856720326109137E-4
1.3867136272661658E-4
1.3877570116926693E-4
1.3888021952761776E-4
1.3898491874080366E-4
1.390897997484059E-4
1.3919486349034055E-4
1.3930011090674882E-4
1.3940554293788773E-4
1.3951116052402264E-4
1.3961696460532E-4
1.3972295612174376E-4
1.3982913601294836E-4
1.39935505218178E-4
1.4004206467616305E-4
1.401488153250208E-4
1.402557581021546E-4
1.4036289394415584E-4
1.40470223786706E-4
1.4057774856448163E-4
1.406854692110571E-4
1.4079338665881318E-4
1.4090150183884102E-4
1.4100981568085236E-4
1.411183291130881E-4
1.4122704306222792E-4
1.4133595845330164E-4
1.4144507620960294E-4
1.415543972526006E-4
1.4166392250185387E-4
1.4177365287492785E-4
1.4188358928731037E-4
1.4199373265232792E-4
1.421040838810654E-4
1.4221464388228505E-4
1.4232541356234673E-4
1.4243639382512972E-4
1.4254758557195472E-4
1.4265898970150672E-4
1.4277060710976038E-4
1.428824386899042E-4
1.4299448533226718E-4
1.431067479242459E-4
1.4321922735023235E-4
1.4333192449154334E-4
1.4344484022634955E-4
1.435579754296074E-4
1.4367133097298944E-4
1.4378490772481777E-4
1.438987065499979E-4
1.440127283099521E-4
1.4412697386255533E-4
1.442414440620704E-4
1.443561397590864E-4
1.4447106180045513E-4
1.4458621102923097E-4
1.447015882846093E-4
1.4481719440186737E-4
1.4493303021230556E-4
1.4504909654318926E-4
1.4516539421769118E-4
1.452819240548359E-4
1.4539868686944406E-4
1.45515683472077E-4
1.4563291466898297E-4
1.4575038126204458E-4
1.4586808404872575E-4
1.459860238220204E-4
1.461042013704013E-4
1.4622261747777022E-4
1.4634127292340867E-4
1.4646016848192863E-4
1.4657930492322576E-4
1.4669868301243132E-4
1.4681830350986647E-4
1.4693816717099641E-4
1.4705827474638486E-4
1.4717862698165117E-4
1.4729922461742518E-4
1.4742006838930588E-4
1.4754115902781853E-4
1.4766249725837338E-4
1.4778408380122508E-4
1.479059193714328E-4
1.480280046788199E-4
1.4815034042793643E-4
1.4827292731802114E-4
1.4839576604296282E-4
1.4851885729126493E-4
1.4864220174600878E-4
1.4876580008481869E-4
1.488896529798266E-4
1.4901376109763818E-4
1.4913812509930003E-4
1.4926274564026532E-4
1.49387623370363E-4
1.4951275893376525E-4
1.496381529689563E-4
1.497638061087036E-4
1.498897189800256E-4
1.5001589220416453E-4
1.5014232639655635E-4
1.5026902216680335E-4
1.503959801186465E-4
1.5052320084993917E-4
1.5065068495262012E-4
1.507784330126868E-4
1.509064456101722E-4
1.5103472331911864E-4
1.5116326670755424E-4
1.512920763374694E-4
1.5142115276479333E-4
1.5155049653937228E-4
1.5168010820494634E-4
1.5180998829912977E-4
1.519401373533886E-4
1.5207055589302104E-4
1.5220124443713696E-4
1.5233220349863906E-4
1.5246343358420427E-4
1.5259493519426473E-4
1.527267088229895E-4
1.5285875495826904E-4
1.5299107408169618E-4
1.5312366666855106E-4
1.5325653318778494E-4
1.5338967410200466E-4
1.5352308986745736E-4
1.5365678093401654E-4
1.5379074774516757E-4
1.5392499073799427E-4
1.5405951034316604E-4
1.5419430698492456E-4
1.5432938108107233E-4
1.544647330429602E-4
1.5460036327547618E-4
1.547362721770347E-4
1.5487246013956595E-4
1.5500892754850615E-4
1.5514567478278776E-4
1.5528270221482976E-4
1.5542001021052923E-4
1.555575991292533E-4
1.556954693238306E-4
1.5583362114054422E-4
1.559720549191239E-4
1.5611077099273975E-4
1.5624976968799502E-4
1.5638905132492141E-4
1.5652861621697284E-4
1.5666846467101943E-4
1.5680859698734395E-4
1.5694901345963678E-4
1.570897143749912E-4
1.5723070001390037E-4
1.5737197065025416E-4
1.5751352655133524E-4
1.5765536797781712E-4
1.5779749518376194E-4
1.5793990841661825E-4
1.5808260791722023E-4
1.5822559391978673E-4
1.5836886665192117E-4
1.585124263346142E-4
1.5865627318224537E-4
1.588004074025933E-4
1.5894482919684587E-4
1.5908953875962739E-4
1.5923453627904004E-4
1.593798219367407E-4
1.5952539590807413E-4
1.5967125836230392E-4
1.5981740946301062E-4
1.5996384936877366E-4
1.601105782343269E-4
1.6025759621250623E-4
1.6040490345749385E-4
1.605525001301876E-4
1.6070038640699654E-4
1.6084856249412138E-4
1.609970286505221E-4
1.6114578522449945E-4
1.6129483271139542E-4
1.6144417184369458E-4
1.6159380373029512E-4
1.617437300695472E-4
1.618939534716869E-4
1.6204447794155585E-4
1.6219530959328554E-4
1.623464576964085E-4
1.6249793618925413E-4
1.626497658421521E-4
1.628019773113125E-4
1.6295461539522473E-4
1.6310774488890436E-4
1.6326145852565608E-4
1.6341588759713103E-4
1.6357121594306066E-4
1.637276980907227E-4
1.6388568238457295E-4
1.6404563995679725E-4
1.6420820032259765E-4
1.6437419420816171E-4
1.6454470390029664E-4
1.6472112091152347E-4
1.6490521005599316E-4
1.650991781157058E-4
1.6530574414969803E-4
1.655282071968765E-4
1.65770505718774E-4
1.660372617371539E-4
1.663338014026519E-4
1.666661428835856E-4
1.670409422146233E-4
1.6746538832457678E-4
1.6794704007774144E-4
1.6849360095846458E-4
1.6911263104607427E-4
1.6981120844724543E-4
1.7059552874945704E-4
1.7147048199887428E-4
1.7243922313367645E-4
1.735027645308286E-4
1.7465962285407834E-4
1.7590555344644226E-4
1.7723340350870638E-4
1.7863310993733745E-4
1.8009185901977486E-4
1.8159441368584606E-4
1.8312360059960804E-4
1.8466093531552423E-4
1.8618735051736127E-4
1.876839815580075E-4
1.8913295651261218E-4
1.905181357651793E-4
1.9182574924865925E-4
1.9304488768801637E-4
1.9416781674217858E-4
1.951900984324504E-4
1.9611052093086403E-4
1.9693085377346534E-4
1.9765545909930784E-4
1.9829079920505966E-4
1.98844885708456E-4
1.993267157340852E-4
1.9974573620396005E-4
2.0011136948494882E-4
2.004326236073371E-4
2.007177994391207E-4
2.0097429690585502E-4
2.0120851365037535E-4
2.0142582312224552E-4
2.0163061525591968E-4
2.0182638154477714E-4
2.0201582705821613E-4
2.0220099421464253E-4
2.0238338628716227E-4
2.0256408209452762E-4
2.02743836643617E-4
2.029231653174107E-4
2.0310241137426157E-4
2.0328179800406434E-4
2.034614670369908E-4
2.036415067418489E-4
2.0382197112730794E-4
2.0400289290846792E-4
2.0418429193896104E-4
2.0436618052003044E-4
2.045485666372283E-4
2.0473145587093807E-4
2.0491485248804012E-4
2.050987600455918E-4
2.0528318171381411E-4
2.054681204432616E-4
2.056535790485336E-4
2.0583956024887833E-4
2.0602606668733122E-4
2.062131009395566E-4
2.0640066551793688E-4
2.0658876287354806E-4
2.067773953972347E-4
2.0696656542031227E-4
2.071562752151238E-4
2.073465269955389E-4
2.0753732291743204E-4
2.0772866507914897E-4
2.0792055552197093E-4
2.081129962305739E-4
2.0830598913348537E-4
2.0849953610353928E-4
2.086936389583271E-4
2.0888829946064618E-4
2.0908351931894783E-4
2.0927930018778006E-4
2.0947564366822913E-4
2.0967255130835836E-4
2.0987002460364407E-4
2.1006806499740952E-4
2.1026667388125591E-4
2.1046585259549172E-4
2.1066560242955884E-4
2.108659246224542E-4
2.1106682036315386E-4
2.1126829079103052E-4
2.1147033699626968E-4
2.1167296002028437E-4
2.1187616085612532E-4
2.120799404488917E-4
2.122842996961367E-4
2.124892394482722E-4
2.1269476050897113E-4
2.1290086363556622E-4
2.1310754953944783E-4
2.1331481888645906E-4
2.1352267229728802E-4
2.1373111034785733E-4
2.1394013356971356E-4
2.141497424504125E-4
2.1435993743390178E-4
2.145707189209033E-4
2.1478208726929068E-4
2.149940427944664E-4
2.1520658576973714E-4
2.1541971642668456E-4
2.1563343495553612E-4
2.1584774150553253E-4
2.1606263618529348E-4
2.1627811906318035E-4
2.164941901676587E-4
2.1671084948765598E-4
2.1692809697291908E-4
2.1714593253436963E-4
2.1736435604445526E-4
2.1758336733750108E-4
2.1780296621005778E-4
2.1802315242124815E-4
2.1824392569311072E-4
2.1846528571094296E-4
2.1868723212364E-4
2.189097645440334E-4
2.191328825492274E-4
2.1935658568093182E-4
2.195808734457953E-4
2.1980574531573358E-4
2.2003120072825905E-4
2.202572390868056E-4
2.2048385976105212E-4
2.2071106208724562E-4
2.209388453685202E-4
2.2116720887521585E-4
2.21396151845193E-4
2.2162567348414875E-4
2.218557729659271E-4
2.2208644943283042E-4
2.2231770199592673E-4
2.225495297353571E-4
2.2278193170064003E-4
2.2301490691097354E-4
2.2324845435553695E-4
2.234825729937881E-4
2.2371726175576264E-4
2.2395251954236708E-4
2.2418834522567357E-4
2.244247376492116E-4
2.2466169562825638E-4
2.2489921795011813E-4
2.2513730337442772E-4
2.2537595063342069E-4
2.2561515843222033E-4
2.2585492544911843E-4
2.2609525033585404E-4
2.2633613171789055E-4
2.265775681946921E-4
2.2681955833999645E-4
2.2706210070208728E-4
2.273051938040653E-4
2.2754883614411553E-4
2.2779302619577537E-4
2.280377624081991E-4
2.2828304320642238E-4
2.285288669916228E-4
2.2877523214138103E-4
2.2902213700993907E-4
2.292695799284579E-4
2.2951755920527122E-4
2.2976607312614003E-4
2.3001511995450482E-4
2.3026469793173553E-4
2.3051480527738023E-4
2.3076544018941315E-4
2.310166008444785E-4
2.312682853981365E-4
2.3152049198510457E-4
2.3177321871949827E-4
2.3202646369507068E-4
2.3228022498545043E-4
2.3253450064437774E-4
2.3278928870593894E-4
2.3304458718479925E-4
2.333003940764351E-4
2.335567073573641E-4
2.3381352498537262E-4
2.3407084489974453E-4
2.3432866502148554E-4
2.3458698325354698E-4
2.3484579748105018E-4
2.3510510557150607E-4
2.3536490537503528E-4
2.3562519472458633E-4
2.3588597143615252E-4
2.3614723330898812E-4
2.3640897812582046E-4
2.3667120365306393E-4
2.369339076410313E-4
2.371970878241419E-4
2.3746074192113064E-4
2.3772486763525537E-4
2.3798946265450228E-4
2.3825452465178938E-4
2.3852005128516994E-4
2.387860401980332E-4
2.3905248901930504E-4
2.3931939536364633E-4
2.3958675683165062E-4
2.3985457101003912E-4
2.4012283547185693E-4
2.4039154777666497E-4
2.4066070547073263E-4
2.4093030608722955E-4
2.4120034714641226E-4
2.414708261558149E-4
2.4174174061043514E-4
2.4201308799291982E-4
2.4228486577374862E-4
2.425570714114181E-4
2.4282970235262272E-4
2.4310275603243534E-4
2.433762298744871E-4
2.4365012129114497E-4
2.4392442768368804E-4
2.4419914644248375E-4
2.444742749471624E-4
2.4474981056678963E-4
2.4502575066003837E-4
2.4530209257535946E-4
2.4557883365115233E-4
2.458559712159316E-4
2.461335025884946E-4
2.464114250780883E-4
2.46689735984573E-4
2.469684325985865E-4
2.4724751220170675E-4
2.4752697206661197E-4
2.478068094572421E-4
2.4808702162895695E-4
2.483676058286951E-4
2.486485592951289E-4
2.489298792588223E-4
2.4921156294238346E-4
2.4949360756061926E-4
2.4977601032068723E-4
2.5005876842224787E-4
2.503418790576142E-4
2.506253394119027E-4
2.509091466631829E-4
2.511932979826288E-4
2.514777905346699E-4
2.517626214771507E-4
2.520477879614964E-4
2.523332871328972E-4
2.526191161305241E-4
2.5290527208779944E-4
2.531917521327657E-4
2.5347855338861804E-4
2.5376567297452743E-4
2.540531080069369E-4
2.543408556016642E-4
2.546289128773331E-4
2.549172769609759E-4
2.5520594499716455E-4
2.554949141628054E-4
2.557841816909403E-4
2.560737449087089E-4
2.5636360129735496E-4
2.5665374858618016E-4
2.569441848981713E-4
2.5723490897343397E-4
2.5752592050837865E-4
2.5781722066508107E-4
2.581088128277176E-4
2.584007037131735E-4
2.5869290498263065E-4
2.589854355520897E-4
2.592783248640288E-4
2.595716174609754E-4
2.5986537929474787E-4
2.601597063109439E-4
2.604547359627183E-4
2.6075066242328096E-4
2.610477563705511E-4
2.613463902921362E-4
2.6164707028027595E-4
2.6195047522429687E-4
2.6225750412685924E-4
2.625693319309257E-4
2.6288747370866453E-4
2.6321385629922764E-4
2.635508954709189E-4
2.6390157542877937E-4
2.642695260272485E-4
2.6465909145708967E-4
2.6507538258215365E-4
2.655243036814151E-4
2.6601254332785703E-4
2.6654751876389003E-4
2.6713726367810515E-4
2.6779025099112665E-4
2.685151452936721E-4
2.693236850752283E-4
2.702238652502761E-4
2.7122272817303576E-4
2.7232588729074643E-4
2.735370406216768E-4
2.748575061088892E-4
2.7628581513143623E-4
2.778174019376503E-4
2.794444248141484E-4
2.811557490344729E-4
2.8293711207147187E-4
2.8477147871746705E-4
2.8663957863416266E-4
2.8852060286885614E-4
2.903930207220666E-4
2.9223546580585847E-4
2.9402763179789605E-4
2.957511154741671E-4
2.973901476887812E-4
2.989321619308283E-4
3.003681640497574E-4
3.016928841772045E-4
3.029047108104128E-4
3.0400542530961526E-4
3.049997706739554E-4
3.0589489977936025E-4
3.066997542880674E-4
3.0742442590331423E-4
3.080795469955342E-4
3.0867574892295117E-4
3.0922321506524476E-4
3.097313432948079E-4
3.102085208480626E-4
3.1066200456122175E-4
3.1109789201265583E-4
3.1152116461296095E-4
3.1193578201614656E-4
3.123448079638176E-4
3.127505501810053E-4
3.131547005037901E-4
3.135584653631988E-4
3.1396268053077576E-4
3.143679072719996E-4
3.1477450955386837E-4
3.15182713665536E-4
3.1559265260306784E-4
3.160043979770324E-4
3.164179821877026E-4
3.168334133350764E-4
3.172506849222786E-4
3.176697819692736E-4
3.1809068474227047E-4
3.1851337095603946E-4
3.1893781703255753E-4
3.1936399879688095E-4
3.1979189184908567E-4
3.2022147175627167E-4
3.206527141481414E-4
3.210855947627387E-4
3.215200894673691E-4
3.219561742676052E-4
3.2239382531079467E-4
3.228330188871273E-4
3.2327373142966326E-4
3.2371593951393673E-4
3.2415961985739276E-4
3.2460474931876685E-4
3.250513048974429E-4
3.254992637328071E-4
3.259486031035999E-4
3.263993004272732E-4
3.268513332593458E-4
3.2730467929276445E-4
3.277593163572669E-4
3.282152224187452E-4
3.286723755786155E-4
3.291307540731868E-4
3.295903362730345E-4
3.300511006823748E-4
3.305130259384433E-4
3.309760908108743E-4
3.314402742010843E-4
3.319055551416567E-4
3.323719127957306E-4
3.328393264563887E-4
3.3330777554605145E-4
3.337772396158724E-4
3.342476983451346E-4
3.347191315406516E-4
3.351915191361672E-4
3.356648411917646E-4
3.361390778932693E-4
3.366142095516599E-4
3.3709021660248217E-4
3.375670796052598E-4
3.380447792429134E-4
3.38523296321178E-4
3.390026117680257E-4
3.394827066330886E-4
3.3996356208708476E-4
3.404451594212471E-4
3.409274800467527E-4
3.4141050549415776E-4
3.4189421741283115E-4
3.4237859757039107E-4
3.4286362785214896E-4
3.433492902605468E-4
3.43835566914604E-4
3.443224400493631E-4
3.4480989201533916E-4
3.4529790527797134E-4
3.457864624170745E-4
3.462755461262959E-4
3.4676513921257226E-4
3.4725522459559124E-4
3.4774578530725146E-4
3.482368044911279E-4
3.487282654019388E-4
3.4922015140501436E-4
3.497124459757658E-4
3.5020513269916077E-4
3.506981952691962E-4
3.5119161748837846E-4
3.5168538326719946E-4
3.521794766236209E-4
3.526738816825564E-4
3.531685826753583E-4
3.5366356393930475E-4
3.5415880991709E-4
3.5465430515631665E-4
3.5515003430898907E-4
3.55645982131011E-4
3.561421334816826E-4
3.566384733232006E-4
3.571349867201616E-4
3.5763165883906736E-4
3.5812847494782915E-4
3.586254204152765E-4
3.591224807106687E-4
3.5961964140320896E-4
3.6011688816155467E-4
3.606142067533374E-4
3.611115830446796E-4
3.61609002999717E-4
3.6210645268011904E-4
3.626039182446141E-4
3.631013859485166E-4
3.635988421432535E-4
3.6409627327589774E-4
3.64593665888697E-4
3.650910066186095E-4
3.6558828219684166E-4
3.660854794483825E-4
3.6658258529154636E-4
3.670795867375148E-4
3.6757647088987813E-4
3.68073224944183E-4
3.6856983618747924E-4
3.6906629199786966E-4
3.695625798440602E-4
3.7005868728491375E-4
3.7055460196900604E-4
3.710503116341804E-4
3.7154580410710776E-4
3.7204106730284747E-4
3.72536089224408E-4
3.730308579623129E-4
3.7352536169416603E-4
3.7401958868421776E-4
3.7451352728293784E-4
3.750071659265826E-4
3.755004931367734E-4
3.759934975200658E-4
3.764861677675298E-4
3.769784926543278E-4
3.774704610392935E-4
3.779620618645151E-4
3.7845328415491894E-4
3.789441170178547E-4
3.794345496426822E-4
3.7992457130036066E-4
3.8041417134303875E-4
3.8090333920364915E-4
3.813920643954991E-4
3.818803365118692E-4
3.823681452256091E-4
3.828554802887382E-4
3.833423315320443E-4
3.8382868886468764E-4
3.8431454227380455E-4
3.847998818241136E-4
3.852846976575236E-4
3.8576897999274113E-4
3.8625271912488276E-4
3.8673590542508634E-4
3.872185293401264E-4
3.87700581392029E-4
3.881820521776897E-4
3.886629323684911E-4
3.891432127099241E-4
3.896228840212111E-4
3.901019371949282E-4
3.905803631966315E-4
3.910581530644836E-4
3.915352979088815E-4
3.920117889120874E-4
3.9248761732786104E-4
3.929627744810912E-4
3.934372517674318E-4
3.9391104065293777E-4
3.9438413267370233E-4
3.948565194354963E-4
3.953281926134109E-4
3.9579914395149835E-4
3.9626936526241557E-4
3.967388484270709E-4
3.9720758539427093E-4
3.97675568180367E-4
3.9814278886890877E-4
3.986092396102915E-4
3.990749126214137E-4
3.995398001853261E-4
4.0000389465089337E-4
4.0046718843244635E-4
4.0092967400944397E-4
4.013913439261332E-4
4.018521907912096E-4
4.02312207277481E-4
4.0277138612153287E-4
4.0322972012339414E-4
4.036872021462034E-4
4.0414382511588006E-4
4.045995820207926E-4
4.0505446591143206E-4
4.0550846990008337E-4
4.0596158716050195E-4
4.064138109275872E-4
4.068651344970639E-4
4.073155512251563E-4
4.0776505452827126E-4
4.0821363788267863E-4
4.086612948241946E-4
4.091080189478655E-4
4.0955380390765523E-4
4.0999864341612963E-4
4.1044253124414824E-4
4.1088546122055274E-4
4.113274272318614E-4
4.1176842322196357E-4
4.1220844319182044E-4
4.1264748119917185E-4
4.130855313582523E-4
4.1352258783952835E-4
4.139586448694623E-4
4.1439369673033417E-4
4.1482773776015125E-4
4.1526076235271435E-4
4.1569276495795245E-4
4.1612374008270276E-4
4.165536822922414E-4
4.169825862130522E-4
4.174104465376367E-4
4.178372580326366E-4
4.1826301555228406E-4
4.186877140603528E-4
4.191113486655056E-4
4.195339146775445E-4
4.199554076959286E-4
4.2037582374753255E-4
4.2079515949871487E-4
4.2121341257820444E-4
4.21630582063279E-4
4.2204666920357735E-4
4.2246167848631656E-4
4.2287561918552405E-4
4.232885075880418E-4
4.237003701522733E-4
4.2411124793319765E-4
4.245212026993184E-4
4.2493032527253906E-4
4.2533874673655555E-4
4.257466532757831E-4
4.2615430551314174E-4
4.2656206329371533E-4
4.269704168886887E-4
4.273800255400135E-4
4.2779176409541765E-4
4.282067781565081E-4
4.2862654764101135E-4
4.2905295791033555E-4
4.294883766156055E-4
4.2993573317104443E-4
4.303985963069035E-4
4.3088124356016876E-4
4.313887149535198E-4
4.319268416660769E-4
4.325022394353407E-4
4.3312225600463175E-4
4.3379486241199044E-4
4.345284795505095E-4
4.3672043910221187E-4
4.3898078498707664E-4
4.4131758251443734E-4
4.4373796474495253E-4
4.4624765659531483E-4
4.4885048731847023E-4
4.515479233003294E-4
4.5433865748438013E-4
4.57218293376513E-4
4.6017915979004167E-4
4.6321028686061006E-4
4.662975644005541E-4
4.694240908647415E-4
4.725707060516014E-4
4.757166845797729E-4
4.788405518666508E-4
4.819209715784683E-4
4.849376449530704E-4
4.8787215924608803E-4
4.907087254439809E-4
4.934347542173939E-4
4.960412329963802E-4
4.985228845163744E-4
5.008781062300006E-4
5.03108708436999E-4
5.052194848025949E-4
5.07217660466137E-4
5.091122691595792E-4
5.109135113666153E-4
5.126321409950194E-4
5.142789193571325E-4
5.158641639169179E-4
5.173974068899877E-4
5.188871669147005E-4
5.203408268982625E-4
5.217646036102268E-4
5.23163590004896E-4
5.245418495233618E-4
5.259025423300593E-4
5.272480659373671E-4
5.285801962458728E-4
5.29900218998266E-4
5.312090454583233E-4
5.325073094002361E-4
5.337954450228791E-4
5.350737471391681E-4
5.363424159988238E-4
5.376015895199222E-4
5.388513656947886E-4
5.400918176584726E-4
5.413230034973093E-4
5.42544972430171E-4
5.437577685799504E-4
5.449614332013865E-4
5.461560059548782E-4
5.473415256112722E-4
5.485180304291094E-4
5.49685558349911E-4
5.508441470959519E-4
5.519938342176302E-4
5.531346571157331E-4
5.542666530516494E-4
5.553898591520252E-4
5.565043124109375E-4
5.576100496910212E-4
5.587071077241588E-4
5.597955231120036E-4
5.608753323264299E-4
5.619465717099701E-4
5.630092774762337E-4
5.640634857103286E-4
5.651092323692754E-4
5.661465532824242E-4
5.671754841518663E-4
5.681960605528485E-4
5.69208317934186E-4
5.702122916186672E-4
5.712080168034678E-4
5.72195528560557E-4
5.731748618370998E-4
5.741460514558682E-4
5.751091321156423E-4
5.760641383916117E-4
5.770111047357758E-4
5.779500654773507E-4
5.788810548231601E-4
5.798041068580372E-4
5.807192555452218E-4
5.816265347267522E-4
5.825259781238621E-4
5.834176193373744E-4
5.843014918480879E-4
5.851776290171743E-4
5.860460640865638E-4
5.869068301793324E-4
5.877599603000911E-4
5.886054873353716E-4
5.894434440540099E-4
5.90273863107529E-4
5.910967770305225E-4
5.919122182410345E-4
5.927202190409449E-4
5.93520811616337E-4
5.943140280378854E-4
5.950999002612286E-4
5.958784601273446E-4
5.966497393629228E-4
5.974137695807408E-4
5.981705822800366E-4
5.989202088468732E-4
5.996626805545155E-4
6.003980285637932E-4
6.011262839234736E-4
6.018474775706225E-4
6.025616403309725E-4
6.032688029192849E-4
6.039689959397157E-4
6.04662249886175E-4
6.053485951426866E-4
6.060280619837503E-4
6.067006805747002E-4
6.073664809720594E-4
6.080254931238964E-4
6.086777468701857E-4
6.093232719431555E-4
6.099620979676418E-4
6.105942544614444E-4
6.112197708356729E-4
6.118386763950999E-4
6.124510003385076E-4
6.130567717590371E-4
6.136560196445324E-4
6.142487728778896E-4
6.148350602373951E-4
6.154149103970788E-4
6.159883519270459E-4
6.165554132938271E-4
6.171161228607107E-4
6.176705088880884E-4
6.182185995337899E-4
6.18760422853422E-4
6.192960068007021E-4
6.198253792277948E-4
6.203485678856467E-4
6.20865600424319E-4
6.213765043933185E-4
6.218813072419271E-4
6.223800363195367E-4
6.228727188759738E-4
6.233593820618286E-4
6.238400529287807E-4
6.243147584299275E-4
6.247835254201076E-4
6.25246380656224E-4
6.257033507975697E-4
6.261544624061456E-4
6.265997419469842E-4
6.270392157884675E-4
6.274729102026505E-4
6.279008513655725E-4
6.283230653575786E-4
6.287395781636353E-4
6.291504156736432E-4
6.295556036827527E-4
6.299551678916764E-4
6.303491339070034E-4
6.30737527241508E-4
6.311203733144593E-4
6.314976974519318E-4
6.318695248871149E-4
6.322358807606186E-4
6.325967901207778E-4
6.329522779239629E-4
6.333023690348804E-4
6.336470882268773E-4
6.339864601822428E-4
6.343205094925125E-4
6.346492606587654E-4
6.349727380919285E-4
6.352909661130727E-4
6.35603968953709E-4
6.359117707560898E-4
6.362143955735013E-4
6.36511867370562E-4
6.368042100235114E-4
6.370914473205126E-4
6.373736029619355E-4
6.376507005606545E-4
6.379227636423333E-4
6.381898156457221E-4
6.384518799229391E-4
6.387089797397653E-4
6.389611382759263E-4
6.392083786253807E-4
6.394507237966044E-4
6.396881967128751E-4
6.399208202125581E-4
6.401486170493867E-4
6.403716098927453E-4
6.405898213279461E-4
6.408032738565148E-4
6.410119898964683E-4
6.412159917825907E-4
6.414153017667127E-4
6.416099420179877E-4
6.417999346231669E-4
6.419853015868744E-4
6.421660648318822E-4
6.423422461993822E-4
6.425138674492592E-4
6.426809502603612E-4
6.428435162307711E-4
6.430015868780774E-4
6.431551836396398E-4
6.433043278728625E-4
6.434490408554543E-4
6.43589343785701E-4
6.437252577827298E-4
6.438568038867719E-4
6.439840030594291E-4
6.441068761839354E-4
6.442254440654196E-4
6.443397274311642E-4
6.444497469308721E-4
6.445555231369219E-4
6.446570765446277E-4
6.447544275724968E-4
6.448475965624901E-4
6.449366037802752E-4
6.450214694154832E-4
6.451022135819648E-4
6.451788563180432E-4
6.452514175867697E-4
6.453199172761745E-4
6.453843751995173E-4
6.45444811095543E-4
6.455012446287251E-4
6.455536953895235E-4
6.456021828946247E-4
6.456467265871972E-4
6.45687345837134E-4
6.457240599412999E-4
6.457568881237792E-4
6.457858495361183E-4
6.458109632575708E-4
6.458322482953411E-4
6.458497235848259E-4
6.458634079898607E-4
6.458733203029587E-4
6.458794792455543E-4
6.458819034682472E-4
6.458806115510528E-4
6.458756220036532E-4
6.458669532656673E-4
6.458546237069359E-4
6.458386516278534E-4
6.458190552597642E-4
6.457958527654844E-4
6.457690622400291E-4
6.457387017116868E-4
6.457047891436911E-4
6.456673424368594E-4
6.456263794338571E-4
6.455819179260736E-4
6.455339756647275E-4
6.45482570378729E-4
6.454277198031984E-4
6.453694417246363E-4
6.453077540518348E-4
6.452426749261228E-4
6.451742228910346E-4
6.451024171507083E-4
6.450272779591749E-4
6.449488272003332E-4
6.448670892421772E-4
6.447820921802347E-4
6.446938696257549E-4
6.446024632454073E-4
6.445079263221583E-4
6.444103286818333E-4
6.443097634155368E-4
6.442063559214298E-4
6.441002758844195E-4
6.439917528993119E-4
6.438810965078311E-4
6.437687214432067E-4
6.436551788334664E-4
6.435411939769257E-4
6.434277110388679E-4
6.433159445950067E-4
6.432074373378905E-4
6.431041224501097E-4
6.430083881344321E-4
6.429231406031331E-4
6.42851860527678E-4
6.427986466364365E-4
6.427682389645639E-4
6.427660133881539E-4
6.427979387237721E-4
6.428704880637366E-4
0.0012454460206449494
0.0012427958765733127
0.001240215866404416
0.0012377121281672953
0.0012352900052074172
0.0012329536667459945
0.0012307057222582236
0.0012285468555787856
0.0012264755079025621
0.0012244876398625885
0.0012225766010960594
0.0012207331308618596
0.001218945505396112
0.00121719983722196
0.001215480519394106
0.0012137707948190126
0.0012120534187245672
0.0012103113724827334
0.0012085285805924747
0.001206690580646325
0.0012047850989727038
0.001202802492218112
0.001200736026659883
0.001198581981258159
0.0011963395757529675
0.0011940107397514432
0.0011915997511131222
0.001189112780753
0.001186557385478139
0.0011839419904816704
0.001181275399045185
0.0011785663597310774
0.0011758232120754534
0.001173053621824343
0.001170264407310549
0.0011674614506193013
0.001164649681366476
0.0011618331174639543
0.0011590149460764083
0.0011561976287187755
0.0011533830165773428
0.0011505724650806267
0.0011477669399595066
0.0011449671100859887
0.0011421734249721057
0.0011393861767926912
0.0011366055481386052
0.001133831647470797
0.0011310645345437966
0.0011283042380328422
0.00112555076735925
0.0011228041203697593
0.001120064288164965
0.0011173312580388252
0.0011146050152112208
0.0011118855438163671
0.001109172827448426
0.0011064668494527516
0.0011037675930761874
0.0011010750415419305
0.0010983891780855237
0.001095709985971513
0.001093037448500835
0.0010903715490139477
0.0010877122708920642
0.0010850595975575826
0.001082413512474185
0.0010797739991468124
0.0010771410411215857
0.001074514621985718
0.001071894725367409
0.0010692813349357478
0.0010666744344006121
0.0010640740075125695
0.0010614800380627759
0.001058892509882872
0.0010563114068448897
0.0010537367128611403
0.0010511684118841365
0.0010486064879064705
0.0010460509249607284
0.001043501707119386
0.0010409588184947139
0.0010384222432386731
0.0010358919655428273
0.0010333679696382344
0.0010308502397953542
0.0010283387603239537
0.001025833515573
0.001023334489930576
0.001020841667823777
0.0010183550337186133
0.0010158745721199165
0.0010134002675712432
0.0010109321046547805
0.0010084700679912463
0.0010060141422397995
0.0010035643120979416
0.001001120562301421
9.986828776241455E-4
9.962512428780747E-4
9.93825642913141E-4
9.914060626171443E-4
9.889924869156677E-4
9.865849007719754E-4
9.84183289186923E-4
9.817876371988655E-4
9.793979298835665E-4
9.770141523540992E-4
9.746362897607632E-4
9.722643272909819E-4
9.698982501692196E-4
9.675380436568856E-4
9.651836930522429E-4
9.628351836903202E-4
9.604925009428156E-4
9.581556302180124E-4
9.55824556960683E-4
9.534992666520001E-4
9.5117974480945E-4
9.488659769867363E-4
9.465579487736962E-4
9.442556457962107E-4
9.419590537161107E-4
9.396681582310928E-4
9.373829450746297E-4
9.351034000158793E-4
9.328295088595966E-4
9.305612574460484E-4
9.282986316509255E-4
9.260416173852511E-4
9.237902005952973E-4
9.215443672624943E-4
9.193041034033475E-4
9.170693950693469E-4
9.148402283468823E-4
9.12616589357157E-4
9.103984642561022E-4
9.081858392342881E-4
9.059787005168408E-4
9.037770343633572E-4
9.015808270678173E-4
8.99390064958502E-4
8.972047343979031E-4
8.950248217826455E-4
8.92850313543397E-4
8.906811961447869E-4
8.885174560853206E-4
8.863590798972948E-4
8.842060541467178E-4
8.820583654332227E-4
8.799160003899843E-4
8.77778945683635E-4
8.756471880141843E-4
8.735207141149371E-4
8.713995107524069E-4
8.692835647262357E-4
8.671728628691133E-4
8.650673920466921E-4
8.629671391575108E-4
8.608720911329076E-4
8.587822349369404E-4
8.566975575663077E-4
8.546180460502655E-4
8.525436874505457E-4
8.504744688612799E-4
8.484103774089154E-4
8.463514002521346E-4
8.442975245817779E-4
8.422487376207628E-4
8.402050266240035E-4
8.381663788783327E-4
8.361327817024212E-4
8.341042224467016E-4
8.320806884932856E-4
8.300621672558886E-4
8.280486461797494E-4
8.260401127415549E-4
8.240365544493561E-4
8.220379588425E-4
8.200443134915422E-4
8.180556059981741E-4
8.16071823995144E-4
8.140929551461838E-4
8.121189871459287E-4
8.101499077198399E-4
8.081857046241331E-4
8.062263656456923E-4
8.04271878602006E-4
8.023222313410825E-4
8.003774117413769E-4
7.984374077117182E-4
7.965022071912268E-4
7.945717981492483E-4
7.926461685852717E-4
7.907253065288575E-4
7.888092000395598E-4
7.868978372068607E-4
7.849912061500831E-4
7.830892950183289E-4
7.811920919903949E-4
7.792995852747066E-4
7.7741176310924E-4
7.75528613761452E-4
7.736501255282029E-4
7.71776286735688E-4
7.699070857393604E-4
7.680425109238614E-4
7.661825507029464E-4
7.643271935194128E-4
7.62476427845029E-4
7.606302421804614E-4
7.587886250552033E-4
7.569515650275031E-4
7.551190506842905E-4
7.532910706411106E-4
7.514676135420465E-4
7.496486680596546E-4
7.478342228948872E-4
7.460242667770285E-4
7.442187884636202E-4
7.424177767403927E-4
7.406212204211942E-4
7.388291083479213E-4
7.370414293904499E-4
7.35258172446564E-4
7.334793264418863E-4
7.317048803298137E-4
7.299348230914432E-4
7.281691437355025E-4
7.264078312982859E-4
7.246508748435824E-4
7.228982634626079E-4
7.211499862739368E-4
7.194060324234349E-4
7.176663910841913E-4
7.159310514564516E-4
7.14200002767547E-4
7.124732342718303E-4
7.107507352506081E-4
7.09032495012073E-4
7.073185028912376E-4
7.056087482498656E-4
7.039032204764097E-4
7.022019089859389E-4
7.005048032200799E-4
6.988118926469438E-4
6.971231667610663E-4
6.954386150833388E-4
6.937582271609446E-4
6.920819925672957E-4
6.904099009019678E-4
6.887419417906431E-4
6.870781048850501E-4
6.854183798629176E-4
6.837627564279355E-4
6.821112243097354E-4
6.804637732639167E-4
6.788203930721246E-4
6.771810735422445E-4
6.755458045087731E-4
6.739145758334956E-4
6.722873774066713E-4
6.706641991490467E-4
6.690450310152369E-4
6.674298629992752E-4
6.658186851436695E-4
6.642114875539534E-4
6.626082604218457E-4
6.610089940617096E-4
6.5941367896731E-4
6.578223058992589E-4
6.562348660182375E-4
6.546513510857434E-4
6.530717537631536E-4
6.514960680521294E-4
6.499242899355006E-4
6.48356418298579E-4
6.467924562370864E-4
6.45232412890051E-4
6.436763059741942E-4
6.421241652399409E-4
6.405760371164942E-4
6.390319908613436E-4
6.374921265730035E-4
6.359565854574725E-4
6.344255627487367E-4
6.328993236592427E-4
6.313782226626261E-4
6.298627262719443E-4
6.283534392560657E-4
6.268511339211974E-4
6.25356781665713E-4
6.238715854960036E-4
6.223970115838343E-4
6.20934817283923E-4
6.194870723666929E-4
6.180561696291928E-4
6.166448206203064E-4
6.152560320618432E-4
0.26197433096768874
