3.415528609757771E-7
6.924435894755908E-7
1.0515053633659795E-6
1.4172838227068998E-6
1.7882358232246555E-6
2.1629248156573784E-6
2.5401746898229055E-6
2.919156395460712E-6
3.2994003665299914E-6
3.6807465070035766E-6
4.063256353547295E-6
4.4471157401350205E-6
4.832551247200852E-6
5.219773370203572E-6
5.608948326040161E-6
6.000192478236053E-6
6.3935800834217E-6
6.789155826191188E-6
7.186946546651827E-6
7.58696974870467E-6
7.989238727099689E-6
8.393765191567892E-6
8.800560413331449E-6
9.209635651229816E-6
9.621002285848167E-6
1.0034671856192546E-5
1.0450656070543256E-5
1.0868966812978161E-5
1.1289616151452049E-5
1.1712616350379594E-5
1.2137979891803506E-5
1.2565719512407763E-5
1.2995848269316844E-5
1.3428379657342481E-5
1.3863327816608305E-5
1.4300707896094003E-5
1.4740536681110319E-5
1.5182833658699942E-5
1.5627622794476158E-5
1.6074935439568602E-5
1.652481499005783E-5
1.6977324194286264E-5
1.7432556348744314E-5
1.789065202716949E-5
1.8351823406889002E-5
1.8816388602582765E-5
1.928481853968843E-5
1.9757798573047405E-5
2.023630598580016E-5
2.072170235354182E-5
2.1215836226386638E-5
2.172114652158767E-5
2.2240750619922122E-5
2.2778494142631426E-5
2.333893317562319E-5
2.3927216465853143E-5
2.4548837534455183E-5
2.5209237403870876E-5
2.59132594512712E-5
2.6664488402316102E-5
2.746454210608912E-5
2.8312420239644406E-5
2.9204038195451535E-5
3.0132075933024207E-5
3.1086241995307724E-5
3.171243753921931E-5
3.2329197204988425E-5
3.292425314605325E-5
3.348729243155187E-5
3.4010972177622254E-5
3.4491508755532364E-5
3.492874339733416E-5
3.532569695141103E-5
3.568773374372295E-5
3.6021528029232724E-5
3.633404650481919E-5
3.6631724789246255E-5
3.691994078759702E-5
3.7202800746066175E-5
3.748318199424639E-5
3.776293739229239E-5
3.8043163294826494E-5
3.832445580814637E-5
3.860711379790563E-5
3.889127760481756E-5
3.91770120434157E-5
3.946435006716199E-5
3.9753312920765495E-5
4.0043918241520475E-5
4.03361828634375E-5
4.063012364001668E-5
4.092575764640555E-5
4.1223102223693535E-5
4.152217499390587E-5
4.182299387559703E-5
4.212557710895998E-5
4.242994329912987E-5
4.2736111492267464E-5
4.304410130978425E-5
4.3353933184131514E-5
4.366562876918395E-5
4.3979211645741196E-5
4.4294708517100383E-5
4.461215120333488E-5
4.493157991168341E-5
4.525304850302435E-5
4.557663281020951E-5
4.590244350832601E-5
4.623064559206024E-5
4.6561487156627094E-5
4.689534083479076E-5
4.7232761770357315E-5
4.757456616776637E-5
4.792193389174035E-5
4.827653683127015E-5
4.864069125147355E-5
4.901752663946007E-5
4.941115534456432E-5
4.982681686766809E-5
5.0270959053786356E-5
5.07512078982407E-5
5.127617163625858E-5
5.1855027668083154E-5
5.249685725551126E-5
5.320972610916505E-5
5.3999559065296996E-5
5.486891899124291E-5
5.581586255234631E-5
5.6833091555487085E-5
5.7907628762998915E-5
5.902120501462682E-5
6.0151444157880045E-5
6.127378408619066E-5
6.23639051456658E-5
6.340029447161E-5
6.43665022292402E-5
6.525267568339444E-5
6.605609396103342E-5
6.678064027480589E-5
6.74353810392199E-5
6.803260496701903E-5
6.858575699325165E-5
6.910766366577929E-5
6.960931140465814E-5
7.009925999135935E-5
7.058361164288845E-5
7.10663557355853E-5
7.154988515434766E-5
7.203551748924561E-5
7.252392153412781E-5
7.301541549702052E-5
7.351014863685187E-5
7.400819821604254E-5
7.450961479299946E-5
7.501444061989178E-5
7.552271606790685E-5
7.603448152664233E-5
7.654977787237052E-5
7.706864656778387E-5
7.759112968952932E-5
7.811726995020586E-5
7.86471107300943E-5
7.91806961289797E-5
7.971807105490137E-5
8.025928137960659E-5
8.08043742126995E-5
8.135339838367528E-5
8.190640528205702E-5
8.246345030377483E-5
8.3024595305251E-5
8.358991270039024E-5
8.415949218141318E-5
8.473345153854512E-5
8.531195373146706E-5
8.589523325020991E-5
8.648363588515962E-5
8.707767723140678E-5
8.76781264013598E-5
8.82861221734545E-5
8.89033286210197E-5
8.953213537317949E-5
9.017590309661553E-5
9.083924653817711E-5
9.15283347535559E-5
9.225117088030739E-5
9.301779320447582E-5
9.384031845171162E-5
9.473273267428974E-5
9.571033245947483E-5
9.678873819754774E-5
9.798244935110221E-5
9.930299195917167E-5
1.0075681540104304E-4
1.0234321173657267E-4
1.0405262818458128E-4
1.0586578576556095E-4
1.0775397135680395E-4
1.0968071836105913E-4
1.1160484300816936E-4
1.1348450392235232E-4
1.1528167668856789E-4
1.16966268382596E-4
1.1851910711382757E-4
1.199332493495586E-4
1.2121341081613578E-4
1.2237374652153806E-4
1.2343455815185648E-4
1.2441868861978817E-4
1.2534832906402557E-4
1.2624274378727755E-4
1.2711710420508065E-4
1.2798232488397994E-4
1.2884559976180437E-4
1.2971127801000132E-4
1.3058177516807602E-4
1.3145833146649728E-4
1.3234154819944088E-4
1.3323171726332622E-4
1.341289982677876E-4
1.350335017434036E-4
1.3594532310124777E-4
1.3686455454059841E-4
1.377912885799459E-4
1.387256189271635E-4
1.396676406599227E-4
1.40617450267008E-4
1.415751456728916E-4
1.4254082627015137E-4
1.4351459297198802E-4
1.4449654830379495E-4
1.4548679656784305E-4
1.4648544414163262E-4
1.4749260001568822E-4
1.4850837675227922E-4
1.495328921705203E-4
1.50566272261602E-4
1.516086561469477E-4
1.5266020435998178E-4
1.5372111241771308E-4
1.5479163261490804E-4
1.5587210827510564E-4
1.5696302634560005E-4
1.5806509616169619E-4
1.591793642138812E-4
1.6030737638156577E-4
1.614513995775289E-4
1.6261471292064098E-4
1.6380197289128293E-4
1.6501964568866727E-4
1.6627648166091193E-4
1.6758398056581562E-4
1.6895676375764266E-4
1.7041273436656438E-4
1.7197287716918305E-4
1.7366053809032828E-4
1.7550004361116135E-4
1.775145864003085E-4
1.7972342253964456E-4
1.821385922346896E-4
1.847615659330095E-4
1.875803879209432E-4
1.905679801460849E-4
1.9368222511559257E-4
1.9686823057660097E-4
2.0006279854696635E-4
2.0320064206022373E-4
2.062214316477396E-4
2.090764507852593E-4
2.117336131868674E-4
2.1417989079783187E-4
2.1642076306655297E-4
2.184769732282335E-4
2.203794653251162E-4
2.2216370049219473E-4
2.2386452869446556E-4
2.2551246161863487E-4
2.271316947150872E-4
2.2873974137254795E-4
2.3034821500048498E-4
2.3196418597909262E-4
2.3359162035970727E-4
2.3523258960790283E-4
2.3688813207786613E-4
2.3855878488965E-4
2.4024487083908563E-4
2.4194663353939474E-4
2.436642926350519E-4
2.453980631094814E-4
2.4714816091581684E-4
2.4891480425129293E-4
2.5069821369715767E-4
2.52498612125517E-4
2.54316224572578E-4
2.561512781159379E-4
2.580040017707006E-4
2.5987462642563917E-4
2.6176338485768303E-4
2.636705118935503E-4
2.6559624484042777E-4
2.6754082439804953E-4
2.6950449641534557E-4
2.7148751510047014E-4
2.7349014868303836E-4
2.755126891292475E-4
2.775554684100276E-4
2.796188851177257E-4
2.8170344701196646E-4
2.83809837404275E-4
2.8593901611647445E-4
2.880923688267882E-4
2.9027192138531433E-4
2.9248063710798927E-4
2.9472281353246565E-4
2.9700458842241514E-4
2.993345503014559E-4
3.01724423953496E-4
3.0418976469394256E-4
3.0675054786637277E-4
3.09431487250915E-4
3.122618688979488E-4
3.1527466248588895E-4
3.1850469228345793E-4
3.219857355965911E-4
3.2574658148394077E-4
3.298063217286214E-4
3.3416946602812206E-4
3.388216177759326E-4
3.4372672327025666E-4
3.4882682923185863E-4
3.540449932943101E-4
3.592914521138461E-4
3.6447245028544225E-4
3.695004390808486E-4
3.743038766551712E-4
3.788347825957686E-4
3.830725986742349E-4
3.8702371215477846E-4
3.9071698993983864E-4
3.941965549283753E-4
3.9751354352903417E-4
4.0071858089957567E-4
4.0385624600377466E-4
4.0696207455798633E-4
4.100619301040944E-4
4.1317308042274813E-4
4.163061436204773E-4
4.1946717637531174E-4
4.226594407335091E-4
4.258846671165555E-4
4.2914383605987E-4
4.3243760049053905E-4
4.3576648461187605E-4
4.391309649004136E-4
4.425314980852122E-4
4.459685289387944E-4
4.494424916651908E-4
4.5295380965417506E-4
4.565028949349762E-4
4.6009014762191135E-4
4.637159554032273E-4
4.673806930883845E-4
4.7108472223470946E-4
4.748283908930117E-4
4.786120335457105E-4
4.8243597137095614E-4
4.8630051306986877E-4
4.902059566694257E-4
4.94152593003622E-4
4.981407120430858E-4
5.021706139760543E-4
5.062426280559049E-4
5.103571438586266E-4
5.145146618766096E-4
5.187158734120367E-4
5.229617835046114E-4
5.272538948732995E-4
5.315944748956888E-4
5.35986930201147E-4
5.404363124250444E-4
5.44949971103124E-4
5.495383519503933E-4
5.542159072219556E-4
5.590020371022252E-4
5.639219179164477E-4
5.690070007859796E-4
5.742948973051308E-4
5.79828329684187E-4
5.856528410709024E-4
5.918130675676126E-4
5.983475869594617E-4
6.052863094689097E-4
6.126400344294803E-4
6.20394539531997E-4
6.285066790142496E-4
6.369037720266967E-4
6.454871939844098E-4
6.541403708906567E-4
6.627404328105418E-4
6.711718331555195E-4
6.793395703627968E-4
6.871795102629155E-4
6.946638171948482E-4
7.018005707215035E-4
7.086279826480602E-4
7.152048347356699E-4
7.215994648573104E-4
7.278796486687653E-4
7.341051128020731E-4
7.403234443937287E-4
7.465691901198589E-4
7.528652646939445E-4
7.592255469349021E-4
7.656576811983688E-4
7.721654550619926E-4
7.7875050327589E-4
7.854133653582305E-4
7.921540593971835E-4
7.989723547866242E-4
8.058678859095157E-4
8.12840194185969E-4
8.198887427527271E-4
8.270129223685999E-4
8.342120549806744E-4
8.414853967519867E-4
8.488321409471415E-4
8.562514207461871E-4
8.637423120065551E-4
8.713038359972095E-4
8.789349621484862E-4
8.866346108968977E-4
8.944016567683244E-4
9.022349319552155E-4
9.10133230835885E-4
9.18095316206E-4
9.261199285177632E-4
9.342058002552242E-4
9.423516788536209E-4
9.505563634656875E-4
9.588187635678834E-4
9.671379910252435E-4
9.755135018053489E-4
9.83945308780711E-4
9.92434292225076E-4
0.0010009826381867089
0.0010095944344153116
0.0010182764453321672
0.0010270390671713882
0.001035897427249528
0.0010448725340978819
0.0010539923084477072
0.0010632922360845126
0.0010728152992479395
0.001082610791241586
0.0010927316356064006
0.0011032299543780294
0.0011144951862885198
0.0011265433518128833
0.0011393682584420574
0.001152934227803238
0.001167171217922368
0.0011819739197668582
0.0011972059676376475
0.001212709536986922
0.001228319447442733
0.0012438797190009235
0.0012592596969919895
0.0012743666794407572
0.0012891525950958014
0.0013036135850371053
0.0013177829802552454
0.0013317196485666156
0.0013454945554996804
0.001359178411020992
0.0013728325272405536
0.0013865038233127796
0.0014002237242867772
0.0014140098772852697
0.0014278693136642873
0.0014418018579388312
0.001455803016765817
0.0014698660446445166
0.0014839832212478951
0.0014981465395517252
0.0015123480278579524
0.0015265798787480842
0.0015408344912990091
0.0015551044803203153
0.0015693826751581167
0.001583662115852829
0.0015979360488237969
0.0016121979225550407
0.0016264413833618212
0.0016406602712554848
0.0016548486159267122
0.0016690006328859879
0.0016831107198351269
0.001697173453406961
0.0017111835865220655
0.0017251360468044593
0.001739025936824193
0.0017528485374704145
0.001766599316614339
0.001780273946545413
0.0017938683356384416
0.0018073786825310494
0.0018208015649197008
0.0018341340799447588
0.0018473740587634719
0.0018605203835157856
0.001873573438881993
0.0018865357301552025
0.0018994126913475184
0.0019122136854680754
0.0019249531597221106
0.0019376518574172298
0.0019503379063062925
0.001963047507711235
0.0019758248601686977
0.001988720895338408
0.002001790421723213
0.0020477197949850157
0.0020928865254141267
0.0021373431155736096
0.0021811174623483764
0.002224205212453322
0.0022665647397578704
0.00230811642426804
0.0023487474233318912
0.002388322181268926
0.002426697677632043
0.0024637411683132967
0.0024993473063111764
0.0025334513710156543
0.0025660360324090323
0.00259713050173094
0.002626802681405233
0.0026551464925883604
0.0026822674520300183
0.0027082695544520673
0.0027332456833013383
0.002757272487272724
0.002780409396265215
0.0028027005930523086
0.002824178468021236
0.002844867287718253
0.0028647862783654585
0.0028839518190396673
0.0029023787938514275
0.002920081320791922
0.0029370730956768238
0.0029533675341379324
0.0029689778232541843
0.002983916938901406
0.0029981976522157937
0.003011832533214179
0.003024833953806198
0.0030372140906850136
0.0030489849281786175
0.003060158261079051
0.003070745697467797
0.0030807586615709346
0.003090208396706943
0.003099105968442992
0.003107462268169726
0.003115288017467599
0.0031225937739139554
0.003129389939435067
0.003135686773035526
0.0031414944108652926
0.003146822898267719
0.003151682240856642
0.0031560824849288347
0.0031600338416439048
0.003163546874151542
0.0031666327715166817
0.0031693037364928832
0.003171573513612472
0.0031734580763731223
0.0031749764733697856
0.003176151798834711
0.003177012200369613
0.0031775917664624764
0.003177931055834543
0.003178076955822799
0.0031780815138042805
0.006270851694912752
0.006205248065318632
0.006140678294509088
0.0060771518093742285
0.006014657239805606
0.005953157038240065
0.005892584540609203
0.005832844696557176
0.0057738192163428355
0.00571537606947226
0.005657382276180022
0.0055997180125319295
0.005542289496598963
0.005485038166828512
0.005427944370110072
0.005371024994055136
0.0053143258644592906
0.005257910866270755
0.005201850294095889
0.005146210765235369
0.005091048258706172
0.005036404794625953
0.00498230830918923
0.004928774684544947
0.004875810749534784
0.004823417287203302
0.0047715914800302624
0.0047203286080562765
0.00466962307546426
0.004619468953906392
0.004569860233767373
0.004520790924830998
0.0044722550905768885
0.004424246857651815
0.0043767604175780905
0.004329790026484682
0.004283330004448648
0.004237374734787787
0.004191918663360548
0.004146956297883367
0.004102482207275275
0.004058491021048005
0.004014977428775785
0.003971936179708364
0.003929362082642158
0.0038872500062533816
0.0038455948802470514
0.0038043916979216227
0.0037636355211403427
0.0037233214893027124
0.0036834448348010097
0.0036440009087087277
0.003604985222137069
0.0035663935107993865
0.0035282218326842204
0.0034904667109503956
0.0034531253354518118
0.003416195835434128
0.0033796776311841416
0.0033435718616656243
0.0033078818664263377
0.00327261367215968
0.0032377763981443447
0.0032033824546815314
0.0031694473735034913
0.2962717881571444
