1.8471392516208927E-7
3.7429229495310043E-7
5.682114987602615E-7
7.657968245003992E-7
9.662959050588426E-7
1.1689565373425955E-6
1.3730966702384955E-6
1.5781565061287433E-6
1.78372683033732E-6
1.9895527619625247E-6
2.195516802182826E-6
2.401608244186277E-6
2.6078871278563567E-6
2.8144500414548815E-6
3.021402799182968E-6
3.2288422323288214E-6
3.4368468473269226E-6
3.6454744597296184E-6
3.854764259241139E-6
4.064740924686525E-6
4.275419045025184E-6
4.486806861883334E-6
4.69890898369879E-6
4.911728124977609E-6
5.125266104316656E-6
5.3395243599747454E-6
5.5545041898793445E-6
5.770206852129665E-6
5.986633602741367E-6
6.203785708353283E-6
6.42166445012632E-6
6.640271124936537E-6
6.85960704585296E-6
7.079673542457488E-6
7.3004719611379495E-6
7.522003665379936E-6
7.74427003606125E-6
7.967272471749487E-6
8.191012389002769E-6
8.415491222673745E-6
8.640710426216936E-6
8.866671471999318E-6
9.09337585161468E-6
9.320825076201705E-6
9.549020676766791E-6
9.777964204512537E-6
1.0007657231174885E-5
1.0238101349373837E-5
1.0469298172988247E-5
1.0701249337574813E-5
1.0933956500870094E-5
1.1167421343450124E-5
1.140164556968762E-5
1.1636630909267399E-5
1.187237911973796E-5
1.2108891990963891E-5
1.2346171353020376E-5
1.2584219090236403E-5
1.2823037166067127E-5
1.3062627666758247E-5
1.3302992877125628E-5
1.3544135410352889E-5
1.3786058427156367E-5
1.4028766000269657E-5
1.4272263710999742E-5
1.4516559609422557E-5
1.4761665733055815E-5
1.5007600465140538E-5
1.5254392126681938E-5
1.5502084337236845E-5
1.575074384392494E-5
1.6000471693186825E-5
1.625141877890053E-5
1.6503806898946227E-5
1.6757956423692573E-5
1.701432143520297E-5
1.72735326289495E-5
1.753644727106066E-5
1.7804203987017406E-5
1.8078278097243393E-5
1.8360530696872078E-5
1.8653241948834136E-5
1.895911657015217E-5
1.9281247896921625E-5
1.9623027026183485E-5
1.998798619431228E-5
2.037957142378919E-5
2.0800848765685035E-5
2.125416066784086E-5
2.1740762663479904E-5
2.2260483309340103E-5
2.2811459023725245E-5
2.3389996982385824E-5
2.3990611036913415E-5
2.4606256873241327E-5
2.504405091855915E-5
2.5475143921964755E-5
2.5891525761018746E-5
2.628620591480505E-5
2.665375640861913E-5
2.699067672694995E-5
2.7295533654501877E-5
2.7568866290862203E-5
2.7812885347919042E-5
2.8031027731748897E-5
2.8227445534852026E-5
2.840650975633805E-5
2.8572394572879914E-5
2.8728782862333428E-5
2.887870507476726E-5
2.9024498440305718E-5
2.9167856800128456E-5
2.9309934840356642E-5
2.9451473001959306E-5
2.9592917667120912E-5
2.973452164921614E-5
2.9876419455902293E-5
3.0018678487900445E-5
3.0161330879209758E-5
3.030439164441245E-5
3.0447868157216636E-5
3.059176467859674E-5
3.073608432835355E-5
3.088082986355007E-5
3.102600395542217E-5
3.117160927746376E-5
3.13176485303399E-5
3.1464124448223335E-5
3.161103980039982E-5
3.1758397391852074E-5
3.190620006366455E-5
3.20544506934059E-5
3.2203152195513214E-5
3.2352307521679757E-5
3.250191966124747E-5
3.265199164160343E-5
3.280252652858084E-5
3.295352742686447E-5
3.310499748040094E-5
3.325693987281448E-5
3.3409357827829614E-5
3.356225460970323E-5
3.371563352367153E-5
3.3869497916422344E-5
3.4023851176613394E-5
3.417869673547684E-5
3.4334038067584465E-5
3.448987869191772E-5
3.464622217350651E-5
3.480307212612339E-5
3.496043221691405E-5
3.5118306174538866E-5
3.527669780360107E-5
3.543561101018463E-5
3.559504984676052E-5
3.575501859038232E-5
3.5915521877268625E-5
3.607656493144756E-5
3.623815394784264E-5
3.64002967247692E-5
3.656300369227141E-5
3.672628955731589E-5
3.689017589184433E-5
3.705469513260582E-5
3.721989664874586E-5
3.738585576644254E-5
3.7552686913242123E-5
3.772056233767446E-5
3.788973813014879E-5
3.806058944739076E-5
3.823365681701525E-5
3.840970502521911E-5
3.85897951916713E-5
3.877536902395742E-5
3.89683417622261E-5
3.9171196908551755E-5
3.9387071594783705E-5
3.9619816750553835E-5
3.9874011800593886E-5
4.0154910521624266E-5
4.0468294296909914E-5
4.082021280261358E-5
4.121660139978752E-5
4.166277976318938E-5
4.2162856947531145E-5
4.2719091986580817E-5
4.3331282348620527E-5
4.399626986512797E-5
4.470765935002112E-5
4.5455834178539745E-5
4.6228323290607946E-5
4.701052711523586E-5
4.778675217325076E-5
4.854144617327613E-5
4.9260480066080875E-5
4.993230268846594E-5
5.054880486990122E-5
5.1105773603175523E-5
5.16028853458958E-5
5.204326621036961E-5
5.243271807509317E-5
5.2778757610086084E-5
5.308963021211557E-5
5.337344214008309E-5
5.363750964784882E-5
5.388796730776606E-5
5.41296239196331E-5
5.436601512956344E-5
5.4599582837435626E-5
5.483191185273271E-5
5.506396845450663E-5
5.5296305926613924E-5
5.552922194422517E-5
5.576286754897124E-5
5.599731593088057E-5
5.6232602134709375E-5
5.646874403372216E-5
5.6705752450638865E-5
5.6943635604475045E-5
5.718240088084725E-5
5.742205546649998E-5
5.7662606552572035E-5
5.7904061392478625E-5
5.814642731674615E-5
5.838971173681387E-5
5.8633922146440695E-5
5.887906612268827E-5
5.9125151326849754E-5
5.9372185505380236E-5
5.9620176490833194E-5
5.9869132202802625E-5
6.011906064887124E-5
6.036996992556289E-5
6.0621868219298635E-5
6.0874763807356935E-5
6.112866505883673E-5
6.138358043562437E-5
6.163951849336625E-5
6.189648788245154E-5
6.215449734901526E-5
6.241355573598123E-5
6.267367198418679E-5
6.293485513366768E-5
6.319711432525559E-5
6.346045880277631E-5
6.372489791638572E-5
6.399044112803098E-5
6.425709802083296E-5
6.452487831560238E-5
6.479379190016411E-5
6.506384888136324E-5
6.53350596766726E-5
6.560743517394309E-5
6.588098700665406E-5
6.615572802188311E-5
6.643167306463541E-5
6.670884027267427E-5
6.698725318046398E-5
6.726694408138219E-5
6.754795930763886E-5
6.783036737062042E-5
6.811427126984217E-5
6.839982672528601E-5
6.868726859513249E-5
6.897694825657706E-5
6.926938515313098E-5
6.956533588862574E-5
6.986588394720015E-5
7.017255204381533E-5
7.048743692238762E-5
7.081336279298999E-5
7.115404431969661E-5
7.151424316624148E-5
7.189989401633358E-5
7.231816771402501E-5
7.27774323838976E-5
7.328707038137272E-5
7.385711235424167E-5
7.449766209267596E-5
7.521810882595851E-5
7.602615698892351E-5
7.69267443665573E-5
7.79209619578724E-5
7.900512408781726E-5
8.017015491397744E-5
8.140144795925537E-5
8.267931279675928E-5
8.398004823833017E-5
8.527758340263389E-5
8.654552400388762E-5
8.775935344885922E-5
8.889848918956859E-5
8.994790022844253E-5
9.089905577201666E-5
9.175008721113116E-5
9.250518220994746E-5
9.317335978610389E-5
9.376686922167673E-5
9.429949364399531E-5
9.478501671971099E-5
9.523603965370001E-5
9.566323858339094E-5
9.607505615143382E-5
9.6477747610298E-5
9.687566312848426E-5
9.727164419598628E-5
9.766743417552802E-5
9.806403788242197E-5
9.846200016749333E-5
9.886160056702295E-5
9.926297707512438E-5
9.9666198045035E-5
1.0007130037629534E-4
1.0047830803078784E-4
1.008872402032881E-4
1.0129811458714802E-4
1.0171094854936957E-4
1.021257595087143E-4
1.0254256504415336E-4
1.0296138292315563E-4
1.0338223110930072E-4
1.0380512776531242E-4
1.0423009125519396E-4
1.0465714014615575E-4
1.050862932104389E-4
1.0551756942703981E-4
1.0595098798333594E-4
1.063865682766098E-4
1.0682432991546895E-4
1.0726429272115922E-4
1.077064767287706E-4
1.081509021883336E-4
1.0859758956580623E-4
1.0904655954395238E-4
1.0949783302311575E-4
1.0995143112189909E-4
1.1040737517776757E-4
1.108656867476204E-4
1.1132638760841086E-4
1.1178949975797579E-4
1.122550454163824E-4
1.1272304702837254E-4
1.1319352726799124E-4
1.1366650904739787E-4
1.1414201553349279E-4
1.1462007017886724E-4
1.1510069677857176E-4
1.1558391957269503E-4
1.1606976342899015E-4
1.1655825416322362E-4
1.1704941909274355E-4
1.175432879785494E-4
1.1803989460354905E-4
1.1853927937407734E-4
1.190414935364261E-4
1.1954660589177985E-4
1.2005471329443482E-4
1.2056595674889403E-4
1.2108054558888512E-4
1.2159879300799358E-4
1.2212116705627056E-4
1.2264836199181822E-4
1.2318139536112623E-4
1.237217360448572E-4
1.2427146729798093E-4
1.2483348599440705E-4
1.2541173429859306E-4
1.2601145239149824E-4
1.2663943056346496E-4
1.2730422642863286E-4
1.2801629955286862E-4
1.2878800382207272E-4
1.2963337088855753E-4
1.305676202675822E-4
1.316063473998556E-4
1.3276437340141204E-4
1.3405428983029931E-4
1.3548479507880572E-4
1.3705898741026628E-4
1.3877283982171654E-4
1.4061411740415105E-4
1.425619924246711E-4
1.4458755519996484E-4
1.4665530866802076E-4
1.4872558356304792E-4
1.5075764484578276E-4
1.5271311361781038E-4
1.5455923875646156E-4
1.5627154684794042E-4
1.578354874316393E-4
1.5924685948891072E-4
1.6051101903232585E-4
1.616410778419123E-4
1.6265546137185367E-4
1.6357526544586972E-4
1.6442182644339724E-4
1.6521481407843897E-4
1.6597100488749343E-4
1.6670374067603283E-4
1.6742295579059066E-4
1.6813559078868493E-4
1.6884619970287978E-4
1.695575903068333E-4
1.7027139079785225E-4
1.7098849204227418E-4
1.7170935829944505E-4
1.7243422568717515E-4
1.7316321790249558E-4
1.738964078746679E-4
1.7463384773777396E-4
1.7537558208354995E-4
1.7612165326357982E-4
1.7687210329373715E-4
1.7762697446014656E-4
1.7838630948458645E-4
1.7915015155834258E-4
1.799185443417355E-4
1.806915319556873E-4
1.8146915897140168E-4
1.8225147039931775E-4
1.8303851167754284E-4
1.8383032865980123E-4
1.8462696760292922E-4
1.854284751539433E-4
1.8623489833669853E-4
1.870462845381678E-4
1.8786268149435917E-4
1.88684137275897E-4
1.8951070027328735E-4
1.9034241918189273E-4
1.911793429866399E-4
1.9202152094649033E-4
1.9286900257871513E-4
1.9372183764303363E-4
1.9458007612571958E-4
1.9544376822385476E-4
1.963129643300716E-4
1.9718771501841135E-4
1.980680710324792E-4
1.989540832780782E-4
1.9984580282433566E-4
2.0074328092058863E-4
2.016465690420353E-4
2.0255571898706426E-4
2.0347078306602034E-4
2.0439181444928596E-4
2.0531886778856823E-4
2.0625200029907327E-4
2.071912736059584E-4
2.0813675683558315E-4
2.090885316961353E-4
2.100467006744454E-4
2.1101140001083133E-4
2.1198281983410164E-4
2.129612347637708E-4
2.1394704940482567E-4
2.1494086440419332E-4
2.1594356994911372E-4
2.1695647447921907E-4
2.1798147650639214E-4
2.1902128616078486E-4
2.2007969962441857E-4
2.2116192312873756E-4
2.2227493295252145E-4
2.2342784354479242E-4
2.2463223799003637E-4
2.2590239521867963E-4
2.2725532988541195E-4
2.2871054857709014E-4
2.3028942614357375E-4
2.3201412495225067E-4
2.339060228909205E-4
2.3598368461223823E-4
2.38260500701274E-4
2.4074221969532832E-4
2.434246951285767E-4
2.462922109083359E-4
2.493167678871797E-4
2.5245863545757464E-4
2.5566832041416527E-4
2.588898905334592E-4
2.620653478704617E-4
2.651395272301502E-4
2.6806485292645547E-4
2.7080526480951616E-4
2.733387400499833E-4
2.756580736449949E-4
2.777698885326734E-4
2.796921551124339E-4
2.814507380252125E-4
2.830756029583598E-4
2.8459729028877196E-4
2.8604411615152406E-4
2.874403451400778E-4
2.888053542894442E-4
2.901536293847844E-4
2.914953336201666E-4
2.92837169370838E-4
2.9418329785820186E-4
2.9553615875849626E-4
2.968971128384574E-4
2.982668950452625E-4
2.996459046798618E-4
3.01034374937409E-4
3.024324633605189E-4
3.0384029583335824E-4
3.0525798600672426E-4
3.0668564302192234E-4
3.0812337422930015E-4
3.0957128599432145E-4
3.1102948385698355E-4
3.124980725010007E-4
3.139771556764173E-4
3.154668361145748E-4
3.1696721544430864E-4
3.184783941109933E-4
3.200004712986228E-4
3.21533544854882E-4
3.230777112191514E-4
3.2463306535337056E-4
3.2619970067570577E-4
3.2777770899695177E-4
3.2936718045960847E-4
3.309682034795733E-4
3.3258086469038767E-4
3.342052488899814E-4
3.358414389898681E-4
3.3748951596673376E-4
3.3914955881639226E-4
3.4082164451009134E-4
3.425058479531986E-4
3.442022419463792E-4
3.459108971495396E-4
3.476318820491195E-4
3.493652629298818E-4
3.511111038534425E-4
3.5286946664774276E-4
3.546404109152344E-4
3.5642399407390904E-4
3.5822027145640225E-4
3.6002929651152594E-4
3.6185112118486943E-4
3.6368579660859233E-4
3.655333743173172E-4
3.6739390834472673E-4
3.692674587688098E-4
3.7115409759556065E-4
3.7305391834264843E-4
3.749670513533586E-4
3.7689368778392595E-4
3.788341163975207E-4
3.807887787634076E-4
3.8275835012860766E-4
3.847438549162927E-4
3.8674682715769904E-4
3.8876952661311495E-4
3.908152200663689E-4
3.928885332443275E-4
3.949958708570549E-4
3.9714588932545427E-4
3.993499882991723E-4
4.0162276350695213E-4
4.039823368428612E-4
4.064504539712173E-4
4.090522214943758E-4
4.118153531079631E-4
4.147688160514761E-4
4.17940822917059E-4
4.2135620244185447E-4
4.250333016825539E-4
4.2898150415195417E-4
4.331973545437401E-4
4.3766223910990035E-4
4.423413024984626E-4
4.471840206663905E-4
4.5212665457906826E-4
4.57096526646849E-4
4.6201773730327595E-4
4.6681763999855807E-4
4.714331926782125E-4
4.758162621921991E-4
4.7993710115101725E-4
4.837855249227385E-4
4.8736972532003583E-4
4.907130731901774E-4
4.938495873727811E-4
4.968189101832877E-4
4.996616034988773E-4
5.024153901619659E-4
5.051126787959412E-4
5.077794092882829E-4
5.104350145372162E-4
5.13093155280837E-4
5.157628557222664E-4
5.184497242468494E-4
5.211570458188413E-4
5.23886640952722E-4
5.266394727034467E-4
5.294160362044544E-4
5.32216586778003E-4
5.350412620185748E-4
5.378901415026527E-4
5.407632734734414E-4
5.436606857780411E-4
5.46582390057334E-4
5.495283833494044E-4
5.524986488105157E-4
5.554931561685016E-4
5.585118621023103E-4
5.615547106003413E-4
5.646216333097267E-4
5.677125498789352E-4
5.708273682941303E-4
5.739659852094181E-4
5.771282862710686E-4
5.803141464358132E-4
5.83523430283304E-4
5.867559923228149E-4
5.900116772942809E-4
5.932903204637562E-4
5.965917479133824E-4
5.999157768259434E-4
6.032622157640996E-4
6.066308649443922E-4
6.100215165061098E-4
6.134339547751436E-4
6.168679565229841E-4
6.203232912210938E-4
6.237997212910494E-4
6.272970023511606E-4
6.308148834608232E-4
6.343531073650032E-4
6.379114107432413E-4
6.414895244713204E-4
6.450871739103958E-4
6.487040792502326E-4
6.523399559537257E-4
6.559945153849172E-4
6.596674657613254E-4
6.633585136673655E-4
6.670673665193482E-4
6.707937366128463E-4
6.745373477490917E-4
6.782979459782435E-4
6.820753167718154E-4
6.85869312004049E-4
6.896798915286529E-4
6.935071858903713E-4
6.973515887383821E-4
7.012138896053839E-4
7.050954594785853E-4
7.089985023494052E-4
7.129263847150325E-4
7.168840505551043E-4
7.208785201875974E-4
7.249194562837456E-4
7.290197584042761E-4
7.331961190928029E-4
7.374694421024206E-4
7.418649915441868E-4
7.46412117247539E-4
7.511433964213457E-4
7.560930557650006E-4
7.612946008247179E-4
7.667776847361144E-4
7.726745156050128E-4
7.789924366917948E-4
7.857235993674288E-4
7.928420960366995E-4
8.003025631422543E-4
8.080407729837289E-4
8.15976501066486E-4
8.240186145717508E-4
8.320719324907284E-4
8.400450405913715E-4
8.478579948109578E-4
8.554487888529132E-4
8.627776292001627E-4
8.698284311431904E-4
8.766074452788001E-4
8.83139431094554E-4
8.894621936474938E-4
8.956205019185629E-4
9.016603799608552E-4
9.07624534524803E-4
9.135493353947581E-4
9.194633984369135E-4
9.253875261934007E-4
9.313355905632691E-4
9.373159054358467E-4
9.43332705144665E-4
9.493874686622709E-4
9.554799611442074E-4
9.616089698083398E-4
9.677727758437322E-4
9.73969430302216E-4
9.801969012400548E-4
9.864531451309647E-4
9.92736138198031E-4
9.99043888646985E-4
0.00100537444072798
0.0010117258756755182
0.0010180963115935596
0.0010244839030311439
0.0010308868404830807
0.0010373033498793126
0.0010437316920774307
0.0010501701623610504
0.0010566170899443778
0.0010630708374829432
0.0010695298005904336
0.001075992407361557
0.0010824571179008683
0.0010889224238574847
0.0010953868479656268
0.001101848943590927
0.0011083072942824174
0.0011147605133301642
0.0011212072433284491
0.0011276461557444956
0.0011340759504926297
0.0011404953555138985
0.001146903126361131
0.001153298045789535
0.0011596789233530493
0.0011660445950069794
0.001172393922717983
0.0011787257940834913
0.0011850391219646642
0.0011913328441404832
0.001197605922997202
0.0012038573452788465
0.0012100861219448646
0.0012162912882157902
0.0012224719039464873
0.00122862705456326
0.0012347558529569235
0.0012408574429691448
0.0012469310054847005
0.0012529757687008709
0.0012589910249488855
0.0012649761575565695
0.0012709306827180954
0.0012768543131889388
0.0012827470527824688
0.0012886093328997113
0.0012944422042560587
0.0013002475978764055
0.0013060286682826346
0.0013117902272473986
0.0013175392669938517
0.0013232855558295133
0.0013290422660295238
0.0013348265636855426
0.0013406600555832444
0.0013465689540489534
0.0013525837952295331
0.0013587385401533127
0.0013650689129491654
0.0013716098968498674
0.0013935962959099853
0.0014155150235829078
0.0014373814126303886
0.0014591945328304866
0.0014809341654251325
0.0015025593520711783
0.0015240090702425418
0.0015452053369904
0.00156605867650947
0.0015864754638524154
0.001606366265330533
0.0016256540323089787
0.0016442809480069918
0.0016622129113462371
0.0016794410425452274
0.0016959801277179804
0.0017118644611877824
0.0017271419672624893
0.0017418676936313618
0.0017560977325423294
0.0017698843774828622
0.0017832729490205022
0.0017963003323620223
0.0018089949565255664
0.00182137776705547
0.0018334637089250283
0.0018452633117207698
0.001856784103006781
0.001868031716369903
0.0018790106722999034
0.001889724878007289
0.0019001779193284565
0.0019103732164976188
0.0019203141000686947
0.0019300038446799816
0.0019394456827751762
0.001948642809763046
0.0019575983859075738
0.0019663155371091377
0.001974797355353888
0.001983046899075391
0.0019910671934946157
0.0019988612309533825
0.0020064319712441497
0.002013782341936592
0.0020209152387010627
0.0020278335256289355
0.0020345400355499016
0.0020410375703462194
0.0020473289012639417
0.0020534167692211774
0.00205930388511338
0.0020649929301157165
0.002070486555982548
0.0020757873853440127
0.002080898011999801
0.0020858210012101213
0.0020905588899839123
0.0020951141873644216
0.002099489374712227
0.0021036869059860453
0.002107709208021716
0.0021115586808104075
0.002115237697777748
0.0021187486060673453
0.0021220937268350273
0.002125275355565607
0.002128295762433656
0.002131157192746678
0.002133861867538456
0.002136411984429711
0.0021388097189548776
0.002141057226685874
0.0021431566466915226
0.0021451101071905732
0.0021469197347312612
0.0021485876689152196
0.0021501160856328286
0.002151507233035787
0.002152763486049618
0.0021538874270630795
0.002154881962339414
0.00215575048531179
0.0021564970986439644
0.0021571269058686007
0.002157646379401721
0.002158063803457117
0.0021583897766231145
0.0021586377388997835
0.002158824462198927
0.0021589704138076805
0.002159099873572235
0.0021592406646180284
0.0021594233535030586
0.0021596797988276484
0.004259104703501086
0.004229036008995001
0.00419943953612161
0.004170317653081088
0.004141659014995658
0.004113436450036137
0.004085606233805147
0.004058109154893643
0.004030873549305137
0.004003820171478517
0.0039768684286952205
0.00394994320731262
0.003922981339794842
0.0038959367581165106
0.0038687835701644276
0.0038415166503565556
0.0038141497777247155
0.003786711781881541
0.0037592414700053345
0.0037317822385123543
0.0037043772049244715
0.0036770654657083852
0.003649879770352526
0.0036228455887748036
0.0035959813112233963
0.003569299195947363
0.0035428066700350573
0.0035165076628110963
0.003490403765334523
0.0034644951232700575
0.0034387810572037965
0.003413260454864247
0.0033879319976565917
0.003362794280244791
0.0033378458681446363
0.0033130853229309046
0.003288511212192753
0.003264122113032745
0.0032399166131221744
0.0032158933109359107
0.00319205081574577
0.0031683877475526616
0.003144902737006055
0.0031215944253216465
0.0030984614641993632
0.003075502515741941
0.00305271625237415
0.0030301013567626384
0.003007656521736411
0.00298538045020791
0.0029632718550947246
0.0029413294592418944
0.0029195519953448316
0.0028979382058728314
0.0028764868429931928
0.0028551966684959044
0.002834066453718962
0.002813094979474238
0.002792281035973999
0.002771623422758009
0.0027511209486213604
0.002730772431543109
0.002710576698615965
0.0026905325859775467
0.002670638938744191
0.002650894610949107
0.002631298465488421
0.002611849374081504
0.0025925462172573612
0.002573387884388092
0.002554373273806416
0.00253550129307116
0.002516770859488974
0.0024981809010720156
0.002479730358223547
0.0024614181866150575
0.0024432433619729003
0.0024252048878572663
0.002407301808018895
0.0023895332255801905
0.002371898332107497
0.0023543964505811877
0.0023370270972246305
0.0023197900679190007
0.002302685555178417
0.0022857143009145237
0.0022688777878758478
0.0022521784680337425
0.0022356200187055725
0.0022192076065596844
0.002202948126142802
0.002186850364460693
0.0021709250289028356
0.0021551845662167693
0.002139642700124787
0.2919228618201617
