2.3131295057980437E-6
4.62607635872035E-6
6.9388408409104896E-6
9.251423235258848E-6
1.1563823825402422E-5
1.3876042895724452E-5
1.6188080731354264E-5
1.8499937618166895E-5
2.081161384278276E-5
2.3123109692567548E-5
2.543442545563169E-5
2.77455614208304E-5
3.0056517877762963E-5
3.2367295116772684E-5
3.46778934289465E-5
3.6988313106114914E-5
3.929855444085115E-5
4.16086177264714E-5
4.391850325703421E-5
4.6228211327340005E-5
4.85377422329313E-5
5.084709627009167E-5
5.315627373584598E-5
5.5465274927959926E-5
5.77741001449391E-5
6.008274968602982E-5
6.239122385121762E-5
6.469952294122755E-5
6.700764725752372E-5
6.931559710230869E-5
7.162337277852322E-5
7.393097458984615E-5
7.623840284069372E-5
7.854565783621932E-5
8.085273988231301E-5
8.315964928560133E-5
8.546638635344678E-5
8.777295139394735E-5
9.007934471593604E-5
9.238556662898132E-5
9.469161744338504E-5
9.699749747018375E-5
9.93032070211472E-5
1.0160874640877842E-4
1.0391411594631335E-4
1.0621931594771955E-4
1.08524346727697E-4
1.1082920860167691E-4
1.1313390188582137E-4
1.1543842689702358E-4
1.1774278395290595E-4
1.200469733718211E-4
1.2235099547285082E-4
1.2465485057580543E-4
1.2695853900122358E-4
1.292620610703717E-4
1.3156541710524373E-4
1.3386860742856034E-4
1.3617163236376824E-4
1.3847449223504114E-4
1.4077718736727707E-4
1.4307971808609954E-4
1.4538208471785656E-4
1.4768428758961974E-4
1.4998632702918532E-4
1.5228820336507163E-4
1.5458991692652007E-4
1.568914680434955E-4
1.5919285704668303E-4
1.6149408426749138E-4
1.6379515003805072E-4
1.6609605469121238E-4
1.6839679856055093E-4
1.7069738198036448E-4
1.7299780528567363E-4
1.7529806881222756E-4
1.775981728965033E-4
1.79898117875711E-4
1.8219790408780055E-4
1.8449753187146882E-4
1.8679700156617202E-4
1.890963135121412E-4
1.913954680504038E-4
1.936944655228141E-4
1.9599330627209353E-4
1.982919906418861E-4
2.005905189768291E-4
2.0288889162265613E-4
2.0518710892632446E-4
2.0748517123619396E-4
2.0978307890225748E-4
2.1208083227644943E-4
2.1437843171305125E-4
2.1667587756922123E-4
2.1897317020569168E-4
2.2127030998767477E-4
2.2356729728604304E-4
2.2586413247885232E-4
2.2816081595331176E-4
2.3045734810831522E-4
2.3275372935768445E-4
2.350499601343059E-4
2.373460408954012E-4
2.3964197212919503E-4
2.4193775436334196E-4
2.442333881755199E-4
2.465288742067056E-4
2.4882421317774214E-4
2.5111940590993E-4
2.534144533505232E-4
2.5570935660416353E-4
2.580041169714726E-4
2.6029873599623554E-4
2.625932155228256E-4
2.648875577657954E-4
2.671817653938117E-4
2.694758416304193E-4
2.71769790374432E-4
2.74063616343044E-4
2.763573252410874E-4
2.786509239601489E-4
2.809444208115203E-4
2.832378257971819E-4
2.855311509231436E-4
2.878244105595067E-4
2.9011762185150866E-4
2.924108051855201E-4
2.947039847134714E-4
2.969971889384168E-4
2.992904513628806E-4
3.015838112001669E-4
3.0387731414700635E-4
3.0617101321358354E-4
3.0846496960422866E-4
3.107592536387609E-4
3.1305394570064885E-4
3.153491371938316E-4
3.176449314852724E-4
3.199414448050993E-4
3.2223880707071893E-4
3.245371625956692E-4
3.2683667063839356E-4
3.2913750574085974E-4
3.314398578022699E-4
3.337439318293636E-4
3.3604994730242313E-4
3.383581370954103E-4
3.406687458902042E-4
3.4298202802906554E-4
3.452982447566904E-4
3.4761766081388824E-4
3.4994054035932974E-4
3.5226714221419384E-4
3.5459771444686187E-4
3.5693248834097683E-4
3.592716718198129E-4
3.6161544243229655E-4
3.639639400403906E-4
3.66317259382559E-4
3.6867544272223783E-4
3.710384728219215E-4
3.7340626651049944E-4
3.757786691318655E-4
3.781554501741765E-4
3.805363003794043E-4
3.829208306199185E-4
3.853085728011659E-4
3.8769898300590065E-4
3.90091447035393E-4
3.9248528842704395E-4
3.948797789371663E-4
3.9727415137481305E-4
3.9966761456108717E-4
4.0205937007294193E-4
4.044486303168748E-4
4.068346373725548E-4
4.092166819564447E-4
4.115941217879366E-4
4.139663986024477E-4
4.1633305305317623E-4
4.1869373678058726E-4
4.2104822100870037E-4
4.2339640115025644E-4
4.257382970660546E-4
4.2807404882150806E-4
4.304039080068365E-4
4.3272822492437227E-4
4.350474321829142E-4
4.373620254588369E-4
4.39672542339645E-4
4.419795404988532E-4
4.442835760655422E-4
4.465851834084146E-4
4.488848577207515E-4
4.511830410665233E-4
4.5348011256032437E-4
4.5577638306267947E-4
4.580720944527534E-4
4.6036742324774343E-4
4.6266248801404646E-4
4.626442296385574E-4
4.626259906153282E-4
4.6260777099980737E-4
4.6258957084742566E-4
4.625713902135903E-4
4.625532291536897E-4
4.625350877230888E-4
4.6251696597713314E-4
4.624988639711446E-4
4.6248078176042216E-4
4.624627194002444E-4
4.624446769458646E-4
4.6242665445251653E-4
4.624086519754081E-4
4.6239066956972337E-4
4.6237270729062294E-4
4.623547651932458E-4
4.6233684333270265E-4
4.623189417640825E-4
4.623010605424486E-4
4.6228319972283725E-4
4.622653593602625E-4
4.622475395097089E-4
4.6222974022613807E-4
4.622119615644845E-4
4.621942035796528E-4
4.6217646632652624E-4
4.6215874985995603E-4
4.621410542347684E-4
4.6212337950576123E-4
4.6210572572770404E-4
4.620880929553365E-4
4.6207048124337184E-4
4.6205289064649244E-4
4.620353212193521E-4
4.6201777301657426E-4
4.6200024609275317E-4
4.619827405024519E-4
4.619652563002031E-4
4.619477935405083E-4
4.6193035227783894E-4
4.619129325666319E-4
4.618955344612948E-4
4.6187815801620113E-4
4.6186080328569325E-4
4.618434703240799E-4
4.6182615918563584E-4
4.618088699246021E-4
4.617916025951871E-4
4.617743572515625E-4
4.617571339478699E-4
4.617399327382099E-4
4.6172275367665187E-4
4.6170559681722826E-4
4.616884622139348E-4
4.616713499207321E-4
4.616542599915429E-4
4.6163719248025367E-4
4.616201474407133E-4
4.6160312492673106E-4
4.6158612499208243E-4
4.6156914769050165E-4
4.6155219307568375E-4
4.615352612012868E-4
4.615183521209271E-4
4.615014658881847E-4
4.61484602556597E-4
4.6146776217966424E-4
4.614509448108466E-4
4.6143415050356234E-4
4.6141737931119366E-4
4.614006312870835E-4
4.613839064845347E-4
4.613672049568176E-4
4.613505267571666E-4
4.6133387193878514E-4
4.6131724055485196E-4
4.61300632658525E-4
4.6128404830294916E-4
4.612674875412703E-4
4.6125095042665E-4
4.612344370122861E-4
4.612179473514454E-4
4.612014814974972E-4
4.6118503950396983E-4
4.611686214246194E-4
4.611522273135283E-4
4.611358572252186E-4
4.6111951121482797E-4
4.611031893383191E-4
4.610868916527694E-4
4.610706182167431E-4
4.610543690907803E-4
4.6103814433803825E-4
4.6102194402511013E-4
4.6100576822310406E-4
4.609896170090155E-4
4.6097349046751566E-4
4.609573886932124E-4
4.609413117935687E-4
4.609252598925917E-4
4.609092331355357E-4
4.6089323169482195E-4
4.608772557775183E-4
4.6086130563470913E-4
4.608453815732226E-4
4.608294839702314E-4
4.608136132913831E-4
4.6079777011321456E-4
4.607819551507472E-4
4.607661692913523E-4
4.6075041363611625E-4
4.6073468955016623E-4
4.607189987236525E-4
4.607033432452943E-4
4.606877256907232E-4
4.606721492280846E-4
4.6065661774369104E-4
4.606411359908317E-4
4.6062570976509537E-4
4.6061034610989527E-4
4.6059505355611544E-4
4.6057984239997516E-4
4.6056472502336367E-4
4.60549716260898E-4
4.6053483381785034E-4
4.605200987427944E-4
4.605055359583681E-4
4.6049117485274057E-4
4.604770499333915E-4
4.6046320154339714E-4
4.6044967663863166E-4
4.6043652962212957E-4
4.6042382322914735E-4
4.604116294533315E-4
4.604000305007421E-4
4.603891197543373E-4
4.6037900272690005E-4
4.603697979754157E-4
4.60361637944579E-4
4.6035466970161394E-4
4.603490555191447E-4
4.603449732575503E-4
4.603426164935085E-4
4.60342194337432E-4
4.603439308797028E-4
4.6034806420435143E-4
4.603548449095223E-4
4.603645340771524E-4
4.6037740064020074E-4
4.603937181048575E-4
4.604137605977683E-4
4.604377982246847E-4
4.6046609174718264E-4
4.604988866081387E-4
4.6053640636427274E-4
4.605788456148026E-4
4.606263625483183E-4
4.606790712644915E-4
4.607370340618061E-4
4.608002539156294E-4
4.6086866740091564E-4
4.609421383385174E-4
4.6102045246154834E-4
4.6110331340622413E-4
4.6119034032809735E-4
4.6128106742774006E-4
4.613749456382886E-4
4.6147134667976413E-4
4.615695696215974E-4
4.61668850015741E-4
4.617683715697007E-4
4.6186728022428727E-4
4.619647003884671E-4
4.6205975296804486E-4
4.621515747116107E-4
4.6223933829255963E-4
4.6232227245691964E-4
4.623996815000205E-4
4.6247096329748625E-4
4.625356251132836E-4
4.625932964442802E-4
4.6264373823948354E-4
4.626868479533044E-4
4.627226600534187E-4
4.6275134179985417E-4
4.627731843345102E-4
4.627885893583572E-4
4.627980519134255E-4
4.6280214004348457E-4
4.6280147204709064E-4
4.627966930393447E-4
4.627884513523264E-4
4.6277737580119403E-4
4.6276405583555884E-4
4.627490250813666E-4
4.6273274906110556E-4
4.62715617594678E-4
4.6269794203157273E-4
4.6267995721430805E-4
4.6266182832411997E-4
4.626436636994333E-4
4.626255221340522E-4
4.6260740368206794E-4
4.625893083975327E-4
4.6257123633446047E-4
4.625531875468279E-4
4.625351620885735E-4
4.625171600135947E-4
4.6249918137574884E-4
4.62481226228852E-4
4.624632946266807E-4
4.6244538662296647E-4
4.624275022714012E-4
4.6240964162563294E-4
4.6239180473926425E-4
4.6237399166585287E-4
4.6235620245891403E-4
4.623384371719145E-4
4.623206958582763E-4
4.623029785713716E-4
4.622852853645277E-4
4.6226761629102037E-4
4.622499714040779E-4
4.6223235075687735E-4
4.6221475440254766E-4
4.621971823941589E-4
4.621796347847393E-4
4.6216211162725617E-4
4.62144612974627E-4
4.6212713887971415E-4
4.621096893953252E-4
4.62092264574209E-4
4.620748644690644E-4
4.6205748913252575E-4
4.6204013861717534E-4
4.6202281297553333E-4
4.6200551226006323E-4
4.619882365231673E-4
4.6197098581718767E-4
4.619537601944065E-4
4.6193655970704165E-4
4.619193844072517E-4
4.619022343471297E-4
4.6188510957870715E-4
4.618680101539474E-4
4.6185093612475717E-4
4.618338875429701E-4
4.6181686446035566E-4
4.6179986692861943E-4
4.6178289499939815E-4
4.6176594872426304E-4
4.617490281547144E-4
4.6173213334218697E-4
4.617152643380472E-4
4.61698421193588E-4
4.616816039600372E-4
4.616648126885512E-4
4.616480474302136E-4
4.616313082360431E-4
4.6161459515697926E-4
4.6159790824389904E-4
4.6158124754760104E-4
4.6156461311881605E-4
4.6154800500820077E-4
4.615314232663385E-4
4.615148679437439E-4
4.6149833909085454E-4
4.6148183675804086E-4
4.61465360995597E-4
4.614489118537449E-4
4.6143248938263767E-4
4.6141609363235526E-4
4.613997246529062E-4
4.6138338249423154E-4
4.613670672062052E-4
4.61350778838635E-4
4.613345174412668E-4
4.613182830637906E-4
4.613020757558455E-4
4.6128589556702654E-4
4.612697425469017E-4
4.6125361674501916E-4
4.6123751821093833E-4
4.612214469942504E-4
4.6120540314462046E-4
4.611893867118357E-4
4.6117339774588446E-4
4.6115743629702847E-4
4.611415024159423E-4
4.6112559615386033E-4
4.61109717562798E-4
4.610938666958199E-4
4.610780436074099E-4
4.610622483539466E-4
4.610464809943215E-4
4.6103074159074473E-4
4.6101503020978466E-4
4.609993469237245E-4
4.609836918122795E-4
4.609680649648282E-4
4.609524664832411E-4
4.609368964855022E-4
4.609213551102831E-4
4.6090584252275074E-4
4.608903589218685E-4
4.6087490454957896E-4
4.608594797022764E-4
4.608440847451205E-4
4.608287201298095E-4
4.608133864165542E-4
4.6079808430117173E-4
4.607828146483239E-4
4.6076757853215366E-4
4.607523772857444E-4
4.6073721256107423E-4
4.607220864013754E-4
4.6070700132806264E-4
4.606919604447082E-4
4.6067696756081807E-4
4.606620273384571E-4
4.6064714546508134E-4
4.606323288562194E-4
4.606175858918792E-4
4.6060292669075306E-4
4.6058836342642367E-4
4.605739106898074E-4
4.605595859019038E-4
4.605454097807235E-4
4.6053140686567995E-4
4.6051760610206136E-4
4.605040414871161E-4
4.604907527779085E-4
4.6047778625933925E-4
4.6046519556850656E-4
4.604530425689186E-4
4.6044139826491597E-4
4.6043034374301437E-4
4.6041997112268243E-4
4.6041038449452727E-4
4.604017008188035E-4
4.603940507518533E-4
4.6038757936263055E-4
4.6038244669594815E-4
4.6037882813389187E-4
4.603769145020363E-4
4.6037691186323637E-4
4.603790409389677E-4
4.603835360970392E-4
4.603906438452964E-4
4.604006207741853E-4
4.6041373089711037E-4
4.60430242346857E-4
4.6045042339918865E-4
4.604745378114393E-4
4.605028394844232E-4
4.6053556648045947E-4
4.60572934458244E-4
4.606151296163859E-4
4.606623012708674E-4
4.607145542264134E-4
4.607719411364896E-4
4.6083445507987203E-4
4.609020226114608E-4
4.609744975694023E-4
4.610516559373808E-4
4.611331920679509E-4
4.6121871656803803E-4
4.613077561292311E-4
4.613997555518417E-4
4.614940821619996E-4
4.615900327549337E-4
4.616868431159021E-4
4.6178370007437765E-4
4.6187975593993326E-4
4.619741450534924E-4
4.620660020701445E-4
4.621544814752946E-4
4.622387777312749E-4
4.62318145363507E-4
4.6239191823119267E-4
4.6245952719397714E-4
4.6252051538901793E-4
4.625745503767941E-4
4.6262143250142066E-4
4.6266109894209774E-4
4.6269362310401714E-4
4.627192092035257E-4
4.627381821348016E-4
4.6275097295166276E-4
4.6275810060460366E-4
4.6276015032354256E-4
4.6275775071159445E-4
4.627515497216437E-4
4.627421903258689E-4
4.6273028850640996E-4
4.627164140041107E-4
4.627010748135132E-4
4.626847061555562E-4
4.6266766428987397E-4
4.6265022531746065E-4
4.6263258990635395E-4
4.6261489750314973E-4
4.625972317933646E-4
4.6257959282887726E-4
4.6256198066145916E-4
4.6254439534276754E-4
4.6252683692435035E-4
4.6250930545763575E-4
4.624918009939315E-4
4.6247432358442276E-4
4.6245687328016685E-4
4.6243945013209505E-4
4.624220541910025E-4
4.6240468550755347E-4
4.6238734413227674E-4
4.623700301155582E-4
4.6235274350764263E-4
4.6233548435863466E-4
4.6231825271848934E-4
4.623010486370188E-4
4.622838721638805E-4
4.622667233485863E-4
4.622496022404934E-4
4.622325088888065E-4
4.622154433425733E-4
4.621984056506935E-4
4.621813958618985E-4
4.621644140247756E-4
4.6214746018774576E-4
4.621305343990767E-4
4.621136367068764E-4
4.6209676715909764E-4
4.6207992580352987E-4
4.620631126878134E-4
4.620463278594233E-4
4.620295713656844E-4
4.6201284325376226E-4
4.61996143570671E-4
4.619794723632687E-4
4.6196282967826257E-4
4.619462155622102E-4
4.6192963006151644E-4
4.619130732224416E-4
4.6189654509109883E-4
4.6188004571345946E-4
4.618635751353481E-4
4.618471334024579E-4
4.618307205603378E-4
4.61814336654404E-4
4.617979817299436E-4
4.6178165583210957E-4
4.617653590059342E-4
4.6174909129632034E-4
4.6173285274805497E-4
4.6171664340580594E-4
4.617004633141265E-4
4.616843125174602E-4
4.616681910601433E-4
4.6165209898640583E-4
4.6163603634038445E-4
4.6162000316610945E-4
4.6160399950752795E-4
4.6158802540849147E-4
4.6157208091277273E-4
4.615561660640565E-4
4.6154028090595434E-4
4.615244254820059E-4
4.6150859983567756E-4
4.614928040103787E-4
4.614770380494501E-4
4.614613019961818E-4
4.614455958938107E-4
4.614299197855281E-4
4.6141427371447995E-4
4.613986577237782E-4
4.6138307185650447E-4
4.6136751615571297E-4
4.6135199066443615E-4
4.613364954256993E-4
4.613210304825214E-4
4.613055958779285E-4
4.6129019165496875E-4
4.612748178567189E-4
4.612594745263119E-4
4.612441617069604E-4
4.612288794419808E-4
4.612136277748392E-4
4.611984067492106E-4
4.611832164090342E-4
4.6116805679861624E-4
4.6115292796274456E-4
4.611378299468519E-4
4.61122762797218E-4
4.611077265612405E-4
4.6109272128779915E-4
4.61077747027712E-4
4.6106280383434163E-4
4.6104789176437726E-4
4.610330108788557E-4
4.610181612444676E-4
4.6100334293524165E-4
4.609885560347053E-4
4.60973800638656E-4
4.609590768586635E-4
4.6094438482655183E-4
4.6092972470004434E-4
4.6091509666989263E-4
4.6090050096882034E-4
4.608859378827294E-4
4.608714077646707E-4
4.6085691105218475E-4
4.608424482887872E-4
4.608280201504235E-4
4.608136274779667E-4
4.607992713169396E-4
4.607849529658903E-4
4.607706740350386E-4
4.60756436517067E-4
4.6074224287219614E-4
4.6072809612995457E-4
4.6071400001034056E-4
4.606999590673747E-4
4.6068597885831413E-4
4.6067206614210993E-4
4.60658229110863E-4
4.606444776582827E-4
4.60630823689235E-4
4.606172814744606E-4
4.6060386805446275E-4
4.605906036962275E-4
4.6057751240594167E-4
4.6056462250015326E-4
4.605519672367183E-4
4.60539585505514E-4
4.605275225771127E-4
4.605158309053898E-4
4.605045709773917E-4
4.604938122006339E-4
4.604836338143222E-4
4.604741258069247E-4
4.604653898179043E-4
4.6045753999646285E-4
4.60450703784937E-4
4.604450225890634E-4
4.6044065229200297E-4
4.6043776356387273E-4
4.6043654191402146E-4
4.6043718742952986E-4
4.604399141409505E-4
4.604449489553946E-4
4.6045253009823926E-4
4.604629050083327E-4
4.6047632763805907E-4
4.6049305511936125E-4
4.6051334377015905E-4
4.605374444326505E-4
4.6056559715599893E-4
4.6059802526063456E-4
4.606349288496246E-4
4.6067647786378156E-4
4.6072280481053446E-4
4.607739973310314E-4
4.60830090804165E-4
4.6089106121848493E-4
4.609568185715304E-4
4.610272010788385E-4
4.6110197048962654E-4
4.6118080881075806E-4
4.6126331673295394E-4
4.6134901403156324E-4
4.614373421771651E-4
4.6152766933796254E-4
4.616192978864151E-4
4.617114744375451E-4
4.6180340234782384E-4
4.618942564943642E-4
4.6198320003844676E-4
4.620694027603013E-4
4.6215206043968187E-4
4.6223041465587485E-4
4.623037722985485E-4
4.6237152402456565E-4
4.6243316087212866E-4
4.62488288258143E-4
4.6253663664158856E-4
4.6257806823681274E-4
4.626125793055014E-4
4.6264029774082316E-4
4.62661475875114E-4
4.6267647868340804E-4
4.626857678920269E-4
4.626898820834491E-4
4.626894151053799E-4
4.62684992626753E-4
4.6267724741303634E-4
4.626667963846952E-4
4.6265421980210746E-4
4.626400436880014E-4
4.626247263758615E-4
4.626086497007854E-4
4.625921151832959E-4
4.625753467984193E-4
4.625585060212681E-4
4.6254169552374956E-4
4.625249153440652E-4
4.6250816551969884E-4
4.62491446087425E-4
4.6247475708331953E-4
4.6245809854276716E-4
4.6244147050047117E-4
4.6242487299047057E-4
4.624083060461528E-4
4.6239176970027106E-4
4.62375263984963E-4
4.623587889317696E-4
4.6234234457166056E-4
4.6232593093505016E-4
4.6230954805182267E-4
4.6229319595136225E-4
4.6227687466257275E-4
4.622605842139051E-4
4.6224432463338745E-4
4.6222809594865025E-4
4.622118981869584E-4
4.621957313752393E-4
4.621795955401066E-4
4.62163490707908E-4
4.621474169047314E-4
4.6213137415646114E-4
4.62115362488791E-4
4.6209938192726666E-4
4.620834324973127E-4
4.6206751422426753E-4
4.6205162713341014E-4
4.620357712500033E-4
4.62019946599311E-4
4.6200415320664536E-4
4.619883910973851E-4
4.619726602970171E-4
4.6195696083116324E-4
4.6194129272561334E-4
4.619256560063556E-4
4.619100506996045E-4
4.618944768318331E-4
4.618789344298072E-4
4.6186342352060733E-4
4.61847944131657E-4
4.6183249629076014E-4
4.6181708002611854E-4
4.6180169536636406E-4
4.617863423405846E-4
4.6177102097834616E-4
4.6175573130972464E-4
4.617404733653222E-4
4.6172524717629757E-4
4.6171005277438414E-4
4.616948901919137E-4
4.616797594618375E-4
4.616646606177475E-4
4.616495936938918E-4
4.61634558725203E-4
4.6161955574729934E-4
4.61604584796521E-4
4.615896459099277E-4
4.615747391253327E-4
4.615598644812946E-4
4.615450220171489E-4
4.615302117730136E-4
4.6151543378979484E-4
4.615006881092102E-4
4.614859747737836E-4
4.6147129382685914E-4
4.6145664531261493E-4
4.614420292760591E-4
4.614274457630371E-4
4.614128948202443E-4
4.613983764952221E-4
4.6138389083636E-4
4.613694378929018E-4
4.6135501771494934E-4
4.613406303534571E-4
4.6132627586023897E-4
4.6131195428797357E-4
4.612976656901975E-4
4.6128341012131765E-4
4.612691876366224E-4
4.612549982922819E-4
4.612408421453737E-4
4.612267192539109E-4
4.6121262967686844E-4
4.611985734742444E-4
4.6118455070712325E-4
4.611705614377847E-4
4.6115660572982573E-4
4.6114268364834507E-4
4.611287952601937E-4
4.6111494063428497E-4
4.6110111984202606E-4
4.610873329578744E-4
4.610735800600808E-4
4.610598612316363E-4
4.610461765615163E-4
4.6103252614628615E-4
4.610189100921681E-4
4.610053285176777E-4
4.6099178155701025E-4
4.609782693643387E-4
4.6096479211925806E-4
4.6095135003365546E-4
4.6093794336036034E-4
4.6092457240397126E-4
4.6091123753436267E-4
4.6089793920348917E-4
4.608846779661685E-4
4.6087145450572663E-4
4.6085826966547633E-4
4.608451244872255E-4
4.608320202581669E-4
4.6081895856772546E-4
4.608059413761906E-4
4.607929710971846E-4
4.60780050696302E-4
4.60767183808526E-4
4.6075437487729784E-4
4.607416293184268E-4
4.6072895371220435E-4
4.607163560273945E-4
4.6070384588087974E-4
4.606914348368372E-4
4.6067913674933936E-4
4.606669681520878E-4
4.6065494869867204E-4
4.6064310165626777E-4
4.6063145445484157E-4
4.606200392929136E-4
4.606088937995021E-4
4.6059806175009017E-4
4.605875938322599E-4
4.6057754845398816E-4
4.6056799258446503E-4
4.605590026137308E-4
4.605506652133829E-4
4.6054307817609385E-4
4.605363512069183E-4
4.6053060663428345E-4
4.605259800033829E-4
4.6052262050960214E-4
4.6052069122485943E-4
4.6052036906551444E-4
4.605218444472493E-4
4.605253205702675E-4
4.605310122778523E-4
4.605391444329892E-4
4.605499497619673E-4
4.605636661209538E-4
4.605805331518496E-4
4.606007883075261E-4
4.606246622441104E-4
4.606523735992146E-4
4.606841231998547E-4
4.607200877719085E-4
4.6076041325374275E-4
4.608052078491677E-4
4.608545349882016E-4
4.6090840639660474E-4
4.609667755053551E-4
4.610295314571077E-4
4.610964939862281E-4
4.611674094601845E-4
4.6124194837056555E-4
4.613197045500972E-4
4.6140019636593983E-4
4.614828700980549E-4
4.6156710565413694E-4
4.616522246995276E-4
4.617375011930211E-4
4.618221742195853E-4
4.6190546290213343E-4
4.619865830609581E-4
4.620647651767037E-4
4.6213927310712917E-4
4.6220942291617896E-4
4.6227460110335875E-4
4.623342814789342E-4
4.6238803992236727E-4
4.624355662928461E-4
4.6247667283483843E-4
4.6251129853946136E-4
4.625395090821166E-4
4.625614921534832E-4
4.625775482263833E-4
4.625880771480612E-4
4.6259356040093016E-4
4.625945414539117E-4
4.62591603779894E-4
4.6258534688264013E-4
4.6257636362795747E-4
4.6256521912004477E-4
4.6255243227851634E-4
4.6253846108371507E-4
4.625236920991941E-4
4.625084347594565E-4
4.6249292249324976E-4
4.624773279403485E-4
4.624617651050354E-4
4.624462338927738E-4
4.6243073420945517E-4
4.6241526596184763E-4
4.623998290580119E-4
4.623844234076962E-4
4.623690489227199E-4
4.6235370551733095E-4
4.6233839310855137E-4
4.623231116165003E-4
4.6230786096470184E-4
4.622926410803736E-4
4.6227745189470626E-4
4.6226229334311083E-4
4.6224716536546855E-4
4.6223206790635423E-4
4.6221700091524565E-4
4.62201964346719E-4
4.6218695816063494E-4
4.6217198232229885E-4
4.6215703680262024E-4
4.6214212157825286E-4
4.6212723663171043E-4
4.621123819515038E-4
4.620975575322168E-4
4.620827633746171E-4
4.620679994857164E-4
4.620532658788533E-4
4.6203856257373695E-4
4.620238895964938E-4
4.6200924697970236E-4
4.6199463476241984E-4
4.619800529901849E-4
4.619655017150333E-4
4.6195098099548323E-4
4.6193649089652236E-4
4.619220314895846E-4
4.6190760285251645E-4
4.618932050695334E-4
4.61878838231172E-4
4.6186450243422994E-4
4.6185019778170554E-4
4.618359243827186E-4
4.6182168235242945E-4
4.6180747181195914E-4
4.6179329288828963E-4
4.617791457141596E-4
4.617650304279666E-4
4.6175094717364234E-4
4.6173689610054557E-4
4.617228773633237E-4
4.6170889112179557E-4
4.616949375408016E-4
4.616810167900749E-4
4.616671290440865E-4
4.6165327448189703E-4
4.61639453287004E-4
4.616256656471775E-4
4.616119117542953E-4
4.6159819180418177E-4
4.615845059964249E-4
4.6157085453421185E-4
4.615572376241359E-4
4.615436554760252E-4
4.6153010830275303E-4
4.6151659632004307E-4
4.6150311974628856E-4
4.614896788023439E-4
4.614762737113336E-4
4.614629046984571E-4
4.614495719907769E-4
4.6143627581701557E-4
4.6142301640735765E-4
4.6140979399323306E-4
4.613966088071071E-4
4.613834610822721E-4
4.6137035105263673E-4
4.6135727895250586E-4
4.613442450163705E-4
4.6133124947869827E-4
4.6131829257371076E-4
4.6130537453517204E-4
4.6129249559618993E-4
4.612796559889882E-4
4.612668559447168E-4
4.61254095693252E-4
4.612413754629998E-4
4.612286954807243E-4
4.612160559713769E-4
4.612034571579651E-4
4.611908992614216E-4
4.611783825005234E-4
4.61165907091873E-4
4.6115347324989913E-4
4.611410811869741E-4
4.6112873111360753E-4
4.6111642323878817E-4
4.611041577704796E-4
4.6109193491633695E-4
4.61079754884697E-4
4.6106761788593123E-4
4.6105552413420857E-4
4.6104347384985796E-4
4.610314672624118E-4
4.610195046145415E-4
4.6100758616708903E-4
4.6099571220548134E-4
4.60983883047837E-4
4.6097209905516964E-4
4.6096036064417105E-4
4.6094866830313276E-4
4.6093702261170805E-4
4.6092542426530236E-4
4.609138741050781E-4
4.6090237315465557E-4
4.608909226648315E-4
4.608795241678232E-4
4.6086817954272766E-4
4.608568910941969E-4
4.608456616464826E-4
4.6083449465534725E-4
4.608233943405477E-4
4.608123658418293E-4
4.608014154016522E-4
4.607905505780036E-4
4.6077978049079973E-4
4.6076911610546577E-4
4.6075857055719293E-4
4.607481595191986E-4
4.6073790161800103E-4
4.6072781889812365E-4
4.607179373378475E-4
4.6070828741658705E-4
4.606989047330156E-4
4.606898306713072E-4
4.606811131107136E-4
4.606728071710645E-4
4.6066497598379146E-4
4.6065769147459606E-4
4.606510351399956E-4
4.606450987957419E-4
4.606399852705683E-4
4.6063580901398995E-4
4.606326965820883E-4
4.606307869606317E-4
4.6063023168061183E-4
4.606311946776842E-4
4.6063385184439017E-4
4.606383902227142E-4
4.6064500678491506E-4
4.60653906753013E-4
4.606653014122388E-4
4.6067940538149245E-4
4.6069643331468505E-4
4.6071659602111556E-4
4.6074009601069474E-4
4.6076712249097873E-4
4.607978458673939E-4
4.6083241182523884E-4
4.608709351014555E-4
4.6091349308485026E-4
4.609601194141935E-4
4.6101079777312944E-4
4.6106545610723014E-4
4.6112396151019684E-4
4.611861160410504E-4
4.6125165374009134E-4
4.6132023910671184E-4
4.6139146728489347E-4
4.6146486617109023E-4
4.6153990061345975E-4
4.616159788105627E-4
4.616924609427029E-4
4.6176866998120223E-4
4.6184390452296746E-4
4.6191745339311353E-4
4.6198861165196685E-4
4.6205669753998375E-4
4.6212106980117473E-4
4.621811447494359E-4
4.6223641238931306E-4
4.6228645087957035E-4
4.6233093864008666E-4
4.6236966345383345E-4
4.6240252800822324E-4
4.624295514533445E-4
4.62450866725393E-4
4.624667135854349E-4
4.6247742766025577E-4
4.624834251517515E-4
4.6248518560815217E-4
4.6248323215189176E-4
4.62478109312489E-4
4.624703617660981E-4
4.624605142670829E-4
4.624490536077195E-4
4.624364137216541E-4
4.6242296456915766E-4
4.6240900536185955E-4
4.623947644503844E-4
4.623804139708617E-4
4.623660707759504E-4
4.6235173487225805E-4
4.623374063549096E-4
4.6232308540398195E-4
4.623087722810065E-4
4.622944673255226E-4
4.6228017095171136E-4
4.622658836450823E-4
4.6225160595923467E-4
4.6223733851267015E-4
4.6222308198567925E-4
4.6220883711727825E-4
4.6219460470221145E-4
4.6218038558801136E-4
4.621661806721212E-4
4.621519908990659E-4
4.6213781725769327E-4
4.6212366077845777E-4
4.621095225307727E-4
4.620954036204012E-4
4.620813051869199E-4
4.620672284012231E-4
4.6205317446307276E-4
4.6203914459872923E-4
4.620251400585949E-4
4.6201116211493825E-4
4.6199721205964606E-4
4.6198329120204567E-4
4.619694008667553E-4
4.619555423915874E-4
4.6194171712551446E-4
4.619279264266552E-4
4.619141716603259E-4
4.619004541971259E-4
4.6188677541107585E-4
4.618731366777859E-4
4.618595393726866E-4
4.618459848692817E-4
4.6183247453745406E-4
4.6181900974181513E-4
4.618055918400786E-4
4.6179222218149785E-4
4.617789021053233E-4
4.617656329393007E-4
4.617524159982203E-4
4.617392525824926E-4
4.617261439767571E-4
4.617130914485403E-4
4.617000962469381E-4
4.6168715960134805E-4
4.6167428272020816E-4
4.616614667898092E-4
4.616487129731E-4
4.6163602240856326E-4
4.6162339620909253E-4
4.616108354609224E-4
4.615983412225798E-4
4.61585914523876E-4
4.61573556364912E-4
4.615612677151349E-4
4.6154904951240785E-4
4.6153690266212324E-4
4.6152482803632386E-4
4.6151282647287833E-4
4.6150089877466824E-4
4.6148904570879676E-4
4.614772680058517E-4
4.614655663591567E-4
4.6145394142408107E-4
4.61442393817362E-4
4.614309241164491E-4
4.6141953285887684E-4
4.614082205416682E-4
4.61396987620754E-4
4.613858345104149E-4
4.61374761582754E-4
4.6136376916718964E-4
4.613528575499683E-4
4.613420269737001E-4
4.6133127763692917E-4
4.613206096937016E-4
4.613100232531765E-4
4.612995183792619E-4
4.612890950902465E-4
4.6127875335848716E-4
4.6126849311010367E-4
4.6125831422469307E-4
4.612482165350915E-4
4.6123819982713915E-4
4.61228263839511E-4
4.6121840826354363E-4
4.612086327431373E-4
4.6119893687470505E-4
4.6118932020715965E-4
4.6117978224199734E-4
4.611703224334575E-4
4.611609401888064E-4
4.611516348687424E-4
4.6114240578798833E-4
4.611332522160946E-4
4.611241733785274E-4
4.6111516845807226E-4
4.611062365967084E-4
4.6109737689799534E-4
4.6108858843014794E-4
4.61079870229952E-4
4.610712213077372E-4
4.6106264065364443E-4
4.610541272455064E-4
4.610456800587098E-4
4.6103729807848184E-4
4.6102898031513575E-4
4.6102072582291547E-4
4.610125337231984E-4
4.6100440323293206E-4
4.6099633369933604E-4
4.609883246421045E-4
4.6098037580444577E-4
4.609724872145908E-4
4.609646592595282E-4
4.6095689277299745E-4
4.609491891399985E-4
4.6094155042023156E-4
4.6093397949319663E-4
4.6092648022777574E-4
4.6091905767930714E-4
4.6091171831726693E-4
4.609044702866482E-4
4.608973237060542E-4
4.6089029100531835E-4
4.6088338730505986E-4
4.6087663083998456E-4
4.608700434269869E-4
4.6086365097797877E-4
4.6085748405600313E-4
4.6085157847150217E-4
4.6084597591347285E-4
4.60840724607844E-4
4.608358799925221E-4
4.608315053953488E-4
4.6082767269759926E-4
4.6082446296183925E-4
4.608219669987877E-4
4.6082028584369206E-4
4.608195311085212E-4
4.608198251723925E-4
4.608213011691225E-4
4.608241027280597E-4
4.60828383422594E-4
4.608343058802879E-4
4.608420405098598E-4
4.6085176380348197E-4
4.608636561784966E-4
4.608778993309157E-4
4.6089467308422393E-4
4.6091415173126247E-4
4.6093649988421714E-4
4.6096186786807343E-4
4.6099038671587844E-4
4.6102216284936665E-4
4.610572725552459E-4
4.610957563947493E-4
4.611376137107895E-4
4.611827974217581E-4
4.612312093121686E-4
4.612826960462229E-4
4.613370461390761E-4
4.6139398812051287E-4
4.614531901151098E-4
4.615142610404203E-4
4.6157675358939943E-4
4.616401691145288E-4
4.6170396446941356E-4
4.6176756078978654E-4
4.6183035411201346E-4
4.6189172763608867E-4
4.6195106534561086E-4
4.62007766604094E-4
4.620612612604261E-4
4.621110247225317E-4
4.621565924031669E-4
4.6219757291129584E-4
4.6223365936199886E-4
4.622646382112922E-4
4.622903950923069E-4
4.6231091723623213E-4
4.6232629220343256E-4
4.623367028222238E-4
4.623424185391068E-4
4.623437827542534E-4
4.623411983579297E-4
4.6233511078348327E-4
4.6232598858243816E-4
4.6231433287649646E-4
4.6230063022303003E-4
4.622853361549635E-4
4.622688613048216E-4
4.622515607196146E-4
4.6223372692540224E-4
4.622155890702177E-4
4.6219732625201186E-4
4.621790676312793E-4
4.621608310251552E-4
4.62142633621621E-4
4.621244919894214E-4
4.621064220878547E-4
4.620884392764542E-4
4.62070558324562E-4
4.620527934207886E-4
4.620351581823641E-4
4.6201766566439015E-4
4.62000328368975E-4
4.619831582542689E-4
4.619661667433948E-4
4.6194936473327013E-4
4.619327626033397E-4
4.619163702241874E-4
4.6190019696606586E-4
4.618842517073136E-4
4.618685428426885E-4
4.618530782915808E-4
4.6183786550615366E-4
4.618229114793751E-4
4.6180822275294925E-4
4.617938054251756E-4
4.617796651586928E-4
4.617658071881403E-4
4.6175223632772736E-4
4.6173895697871806E-4
4.6172597313681594E-4
4.617132883994602E-4
4.617009059730542E-4
4.616888286800795E-4
4.6167705896614275E-4
4.6166559890693017E-4
4.6165445021508156E-4
4.616436142469731E-4
4.6163309200943184E-4
4.6162288416635327E-4
4.6161299104524405E-4
4.616034126436938E-4
4.615941486357439E-4
4.61585198378206E-4
4.615765609168855E-4
4.615682349927252E-4
4.6156021904788727E-4
4.6155251123175127E-4
4.615451094068321E-4
4.615380111546323E-4
4.615312137814209E-4
4.615247143239405E-4
4.615185095550241E-4
4.6151259598917676E-4
4.6150696988804855E-4
4.6150162726586714E-4
4.6149656389478545E-4
4.614917753101638E-4
4.614872568157873E-4
4.6148300348902114E-4
4.614790101858817E-4
4.6147527154606405E-4
4.614717819978905E-4
4.61468535763203E-4
4.6146552686217627E-4
4.614627491180962E-4
4.6146019616204995E-4
4.6145786143756074E-4
4.6145573820517705E-4
4.6145381954697685E-4
4.6145209837102975E-4
4.6145056741579563E-4
4.6144921925446436E-4
4.6144804629923034E-4
4.614470408055278E-4
4.614461948761897E-4
4.6144550046556005E-4
4.614449493835531E-4
4.61444533299651E-4
4.614442437468542E-4
4.6144407212556825E-4
4.614440097074566E-4
4.614440476392138E-4
4.61444176946314E-4
4.614443885366967E-4
4.614446732043954E-4
4.6144502163314037E-4
4.614454243998921E-4
4.614458719783375E-4
4.614463547423509E-4
4.6144686296939913E-4
4.61447386843927E-4
4.614479164606859E-4
4.6144844182805157E-4
4.6144895287131743E-4
4.614494394359602E-4
4.6144989129091E-4
4.6145029813182307E-4
4.6145064958438663E-4
4.614509352076503E-4
4.614511444974423E-4
4.6145126688987943E-4
4.614512917650276E-4
4.6145120845073967E-4
4.6145100622677884E-4
4.614506743292609E-4
4.614502019555465E-4
4.614495782696966E-4
4.6144879240864287E-4
4.6144783348926304E-4
4.614466906165911E-4
4.614453528934313E-4
4.614438094317224E-4
4.614420493660349E-4
4.614400618697061E-4
4.6143783617416114E-4
4.614353615921037E-4
4.6143262754535125E-4
4.614296235982612E-4
4.6142633949777497E-4
4.614227652213265E-4
4.614188910339869E-4
4.614147075564153E-4
4.614102058453756E-4
4.614053774887246E-4
4.61400214717015E-4
4.6139471053396446E-4
4.613888588681969E-4
4.613826547487822E-4
4.61376094507092E-4
4.6136917600748777E-4
4.6136189890922074E-4
4.613542649616515E-4
4.6134627833448617E-4
4.61337945984173E-4
4.6132927805676854E-4
4.613202883265737E-4
4.6131099466854614E-4
4.6130141956087954E-4
4.6129159061226847E-4
4.6128154110614553E-4
4.612713105516641E-4
4.6126094522831046E-4
4.612504987080199E-4
4.612400323352612E-4
4.612296156422042E-4
4.6121932667258684E-4
4.612092521846071E-4
4.611994877001393E-4
4.611901373650616E-4
4.6118131358373777E-4
4.6117313638991254E-4
4.6116573251682403E-4
4.6115923413142637E-4
4.6115377720154304E-4
4.611494994708801E-4
4.61146538025138E-4
4.6114502644344974E-4
4.611450915426915E-4
4.6114684973825687E-4
4.6115040306309106E-4
4.6115583490709527E-4
4.611632055606716E-4
4.611725476686996E-4
4.611838617234739E-4
4.61197111746154E-4
4.612122213247438E-4
4.6122907019111384E-4
4.6124749152862756E-4
4.6126727020411566E-4
4.6128814211170225E-4
4.6130979480027754E-4
4.613318695301856E-4
4.6135396486746735E-4
4.613756418758768E-4
4.613964309084051E-4
4.614158399327646E-4
4.6143336425121114E-4
4.6144849739736683E-4
4.614607429149377E-4
4.614696266498319E-4
4.614747091230554E-4
4.6147559750188617E-4
4.6147195665627793E-4
4.6146351878076505E-4
4.6145009108304255E-4
4.614315610913571E-4
4.6140789921467245E-4
4.6137915830112995E-4
4.613454700780851E-4
4.6130703861477115E-4
4.612641303758489E-4
4.612170627595096E-4
4.61166190462086E-4
4.6111757293007636E-4
4.61071479040936E-4
4.6102816990550556E-4
4.609878850122252E-4
4.609508303845519E-4
4.6091716927258535E-4
4.608870158748686E-4
4.608604341762695E-4
4.6083744917331906E-4
4.60818046529195E-4
4.6080211762889253E-4
4.607895552187365E-4
4.6078025339366195E-4
4.607741075845892E-4
4.6077101454589873E-4
4.6077087234301645E-4
4.6077358034008533E-4
4.6077903918774547E-4
4.607871508110155E-4
4.607978183972665E-4
4.608109463842914E-4
4.6082644044847783E-4
4.608442074930689E-4
4.608641556365314E-4
4.6088619420099847E-4
4.6091023370083156E-4
4.609361858312479E-4
4.609639634570698E-4
4.6099348060153316E-4
4.610246524352181E-4
4.61057395265051E-4
4.61091626523396E-4
4.6112726475724865E-4
4.6116422961750667E-4
4.6120244184832905E-4
4.612418232765859E-4
4.612822968013974E-4
4.613237863837506E-4
4.613662170362031E-4
4.6140951481268106E-4
4.614536067983447E-4
4.6149842109955276E-4
4.6154388683389806E-4
4.615899341203331E-4
4.6163649406936704E-4
4.6168349877336116E-4
4.6173088129688073E-4
4.617785756671461E-4
4.618265168645579E-4
4.6187464081328924E-4
4.619228843719726E-4
4.6197118532445634E-4
4.6201948237063013E-4
4.6206771511734244E-4
4.621158240693828E-4
4.62163750620538E-4
4.6221143704472677E-4
4.622588264872115E-4
4.623058629558792E-4
4.6235249131258477E-4
4.6239865726459256E-4
4.624443073560599E-4
4.62489388959614E-4
4.6253385026799083E-4
4.625776402857381E-4
4.626207088209979E-4
4.6266300647735894E-4
4.627044846457615E-4
4.6274509549649074E-4
4.627847919712252E-4
4.628235277751543E-4
4.6286125736916224E-4
4.6289793596208104E-4
4.6293351950300616E-4
4.629679646736722E-4
4.630012288809092E-4
4.6303327024914084E-4
4.630640476129617E-4
4.6309352050977366E-4
4.63121649172485E-4
4.631483945222643E-4
4.6317371816137156E-4
4.6319758236603505E-4
4.632199500793948E-4
4.6324078490450946E-4
4.6326005109741764E-4
4.632777135602633E-4
4.632937378344717E-4
4.633080900940023E-4
4.633207371386341E-4
4.6333164638733205E-4
4.633407858716602E-4
4.633481242292475E-4
4.6335363069733215E-4
4.633572751063387E-4
4.63359027873525E-4
4.6335885999669157E-4
4.6335674304794327E-4
4.633526491675188E-4
4.6334655105766863E-4
4.63338421976615E-4
4.633282357325731E-4
4.633159666778417E-4
4.633015897029722E-4
4.6328508023103104E-4
4.632664142119572E-4
4.632455681170164E-4
4.6322251893340146E-4
4.6319724415896317E-4
4.631697217971317E-4
4.6313993035202545E-4
4.631078488238381E-4
4.630734567045164E-4
4.630367339738168E-4
4.6299766109582634E-4
4.629562190160399E-4
4.6291238915913493E-4
4.628661534275972E-4
4.628174942013776E-4
4.627663943388299E-4
4.6271283717919245E-4
4.6265680654695047E-4
4.625982867584894E-4
4.625372626314843E-4
4.6247371949759543E-4
4.624076432191163E-4
4.623390202103093E-4
4.622678374642999E-4
4.6219408258650613E-4
4.621177438357138E-4
4.620388101740553E-4
4.619572713272463E-4
4.6187311785662465E-4
4.617863412446025E-4
4.6169693399527537E-4
4.6160488975202586E-4
4.615102034339475E-4
4.61412871392968E-4
4.613128915934036E-4
4.612102638155753E-4
4.6110498988478335E-4
4.609970739265752E-4
4.608865226486896E-4
4.607733456493253E-4
4.60657555750481E-4
4.605391693539953E-4
4.604182068165522E-4
4.602946928383531E-4
4.601686568583307E-4
4.600401334467229E-4
4.599091626836228E-4
4.5977579050965204E-4
4.5964006903244305E-4
4.5950205677005066E-4
4.5936181880993244E-4
4.592194268599092E-4
4.5907495916552003E-4
4.589285002668501E-4
4.587801405671473E-4
4.586299756857743E-4
4.584781055693611E-4
4.583246333376663E-4
4.581696638448865E-4
4.580133019429601E-4
4.5785565044121696E-4
4.576968077662198E-4
4.575368653371854E-4
4.573759046855311E-4
4.5721399436186096E-4
4.5705118668954505E-4
4.568875144406141E-4
4.5672298752615114E-4
4.565575898090963E-4
4.5639127616131723E-4
4.562239698980055E-4
4.5605556072979536E-4
4.558859033753763E-4
4.557148169737055E-4
4.555420854243581E-4
4.5536745876624356E-4
4.5519065567856007E-4
4.550113671533239E-4
4.548292613466012E-4
4.546439895665694E-4
4.544551933023594E-4
4.542625121403462E-4
4.5406559235691176E-4
4.538640959218509E-4
4.536577095981198E-4
4.534461537852853E-4
4.5322919072955E-4
4.5300663171608265E-4
4.5277834287239273E-4
4.5254424924665287E-4
4.523043368829205E-4
4.5205865269551507E-4
4.5180730204492816E-4
4.515504441113066E-4
4.512882847081486E-4
4.510210679790596E-4
4.518914196228079E-4
4.5274021810768857E-4
4.535679277248412E-4
4.543750054469447E-4
4.551618905871136E-4
4.559289959042486E-4
4.566767005463046E-4
4.5740534521077135E-4
4.581152311422744E-4
4.5880662862912903E-4
4.5947977660338213E-4
4.601348399776494E-4
4.607719824716903E-4
4.613913666202301E-4
4.619931537807152E-4
4.6257750414103516E-4
4.631445767271868E-4
4.6369452941089523E-4
4.6422751891718553E-4
4.647437008319118E-4
4.652432296092344E-4
4.657262585790567E-4
4.6619293995440444E-4
4.6664342483877363E-4
4.670778632334279E-4
4.674964040446384E-4
4.678991950909028E-4
4.6828638311009394E-4
4.6865811376658654E-4
4.6901453165831917E-4
4.6935578032382793E-4
4.696820022492334E-4
4.699933388751748E-4
4.7028993060371197E-4
4.705719168051817E-4
4.7083943582500545E-4
4.7109262499046275E-4
4.7133162061741745E-4
4.7155655801700655E-4
4.717675715022785E-4
4.7196479439480353E-4
4.7214835903122845E-4
4.723183967698032E-4
4.724750379968592E-4
4.7261841213324713E-4
4.727486476407384E-4
4.728658720283874E-4
4.7297021185884836E-4
4.73061792754655E-4
4.731407394044677E-4
4.7320717556927007E-4
4.7326122408853705E-4
4.7330300688635846E-4
4.7333264497752503E-4
4.733502584735794E-4
4.733559665888286E-4
4.7334988764631455E-4
4.733321390837503E-4
4.733028374594247E-4
4.7326209845805937E-4
4.7321003689663316E-4
4.7314676673018035E-4
4.730724010575309E-4
4.7298705212703664E-4
4.7289083134225324E-4
4.727838492675768E-4
4.7266621563386114E-4
4.7253803934399453E-4
4.7239942847843196E-4
4.7225049030070624E-4
4.7209133126290025E-4
4.719220570110779E-4
4.7174277239068964E-4
4.715535814519409E-4
4.7135458745512654E-4
4.711458928759314E-4
4.7092759941070006E-4
4.706998079816706E-4
4.7046261874217403E-4
4.7021613108180847E-4
4.699604436315737E-4
4.69695654268972E-4
4.6942186012308715E-4
4.6913915757962056E-4
4.688476422859006E-4
4.6854740915586103E-4
4.682385523749857E-4
4.679211654052257E-4
4.6759534098987675E-4
4.6726117115844615E-4
4.669187472314611E-4
4.665681598252714E-4
4.6620949885681044E-4
4.658428535483254E-4
4.654683124320893E-4
4.650859633550734E-4
4.64695893483595E-4
4.642981893079403E-4
4.638929366469601E-4
4.6348022065264286E-4
4.630601258146536E-4
4.626327359648645E-4
4.621981342818614E-4
4.6175640329543016E-4
4.6130762489103236E-4
4.608518803142757E-4
4.6038925017538395E-4
4.5991981445366704E-4
4.594436525020171E-4
4.589608430514288E-4
4.584714642155704E-4
4.5797559349541417E-4
4.574733077839737E-4
4.569646833711566E-4
4.5644979594878637E-4
4.5592872061584735E-4
4.5540153188400036E-4
4.548683036834587E-4
4.543291093693167E-4
4.5378402172843436E-4
4.532331129870297E-4
4.5267645481912946E-4
4.5211411835609406E-4
4.515461741974419E-4
4.509726924232492E-4
4.5039374260846354E-4
4.498093938395192E-4
4.4921971473368223E-4
4.4862477346165833E-4
4.4802463777403084E-4
4.474193750322067E-4
4.468090522446057E-4
4.4619373610891146E-4
4.4557349306129855E-4
4.449483893335979E-4
4.443184910194378E-4
4.4368386415046196E-4
4.430445747837016E-4
4.4240068910122386E-4
4.417522735230906E-4
4.4109939483458346E-4
4.4044212032846576E-4
4.39780517962832E-4
4.3911465653474687E-4
4.3844460586945944E-4
4.377704370244075E-4
4.3709222250657787E-4
4.3641003650095377E-4
4.357239551068477E-4
4.3503405657781697E-4
4.343404215596335E-4
4.3364313331943817E-4
4.3294227795775785E-4
4.322379445935699E-4
4.3153022551106534E-4
4.3081921625529057E-4
4.301050156625145E-4
4.2938772580998697E-4
4.286674518689596E-4
4.2794430184442617E-4
4.272183861851762E-4
4.264898172486078E-4
4.2575870860633294E-4
4.2502517417922334E-4
4.242893271940339E-4
4.235512789585042E-4
4.22811137457541E-4
4.2206900578008725E-4
4.213249803941927E-4
4.2057914929669954E-4
4.1983159007347333E-4
4.1908236791606684E-4
4.183315336505462E-4
4.1757912184362884E-4
4.168251490595706E-4
4.160696123478815E-4
4.153124880462331E-4
4.145537309841855E-4
4.137932741710088E-4
4.130310290443169E-4
4.122668863450413E-4
4.115007176682367E-4
4.1073237771825644E-4
4.0996170727131224E-4
4.091885368188429E-4
4.084126908324667E-4
4.0763399255685134E-4
4.068522692021947E-4
4.0606735737520275E-4
4.052791085584678E-4
4.0448739442540806E-4
4.036921117635525E-4
4.0289318677505363E-4
4.0209057853160567E-4
4.0128428138252076E-4
4.004743261500915E-4
3.99660779995058E-4
3.988437448955401E-4
3.980233548015203E-4
3.9719977123996907E-4
6.259866728736286E-4
6.228715537522093E-4
6.197709029248779E-4
6.166848260137419E-4
6.136134233914871E-4
6.105567840740529E-4
6.075149805598306E-4
6.044880648301385E-4
6.014760657165721E-4
5.984789885938577E-4
5.954968207957707E-4
5.925295315829057E-4
5.895770466299737E-4
5.866392919834028E-4
5.837161940594873E-4
5.80807679642523E-4
5.779136758829769E-4
5.750341102956463E-4
5.721689107578397E-4
5.693180055075566E-4
5.664813231416888E-4
5.636587926142174E-4
5.608503432344309E-4
5.580559046651394E-4
5.552754069209113E-4
5.525087803663108E-4
5.497559557141415E-4
5.470168640237115E-4
5.442914366990887E-4
5.415796054873843E-4
5.388813024770296E-4
5.361964600960673E-4
5.335250111104568E-4
5.308668886223771E-4
5.28222026068546E-4
5.255903572185453E-4
5.229718161731545E-4
5.203663373626922E-4
5.177738555453684E-4
5.151943058056401E-4
5.126276235525816E-4
5.100737445182567E-4
5.075326047561037E-4
5.050041406393254E-4
5.024882888592898E-4
4.99984986423938E-4
4.974941706561948E-4
4.950157791924005E-4
4.925497499807333E-4
4.900960212796526E-4
4.876545316563488E-4
4.8522521998519043E-4
4.8280802544619495E-4
4.804028875234905E-4
4.7800974600380056E-4
4.7562854097492536E-4
4.732592128242385E-4
4.70901702237183E-4
4.685559501957799E-4
4.6622189797714973E-4
4.6389948715202823E-4
4.6158865958329816E-4
4.592893574245342E-4
4.570015231185344E-4
4.5472509939588514E-4
4.52460029273516E-4
4.5020625605326467E-4
4.479637233204529E-4
4.457323749424681E-4
4.435121550673503E-4
4.413030081223883E-4
4.391048788127222E-4
4.369177121199512E-4
4.3474145330075245E-4
4.325760478854993E-4
4.304214416769E-4
4.2827758074862434E-4
4.2614441144395783E-4
4.2402188037444344E-4
4.219099344185445E-4
4.198085207203064E-4
4.177175866880289E-4
4.15637079992941E-4
4.1356694856788876E-4
4.11507140606023E-4
4.094576045594984E-4
4.074182891381754E-4
4.053891433083325E-4
4.033701162913834E-4
4.013611575625951E-4
3.993622168498275E-4
3.973732441322595E-4
3.953941896391387E-4
3.9342500384852814E-4
3.9146563748606087E-4
3.895160415237044E-4
3.875761671785305E-4
3.856459659114875E-4
3.837253894261865E-4
3.818143896676901E-4
3.7991291882131324E-4
3.780209293114245E-4
3.761383738002628E-4
3.7426520518676665E-4
3.724013766054026E-4
3.705468414250161E-4
3.6870155324769443E-4
3.668654659076428E-4
3.650385334700839E-4
3.632207102301799E-4
3.6141195071198273E-4
3.5961220966742257E-4
3.5782144207533383E-4
3.560396031405437E-4
3.542666482930193E-4
3.5250253318710605E-4
3.5074721370086006E-4
3.490006459355139E-4
3.4726278621509925E-4
3.455335910862599E-4
3.4381301731831166E-4
3.421010219035864E-4
3.4039756205813646E-4
3.3870259522288034E-4
3.370160790652695E-4
3.353379714815955E-4
3.336682306000563E-4
3.320068147847435E-4
3.3035368264070706E-4
3.2870879302030815E-4
3.2707210503107377E-4
3.254435780453144E-4
3.2382317171178443E-4
3.222108459696935E-4
3.206065610654163E-4
3.190102775722598E-4
3.174219564136754E-4
3.158415588903177E-4
3.1426904671135445E-4
3.127043820304208E-4
3.111475274865895E-4
3.095984462506886E-4
3.080571020772118E-4
3.065234593619841E-4
3.049974832056004E-4
3.03479139482483E-4
3.0196839491518856E-4
3.004652171533239E-4
2.9896957485611904E-4
2.974814377773384E-4
2.960007768507879E-4
2.9452756427420613E-4
2.930617735888376E-4
2.9160337975141297E-4
2.901523591947459E-4
2.8870868987255626E-4
2.872723512836363E-4
2.858433244699806E-4
2.844215919831259E-4
2.83007137812679E-4
2.815999472709445E-4
2.8020000682767724E-4
2.788073038894026E-4
2.774218265184318E-4
2.760435630877912E-4
2.7467250186968866E-4
2.7330863055704564E-4
2.719519357198403E-4
2.70602402200731E-4
2.6926001245745104E-4
2.6792474586283455E-4
2.665965779769053E-4
2.6527547980914476E-4
2.6396141709265154E-4
2.6265434959529094E-4
2.6135423049582066E-4
2.6006100585522734E-4
2.5877461421476073E-4
2.5749498635229236E-4
2.5622204522730943E-4
2.5495570614198225E-4
2.5369587714111383E-4
2.524424596673555E-4
2.511953494798518E-4
2.4995443783463003E-4
2.487196129137495E-4
2.474907614779507E-4
2.4626777070471076E-4
2.4505053016089275E-4
2.4383893384731287E-4
2.4263288224230355E-4
2.4143228426358056E-4
2.4023705906324884E-4
2.3904713757030662E-4
2.3786246369913763E-4
2.3668299515159838E-4
2.355087037544534E-4
2.3433957529292926E-4
2.3317560882434778E-4
2.3201681550104322E-4
0.04638327698057
