2.308340538008123E-6
4.616679218744528E-6
6.925010276219253E-6
9.233328707790111E-6
1.1541630274302845E-5
1.3849911478798251E-5
1.6158169526403935E-5
1.8466402268635343E-5
2.0774608135757085E-5
2.3082786061083958E-5
2.539093540112452E-5
2.7699055855292105E-5
3.000714738855188E-5
3.231521015986041E-5
3.4623244458628264E-5
3.693125065074216E-5
3.923922913496727E-5
4.154718030984943E-5
4.385510455062815E-5
4.616300219515879E-5
4.847087353743995E-5
5.0778718827126695E-5
5.308653827332872E-5
5.5394332051053366E-5
5.770210030883703E-5
6.000984317637605E-5
6.23175607712784E-5
6.462525320436027E-5
6.693292058352695E-5
6.924056301666463E-5
7.154818061163889E-5
7.385577347629589E-5
7.616334171846096E-5
7.84708854459383E-5
8.077840476651088E-5
8.308589978794018E-5
8.539337061796564E-5
8.77008173643041E-5
9.000824013464957E-5
9.231563903667347E-5
9.462301417802322E-5
9.693036566632255E-5
9.923769360917109E-5
1.0154499811414383E-4
1.0385227928879075E-4
1.0615953724063639E-4
1.0846677207718012E-4
1.1077398390589467E-4
1.1308117283422672E-4
1.1538833896959606E-4
1.176954824193951E-4
1.2000260329098934E-4
1.2230970169171574E-4
1.246167777288833E-4
1.269238315097725E-4
1.2923086314163475E-4
1.3153787273169183E-4
1.338448603871367E-4
1.3615182621513124E-4
1.384587703228074E-4
1.407656928172664E-4
1.430725938055793E-4
1.453794733947835E-4
1.4768633169188726E-4
1.4999316880386554E-4
1.5229998483766202E-4
1.5460677990018748E-4
1.569135540983205E-4
1.592203075389077E-4
1.615270403287632E-4
1.6383375257466844E-4
1.6614044438337404E-4
1.6844711586160005E-4
1.7075376711603494E-4
1.7306039825334016E-4
1.7536700938014936E-4
1.776736006030716E-4
1.7998017202869505E-4
1.822867237635907E-4
1.8459325591431712E-4
1.868997685874298E-4
1.8920626188948696E-4
1.9151273592706253E-4
1.9381919080676104E-4
1.9612562663523476E-4
1.9843204351920776E-4
2.0073844156550503E-4
2.0304482088108694E-4
2.053511815730967E-4
2.0765752374891472E-4
2.099638475162311E-4
2.1227015298313053E-4
2.1457644025819954E-4
2.168827094506601E-4
2.1918896067053E-4
2.21495194028823E-4
2.2380140963779307E-4
2.2610760761122912E-4
2.2841378806481673E-4
2.3071995111657563E-4
2.3302609688738942E-4
2.35332225501645E-4
2.376383370879994E-4
2.3994443178030237E-4
2.4225050971870052E-4
2.4455657105095337E-4
2.468626159339974E-4
2.49168644535805E-4
2.5147465703757995E-4
2.5378065363634687E-4
2.560866345479945E-4
2.5839260001084247E-4
2.606985502898051E-4
2.6300448568123997E-4
2.653104065185735E-4
2.676163131788031E-4
2.6992220608999167E-4
2.72228085739868E-4
2.7453395268566455E-4
2.768398075653288E-4
2.79145651110239E-4
2.8145148415958417E-4
2.8375730767654005E-4
2.860631227663986E-4
2.8836893069678597E-4
2.9067473292010415E-4
2.9298053109831493E-4
2.952863271301654E-4
2.9759212318093264E-4
2.998979217147169E-4
3.022037255292887E-4
3.045095377934311E-4
3.068153620866541E-4
3.0912120244109555E-4
3.114270633853292E-4
3.1373294998970663E-4
3.16038867912751E-4
3.1834482344801114E-4
3.206508235706409E-4
3.229568759828381E-4
3.252629891571396E-4
3.2756917237641256E-4
3.2987543576922716E-4
3.321817903391638E-4
3.344882479864616E-4
3.367948215202794E-4
3.3910152465975105E-4
3.41408372021924E-4
3.437153790946169E-4
3.46022562192245E-4
3.48329938392678E-4
3.5063752545330413E-4
3.52945341704635E-4
3.5525340592001286E-4
3.575617371602826E-4
3.5987035459268836E-4
3.621792772837027E-4
3.644885239660683E-4
3.667981127809416E-4
3.6910806099673527E-4
3.7141838470702734E-4
3.737290985107162E-4
3.7604021517844544E-4
3.783517453101994E-4
3.806636969898101E-4
3.8297607544292934E-4
3.852888827057694E-4
3.8760211731253633E-4
3.899157740099958E-4
3.9222984350791425E-4
3.945443122742501E-4
3.968591623838262E-4
3.9917437142885276E-4
4.01489912498951E-4
4.038057542373868E-4
4.061218609789173E-4
4.0843819297308267E-4
4.107547066949046E-4
4.130713552428571E-4
4.1538808882165987E-4
4.177048553049829E-4
4.2002160087064216E-4
4.2233827069830445E-4
4.246548097173583E-4
4.2697116339029235E-4
4.292872785150566E-4
4.316031040282669E-4
4.339185917900698E-4
4.3623369733092874E-4
4.385483805407196E-4
4.408626062812494E-4
4.4317634490476885E-4
4.4548957266316426E-4
4.478022719952625E-4
4.5011443168299864E-4
4.524260468710077E-4
4.547371189483203E-4
4.570476552951942E-4
4.5935766890247315E-4
4.616671778750668E-4
4.61667864297031E-4
4.6166809702439545E-4
4.616679113840856E-4
4.616673442647387E-4
4.616664333291544E-4
4.616652162602355E-4
4.6166373006110143E-4
4.616620104274677E-4
4.61660091207107E-4
4.6165800395735527E-4
4.616557776074372E-4
4.6165343822803304E-4
4.616510089061706E-4
4.616485097195381E-4
4.6164595780069856E-4
4.6164336747876186E-4
4.6164075048391273E-4
4.616381161989102E-4
4.616354719411273E-4
4.6163282325932813E-4
4.616301742306573E-4
4.6162752774497434E-4
4.616248857663311E-4
4.616222495641278E-4
4.616196199093461E-4
4.616169972340798E-4
4.616143817550721E-4
4.6161177356399705E-4
4.6160917268821375E-4
4.61606579129004E-4
4.616039928876263E-4
4.616014139653097E-4
4.615988423632637E-4
4.6159627808267125E-4
4.61593721124689E-4
4.615911714904491E-4
4.615886291810586E-4
4.6158609419760175E-4
4.615835665411335E-4
4.615810462126852E-4
4.6157853321326437E-4
4.6157602754385104E-4
4.6157352920540043E-4
4.615710381988429E-4
4.615685545250821E-4
4.6156607818499706E-4
4.615636091794385E-4
4.6156114750923555E-4
4.6155869317518727E-4
4.615562461780694E-4
4.6155380651863033E-4
4.615513741975913E-4
4.6154894921565095E-4
4.615465315734769E-4
4.615441212717147E-4
4.615417183109799E-4
4.615393226918643E-4
4.61536934414931E-4
4.615345534807193E-4
4.6153217988973913E-4
4.6152981364247427E-4
4.615274547393833E-4
4.615251031808991E-4
4.615227589674232E-4
4.615204220993368E-4
4.615180925769912E-4
4.61515770400714E-4
4.6151345557080524E-4
4.615111480875418E-4
4.6150884795117565E-4
4.6150655516193523E-4
4.61504269720026E-4
4.6150199162563383E-4
4.614997208789273E-4
4.61497457480055E-4
4.6149520142915523E-4
4.614929527263571E-4
4.614907113717844E-4
4.61488477365565E-4
4.6148625070783686E-4
4.614840313987578E-4
4.6148181943852324E-4
4.6147961482737656E-4
4.614774175656325E-4
4.614752276537009E-4
4.6147304509212004E-4
4.6147086988159374E-4
4.614687020230441E-4
4.6146654151766426E-4
4.6146438836699744E-4
4.614622425730257E-4
4.614601041382811E-4
4.6145797306598285E-4
4.6145584936020163E-4
4.614537330260637E-4
4.6145162406999586E-4
4.614495225000227E-4
4.6144742832613316E-4
4.6144534156070653E-4
4.6144326221904446E-4
4.614411903199925E-4
4.6143912588669805E-4
4.6143706894751055E-4
4.614350195370462E-4
4.6143297769746103E-4
4.6143094347995966E-4
4.6142891694657623E-4
4.614268981722629E-4
4.6142488724735853E-4
4.6142288428046636E-4
4.614208894018251E-4
4.614189027672202E-4
4.6141692456253447E-4
4.614149550090041E-4
4.614129943692824E-4
4.6141104295440436E-4
4.6140910113176185E-4
4.614071693342042E-4
4.6140524807038603E-4
4.6140333793647897E-4
4.6140143962939843E-4
4.613995539616475E-4
4.61397681877939E-4
4.6139582447370813E-4
4.613939830156369E-4
4.6139215896431375E-4
4.61390353999108E-4
4.613885700453441E-4
4.613868093038069E-4
4.613850742826058E-4
4.613833678313415E-4
4.613816931775046E-4
4.6138005396494254E-4
4.6137845429418617E-4
4.613768987643215E-4
4.6137539251601793E-4
4.6137394127521327E-4
4.613725513968371E-4
4.613712299078599E-4
4.613699845487947E-4
4.613688238126633E-4
4.6136775698031135E-4
4.6136679415080214E-4
4.613659462654949E-4
4.613652251243055E-4
4.613646433925118E-4
4.613642145963954E-4
4.613639531059372E-4
4.613638741027538E-4
4.613639935314464E-4
4.6136432803261954E-4
4.6136489485588717E-4
4.61365711751356E-4
4.613667968383101E-4
4.613681684500872E-4
4.6136984495451753E-4
4.6137184454971426E-4
4.613741850355394E-4
4.6137688356162506E-4
4.6137995635348706E-4
4.6138341841898576E-4
4.6138728323810474E-4
4.613915624398642E-4
4.6139626547089574E-4
4.6140139926108156E-4
4.614069678923531E-4
4.6141297227745675E-4
4.614194098561174E-4
4.614262743164702E-4
4.614335553500101E-4
4.614412384484002E-4
4.614493047504669E-4
4.614577309473572E-4
4.614664892533099E-4
4.61475547448633E-4
4.614848690003774E-4
4.6149441326480715E-4
4.615041357741099E-4
4.615139886079157E-4
4.6152392084806976E-4
4.6153387911288945E-4
4.6154380816476067E-4
4.615536515825664E-4
4.6156335248810816E-4
4.615728543135015E-4
4.615821015945178E-4
4.6159104077323426E-4
4.615996209920252E-4
4.616077948601955E-4
4.6161551917423005E-4
4.6162275557304133E-4
4.616294711104796E-4
4.616356387290277E-4
4.61641237620751E-4
4.6164625346441045E-4
4.6165067853086515E-4
4.616545116526787E-4
4.616577580577284E-4
4.6166042907083265E-4
4.616625416915045E-4
4.616641180598927E-4
4.616651848265926E-4
4.6166577244513476E-4
4.616659144083966E-4
4.616656464519135E-4
4.616650057478761E-4
4.6166403011350173E-4
4.616627572565013E-4
4.6166122407837904E-4
4.6165946605361297E-4
4.6165751669929064E-4
4.6165540714581386E-4
4.6165316581492924E-4
4.6165081820687554E-4
4.616483867940512E-4
4.6164589101449564E-4
4.6164334735491856E-4
4.616407695100254E-4
4.6163816860302103E-4
4.6163555345052397E-4
4.6163293085518467E-4
4.6163030591017467E-4
4.616276823004675E-4
4.6162506258834316E-4
4.6162244847315934E-4
4.616198410183026E-4
4.6161724084128E-4
4.616146482658567E-4
4.61612063437738E-4
4.6160948640449793E-4
4.616069171658986E-4
4.616043557216692E-4
4.616018020715038E-4
4.6159925621506336E-4
4.6159671815197657E-4
4.6159418788183364E-4
4.6159166540419113E-4
4.6158915071856956E-4
4.615866438244544E-4
4.615841447212939E-4
4.615816534084978E-4
4.6157916988544083E-4
4.6157669415145995E-4
4.6157422620585344E-4
4.615717660478834E-4
4.6156931367676994E-4
4.6156686909169786E-4
4.6156443229180985E-4
4.615620032762129E-4
4.6155958204397053E-4
4.6155716859411065E-4
4.6155476292561746E-4
4.615523650374352E-4
4.6154997492847113E-4
4.615475925975901E-4
4.6154521804361387E-4
4.6154285126532793E-4
4.615404922614732E-4
4.615381410307507E-4
4.615357975718225E-4
4.6153346188330735E-4
4.6153113396378304E-4
4.615288138117883E-4
4.615265014258215E-4
4.61524196804334E-4
4.6152189994574667E-4
4.6151961084843333E-4
4.6151732951073076E-4
4.615150559309348E-4
4.615127901073031E-4
4.615105320380566E-4
4.6150828172137806E-4
4.61506039155414E-4
4.615038043382763E-4
4.6150157726804636E-4
4.614993579427714E-4
4.6149714636047447E-4
4.614949425191529E-4
4.614927464167832E-4
4.614905580513287E-4
4.614883774207448E-4
4.61486204522987E-4
4.614840393560235E-4
4.6148188191784607E-4
4.6147973220648895E-4
4.6147759022004456E-4
4.614754559566947E-4
4.6147332941473725E-4
4.614712105926309E-4
4.614690994890343E-4
4.6146699610287206E-4
4.614649004334086E-4
4.614628124803289E-4
4.61460732243859E-4
4.614586597248928E-4
4.614565949251585E-4
4.614545378474179E-4
4.614524884957058E-4
4.614504468756314E-4
4.6144841299472337E-4
4.6144638686286565E-4
4.614443684928072E-4
4.614423579007853E-4
4.6144035510726626E-4
4.6143836013782684E-4
4.6143637302420985E-4
4.614343938055738E-4
4.614324225299829E-4
4.6143045925614795E-4
4.6142850405550003E-4
4.6142655701460753E-4
4.6142461823802175E-4
4.6142268785158495E-4
4.614207660062973E-4
4.6141885288278843E-4
4.6141694869650414E-4
4.6141505370367867E-4
4.614131682081956E-4
4.6141129256945044E-4
4.61409427211319E-4
4.6140757263235396E-4
4.6140572941733373E-4
4.6140389825028474E-4
4.614020799291237E-4
4.6140027538203195E-4
4.61398485685695E-4
4.613967120855299E-4
4.613949560180001E-4
4.613932191351222E-4
4.613915033312158E-4
4.613898107719553E-4
4.613881439257261E-4
4.61386505597234E-4
4.613848989632849E-4
4.613833276105998E-4
4.6138179557540175E-4
4.613803073845061E-4
4.613788680974967E-4
4.613774833494865E-4
4.613761593938658E-4
4.6137490314429423E-4
4.6137372221508586E-4
4.613726249589938E-4
4.6137162050129496E-4
4.6137071876886816E-4
4.6136993051295087E-4
4.6136926732400966E-4
4.613687416371439E-4
4.613683667263193E-4
4.613681566856663E-4
4.613681263960442E-4
4.6136829147509995E-4
4.6136866820907925E-4
4.6136927346475696E-4
4.6137012458003754E-4
4.613712392319614E-4
4.6137263528120035E-4
4.6137433059243084E-4
4.6137634283048736E-4
4.613786892326358E-4
4.6138138635795184E-4
4.6138444981541057E-4
4.6138789397298825E-4
4.613917316508789E-4
4.6139597380262645E-4
4.614006291888543E-4
4.6140570404897485E-4
4.6141120177705676E-4
4.6141712260867575E-4
4.6142346332616235E-4
4.614302169901494E-4
4.614373727055573E-4
4.614449154303389E-4
4.614528258351644E-4
4.614610802218882E-4
4.6146965050805405E-4
4.6147850428380734E-4
4.6148760494642017E-4
4.614969119162341E-4
4.61506380936125E-4
4.6151596445464935E-4
4.615256120909619E-4
4.615352711772916E-4
4.615448873724261E-4
4.615544053372826E-4
4.6156376946137066E-4
4.6157292462673E-4
4.6158181699410054E-4
4.615903947944113E-4
4.615986091075561E-4
4.6160641460968506E-4
4.61613770270152E-4
4.616206399796731E-4
4.616269930923886E-4
4.6163280486620695E-4
4.6163805678819676E-4
4.616427367746492E-4
4.6164683923888777E-4
4.616503650236243E-4
4.616533211987765E-4
4.6165572072975723E-4
4.6165758202543607E-4
4.6165892837878947E-4
4.616597873168733E-4
4.616601898796546E-4
4.616601698495603E-4
4.6165976295509174E-4
4.616590060724259E-4
4.616579364485923E-4
4.6165659096852207E-4
4.6165500548608776E-4
4.6165321423625777E-4
4.616512493418261E-4
4.616491404240354E-4
4.616469143219244E-4
4.6164459492072205E-4
4.616422030852044E-4
4.6163975668994173E-4
4.616372707348307E-4
4.616347575319638E-4
4.6163222694735844E-4
4.616296866806622E-4
4.616271425664301E-4
4.616245988805137E-4
4.6162205863738127E-4
4.616195238666003E-4
4.6161699585947256E-4
4.616144753799509E-4
4.616119628371986E-4
4.6160945842016465E-4
4.616069621920155E-4
4.6160447414946986E-4
4.6160199428913124E-4
4.6159952260748337E-4
4.6159705910089703E-4
4.61594603765632E-4
4.6159215659782925E-4
4.6158971759351894E-4
4.615872867486215E-4
4.615848640589453E-4
4.6158244952019346E-4
4.615800431279584E-4
4.615776448777302E-4
4.6157525476489585E-4
4.615728727847417E-4
4.6157049893245786E-4
4.615681332031329E-4
4.61565775591768E-4
4.61563426093269E-4
4.615610847024565E-4
4.61558751414064E-4
4.615564262227462E-4
4.615541091230753E-4
4.6155180010954707E-4
4.615494991765903E-4
4.6154720631856133E-4
4.6154492152974903E-4
4.615426448043863E-4
4.6154037613664313E-4
4.615381155206372E-4
4.6153586295043686E-4
4.6153361842006426E-4
4.6153138192349814E-4
4.615291534546801E-4
4.615269330075205E-4
4.6152472057589517E-4
4.6152251615365933E-4
4.615203197346483E-4
4.615181313126777E-4
4.615159508815543E-4
4.6151377843507853E-4
4.615116139670486E-4
4.6150945747126744E-4
4.6150730894154433E-4
4.6150516837170495E-4
4.6150303575559325E-4
4.6150091108707904E-4
4.6149879436006543E-4
4.614966855684939E-4
4.6149458470635187E-4
4.6149249176768195E-4
4.6149040674659225E-4
4.614883296372644E-4
4.614862604339679E-4
4.6148419913107303E-4
4.614821457230693E-4
4.614801002045826E-4
4.614780625704006E-4
4.6147603281550004E-4
4.6147401093508467E-4
4.614719969246178E-4
4.6146999077988185E-4
4.614679924970364E-4
4.61466002072687E-4
4.614640195039833E-4
4.6146204478872594E-4
4.6146007792549805E-4
4.614581189138323E-4
4.614561677544013E-4
4.61454224449269E-4
4.61452289002164E-4
4.614503614188409E-4
4.614484417074959E-4
4.6144652987927025E-4
4.614446259488645E-4
4.614427299352544E-4
4.6144084186256433E-4
4.6143896176109264E-4
4.614370896685445E-4
4.6143522563147103E-4
4.6143336970699204E-4
4.6143152196480877E-4
4.614296824895745E-4
4.614278513836699E-4
4.6142602877044287E-4
4.614242147979764E-4
4.614224096434675E-4
4.6142061351828797E-4
4.614188266738129E-4
4.6141704940812537E-4
4.614152820736854E-4
4.61413525086088E-4
4.614117789340035E-4
4.614100441904392E-4
4.614083215254432E-4
4.614066117203643E-4
4.614049156838018E-4
4.614032344693641E-4
4.6140156929534937E-4
4.613999215664435E-4
4.6139829289753074E-4
4.6139668513966715E-4
4.6139510040826967E-4
4.6139354111349396E-4
4.61392009992771E-4
4.6139051014541327E-4
4.6138904506910376E-4
4.6138761869806083E-4
4.613862354425614E-4
4.6138490022941576E-4
4.6138361854289507E-4
4.613823964654985E-4
4.6138124071784065E-4
4.613801586967915E-4
4.6137915851091375E-4
4.613782490120524E-4
4.6137743982188503E-4
4.6137674135203363E-4
4.6137616481628486E-4
4.613757222333301E-4
4.6137542641839607E-4
4.613752909620128E-4
4.613753301942342E-4
4.6137555913256764E-4
4.61375993411963E-4
4.613766491953324E-4
4.6137754306321165E-4
4.6137869188145423E-4
4.6138011264609813E-4
4.613818223049719E-4
4.613838375560062E-4
4.613861746227596E-4
4.613888490082538E-4
4.613918752288133E-4
4.613952665303871E-4
4.6139903459046155E-4
4.614031892095411E-4
4.614077379968472E-4
4.614126860556985E-4
4.6141803567472967E-4
4.6142378603169305E-4
4.614299329172287E-4
4.614364684862706E-4
4.614433810450943E-4
4.61450654882029E-4
4.614582701496968E-4
4.6146620280623345E-4
4.614744246223087E-4
4.614829032597782E-4
4.614916024266646E-4
4.6150048211164476E-4
4.6150949889951613E-4
4.615186063671882E-4
4.615277555576253E-4
4.615368955269201E-4
4.61545973957375E-4
4.615549378271708E-4
4.6156373412499356E-4
4.6157231059594354E-4
4.6158061650328875E-4
4.615886033891944E-4
4.615962258165478E-4
4.616034420735263E-4
4.6161021482259715E-4
4.6161651167633187E-4
4.6162230568367636E-4
4.616275757122659E-4
4.616323067148552E-4
4.61636489870972E-4
4.616401225984004E-4
4.616432084329209E-4
4.616457567787589E-4
4.616477825363126E-4
4.616493056176532E-4
4.6165035036408613E-4
4.616509448832544E-4
4.616511203259673E-4
4.6165091012489686E-4
4.616503492183581E-4
4.61649473282615E-4
4.616483179954056E-4
4.6164691835172904E-4
4.616453080504156E-4
4.616435189667353E-4
4.6164158072246E-4
4.616395203604808E-4
4.6163736212663064E-4
4.616351273569007E-4
4.616328344640419E-4
4.6163049901368675E-4
4.6162813387755217E-4
4.61625749448029E-4
4.616233538977876E-4
4.616209534681294E-4
4.616185527690956E-4
4.616161550763511E-4
4.616137626120155E-4
4.6161137679917374E-4
4.616089984829119E-4
4.616066281140282E-4
4.616042658948997E-4
4.6160191188287435E-4
4.6159956605506354E-4
4.615972283885551E-4
4.615948988604399E-4
4.6159257744785227E-4
4.615902641279994E-4
4.615879588781899E-4
4.615856616758714E-4
4.6158337249865974E-4
4.6158109132437045E-4
4.6157881813105425E-4
4.615765528970205E-4
4.615742956008752E-4
4.61572046221548E-4
4.6156980473832535E-4
4.6156757113087726E-4
4.615653453792837E-4
4.615631274640688E-4
4.615609173662239E-4
4.6155871506724103E-4
4.6155652054913056E-4
4.6155433379445657E-4
4.615521547863555E-4
4.6154998350855976E-4
4.6154781994543217E-4
4.615456640819778E-4
4.615435159038662E-4
4.6154137539746246E-4
4.615392425498406E-4
4.6153711734880253E-4
4.6153499978290153E-4
4.6153288984145715E-4
4.615307875145741E-4
4.6152869279315634E-4
4.615266056689252E-4
4.615245261344291E-4
4.615224541830637E-4
4.615203898090795E-4
4.6151833300759335E-4
4.6151628377460096E-4
4.6151424210698566E-4
4.6151220800252706E-4
4.615101814599117E-4
4.6150816247873306E-4
4.6150615105950267E-4
4.6150414720365503E-4
4.6150215091354975E-4
4.615001621924786E-4
4.614981810446642E-4
4.614962074752639E-4
4.6149424149037296E-4
4.6149228309702546E-4
4.614903323031962E-4
4.614883891178E-4
4.614864535506976E-4
4.6148452561269764E-4
4.6148260531556025E-4
4.614806926720014E-4
4.6147878769570914E-4
4.614768904013511E-4
4.614750008045913E-4
4.614731189221139E-4
4.6147124477166054E-4
4.6146937837206214E-4
4.6146751974329405E-4
4.6146566890654895E-4
4.614638258843112E-4
4.6146199070047655E-4
4.614601633804736E-4
4.6145834395144413E-4
4.61456532442438E-4
4.6145472888467503E-4
4.614529333118515E-4
4.614511457605236E-4
4.6144936627056635E-4
4.61447594885734E-4
4.61445831654328E-4
4.6144407663000847E-4
4.614423298727601E-4
4.6144059145004153E-4
4.6143886143815735E-4
4.6143713992388295E-4
4.6143542700637584E-4
4.6143372279943486E-4
4.61432027434141E-4
4.614303410619518E-4
4.614286638583052E-4
4.61426996026803E-4
4.614253378040517E-4
4.614236894652476E-4
4.6142205133059365E-4
4.614204237726489E-4
4.614188072247086E-4
4.6141720219032865E-4
4.6141560925410464E-4
4.6141402909382777E-4
4.614124624941264E-4
4.614109103617059E-4
4.614093737423223E-4
4.6140785383954605E-4
4.614063520354656E-4
4.614048699133528E-4
4.6140340928237247E-4
4.614019722043471E-4
4.614005610225591E-4
4.6139917839256025E-4
4.6139782731483215E-4
4.6139651116918146E-4
4.6139523375059356E-4
4.6139399930624473E-4
4.613928125732671E-4
4.613916788167555E-4
4.6139060386742416E-4
4.6138959415817463E-4
4.613886567587682E-4
4.6138779940760473E-4
4.613870305395686E-4
4.613863593087186E-4
4.613857956045179E-4
4.6138535006017543E-4
4.6138503405163003E-4
4.6138485968554526E-4
4.6138483977475707E-4
4.613849877995167E-4
4.613853178529502E-4
4.6138584456920513E-4
4.613865830328896E-4
4.61387548668605E-4
4.6138875710957585E-4
4.613902240447485E-4
4.6139196504404583E-4
4.6139399536194943E-4
4.6139632972009187E-4
4.613989820700598E-4
4.614019653383346E-4
4.614052911558628E-4
4.614089695755485E-4
4.614130087816097E-4
4.614174147955132E-4
4.6142219118387793E-4
4.6142733877435534E-4
4.6143285538613807E-4
4.6143873558211036E-4
4.614449704500641E-4
4.61451547420518E-4
4.614584501286736E-4
4.614656583277735E-4
4.614731478606712E-4
4.6148089069566285E-4
4.6148885503166187E-4
4.614970054765432E-4
4.6150530330098016E-4
4.6151370676838794E-4
4.615221715396782E-4
4.615306511494456E-4
4.6153909754807065E-4
4.615474617020194E-4
4.615556942424568E-4
4.61563746150295E-4
4.6157156946391193E-4
4.6157911799430215E-4
4.615863480311675E-4
4.6159321902280206E-4
4.615996942123332E-4
4.616057412132575E-4
4.61611332508101E-4
4.6161644585556794E-4
4.616210645936167E-4
4.6162517782927747E-4
4.6162878050767087E-4
4.616318733569496E-4
4.616344627096153E-4
4.61636560204591E-4
4.616381823782275E-4
4.616393501561984E-4
4.616400882614988E-4
4.6164042455663283E-4
4.616403893402764E-4
4.616400146201286E-4
4.616393333842581E-4
4.616383788929722E-4
4.616371840120272E-4
4.616357806059429E-4
4.6163419900737074E-4
4.6163246757499203E-4
4.6163061234845535E-4
4.616286568046235E-4
4.6162662171510537E-4
4.616245251008661E-4
4.616223822757989E-4
4.6162020596845756E-4
4.6161800650755145E-4
4.616157920558839E-4
4.6161356887728565E-4
4.616113416198551E-4
4.6160911360056036E-4
4.6160688707809955E-4
4.6160466350322936E-4
4.6160244373871957E-4
4.6160022824432367E-4
4.6159801722558215E-4
4.615958107400355E-4
4.6159360876356603E-4
4.6159141127856103E-4
4.6158921827394204E-4
4.6158702974519384E-4
4.615848456943752E-4
4.6158266613011904E-4
4.615804910676374E-4
4.615783205286904E-4
4.6157615454157653E-4
4.6157399314109357E-4
4.6157183636849316E-4
4.615696842714413E-4
4.615675369039514E-4
4.6156539432632625E-4
4.6156325660508057E-4
4.615611238128603E-4
4.6155899602835825E-4
4.615568733362191E-4
4.6155475582694116E-4
4.6155264359676166E-4
4.615505367475555E-4
4.615484353867053E-4
4.6154633962697825E-4
4.6154424958640546E-4
4.6154216538813483E-4
4.61540087160292E-4
4.6153801503584003E-4
4.615359491524224E-4
4.615338896522123E-4
4.6153183668174943E-4
4.615297903917766E-4
4.61527750937076E-4
4.6152571847628737E-4
4.615236931717454E-4
4.6152167518928616E-4
4.6151966469807774E-4
4.6151766187042445E-4
4.6151566688158144E-4
4.615136799095662E-4
4.6151170113495555E-4
4.61509730740696E-4
4.615077689119033E-4
4.615058158356536E-4
4.615038717007862E-4
4.615019366976957E-4
4.615000110181223E-4
4.614980948549455E-4
4.614961884019704E-4
4.6149429185371455E-4
4.6149240540519995E-4
4.6149052925173434E-4
4.6148866358870094E-4
4.6148680861133733E-4
4.6148496451453043E-4
4.614831314925943E-4
4.6148130973906385E-4
4.6147949944647944E-4
4.6147770080618203E-4
4.614759140081069E-4
4.6147413924057856E-4
4.614723766901192E-4
4.614706265412564E-4
4.614688889763458E-4
4.614671641753914E-4
4.6146545231589707E-4
4.61463753572711E-4
4.614620681179151E-4
4.6146039612070684E-4
4.6145873774733624E-4
4.614570931610542E-4
4.6145546252211554E-4
4.6145384598781595E-4
4.614522437125982E-4
4.614506558482133E-4
4.614490825439706E-4
4.614475239470735E-4
4.614459802030739E-4
4.614444514564511E-4
4.6144293785134655E-4
4.614414395324754E-4
4.61439956646253E-4
4.614384893421505E-4
4.6143703777434575E-4
4.6143560210368506E-4
4.6143418250001986E-4
4.61432779144977E-4
4.6143139223519706E-4
4.6143002198613837E-4
4.6142866863649177E-4
4.6142733245330126E-4
4.6142601373787073E-4
4.6142471283254E-4
4.61423430128435E-4
4.614221660742823E-4
4.614209211864079E-4
4.614196960600048E-4
4.6141849138178336E-4
4.614173079441221E-4
4.614161466607819E-4
4.6141500858431285E-4
4.614138949252015E-4
4.614128070728307E-4
4.614117466182801E-4
4.614107153789799E-4
4.614097154252012E-4
4.61408749108285E-4
4.6140781909051676E-4
4.6140692837645864E-4
4.614060803454864E-4
4.6140527878522344E-4
4.6140452792546485E-4
4.614038324720892E-4
4.614031976403775E-4
4.6140262918704006E-4
4.6140213344013093E-4
4.614017173259591E-4
4.614013883919545E-4
4.614011548243605E-4
4.6140102545951114E-4
4.614010097874087E-4
4.61401117946148E-4
4.614013607058032E-4
4.6140174944026506E-4
4.6140229608559725E-4
4.614030130834696E-4
4.614039133083487E-4
4.6140500997727055E-4
4.6140631654116365E-4
4.6140784655700385E-4
4.614096135403435E-4
4.6141163079815086E-4
4.6141391124233786E-4
4.6141646718479945E-4
4.614193101154226E-4
4.614224504650115E-4
4.614258973558072E-4
4.6142965834283366E-4
4.6143373915005385E-4
4.614381434059116E-4
4.61442872383433E-4
4.614479247507E-4
4.6145329633786567E-4
4.6145897992733555E-4
4.614649650739002E-4
4.614712379617062E-4
4.614777813047873E-4
4.614845742975678E-4
4.6149159262117107E-4
4.61498808510589E-4
4.6150619088672183E-4
4.6151370555603036E-4
4.615213154790968E-4
4.615289811076648E-4
4.6153666078795454E-4
4.615443112260654E-4
4.6155188800931445E-4
4.6155934617534143E-4
4.61566640818924E-4
4.615737277246539E-4
4.615805640121338E-4
4.6158710877908574E-4
4.615933237269596E-4
4.615991737531819E-4
4.616046274943124E-4
4.616096578049694E-4
4.6161424215856377E-4
4.6161836309825894E-4
4.616220084425987E-4
4.6162517138340547E-4
4.6162785047169685E-4
4.6163004949073533E-4
4.616317772188759E-4
4.616330470884026E-4
4.616338767500691E-4
4.616342875562191E-4
4.616343039781345E-4
4.616339529755539E-4
4.616332633378379E-4
4.6163226501710745E-4
4.6163098847369784E-4
4.6162946405345703E-4
4.616277214147704E-4
4.616257890208454E-4
4.616236937097703E-4
4.616214603513326E-4
4.616191115957327E-4
4.61616667715376E-4
4.6161414653700817E-4
4.6161156345767956E-4
4.616089315354789E-4
4.616062616422914E-4
4.616035626648006E-4
4.616008417397201E-4
4.615981045076547E-4
4.6159535537148774E-4
4.6159259774671333E-4
4.615898342931266E-4
4.6158706711999507E-4
4.6158429795980404E-4
4.615815283090215E-4
4.6157875952846153E-4
4.615759929049761E-4
4.6157322973873336E-4
4.615704713411644E-4
4.615677190329686E-4
4.615649741421519E-4
4.615622380021174E-4
4.615595119498052E-4
4.615567973238543E-4
4.615540954628372E-4
4.6155140770351563E-4
4.6154873537913583E-4
4.6154607981778857E-4
4.615434423407797E-4
4.6154082426106406E-4
4.615382268817047E-4
4.6153565149437234E-4
4.615330993778923E-4
4.615305717968153E-4
4.615280700000408E-4
4.615255952194563E-4
4.615231486686379E-4
4.6152073154155914E-4
4.615183450113547E-4
4.6151599022911487E-4
4.6151366832270315E-4
4.6151138039561627E-4
4.6150912752587764E-4
4.6150691076495535E-4
4.61504731136723E-4
4.6150258963643763E-4
4.6150048722976196E-4
4.6149842485180995E-4
4.6149640340621657E-4
4.614944237642553E-4
4.6149248676395833E-4
4.614905932092906E-4
4.614887438693352E-4
4.6148693947750734E-4
4.6148518073081034E-4
4.614834682890935E-4
4.6148180277435987E-4
4.6148018477008823E-4
4.6147861482057295E-4
4.6147709343031016E-4
4.61475621063387E-4
4.6147419814290624E-4
4.614728250504349E-4
4.614715021254704E-4
4.614702296649334E-4
4.614690079226861E-4
4.6146783710906736E-4
4.614667173904561E-4
4.614656488888479E-4
4.614646316814656E-4
4.6146366580038115E-4
4.61462751232165E-4
4.614618879175523E-4
4.614610757511396E-4
4.6146031458109253E-4
4.6145960420888133E-4
4.614589443890396E-4
4.614583348289462E-4
4.614577751886319E-4
4.614572650806012E-4
4.614568040697031E-4
4.6145639167300155E-4
4.6145602735970614E-4
4.6145571055110867E-4
4.6145544062058233E-4
4.6145521689359623E-4
4.6145503864779714E-4
4.614549051131248E-4
4.6145481547200343E-4
4.6145476885957874E-4
4.6145476436405017E-4
4.6145480102707624E-4
4.61454877844286E-4
4.614549937659059E-4
4.6145514769751773E-4
4.614553385009703E-4
4.614555649954725E-4
4.614558259588792E-4
4.614561201292251E-4
4.614564462065183E-4
4.614568028548394E-4
4.614571887048032E-4
4.614576023564052E-4
4.6145804238233287E-4
4.6145850733177965E-4
4.6145899573484325E-4
4.6145950610756417E-4
4.6146003695768747E-4
4.6146058679122316E-4
4.6146115411989445E-4
4.614617374695527E-4
4.614623353896615E-4
4.614629464639231E-4
4.614635693221601E-4
4.6146420265350457E-4
4.614648452210196E-4
4.61465495877783E-4
4.614661535845152E-4
4.6146681742878384E-4
4.6146748664579725E-4
4.61468160640804E-4
4.6146883901300705E-4
4.614695215809629E-4
4.614702084092959E-4
4.614708998365538E-4
4.6147159650396956E-4
4.614722993847981E-4
4.6147300981383524E-4
4.6147372951666486E-4
4.6147446063805463E-4
4.614752057688408E-4
4.614759679705741E-4
4.614767507970656E-4
4.614775583119E-4
4.614783951008727E-4
4.61479266278284E-4
4.614801774858481E-4
4.614811348830456E-4
4.6148214512761553E-4
4.614832153449495E-4
4.614843530851197E-4
4.6148556626637296E-4
4.614868631040078E-4
4.6148825202369767E-4
4.6148974155852816E-4
4.614913402292536E-4
4.614930564075869E-4
4.614948981627009E-4
4.614968730914835E-4
4.614989881336253E-4
4.61501249373024E-4
4.6150366182762145E-4
4.615062292302513E-4
4.6150895380373815E-4
4.6151183603399654E-4
4.615148744454308E-4
4.6151806538348536E-4
4.615214028095551E-4
4.615248781138803E-4
4.615284799522617E-4
4.6153219411253015E-4
4.615360034166679E-4
4.615398876642422E-4
4.615438236223774E-4
4.615477850669238E-4
4.6155174287857917E-4
4.615556651967489E-4
4.615595176326969E-4
4.6156326354209484E-4
4.6156686435559215E-4
4.615702799643199E-4
4.615734691555433E-4
4.6157639009192144E-4
4.6157900082615766E-4
4.6158125984122197E-4
4.6158312660495065E-4
4.6158456212664375E-4
4.615855295024683E-4
4.615859944359791E-4
4.615859257200121E-4
4.615852956666305E-4
4.6158410874703765E-4
4.6158237290380044E-4
4.6158009976651196E-4
4.615773047754536E-4
4.6157400720879305E-4
4.615702301117379E-4
4.615660001291174E-4
4.615613472459668E-4
4.6155630444378047E-4
4.6155090728294465E-4
4.615451934243798E-4
4.615392021055665E-4
4.615329735876337E-4
4.615265485910691E-4
4.6151996773786594E-4
4.6151327101733215E-4
4.615064972915525E-4
4.6149968385458275E-4
4.6149286605693746E-4
4.6148607700392835E-4
4.6147934733310406E-4
4.614727050725906E-4
4.614661755786524E-4
4.6145978154742416E-4
4.6145354309347494E-4
4.614474778843919E-4
4.6144160131960754E-4
4.6143592674136155E-4
4.614304656640441E-4
4.6142522800941247E-4
4.614202223363502E-4
4.6141545605555347E-4
4.614109356218024E-4
4.6140666669916314E-4
4.614026542974323E-4
4.6139890287233757E-4
4.613954163904614E-4
4.6139219842020917E-4
4.613892521390069E-4
4.6138658034043753E-4
4.613841854412688E-4
4.613820694884125E-4
4.613802341657989E-4
4.613786808011502E-4
4.613774103726948E-4
4.613764235157916E-4
4.613757205294568E-4
4.6137530138284666E-4
4.613751657216245E-4
4.613753128742709E-4
4.613757418583136E-4
4.613764513864676E-4
4.613774398727192E-4
4.6137870543831765E-4
4.6138024591770493E-4
4.6138205886435814E-4
4.6138414155657675E-4
4.6138649100317376E-4
4.613891039491203E-4
4.613919768811048E-4
4.6139510603302245E-4
4.613984873913952E-4
4.6140211670073406E-4
4.614059894688117E-4
4.614101009718949E-4
4.614144462598826E-4
4.614190201614E-4
4.614238172888125E-4
4.614288320431823E-4
4.61434058619163E-4
4.6143949100981854E-4
4.614451230113952E-4
4.614509482280227E-4
4.6145696007634797E-4
4.6146315179012806E-4
4.614695164247357E-4
4.6147604686162775E-4
4.6148273581274774E-4
4.6148957582485816E-4
4.6149655928383695E-4
4.615036784188983E-4
4.6151092530676474E-4
4.6151829187578185E-4
4.61525769909981E-4
4.615333510530796E-4
4.615410268124332E-4
4.615487885629384E-4
4.615566275508679E-4
4.61564534897669E-4
4.615725016037022E-4
4.615805185519348E-4
4.615885765115747E-4
4.615966661416654E-4
4.6160477799463026E-4
4.616129025197619E-4
4.616210300666735E-4
4.6162915088870466E-4
4.6163725514627345E-4
4.6164533291020234E-4
4.616533741649828E-4
4.6166136881201943E-4
4.6166930667282017E-4
4.6167717749217023E-4
4.6168497094124957E-4
4.6169267662075046E-4
4.6170028406394023E-4
4.61707782739725E-4
4.617151620556847E-4
4.617224113611083E-4
4.617295199500109E-4
4.617364770641747E-4
4.617432718961842E-4
4.6174989359249965E-4
4.617563312565601E-4
4.617625739519421E-4
4.617686107055789E-4
4.617744305110742E-4
4.617800223321086E-4
4.617853751059949E-4
4.61790477747379E-4
4.6179531915213054E-4
4.6179988820145877E-4
4.6180417376628984E-4
4.6180816471194625E-4
4.618118499031753E-4
4.6181521820957397E-4
4.618182585114821E-4
4.6182095970637475E-4
4.6182331071584296E-4
4.6182530049321605E-4
4.6182691803190086E-4
4.618281523745077E-4
4.6182899262283615E-4
4.618294279487974E-4
4.618294476063349E-4
4.6182904094442295E-4
4.618281974211952E-4
4.6182690661925214E-4
4.6182515826219124E-4
4.6182294223237147E-4
4.6182024858993704E-4
4.6181706759302054E-4
4.6181338971914356E-4
4.61809205687653E-4
4.618045064830993E-4
4.617992833793521E-4
4.6179352796423635E-4
4.617872321643617E-4
4.617803882698136E-4
4.617729889582622E-4
4.6176502731796744E-4
4.617564968691294E-4
4.617473915828957E-4
4.617377058973189E-4
4.617274347294074E-4
4.617165734824654E-4
4.617051180477077E-4
4.616930647992301E-4
4.6168041058127906E-4
4.616671526868294E-4
4.6165328882644444E-4
4.616388170864506E-4
4.6162373587554033E-4
4.61608043859008E-4
4.6159173987999285E-4
4.6157482286727375E-4
4.6155729172940097E-4
4.615391452352432E-4
4.6152038188130467E-4
4.6150099974657795E-4
4.6148099633606346E-4
4.6146036841452796E-4
4.614391118325047E-4
4.6141722134702804E-4
4.613946904400431E-4
4.6137151113784654E-4
4.61347673835416E-4
4.613231671297354E-4
4.6129797766663233E-4
4.612720900057886E-4
4.612454865087171E-4
4.61218147254504E-4
4.611900499879196E-4
4.611611701042296E-4
4.6113148067457023E-4
4.611009525150913E-4
4.610695543022899E-4
4.610372527360101E-4
4.6100401275042376E-4
4.609697977721418E-4
4.6093457002322223E-4
4.608982908654712E-4
4.6086092118102073E-4
4.608224217827781E-4
4.607827538470346E-4
4.6074187935936703E-4
4.606997615639577E-4
4.606563654057623E-4
4.606116579544685E-4
4.605656087991118E-4
4.6052387355776726E-4
4.60486314768437E-4
4.6045279979708775E-4
4.6042320100044123E-4
4.603973958153208E-4
4.6037526677056886E-4
4.603567014198341E-4
4.6034159219602514E-4
4.603298361907285E-4
4.603213348644091E-4
4.603159936955921E-4
4.6031372177928414E-4
4.6031443138673636E-4
4.6031803749991347E-4
4.603244573348952E-4
4.603336098686506E-4
4.603454153833208E-4
4.603597950411691E-4
4.603766705018956E-4
4.6039596359203E-4
4.6041759603371524E-4
4.6044148923751684E-4
4.6046756416110346E-4
4.604957412327947E-4
4.605259403361534E-4
4.6055808084998433E-4
4.605920817350604E-4
4.606278616581501E-4
4.6066533914355083E-4
4.6070443274088364E-4
4.607450611988628E-4
4.607871436356651E-4
4.6083059969786295E-4
4.6087534970174057E-4
4.609213147529824E-4
4.6096841684323573E-4
4.610165789168508E-4
4.610657249082889E-4
4.611157798031421E-4
4.6116666962794895E-4
4.61218321440108E-4
4.6127066331786483E-4
4.613236243503842E-4
4.6137713462791094E-4
4.614311252319917E-4
4.6148552822580156E-4
4.6154027664453543E-4
4.615953044858718E-4
4.6165054670054126E-4
4.6170593918294157E-4
4.617614187618537E-4
4.618169231912219E-4
4.6187239114101026E-4
4.619277621881456E-4
4.6198297680751947E-4
4.6203797636307957E-4
4.62092703098983E-4
4.6214710013083255E-4
4.622011114369755E-4
4.6225468184988726E-4
4.623077570476154E-4
4.623602835453018E-4
4.6241220868676794E-4
4.6246348063618366E-4
4.625140483697863E-4
4.6256386166769096E-4
4.626128711057495E-4
4.6266102804749055E-4
4.627082846361191E-4
4.6275459378658924E-4
4.6279990917774254E-4
4.628441852445021E-4
4.628873771701488E-4
4.6292944087865395E-4
4.629703330270686E-4
4.6301001099799643E-4
4.6304843289210945E-4
4.6308555752074036E-4
4.631213443985347E-4
4.631557537361583E-4
4.6318874643307747E-4
4.632202840703937E-4
4.632503289037372E-4
4.632788438562262E-4
4.633057925114833E-4
4.633311391067137E-4
4.6335484852583485E-4
4.6337688629268057E-4
4.633972185642422E-4
4.634158121239875E-4
4.634326343752207E-4
4.6344765333451845E-4
4.634608376252006E-4
4.6347215647087574E-4
4.634815796890374E-4
4.6348907768470994E-4
4.6349462144416187E-4
4.634981825286699E-4
4.6349973306833415E-4
4.634992457559638E-4
4.634966938410058E-4
4.634920511235368E-4
4.6348529194831174E-4
4.6347639119888166E-4
4.634653242917451E-4
4.6345206717059737E-4
4.634365963006126E-4
4.634188886628055E-4
4.6339892174846245E-4
4.633766735536415E-4
4.633521225737446E-4
4.6332524779818215E-4
4.6329602870511156E-4
4.6326444525627647E-4
4.632304778919469E-4
4.631941075259655E-4
4.631553155409259E-4
4.631140837834708E-4
4.630703945597473E-4
4.630242306310275E-4
4.6297557520950944E-4
4.6292441195431916E-4
4.628707249677441E-4
4.628144987917268E-4
4.627557184046262E-4
4.6269436921831254E-4
4.626304370755975E-4
4.6256390824807016E-4
4.624947694343537E-4
4.624230077588409E-4
4.6234861077095325E-4
4.6227156644498065E-4
4.621918631805337E-4
4.621094898036816E-4
4.6202443556881263E-4
4.619366901612794E-4
4.618462437008627E-4
4.6175308674611476E-4
4.616572102996045E-4
4.6155860581409484E-4
4.6145726519966943E-4
4.6135318083182213E-4
4.612463455604546E-4
4.6113675271979417E-4
4.610243961391225E-4
4.6090927015424567E-4
4.607913696195557E-4
4.606706899205453E-4
4.6054722698652805E-4
4.604209773033316E-4
4.6029193792565564E-4
4.601601064887099E-4
4.600254812187487E-4
4.598880609420037E-4
4.597478450915123E-4
4.596048337112201E-4
4.5945902745679113E-4
4.5931042759238255E-4
4.591590359827326E-4
4.5900485507979945E-4
4.5884788790322606E-4
4.586881380139005E-4
4.585256094799017E-4
4.583603068341866E-4
4.5819223502345063E-4
4.580213993476781E-4
4.578478053900708E-4
4.576714589371688E-4
4.574923658892159E-4
4.5731053216101415E-4
4.571259635737972E-4
4.5693866573893327E-4
4.5674864393456787E-4
4.5655590297664504E-4
4.5636044708609075E-4
4.561622797542594E-4
4.559614036090724E-4
4.557578202846052E-4
4.55551530297105E-4
4.5534253293067774E-4
4.551308261360301E-4
4.5491640644571886E-4
4.5469926890940086E-4
4.5447940705240836E-4
4.5425681286081435E-4
4.5403147679578794E-4
4.538033878396011E-4
4.5357253357504663E-4
4.5333890029939196E-4
4.531024731731082E-4
4.5286323640280794E-4
4.526211734568146E-4
4.523762673107698E-4
4.5212850071970354E-4
4.5187785651193684E-4
4.5162431789926943E-4
4.5136786879703653E-4
4.511084941468959E-4
4.508461802346912E-4
4.5058091499535657E-4
4.514550027413083E-4
4.5230907094086903E-4
4.53143283633758E-4
4.539578060474997E-4
4.547528047347509E-4
4.5552844765694956E-4
4.562849042113201E-4
4.570223451999711E-4
4.5774094274164077E-4
4.584408701284532E-4
4.591223016319131E-4
4.597854122641036E-4
4.604303775015565E-4
4.610573729806279E-4
4.616665741741273E-4
4.622581560596037E-4
4.6283229278983913E-4
4.6338915737588953E-4
4.639289213923196E-4
4.644517547131905E-4
4.649578252859394E-4
4.654472989485174E-4
4.659203392932117E-4
4.6637710757854137E-4
4.668177626885027E-4
4.672424611364203E-4
4.676513571092979E-4
4.680446025463391E-4
4.684223472447477E-4
4.687847389856743E-4
4.691319236720713E-4
4.694640454709165E-4
4.69781246952946E-4
4.700836692239859E-4
4.703714520433498E-4
4.7064473392633956E-4
4.709036522297511E-4
4.7114834321533664E-4
4.713789420914709E-4
4.715955830727615E-4
4.717983993865916E-4
4.71987523279627E-4
4.721630860242796E-4
4.7232521792513573E-4
4.7247404832534233E-4
4.7260970561294505E-4
4.727323172272057E-4
4.7284200966486305E-4
4.7293890848635863E-4
4.730231383220355E-4
4.7309482287828046E-4
4.7315408494364326E-4
4.732010463949105E-4
4.732358282031387E-4
4.732585504396593E-4
4.7326933228203783E-4
4.7326829202000453E-4
4.7325554706133325E-4
4.732312139377038E-4
4.731954083105094E-4
4.7314824497664217E-4
4.7308983787423207E-4
4.730203000883556E-4
4.7293974385670715E-4
4.728482805752398E-4
4.7274602080375685E-4
4.7263307427149084E-4
4.7250954988262606E-4
4.723755557217993E-4
4.722311990595628E-4
4.7207658635781195E-4
4.719118232751827E-4
4.7173701467240957E-4
4.7155226461765377E-4
4.713576763918021E-4
4.7115335249372245E-4
4.7093939464549735E-4
4.7071590379761446E-4
4.70482980134136E-4
4.702407230778245E-4
4.6998923129524465E-4
4.697286027018296E-4
4.6945893446691776E-4
4.691803230187543E-4
4.688928640494634E-4
4.685966525199928E-4
4.682917826650245E-4
4.6797834799784893E-4
4.6765644131522096E-4
4.673261547021763E-4
4.66987579536822E-4
4.666408064950915E-4
4.662859255554821E-4
4.659230260037495E-4
4.655521964375793E-4
4.651735247712368E-4
4.6478709824017395E-4
4.6439300340561906E-4
4.639913261591381E-4
4.635821517271613E-4
4.6316556467549606E-4
4.627416489138016E-4
4.623104877000436E-4
4.6187216364492633E-4
4.61426758716301E-4
4.609743542435435E-4
4.6051503092192625E-4
4.600488688169565E-4
4.5957594736870474E-4
4.590963453961144E-4
4.586101411013024E-4
4.5811741207383926E-4
4.576182352950396E-4
4.5711268714222785E-4
4.5660084339302614E-4
4.5608277922963043E-4
4.5555856924311305E-4
4.5502828743773665E-4
4.5449200723529594E-4
4.5394980147949783E-4
4.534017424403835E-4
4.5284790181881557E-4
4.522883507510242E-4
4.5172315981324647E-4
4.5115239902646597E-4
4.505761378612626E-4
4.49994445242815E-4
4.494073895560458E-4
4.4881503865096473E-4
4.482174598482078E-4
4.476147199448165E-4
4.470068852202773E-4
4.463940214428601E-4
4.4577619387626313E-4
4.4515346728662855E-4
4.445259059499251E-4
4.438935736597603E-4
4.432565337356138E-4
4.4261484903155196E-4
4.419685819454218E-4
4.41317794428542E-4
4.40662547995904E-4
4.400029037368901E-4
4.3933892232646444E-4
4.3867066403685393E-4
4.379981887496427E-4
4.373215559682396E-4
4.3664082483062494E-4
4.359560541222947E-4
4.3526730228924624E-4
4.3457462745086716E-4
4.338780874125418E-4
4.331777396777404E-4
4.3247364145936236E-4
4.3176584969003775E-4
4.310544210310796E-4
4.3033941187972516E-4
4.296208783743216E-4
4.2889887639702677E-4
4.281734615736281E-4
4.274446892700442E-4
4.267126145850748E-4
4.2597729233898024E-4
4.2523877705748014E-4
4.2449712295079757E-4
4.2375238388743237E-4
4.230046133623938E-4
4.222538644597316E-4
4.21500189809271E-4
4.2074364153762246E-4
4.199842712136281E-4
4.192221297885951E-4
4.184572675318281E-4
4.176897339621484E-4
4.169195777762875E-4
4.1614684677524123E-4
4.1537158778986E-4
4.1459384660713514E-4
4.1381366789884047E-4
4.1303109515431017E-4
4.122461706192759E-4
4.114589352427667E-4
4.1066942863412164E-4
4.0987768903214173E-4
4.090837532883383E-4
4.0828765686609924E-4
4.0748943385738267E-4
4.0668911701827003E-4
4.0588673782434274E-4
4.0508232654647115E-4
4.0427591234705224E-4
4.0346752339627783E-4
4.0265718700738864E-4
4.018449297892761E-4
4.0103077781422815E-4
4.002147567979722E-4
3.993968922886649E-4
3.985772098609394E-4
3.977557353107629E-4
3.9693249484651523E-4
6.257127609820989E-4
6.226013562461595E-4
6.195053102851774E-4
6.164245405202332E-4
6.133589662617075E-4
6.103085087610056E-4
6.072730912300065E-4
6.042526388271483E-4
6.012470786100185E-4
5.98256339455432E-4
5.952803519489623E-4
5.923190482469532E-4
5.89372361914969E-4
5.864402277474227E-4
5.835225815738105E-4
5.806193600573904E-4
5.777305004923903E-4
5.748559406058085E-4
5.719956183695921E-4
5.691494718285077E-4
5.663174389482498E-4
5.634994574874733E-4
5.606954648963406E-4
5.579053982430267E-4
5.551291941684681E-4
5.523667888684337E-4
5.496181181008907E-4
5.468831172159206E-4
5.441617212042491E-4
5.414538647602156E-4
5.387594823549752E-4
5.360785083151822E-4
5.33410876902872E-4
5.307565223927441E-4
5.281153791436207E-4
5.254873816616914E-4
5.228724646540626E-4
5.202705630721685E-4
5.176816121424196E-4
5.151055473844005E-4
5.125423046388625E-4
5.099918200661146E-4
5.074540301444396E-4
5.049288716685019E-4
5.024162817477784E-4
4.999161978049853E-4
4.974285575745159E-4
4.949532991008933E-4
4.924903607372209E-4
4.900396811436424E-4
4.876011992858205E-4
4.851748544334055E-4
4.827605861585261E-4
4.8035833433427984E-4
4.779680391332344E-4
4.755896410259348E-4
4.7322308077942004E-4
4.708682994557438E-4
4.685252384105065E-4
4.6619383929138937E-4
4.638740440367038E-4
4.615657948739403E-4
4.592690343183285E-4
4.5698370517140125E-4
4.5470975051957127E-4
4.5244711373271246E-4
4.5019573846274004E-4
4.4795556864221637E-4
4.4572654848294403E-4
4.4350862247457797E-4
4.4130173538324096E-4
4.391058322501445E-4
4.369208583902212E-4
4.3474675939075824E-4
4.325834811100403E-4
4.304309696760022E-4
4.28289171484881E-4
4.261580331998853E-4
4.2403750174985894E-4
4.219275243279606E-4
4.1982804839034584E-4
4.17739021654858E-4
4.15660392099724E-4
4.135921079622568E-4
4.115341177375644E-4
4.09486370177265E-4
4.0744881428821046E-4
4.054213993312156E-4
4.0340407481978985E-4
4.013967905188799E-4
3.993994964436203E-4
3.974121428580828E-4
3.954346802740392E-4
3.934670594497281E-4
3.915092313886263E-4
3.8956114733822866E-4
3.87622758788835E-4
3.8569401747234135E-4
3.837748753610374E-4
3.818652846664129E-4
3.799651978379676E-4
3.7807456756203274E-4
3.761933467605943E-4
3.7432148859012376E-4
3.7245894644042006E-4
3.7060567393345834E-4
3.687616249222402E-4
3.669267534896625E-4
3.6510101394738665E-4
3.6328436083472263E-4
3.614767489175186E-4
3.596781331870672E-4
3.578884688590201E-4
3.5610771137231596E-4
3.543358163881246E-4
3.5257273978880937E-4
3.5081843767690045E-4
3.4907286637409906E-4
3.4733598242029973E-4
3.456077425726326E-4
3.438881038045481E-4
3.4217702330492606E-4
3.4047445847722315E-4
3.387803669386639E-4
3.370947065194835E-4
3.354174352622159E-4
3.337485114210508E-4
3.3208789346125394E-4
3.304355400586636E-4
3.2879141009927414E-4
3.2715546267890846E-4
3.255276571029981E-4
3.239079528864725E-4
3.222963097537808E-4
3.2069268763903385E-4
3.190970466863059E-4
3.175093472500834E-4
3.15929549895888E-4
3.143576154010627E-4
3.127935047557496E-4
3.112371791640589E-4
3.0968860004541935E-4
3.0814772903612985E-4
3.0661452799110123E-4
3.050889589857725E-4
3.035709843182063E-4
3.0206056651132477E-4
3.0055766831528E-4
2.9906225270990357E-4
2.975742829072153E-4
2.960937223539173E-4
2.9462053473383067E-4
2.9315468397018236E-4
2.9169613422767393E-4
2.9024484991422303E-4
2.8880079568227677E-4
2.8736393642958E-4
2.8593423729924943E-4
2.8451166367904714E-4
2.8309618119967515E-4
2.81687755731956E-4
2.802863533827423E-4
2.788919404893965E-4
2.775044836127008E-4
2.76123949528048E-4
2.747503052147986E-4
2.73383517843695E-4
2.7202355476225787E-4
2.7067038347812624E-4
2.693239716403309E-4
2.679842870185515E-4
2.666512974804534E-4
2.653249709672527E-4
2.6400527546774897E-4
2.6269217899108354E-4
2.6138564953860925E-4
2.600856550752861E-4
2.5879216350109844E-4
2.57505142623066E-4
2.562245601284627E-4
2.549503835599247E-4
2.5368258029314565E-4
2.524211175179055E-4
2.5116596222316006E-4
2.4991708118692415E-4
2.4867444097162076E-4
2.4743800792553024E-4
2.4620774819086915E-4
2.4498362771891856E-4
2.4376561229248593E-4
2.4255366755582207E-4
2.413477590519251E-4
2.4014785226697907E-4
2.389539126814412E-4
2.3776590582709231E-4
2.365837973491419E-4
2.3540755307226833E-4
2.3423713906928665E-4
2.3307252173096986E-4
2.319136678354191E-4
0.046381422806548445
