0.004007248460142119
0.00801335100378543
0.012019004696797198
0.01602619696303807
0.02003519923886374
0.0200359462043029
0.020033689533406934
0.02002816973742391
0.020021605399716046
0.02001746210902549
0.020017047880635873
0.02001726564628973
0.02001310966304946
0.020002701964654153
0.019989531783960596
0.019980052354222403
0.01997731883061188
0.019977032820746112
0.01997149019320881
0.019957149508494365
0.019938768418901305
0.019925490445504075
0.019921599075911504
0.01992108884884227
0.019912701867603085
0.019895642988971254
0.019877007894644708
0.019864968590461926
0.019858832248507843
0.01984487190908432
0.019841643946418627
0.019841556345917666
0.019831002162904832
0.01979582275567345
0.019717807091392568
0.019801321971553137
0.019873693376356024
0.019837204016397054
0.0196496379528355
0.019303346171244865
0.02017204875712676
0.020217993477137666
0.019685650972593734
0.018763879868729003
0.017599522237806416
0.02450152855285221
0.020418335996423988
0.01701680713972222
0.014180445134468088
0.011814767947552362
0.05903443784408618
