1.0207989731118632E-7
2.0487481365475175E-7
3.083900888642851E-7
4.126311054001368E-7
5.176032888318166E-7
6.233121085024496E-7
7.29763078585462E-7
8.369617599708534E-7
9.449137638711761E-7
1.0536247589192884E-6
1.1631004852081985E-6
1.2733467818408303E-6
1.384369640204357E-6
1.4961753051426739E-6
1.608770463267085E-6
1.722162585983607E-6
1.8363605402283968E-6
1.9513756497312543E-6
2.0672234917235085E-6
2.183926853809583E-6
2.3015204499031856E-6
2.4200581786746686E-6
2.5396238381924616E-6
2.660346151087258E-6
2.782418460656835E-6
2.906122135004645E-6
3.031850000223582E-6
3.1601180000682667E-6
3.2915596173695273E-6
3.426871791029829E-6
3.566667345927634E-6
3.7111998846510695E-6
3.8599222422757E-6
4.010897143680327E-6
4.160314445831591E-6
4.303245749630325E-6
4.438710670823125E-6
4.575119210397107E-6
4.7124783951853425E-6
4.850795307938399E-6
4.9900770877721005E-6
5.130330930618824E-6
5.271564089682513E-6
5.413783875897418E-6
5.556997658390426E-6
5.701212864947387E-6
5.846436982483039E-6
5.99267755751493E-6
6.139942196641107E-6
6.288238567021824E-6
6.437574396865152E-6
6.587957475916561E-6
6.739395655952527E-6
6.891896851278197E-6
7.045469039229149E-6
7.200120260677209E-6
7.355858620540442E-6
7.512692288297279E-6
7.67062949850484E-6
7.829678551321476E-6
7.989847813033534E-6
8.15114571658631E-6
8.313580762119458E-6
8.477161517506384E-6
8.641896618898277E-6
8.807794771272192E-6
8.974864748983592E-6
9.143115396323213E-6
9.312555628078222E-6
9.483194430097806E-6
9.655040859863034E-6
9.828104047061109E-6
1.0002393194164E-5
1.0177917577011405E-5
1.0354686545398034E-5
1.0532709523665282E-5
1.0711996011297176E-5
1.0892555583520792E-5
1.1074397891910698E-5
1.1257532664997924E-5
1.1441969708883185E-5
1.1627718907854251E-5
1.1814790225007675E-5
1.2003193702874731E-5
1.2192939464051794E-5
1.238403771183522E-5
1.2576498730861396E-5
1.277033288775326E-5
1.2965550631776164E-5
1.3162162495509716E-5
1.3258099198238644E-5
1.3354736319617377E-5
1.3452079306857742E-5
1.3550133651368802E-5
1.3648904889975454E-5
1.374839860707595E-5
1.3848620438676859E-5
1.394957608012855E-5
1.4051271301049495E-5
1.4153711974003162E-5
1.425690412906985E-5
1.4360854056375087E-5
1.4465568495910738E-5
1.4571054983390547E-5
1.467732246972189E-5
1.4784382410606417E-5
1.4892250646455862E-5
1.5000950579742665E-5
1.5110518427420472E-5
1.522101169635128E-5
1.5332522498922355E-5
1.5445197852054237E-5
1.55592695609633E-5
1.5675096409230163E-5
1.5793220656829843E-5
1.591443845275212E-5
1.6039878447022233E-5
1.617107631283798E-5
1.6309982589651973E-5
1.645891862675398E-5
1.6620363090523207E-5
1.67963950160893E-5
1.698772193851073E-5
1.7192155923080864E-5
1.7402484875749622E-5
1.760398113239184E-5
1.777401002163138E-5
1.790186407295181E-5
1.8030647631421752E-5
1.8160367910944578E-5
1.8291032182759436E-5
1.8422647775909018E-5
1.8555222077712388E-5
1.8688762534242595E-5
1.8823276650809546E-5
1.8958771992447223E-5
1.9095256184406235E-5
1.9232736912650684E-5
1.937122192435994E-5
1.9510719028434694E-5
1.9651236096007787E-5
1.9792781060959002E-5
1.993536192043437E-5
2.00789867353692E-5
2.0223663631015357E-5
2.0369400797472126E-5
2.051620649022068E-5
2.0664089030662143E-5
2.08130568066586E-5
2.096311827307752E-5
2.111428195233891E-5
2.1266556434965137E-5
2.141995038013296E-5
2.1574472516228592E-5
2.1730131641403704E-5
2.1886936624134063E-5
2.2044896403779358E-5
2.220401999114426E-5
2.2364316469040804E-5
2.252579499285118E-5
2.268846479109146E-5
2.2852335165975124E-5
2.3017415493976833E-5
2.318371522639598E-5
2.335124388991919E-5
2.352001108718243E-5
2.369002649733146E-5
2.3861299876581135E-5
2.4033841058772888E-5
2.4207659955929593E-5
2.4382766558808598E-5
2.455917093745176E-5
2.4736883241732304E-5
2.4915913701898577E-5
2.5096272629113707E-5
2.5277970415991865E-5
2.5461017537130204E-5
2.564542454963673E-5
2.5831202093655664E-5
2.601836089289086E-5
2.620691175513767E-5
2.6396865572835798E-5
2.658823332367327E-5
2.6781026071294785E-5
2.6975254966230923E-5
2.717093124728022E-5
2.736806624381898E-5
2.7566671379991146E-5
2.776675818266214E-5
2.7968338296814346E-5
2.8171423515445548E-5
2.8376025837312766E-5
2.85821575772973E-5
2.8789831574587315E-5
2.899906157956238E-5
2.920986296125308E-5
2.942225397891325E-5
2.963625802612006E-5
2.9851907515021802E-5
3.0069250461343508E-5
3.028836140099827E-5
3.0509359051288754E-5
3.073243412147102E-5
3.095789178633716E-5
3.118621428851473E-5
3.141814933382891E-5
3.165482827374737E-5
3.189791266067936E-5
3.214977598457649E-5
3.241357065319955E-5
3.2693305953753435E-5
3.299375801916919E-5
3.331984278470993E-5
3.3675348198366636E-5
3.406060298814502E-5
3.4468275470482684E-5
3.487509425399684E-5
3.5228270469057004E-5
3.548097098623067E-5
3.573554582680715E-5
3.599200962035154E-5
3.625037711446183E-5
3.651066317589188E-5
3.6772882791674295E-5
3.703705107024244E-5
3.730318324254994E-5
3.757129466318666E-5
3.784140081148937E-5
3.8113517292645885E-5
3.838765983879185E-5
3.866384431009764E-5
3.894208669584535E-5
3.922240311549374E-5
3.950480981972946E-5
3.978932319150425E-5
4.007595974705578E-5
4.0364736136911744E-5
4.065566914687467E-5
4.094877569898761E-5
4.1244072852477835E-5
4.1541577804678866E-5
4.1841307891928534E-5
4.2143280590441825E-5
4.2447513517157726E-5
4.275402443055936E-5
4.306283123146443E-5
4.337395196378697E-5
4.3687404815267696E-5
4.40032081181727E-5
4.43213803499592E-5
4.4641940133906435E-5
4.496490623971301E-5
4.5290297584056316E-5
4.561813323111555E-5
4.5948432393057565E-5
4.628121443048183E-5
4.661649885282705E-5
4.6954305318735726E-5
4.729465363637813E-5
4.763756376373333E-5
4.798305580882609E-5
4.83311500299209E-5
4.8681866835670935E-5
4.903522678522033E-5
4.939125058826226E-5
4.974995910504792E-5
5.01113733463502E-5
5.047551447337808E-5
5.0842403797643365E-5
5.1212062780780795E-5
5.158451303478304E-5
5.195977632263137E-5
5.233787455929866E-5
5.2718829813126334E-5
5.310266430759317E-5
5.3489400423559425E-5
5.387906070218032E-5
5.427166784892418E-5
5.4667244739612355E-5
5.506581443035434E-5
5.546740017513222E-5
5.587202545841135E-5
5.6279714057025207E-5
5.66904901583715E-5
5.710437858535393E-5
5.752140522039779E-5
5.794159779436533E-5
5.8364987332165914E-5
5.879161075740358E-5
5.9221515500622204E-5
5.96547674944948E-5
6.009146475656136E-5
6.053175994453088E-5
6.097589688713182E-5
6.142426812530854E-5
6.187750271732284E-5
6.233659532571706E-5
6.28030875359628E-5
6.327930789081655E-5
6.376871274800605E-5
6.427604177044057E-5
6.48076016006632E-5
6.53714253840455E-5
6.597665380279715E-5
6.663201076693655E-5
6.734251693710096E-5
6.810237261407155E-5
6.887749066914233E-5
6.95692581956271E-5
7.007145718506699E-5
7.057743829966749E-5
7.108723145502269E-5
7.160086683101774E-5
7.211837487299541E-5
7.263978629274673E-5
7.316513206932516E-5
7.369444344967962E-5
7.422775194910807E-5
7.476508935152576E-5
7.530648770954839E-5
7.585197934439096E-5
7.640159684557653E-5
7.695537307045938E-5
7.751334114355777E-5
7.807553445569751E-5
7.864198666296725E-5
7.921273168548318E-5
7.978780370596616E-5
8.03672371681275E-5
8.095106677486987E-5
8.153932748629743E-5
8.213205451754149E-5
8.272928333640043E-5
8.33310496607939E-5
8.39373894560349E-5
8.454833893192118E-5
8.51639345396442E-5
8.578421296852223E-5
8.640921114255551E-5
8.703896621680801E-5
8.76735155736155E-5
8.831289681862349E-5
8.895714777665965E-5
8.960630648743627E-5
9.026041120109254E-5
9.091950037357604E-5
9.15836126618642E-5
9.225278691903216E-5
9.292706218916651E-5
9.360647770213048E-5
9.429107286818163E-5
9.498088727244371E-5
9.56759606692405E-5
9.637633297628913E-5
9.708204426875835E-5
9.77931347731976E-5
9.850964486133325E-5
9.923161504374315E-5
9.995908596340651E-5
1.0069209838913571E-4
1.0143069326948466E-4
1.0217491178330084E-4
1.0292479538703742E-4
1.0368038585892402E-4
1.0444172534012349E-4
1.0520885637300732E-4
1.0598182193674328E-4
1.0676066548048941E-4
1.0754543095471611E-4
1.083361628416496E-4
1.0913290618678017E-4
1.0993570663529333E-4
1.1074461048104803E-4
1.1155966474302238E-4
1.1238091729802135E-4
1.1320841712440948E-4
1.1404221475920124E-4
1.1488236315633536E-4
1.1572891928424274E-4
1.1658194705882892E-4
1.1744152263963483E-4
1.1830774381836602E-4
1.1918074633149793E-4
1.2006073159447375E-4
1.2094801275129866E-4
1.2184308916228982E-4
1.2274676340201277E-4
1.2366031890187807E-4
1.24585778970407E-4
1.2552626578068182E-4
1.2648655660976488E-4
1.2747335788981855E-4
1.284958909635718E-4
1.2956645591659835E-4
1.3069993565217893E-4
1.319121111053545E-4
1.332153343415712E-4
1.346076317996768E-4
1.360421499079093E-4
1.3735688920110068E-4
1.383589345144323E-4
1.3936865441585718E-4
1.4038611313882626E-4
1.4141137533296808E-4
1.4244450604240064E-4
1.4348557068352677E-4
1.4453463502234822E-4
1.4559176515132957E-4
1.4665702746584954E-4
1.4773048864026575E-4
1.488122156036242E-4
1.499022755150513E-4
1.5100073573884136E-4
1.521076638192866E-4
1.5322312745526105E-4
1.5434719447459205E-4
1.554799328082463E-4
1.5662141046434862E-4
1.5777169550206752E-4
1.589308560053768E-4
1.6009896005673207E-4
1.6127607571066942E-4
1.6246227096735664E-4
1.6365761374611537E-4
1.648621718589293E-4
1.660760129839635E-4
1.6729920463911334E-4
1.685318141555928E-4
1.6977390865159008E-4
1.7102555500599995E-4
1.7228681983225223E-4
1.7355776945224798E-4
1.74838469870423E-4
1.7612898674795432E-4
1.7742938537711184E-4
1.7873973065578324E-4
1.800600870621776E-4
1.8139051862971786E-4
1.8273108892214013E-4
1.8408186100880435E-4
1.8544289744023458E-4
1.8681426022389293E-4
1.8819601080019777E-4
1.8958821001880286E-4
1.9099091811513544E-4
1.9240419468720982E-4
1.9382809867272527E-4
1.952626883264476E-4
1.967080211978929E-4
1.981641541093136E-4
1.9963115106162052E-4
2.0110908284935532E-4
2.0259802668572312E-4
2.0409806583751252E-4
2.056092892697053E-4
2.071317912996146E-4
2.0866567126040026E-4
2.102110331738692E-4
2.1176798543256212E-4
2.1333664049135245E-4
2.1491711456923045E-4
2.1650952736287717E-4
2.1811400177552883E-4
2.197306636684396E-4
2.213596416497701E-4
2.2300106693029666E-4
2.2465507330322423E-4
2.263217973575054E-4
2.2800137912987493E-4
2.2969396357308178E-4
2.3139970352069634E-4
2.3311876534847498E-4
2.348513393995962E-4
2.3659765864477117E-4
2.3835803123976865E-4
2.4013289591878458E-4
2.4192291379422805E-4
2.4372911619672353E-4
2.455531352088666E-4
2.47397549855599E-4
2.4926638259358035E-4
2.511659184284765E-4
2.53105120090739E-4
2.550966043596389E-4
2.5715776381248753E-4
2.593105286098824E-4
2.615796690272218E-4
2.6398745005781575E-4
2.6653828729995637E-4
2.6917154017407855E-4
2.716462515474689E-4
2.736571549884126E-4
2.7568408714826343E-4
2.77727166312672E-4
2.797865083450238E-4
2.818622265972357E-4
2.83954431824531E-4
2.860632321041092E-4
2.881887327576106E-4
2.903310362773003E-4
2.924902422558704E-4
2.9466644731977927E-4
2.9685974506605633E-4
2.9907022600246134E-4
3.0129797749095153E-4
3.035430836943517E-4
3.058056255261532E-4
3.0808568060337866E-4
3.1038332320241883E-4
3.126986242177817E-4
3.150316511236713E-4
3.17382467938333E-4
3.197511351910874E-4
3.2213770989199004E-4
3.2454224550405115E-4
3.269647919179363E-4
3.2940539542910033E-4
3.318640987172826E-4
3.3434094082829334E-4
3.368359571580484E-4
3.393491794387714E-4
3.418806357273215E-4
3.444303503955761E-4
3.4699834412281905E-4
3.495846338900812E-4
3.521892329763628E-4
3.548121509567056E-4
3.574533937020475E-4
3.601129633808112E-4
3.6279085846218083E-4
3.65487073721009E-4
3.682016002443138E-4
3.709344254393147E-4
3.7368553304295435E-4
3.764549031328778E-4
3.792425121397982E-4
3.820483328612323E-4
3.84872334476546E-4
3.8771448256326696E-4
3.905747391146356E-4
3.934540998318847E-4
3.9635351721963914E-4
3.992739015175442E-4
4.022161216166625E-4
4.0518100596086424E-4
4.081693434334371E-4
4.1118188422911527E-4
4.1421934071178307E-4
4.172823882581299E-4
4.2037166608760153E-4
4.234877780792204E-4
4.266312935762257E-4
4.29802748180369E-4
4.3300264453950926E-4
4.362314531358463E-4
4.3948961308959655E-4
4.4277753300762804E-4
4.4609559193532636E-4
4.494441405247067E-4
4.5282350263447005E-4
4.562339777660861E-4
4.596758450781358E-4
4.631493703138328E-4
4.666548179883645E-4
4.7019247285955563E-4
4.7376267739194014E-4
4.7736589605866986E-4
4.8100282337687846E-4
4.8467456085535775E-4
4.883828982975364E-4
4.92130745529137E-4
4.959227672297775E-4
4.997664802434047E-4
5.036728119855611E-4
5.076575088113651E-4
5.117429069168054E-4
5.159580646074964E-4
5.203372236737715E-4
5.249136295516044E-4
5.29699655915016E-4
5.346213760966797E-4
5.393525245456689E-4
5.434627810058217E-4
5.476044443825028E-4
5.517773154264557E-4
5.559811807924559E-4
5.602158134714528E-4
5.644809732146485E-4
5.687764069496446E-4
5.731018491887761E-4
5.77457022429747E-4
5.818416375486886E-4
5.862553941857436E-4
5.906979811233151E-4
5.951690766570537E-4
5.996683489597392E-4
6.041954564381233E-4
6.0875004808286E-4
6.133317638116404E-4
6.179402348056112E-4
6.225750838392013E-4
6.272359256034459E-4
6.319223670229138E-4
6.366340075663368E-4
6.413704395510343E-4
6.461312484412377E-4
6.509160131404028E-4
6.557243062775958E-4
6.605556944880802E-4
6.654097386881405E-4
6.702859943442885E-4
6.75184011736897E-4
6.801033362183803E-4
6.850435084659865E-4
6.900040647292963E-4
6.949845370725166E-4
6.999844536116345E-4
7.050033387465345E-4
7.100407133881446E-4
7.150960951806989E-4
7.201689987191902E-4
7.25258935762091E-4
7.303654154394186E-4
7.354879444562308E-4
7.406260272915951E-4
7.457791663931521E-4
7.509468623672953E-4
7.561286141650737E-4
7.613239192638764E-4
7.665322738449597E-4
7.718888928318859E-4
7.773891198527297E-4
7.830283771822098E-4
7.888021646846905E-4
7.947060587697752E-4
8.007357113603319E-4
8.068868488728528E-4
8.131552712099915E-4
8.195368507651824E-4
8.260275314392779E-4
8.326233276691921E-4
8.393203234687342E-4
8.461146714821751E-4
8.530025920518502E-4
8.599803723028059E-4
8.67044365250872E-4
8.741909889476265E-4
8.814167256897776E-4
8.887181213485562E-4
8.960917849288819E-4
9.035343885715219E-4
9.110426684044E-4
9.186134270014986E-4
9.262435388360568E-4
9.33929961206394E-4
9.41669754955708E-4
9.494601223181076E-4
9.572984739560477E-4
9.651825443511619E-4
9.73110584717726E-4
9.810816755326708E-4
9.89096215179322E-4
9.971566525605513E-4
0.0010052688004773467
0.0010134424924173222
0.0010216933455068022
0.0010300450980738683
0.0010385301233925609
0.0010471881834156849
0.0010560598338654715
0.0010651631565743742
0.0010744133841566852
0.0010834138058123113
0.001091628569987795
0.0010998484921392211
0.0011080715275748091
0.0011162956740673362
0.0011245189712336427
0.0011327394999218643
0.0011409553816063157
0.0011491647777899406
0.0011573658894142459
0.0011655569562766166
0.0011737362564549433
0.0011819021057394808
0.0011900528570718365
0.0011981868999910328
0.0012063026600865419
0.0012143985984582116
0.0012224732111830285
0.0012305250287886096
0.0012385526157333666
0.001246554569893251
0.0012545295220550117
0.001262476135415905
0.0012703931050897415
0.0012782791576192434
0.0012861330504946177
0.0012939535716782532
0.001301739539135526
0.0013094898003715792
0.0013172032319740564
0.0013248787391616896
0.0013325152553386895
0.0013401117416548705
0.0013476671865714396
0.0013551806054323714
0.0013626510400413351
0.001370077558244079
0.001377459253516223
0.0013847952445563984
0.001392084674884662
0.0013993267124461318
0.0014065205492197802
0.0014136654008323334
0.001420760506177187
0.0014278051270383279
0.00143479854771916
0.0014417400746761962
0.0014486290361575582
0.0014732227622005604
0.0014973553436848262
0.0015210324083269997
0.0015442595245098699
0.0015670422018638933
0.001589385891843267
0.0016112959882965757
0.0016327778280320897
0.0016538366913777772
0.001674477802736052
0.0016947063311334234
0.0017145273907651362
0.0017339460415351383
0.001752967289591941
0.0017715960878615835
0.001789837336580373
0.001807695883832843
0.0018251765261065587
0.0018422840088875012
0.0018590230273445277
0.0018753982271995772
0.0018914142059735122
0.0019070755149734353
0.0019223866627122491
0.001937352121037817
0.0019519763362800704
0.0019662637494862094
0.0019802188327274666
0.0019938461531001364
0.002007150483098463
0.0020201369861511365
0.002032811519462507
0.0020451811117103255
0.0020572546864655638
0.0020690443926040685
0.002080566239289516
0.002091841917499621
0.002102901288988665
0.0021137830886235475
0.0021245340011483843
0.002135202465834842
0.0021458154442124135
0.002156295768503993
0.0021662443072576693
0.002175114011903242
0.0021837209985672346
0.00219206877890383
0.0022001608260207163
0.002208000574865974
0.0022155914226112414
0.0022229367290312173
0.002230039816879558
0.002236903972261175
0.0022435324450009674
0.0022499284490090214
0.0022560951626423354
0.0022620357290630555
0.0022677532565933346
0.002273250819066723
0.00227853145617625
0.002283598173819137
0.002288453944438244
0.0022931017073601853
0.0022975443691302653
0.002301784803844158
0.00230582585347643
0.002309670328205886
0.0023133210067378123
0.002316780636623128
0.002320051934574431
0.0023231375867790644
0.0023260402492091335
0.0023287625479285466
0.002331307079397124
0.002333676410771739
0.0023358730802046125
0.002337899597138714
0.0023397584426002784
0.002341452069488571
0.002342982902862822
0.0023443533402263948
0.002345565751808224
0.00234662248084154
0.0023475258438398912
0.0023482781308705137
0.0023488816058250504
0.0023493385066876826
0.0023496510458006123
0.0023498214101270623
0.0023498517615116454
0.004673250020879487
0.004637478196726489
0.004601980689727289
0.0045667553909572835
0.004531800207758615
0.0044971130636141735
0.00446269189802263
0.004428534666374367
0.004394639339828449
0.004361003905190561
0.004327626364791814
0.0042945047363687015
0.004261637052943978
0.004229021362708814
0.004196655728906456
0.004164538229718184
0.004132666958153227
0.00410104002194615
0.004069655543469238
0.004038511659675398
0.0040076065221034095
0.00397693829700928
0.003946505165749317
0.003916305325657956
0.003886336991880186
0.0038565984010116147
0.0038270878180909616
0.00379780354967443
0.003768743967683005
0.00373990755184094
0.003711292963282308
0.0036828991687265526
0.0036547256436279697
0.0036267726930859392
0.0035990419382396486
0.003571537228437003
0.0035442650232393167
0.003517235629415896
0.0034904649107628974
0.003463974731939809
0.0034377923307511516
0.0034119461200923604
0.003386449779324702
0.003361245227422363
0.0033360524125619095
0.003310492577132466
0.0032851290164650345
0.003259960218790518
0.0032349846840284955
0.003210200923696456
0.0031856074608197175
0.0031612028298420368
0.0031369855765369455
0.0031129542579197643
0.003089107442160307
0.003065443708496256
0.0030419616471472383
0.0030186598592295225
0.002995536956671458
0.0029725915621295015
0.0029498223089049333
0.002927227840861225
0.002904806812342046
0.0028825578880898924
0.002860479743165391
0.0028385710628671852
0.0028168305426524956
0.002795256888058256
0.0027738488146228806
0.002752605047808661
0.0027315243229247372
0.002710605385050691
0.002689846988960727
0.002669247899048443
0.0026488068892521924
0.0026285227429810203
0.002608394253041194
0.002588420221563295
0.0025685994599298698
0.0025489307887036528
0.0025294130375563733
0.0025100450451980734
0.002490825659307004
0.002471753736460071
0.0024528281420638036
0.0024340477502858785
0.0024154114439871727
0.0023969181146543416
0.002378566662332916
0.0023603559955609555
0.3063565620118501
