6.666838273765313E-5
1.4164207859479575E-4
2.2597568722124264E-4
3.208467760898535E-4
4.275630163738155E-4
4.809064546102721E-4
5.408559317969873E-4
6.082247881920358E-4
6.840376777498693E-4
7.69343596864565E-4
8.65306191184953E-4
9.732237840567105E-4
0.0010944996928373561
0.0012307449507401292
0.0013840586608817606
0.0015565591713271488
0.0017506530693827645
0.0019690328420730605
0.0022144923741054686
0.002489989146581641
0.002799934677968547
0.0031490532149503494
0.003542348728245314
0.003984523332281609
0.004479211489926244
0.005036071806986201
0.005666136087280725
0.006376813367019391
0.007171018702583969
0.008046722670632188
0.00905626268585377
0.010212005485323191
0.011501755925574841
0.01289657593165469
0.014359307825815413
0.016337444292430035
0.018553846814043304
0.02080703543302546
0.022956573517529215
0.024906745450186157
0.030601717924991376
0.03454091201351054
0.037066835987820256
0.03846480307399158
0.03897321186689469
0.07167876587953934
0.06295193355997297
0.05528764410859918
0.04855614686883335
0.042643768401813775
0.30760024860136476
