1.714712187596272E-7
3.4449758971215013E-7
5.19094025927923E-7
6.952755917530159E-7
8.730575043550383E-7
1.052455135283787E-6
1.2334840120468447E-6
1.416159819700212E-6
1.6004984024541502E-6
1.7865157652943032E-6
1.974228075618311E-6
2.1636516648880155E-6
2.3548030302974586E-6
2.5476988364568394E-6
2.7423559170926106E-6
2.938791276763897E-6
3.1370220925955106E-6
3.3370657160276958E-6
3.5389396745828635E-6
3.7426616736495734E-6
3.948249598283984E-6
4.15572151502904E-6
4.365095673751682E-6
4.5763905094983985E-6
4.789624644369541E-6
5.004816889412941E-6
5.221986246537944E-6
5.4411519104516565E-6
5.662333270621352E-6
5.885549913271266E-6
6.110821623431109E-6
6.338168387072898E-6
6.5676103934124325E-6
6.7991680375330396E-6
7.032861923651617E-6
7.268712869668026E-6
7.5067419142616085E-6
7.746970328985074E-6
7.989419640027885E-6
8.234111668399653E-6
8.481068604622685E-6
8.730313146944527E-6
8.981868754310653E-6
9.235760102624685E-6
9.492013893637102E-6
9.750660261892587E-6
1.0011735171483043E-5
1.0275284407393655E-5
1.0541370059099627E-5
1.081008076560337E-5
1.108154740521741E-5
1.1355966264024438E-5
1.1633631774230123E-5
1.1914980250785726E-5
1.2200643965041275E-5
1.2491510330132341E-5
1.2788772578569506E-5
1.3093931407040975E-5
1.3408744006029651E-5
1.373502458221445E-5
1.4074172408624858E-5
1.442637063923484E-5
1.4789388120826854E-5
1.5157102957353215E-5
1.5518521399903057E-5
1.5860324536580963E-5
1.6181056319223773E-5
1.6504741190937872E-5
1.6831407923184467E-5
1.716108557970491E-5
1.7322332300693904E-5
1.748509380984092E-5
1.7649385152345404E-5
1.781522152628043E-5
1.7982618284073375E-5
1.815159093399691E-5
1.8322155141670664E-5
1.8494326731575134E-5
1.8668121688577768E-5
1.8843556159473332E-5
1.9020646454538528E-5
1.9199409049102648E-5
1.937986058513501E-5
1.9562017872850152E-5
1.9745897892332234E-5
1.993151779517925E-5
2.0118894906168097E-5
2.030804672494211E-5
2.0498990927721093E-5
2.0691745369035352E-5
2.0886328083484265E-5
2.1082757287520485E-5
2.1281051381260115E-5
2.148122895031994E-5
2.168330876768207E-5
2.188730979558728E-5
2.209325118745765E-5
2.230115228985127E-5
2.2511032644452698E-5
2.2722911990107673E-5
2.2936810264919777E-5
2.3152747608446387E-5
2.3370744364069906E-5
2.3590821081699867E-5
2.3812998521120997E-5
2.403729765661E-5
2.426373968404289E-5
2.449234603284988E-5
2.472313838729514E-5
2.495613872545783E-5
2.519136939132397E-5
2.5428853227857034E-5
2.566861382053972E-5
2.5910675937613032E-5
2.615506631419283E-5
2.6401815025989518E-5
2.6650957853101717E-5
2.6902540269263342E-5
2.7156624034400806E-5
2.741329784285419E-5
2.767269409320115E-5
2.793501455991277E-5
2.8200568429636888E-5
2.8469826512498607E-5
2.8743494868115076E-5
2.9022608597780744E-5
2.9308640601271347E-5
2.9603621816484805E-5
2.9910151992235343E-5
3.023139565232526E-5
3.057090354200124E-5
3.093197069161091E-5
3.131648292606701E-5
3.172299730904777E-5
3.214371409189452E-5
3.2559625872819674E-5
3.293440540119804E-5
3.324179422432071E-5
3.355211534291634E-5
3.386539805844995E-5
3.418167196570242E-5
3.450096695507001E-5
3.482331321489547E-5
3.514874123384875E-5
3.547728180337128E-5
3.580896602019781E-5
3.6143825288966035E-5
3.6481891324924314E-5
3.682319615674591E-5
3.716777212945449E-5
3.751565190746883E-5
3.7866868477767606E-5
3.822145515317944E-5
3.857944557579759E-5
3.894087372052091E-5
3.930577389872024E-5
3.967418076202792E-5
4.004612930624826E-5
4.0421654875386495E-5
4.080079316579073E-5
4.118358023040284E-5
4.157005248311262E-5
4.196024670320972E-5
4.235420003992578E-5
4.275195001706088E-5
4.315353453768535E-5
4.3558991888911465E-5
4.396836074672473E-5
4.4381680180870314E-5
4.4798989659787125E-5
4.5220329055588744E-5
4.564573864909774E-5
4.607525913495876E-5
4.650893162689321E-5
4.694679766323523E-5
4.738889921305068E-5
4.783527868345305E-5
4.828597892935258E-5
4.874104326808191E-5
4.920051550363247E-5
4.966443996955017E-5
5.013286160747795E-5
5.0605826112732476E-5
5.1083380203879846E-5
5.15655721178421E-5
5.205245250801337E-5
5.254407604927266E-5
5.3040504258721564E-5
5.354181036353166E-5
5.4048087537802136E-5
5.4559462546011066E-5
5.507611782141101E-5
5.55983262839937E-5
5.612650467265615E-5
5.666129252665253E-5
5.7203664513874646E-5
5.7755082245011784E-5
5.8317685762365734E-5
5.889455226146409E-5
5.9489759923462636E-5
6.010854043157032E-5
6.075727985207036E-5
6.144279576620948E-5
6.217084871427629E-5
6.294327117305222E-5
6.375241844535073E-5
6.456914330439482E-5
6.531932883205515E-5
6.593058879515582E-5
6.654776301736396E-5
6.71709104481303E-5
6.780009056326263E-5
6.843536337051969E-5
6.907678941695737E-5
6.972442979784343E-5
7.037834616696785E-5
7.103860074817967E-5
7.17052563479928E-5
7.23783763691091E-5
7.305802482471767E-5
7.374426635342878E-5
7.44371662347207E-5
7.5136790404769E-5
7.584320547254971E-5
7.655647873610048E-5
7.727667819884078E-5
7.800387258585162E-5
7.87381313600218E-5
7.947952473797603E-5
8.022812370570347E-5
8.098400003380928E-5
8.17472262923187E-5
8.251787586496672E-5
8.329602296291324E-5
8.408174263782227E-5
8.48751107942565E-5
8.567620420133286E-5
8.648510050359955E-5
8.730187823108754E-5
8.812661680850467E-5
8.895939656353722E-5
8.980029873423649E-5
9.064940547547455E-5
9.150679986447727E-5
9.237256590548089E-5
9.324678853362978E-5
9.412955361840288E-5
9.502094796716127E-5
9.592105933004815E-5
9.682997640871822E-5
9.774778887379377E-5
9.867458740058096E-5
9.961046374130233E-5
1.0055551086824887E-4
1.0150982325159011E-4
1.0247349738788943E-4
1.0344663278671123E-4
1.0442933377873174E-4
1.0542171276886825E-4
1.064238959800161E-4
1.0743603339716811E-4
1.0845831563001176E-4
1.0949100187720754E-4
1.1053446518728132E-4
1.1158926376141574E-4
1.1265624988232506E-4
1.1373673043819463E-4
1.1483269331017137E-4
1.1594710902174909E-4
1.1708438734293052E-4
1.1825051551155059E-4
1.1945345743577002E-4
1.2070347695734821E-4
1.2201241003578389E-4
1.2339187976189876E-4
1.2484931125135088E-4
1.2637895778295092E-4
1.279391234693834E-4
1.2940104876254559E-4
1.3062135617322295E-4
1.31853563646016E-4
1.3309778336038558E-4
1.3435412859106216E-4
1.3562271389243782E-4
1.3690365526598526E-4
1.3819707031139324E-4
1.3950307836209337E-4
1.4082180060582297E-4
1.421533601908619E-4
1.434978823185518E-4
1.448554943226984E-4
1.4622632573642826E-4
1.4761050834706809E-4
1.4900817623958242E-4
1.5041946582910554E-4
1.518445158830701E-4
1.5328346753343616E-4
1.5473646427949798E-4
1.5620365198173072E-4
1.576851788471361E-4
1.5918119540651765E-4
1.6069185448411123E-4
1.622173111599821E-4
1.6375772272558093E-4
1.653132486328496E-4
1.6688405043724017E-4
1.6847029173501575E-4
1.7007213809517026E-4
1.7168975698631355E-4
1.7332331769884018E-4
1.749729912626992E-4
1.7663895036107145E-4
1.7832136924025198E-4
1.8002042361602903E-4
1.817362905768691E-4
1.8346914848422582E-4
1.8521917687035466E-4
1.8698655633416574E-4
1.8877146843592542E-4
1.9057409559224297E-4
1.9239462097401554E-4
1.9423322841247747E-4
1.9609010232333332E-4
1.9796542766823864E-4
1.998593899904411E-4
2.0177217559395243E-4
2.0370397199494692E-4
2.0565496888000248E-4
2.076253599910001E-4
2.0961534667290362E-4
2.1162514434768095E-4
2.136549940309436E-4
2.1570518234503323E-4
2.1777607549773457E-4
2.198681755902229E-4
2.219822115147888E-4
2.241192814709315E-4
2.2628106904660223E-4
2.2847015800034172E-4
2.306904684222985E-4
2.3294796966259257E-4
2.3525091071970153E-4
2.3761055994828508E-4
2.4004200965534195E-4
2.4256354759207168E-4
2.4519466691262767E-4
2.479508833759951E-4
2.508305047177154E-4
2.537774055756428E-4
2.5659114826336336E-4
2.590311024486155E-4
2.614943334084934E-4
2.6398106431995804E-4
2.6649153826064715E-4
2.690260166624254E-4
2.715847778183335E-4
2.741681154415986E-4
2.767763372754078E-4
2.7940976375215266E-4
2.8206872670090356E-4
2.847535681018809E-4
2.874646388867256E-4
2.902022977833906E-4
2.929669102045094E-4
2.9575884717810373E-4
2.98578484319544E-4
3.014262008436668E-4
3.0430237861600996E-4
3.0720740124212025E-4
3.101416531939256E-4
3.131055189721895E-4
3.1609938230406847E-4
3.1912362537483686E-4
3.221786280928448E-4
3.252647673868032E-4
3.2838241653451863E-4
3.3153194452219725E-4
3.3471371543348453E-4
3.379280878673939E-4
3.411754143843358E-4
3.444560409794306E-4
3.477703065823492E-4
3.511185425829168E-4
3.545010723817459E-4
3.5791821096517636E-4
3.6137026450385785E-4
3.648575299743158E-4
3.6838029480294965E-4
3.7193883653206024E-4
3.755334225077928E-4
3.79164309590508E-4
3.828317438893174E-4
3.8653596052500103E-4
3.9027718343043796E-4
3.9405562520727086E-4
3.978714870759688E-4
4.0172495899132163E-4
4.0561622006017194E-4
4.095454395161049E-4
4.135127787163316E-4
4.175183949932732E-4
4.215624488189594E-4
4.256451167773686E-4
4.297666145068381E-4
4.3392723635958644E-4
4.3812742236212706E-4
4.4236786844297876E-4
4.4664970287132855E-4
4.5097475980970363E-4
4.55345987801392E-4
4.5976803222540707E-4
4.6424824226000264E-4
4.687969994577024E-4
4.734288658689119E-4
4.781639990671693E-4
4.830277323850655E-4
4.880485161283174E-4
4.932515949518626E-4
4.986410719821124E-4
5.041456246991467E-4
5.094841723631484E-4
5.143019039849989E-4
5.191655435709715E-4
5.240773429764996E-4
5.29039416248775E-4
5.340537435242051E-4
5.39122174843359E-4
5.442464338848812E-4
5.494281216198605E-4
5.546687198880626E-4
5.59969594897492E-4
5.653320006486303E-4
5.707570822847649E-4
5.762458793697333E-4
5.817993290944259E-4
5.874182694133402E-4
5.931034421124902E-4
5.988554958099081E-4
6.046749888900111E-4
6.105623923730375E-4
6.165180927207463E-4
6.225423945795907E-4
6.286355234624945E-4
6.34797628370407E-4
6.410287843547267E-4
6.473289950217276E-4
6.536981949800593E-4
6.601362522323943E-4
6.666429705122766E-4
6.732180915671862E-4
6.79861297388871E-4
6.865722123919071E-4
6.933504055414906E-4
7.001953924314317E-4
7.07106637313288E-4
7.140835550775843E-4
7.211255131880744E-4
7.282318335699638E-4
7.354017944530996E-4
7.426346321712246E-4
7.499295429186212E-4
7.572856844660433E-4
7.647021778389288E-4
7.721781089632489E-4
7.797125302890737E-4
7.873044624113863E-4
7.949528957261481E-4
8.026567921951846E-4
8.10415087360655E-4
8.182266928743716E-4
8.260905000333629E-4
8.34005385214771E-4
8.419702187998299E-4
8.499838803537041E-4
8.580452847578799E-4
8.661534270495674E-4
8.743074583714554E-4
8.825068121458329E-4
8.907514086156826E-4
8.99041976805401E-4
9.073805437125942E-4
9.157711459788418E-4
9.242211126545501E-4
9.327414730675132E-4
9.413485021460805E-4
9.500657598978571E-4
9.589239480845292E-4
9.679589376156011E-4
9.772045964793069E-4
9.86670619780735E-4
9.965580019516342E-4
0.0010064915877517821
0.0010159884455167092
0.001025760642628024
0.0010357963758980504
0.0010460841016371105
0.0010566125311499402
0.0010673706263011472
0.0010783475951487093
0.001089532887644566
0.0011009161914013168
0.0011124874275241338
0.001124236746506906
0.0011361545241917368
0.0011482313577908822
0.0011604580619702278
0.0011728256649934344
0.0011853254049258946
0.0011979487258976058
0.0012106872744241765
0.0012235328957850755
0.001236477630458337
0.0012495137106109029
0.001262633556643789
0.0012758297737913244
0.0012890951487736324
0.0013024226465016395
0.0013158054068338175
0.001329236741383929
0.001342710130379053
0.001356219219567127
0.0013697578171733237
0.0013833198909045574
0.001396899565001387
0.0014104911173366784
0.0014240889765603094
0.0014376877192892907
0.001451282067342632
0.0014648668850203606
0.0014784371764261187
0.0014919880828329136
0.001505514880091792
0.0015190129760837205
0.0015324779082159768
0.0015459053409664528
0.0015592910634836237
0.0015726309872586106
0.0015859211439031057
0.0015991576831005062
0.0016123368708621348
0.0016254550883413907
0.0016385088316813604
0.0016514947137723642
0.0016644094695004795
0.0016772499672749073
0.001690013231628677
0.0017026964849135564
0.0017152972210940347
0.001727813331971526
0.0017402433162512167
0.001752586614446805
0.0017648441258171037
0.0017770189721355314
0.0017891179216843799
0.0018011518098102225
0.0018131373056367935
0.0018250993411337956
0.001837071200453466
0.0018490927702911125
0.0018612031862755224
0.0019026023965418722
0.0019431550862329956
0.001982471276007892
0.0020200318889722216
0.0020566637777877776
0.002092381586740122
0.0021271997613893524
0.0021611325510731407
0.002194194011379628
0.002226398006590453
0.0022577582120943207
0.002288288116771406
0.0023180010253489765
0.0023469100607285513
0.002375028166284931
0.0024023681081374536
0.002428942477393751
0.002454763692366388
0.0024798440007626687
0.0025041954818479217
0.0025278300485826076
0.0025507594497335153
0.002572995271959394
0.0025945489418712905
0.0026154317280678904
0.0026356547431462046
0.0026552289456878045
0.0026741651422209777
0.002692473989159054
0.002710165994715165
0.0027272515207937553
0.0027437407848590663
0.0027596438617809365
0.0027749706856581174
0.002789731051619399
0.002803934617602815
0.0028175909061131823
0.00283070930595823
0.0028432990739635945
0.002855369336666929
0.0028669290919914924
0.002877987210899537
0.0028885524390261097
0.0028986333982941206
0.0029082385885124454
0.002917376388960353
0.0029260550599650784
0.002934282744486159
0.002942067469734199
0.002949417148878828
0.0029563395829534907
0.0029628424631641427
0.002968933373994016
0.002974619797831613
0.0029799091224428412
0.002984808653631781
0.0029893256371491318
0.002993467296683514
0.002997240899091039
0.003000653864419845
0.0030037139471773386
0.0030064295265255455
0.003008810055141635
0.0030108667249444153
0.0030126137359407215
0.0030140686225818515
0.0030152538373927605
0.003016198976519055
0.0030169409286406007
0.0030175224942482885
0.005994613734121844
0.005936583252620896
0.005879228334806546
0.00582218723528606
0.005764994446043428
0.0057083644646796754
0.005652291739525218
0.005596770773843863
0.0055417961252871425
0.005487362405354169
0.0054334642788568
0.005380096463390211
0.005327253728808675
0.00527493089670665
0.005223122839904964
0.005171824481942188
0.005121030796571044
0.005070736807259848
0.005020937586698922
0.00497162825631194
0.0049228039857721105
0.004874459992523239
0.004826591541305504
0.0047791939436860114
0.004732262557594
0.004685792786860678
0.004639780080763704
0.004594219933576088
0.0045491078841197186
0.004504439515323255
0.004460210453784481
0.004416416369336963
0.004373052974621068
0.004330116024659259
0.004287601316435578
0.004245504688479381
0.004203822020453166
0.004162549232744552
0.004121682286062291
0.004081217181036347
0.00404114995782196
0.004001476695707719
0.003962193512727693
0.003923296565277688
0.003884782047736
0.003846646192089413
0.0038088852675659773
0.003771495580278125
0.0037344734728831487
0.003697815324275661
0.0036615175493411797
0.0036255765988281808
0.003589988959449317
0.0035547511544216158
0.0035198597448348966
0.0034853113325556215
0.0034511025659210754
0.003417230150395184
0.003383690867838779
0.003350481610347685
0.0033175994380105806
0.003285041674639669
0.003252806061430812
0.0032208909947644008
0.003189295878575662
0.003158021809821152
0.0031270717072025035
0.0030964511536191513
0.003066169590981125
0.0030362403484220256
0.3065897962064046
