5.8940242348616725E-9
1.1795537438889691E-8
1.7704550186121303E-8
2.3621073071185427E-8
2.9545116709347055E-8
3.547669173655079E-8
4.141580880946502E-8
4.736247860552621E-8
5.331671182298328E-8
5.927851918094169E-8
6.524791141940799E-8
7.12248992993346E-8
7.720949360266324E-8
8.320170513237175E-8
8.920154471251617E-8
9.520902318827862E-8
1.0122415142600907E-7
1.0724694031327311E-7
1.1327740075889493E-7
1.193155436930035E-7
1.253613800670786E-7
1.3141492085399497E-7
1.3747617704806688E-7
1.4354515966509633E-7
1.4962187974241604E-7
1.5570634833893713E-7
1.6179857653519475E-7
1.678985754333909E-7
1.7400635615744466E-7
1.801219298530354E-7
1.8624530768765048E-7
1.923765008506298E-7
1.9851552055321348E-7
2.046623780285872E-7
2.108170845319309E-7
2.1697965134046117E-7
2.231500897534818E-7
2.2932841109243015E-7
2.3551462670092092E-7
2.417087479447954E-7
2.479107862121669E-7
2.5412075291347117E-7
2.6033865948151205E-7
2.665645173715046E-7
2.72798338061126E-7
2.7904013305056596E-7
2.852899138625702E-7
2.9154769204248525E-7
2.9781347915831163E-7
3.0408728680075326E-7
3.1036912658325524E-7
3.1665901014206266E-7
3.229569491362644E-7
3.2926295524783776E-7
3.3557704018170307E-7
3.4189921566576564E-7
3.482294934509726E-7
3.545678853113507E-7
3.6091440304406075E-7
3.672690584694493E-7
3.7363186343109056E-7
3.800028297958412E-7
3.863819694538829E-7
3.9276929431877854E-7
3.9916481632751517E-7
4.055685474405563E-7
4.11980499641894E-7
4.184006849390888E-7
4.248291153633307E-7
4.312658029694863E-7
4.377107598361483E-7
4.441639980657056E-7
4.506255297844199E-7
4.570953671425584E-7
4.635735223146476E-7
4.700600075000482E-7
4.765548349242994E-7
4.830580168422963E-7
4.895695655458855E-7
4.960894933817478E-7
5.026178127929282E-7
5.091545364139543E-7
5.156996772851386E-7
5.22253249327491E-7
5.288152683772701E-7
5.353857544002275E-7
5.419647361450733E-7
5.485522607407592E-7
5.551484131073452E-7
5.617533544273065E-7
5.683673967981032E-7
5.749911449194168E-7
5.816257588040595E-7
5.882734289676861E-7
5.949382134522179E-7
6.016274704560367E-7
6.083542341749676E-7
6.15141017750558E-7
6.220256570675895E-7
6.290698620811214E-7
6.363709783577407E-7
6.440768371110294E-7
6.524021108817268E-7
6.616410867310235E-7
6.721698214686634E-7
6.844205301660236E-7
6.988017528350076E-7
7.155324685964565E-7
7.343532011508914E-7
7.541015162066016E-7
7.722952973268043E-7
7.855599621803367E-7
7.930780148262212E-7
8.006054520707973E-7
8.08142286746835E-7
8.156885317117153E-7
8.232441998474751E-7
8.308093040608718E-7
8.383838572834372E-7
8.459678724715128E-7
8.535613626063166E-7
8.611643406939969E-7
8.687768197656828E-7
8.763988128775346E-7
8.84030333110798E-7
8.916713935718597E-7
8.993220073923029E-7
9.069821877289548E-7
9.146519477639444E-7
9.223313007047558E-7
9.300202597842889E-7
9.377188382608962E-7
9.454270494184531E-7
9.531449065664111E-7
9.608724230398336E-7
9.686096121994765E-7
9.763564874318325E-7
9.841130621491769E-7
9.918793497896333E-7
9.996553638172205E-7
1.0074411177219186E-6
1.0152366250197158E-6
1.023041899252669E-6
1.030856953988944E-6
1.0386818028228901E-6
1.0465164593750884E-6
1.0543609372924086E-6
1.0622152502480587E-6
1.0700794119416517E-6
1.077953436099245E-6
1.0858373364734204E-6
1.0937311268433175E-6
1.101634821014705E-6
1.1095484328200294E-6
1.1174719761184695E-6
1.125405464796005E-6
1.1333489127654573E-6
1.1413023339665646E-6
1.1492657423660194E-6
1.157239151957545E-6
1.1652225767619318E-6
1.1732160308271135E-6
1.1812195282282139E-6
1.18923308306761E-6
1.1972567094749866E-6
1.2052904216073804E-6
1.2133342336492839E-6
1.2213881598126409E-6
1.2294522143369513E-6
1.2375264114893093E-6
1.2456107655644625E-6
1.2537052908848736E-6
1.2618100018007895E-6
1.2699249126902773E-6
1.278050037959303E-6
1.2861853920417723E-6
1.294330989399619E-6
1.30248684452282E-6
1.3106529719295017E-6
1.3188293861659694E-6
1.3270161018067775E-6
1.335213133454778E-6
1.3434204957412034E-6
1.351638203325686E-6
1.3598662708963838E-6
1.368104713169964E-6
1.3763535448917162E-6
1.3846127808356054E-6
1.392882435804295E-6
1.4011625246292686E-6
1.4094530621708383E-6
1.4177540633182285E-6
1.4260655429896317E-6
1.4343875161322837E-6
1.4427199977225009E-6
1.4510630027657508E-6
1.45941654629673E-6
1.4677806433793968E-6
1.4761553091070547E-6
1.4845405586024046E-6
1.4929364070176153E-6
1.5013428695343707E-6
1.5097599613639536E-6
1.5181876977472803E-6
1.526626093954987E-6
1.5350751652874787E-6
1.5435349270750042E-6
1.5520053946776977E-6
1.5604865834856729E-6
1.5689785089190495E-6
1.5774811864280448E-6
1.5859946314930325E-6
1.594518859624598E-6
1.6030538863635895E-6
1.611599727281224E-6
1.6201563979790922E-6
1.6287239140892858E-6
1.6373022912744147E-6
1.6458915452276817E-6
1.6544916916729667E-6
1.6631027463648603E-6
1.671724725088752E-6
1.680357643660892E-6
1.689001517928438E-6
1.6976563637695354E-6
1.7063221970933998E-6
1.7149990338403415E-6
1.7236868899818597E-6
1.7323857815206982E-6
1.741095724490915E-6
1.7498167349579448E-6
1.7585488290186641E-6
1.7672920228014629E-6
1.776046332466306E-6
1.7848117742047941E-6
1.793588364240249E-6
1.8023761188277605E-6
1.8111750542542577E-6
1.8199851868385815E-6
1.8288065329315494E-6
1.8376391089160104E-6
1.8464829312069368E-6
1.85533801625148E-6
1.8642043805290126E-6
1.8730820405512467E-6
1.8819710128622645E-6
1.890871314038581E-6
1.8997829606892485E-6
1.9087059694558888E-6
1.9176403570127845E-6
1.9265861400669364E-6
1.9355433353581214E-6
1.944511959658993E-6
1.953492029775118E-6
1.962483562545051E-6
1.9714865748404446E-6
1.980501083566047E-6
1.9895271056598257E-6
1.9985646580930234E-6
2.0076137578702043E-6
2.0166744220293724E-6
2.025746667642006E-6
2.0348305118131133E-6
2.0439259716813524E-6
2.053033064419049E-6
2.0621518072323082E-6
2.071282217361063E-6
2.080424312079146E-6
2.0895781086943744E-6
2.0987436245485946E-6
2.1079208770177775E-6
2.1171098835120924E-6
2.1263106614759587E-6
2.1355232283881085E-6
2.144747601761713E-6
2.153983799144395E-6
2.163231838118309E-6
2.172491736300267E-6
2.1817635113417417E-6
2.1910471809289693E-6
2.200342762783046E-6
2.2096502746599492E-6
2.2189697343506415E-6
2.228301159681154E-6
2.2376445685126356E-6
2.246999978741432E-6
2.256367408299162E-6
2.265746875152807E-6
2.2751383973047505E-6
2.284541992792869E-6
2.293957679690629E-6
2.3033854761071193E-6
2.3128254001871468E-6
2.322277470111317E-6
2.3317417040961104E-6
2.341218120393921E-6
2.3507067372931767E-6
2.3602075731184014E-6
2.369720646230263E-6
2.3792459750256825E-6
2.3887835779378916E-6
2.398333473436513E-6
2.407895680027642E-6
2.4174702162539173E-6
2.4270571006945897E-6
2.436656351965595E-6
2.446267988719657E-6
2.455892029646356E-6
2.465528493472164E-6
2.4751773989605616E-6
2.484838764912129E-6
2.494512610164577E-6
2.504198953592844E-6
2.51389781410922E-6
2.5236092106633234E-6
2.533333162242265E-6
2.543069687870691E-6
2.552818806610866E-6
2.5625805375627626E-6
2.572354899864103E-6
2.582141912690474E-6
2.591941595255403E-6
2.601753966810415E-6
2.6115790466451415E-6
2.6214168540873502E-6
2.631267408503069E-6
2.641130729296667E-6
2.651006835910892E-6
2.6608957478269906E-6
2.670797484564766E-6
2.6807120656826794E-6
2.6906395107778804E-6
2.700579839486363E-6
2.7105330714829747E-6
2.720499226481533E-6
2.7304783242349056E-6
2.740470384535067E-6
2.750475427213224E-6
2.7604934721398376E-6
2.770524539224757E-6
2.7805686484172763E-6
2.790625819706207E-6
2.800696073119979E-6
2.8107794287267074E-6
2.8208759066343087E-6
2.8309855269904927E-6
2.841108309982954E-6
2.8512442758394E-6
2.861393444827634E-6
2.8715558372556514E-6
2.881731473471705E-6
2.8919203738643894E-6
2.902122558862746E-6
2.9123380489363183E-6
2.9225668645952527E-6
2.9328090263903962E-6
2.9430645549133118E-6
2.9533334707964547E-6
2.963615794713189E-6
2.9739115473779182E-6
2.9842207495461045E-6
2.9945434220144394E-6
3.0048795856208503E-6
3.015229261244626E-6
3.0255924698065024E-6
3.0359692322687166E-6
3.0463595696351184E-6
3.0567635029512727E-6
3.06718105330448E-6
3.0776122418239287E-6
3.0880570896807526E-6
3.098515618088102E-6
3.108987848301261E-6
3.119473801617706E-6
3.1299734993772314E-6
3.1404869629619683E-6
3.1510142137965267E-6
3.161555273348062E-6
3.1721101631263784E-6
3.182678904683992E-6
3.1932615196162087E-6
3.2038580295612542E-6
3.2144684562003388E-6
3.2250928212577093E-6
3.2357311465008086E-6
3.2463834537403106E-6
3.257049764830208E-6
3.2677301016679336E-6
3.2784244861943986E-6
3.2891329403941465E-6
3.299855486295364E-6
3.3105921459700568E-6
3.3213429415340467E-6
3.3321078951471294E-6
3.3428870290131325E-6
3.353680365379995E-6
3.3644879265398973E-6
3.375309734829311E-6
3.3861458126291085E-6
3.3969961823646407E-6
3.4019668422709616E-6
3.4069443501283434E-6
3.4119287179221E-6
3.416919957661783E-6
3.4219180813812153E-6
3.4269231011386136E-6
3.431935029016552E-6
3.4369538771220305E-6
3.4419796575865416E-6
3.4470123825661136E-6
3.452052064241339E-6
3.457098714817438E-6
3.4621523465243018E-6
3.467212971616502E-6
3.472280602373426E-6
3.4773552510992065E-6
3.4824369301228946E-6
3.4875256517983858E-6
3.492621428504564E-6
3.4977242726452794E-6
3.5028341966494237E-6
3.5079512129710087E-6
3.5130753340891654E-6
3.5182065725081793E-6
3.5233449407575983E-6
3.528490451392227E-6
3.53364311699221E-6
3.5388029501630774E-6
3.5439699635357397E-6
3.549144169766595E-6
3.5543255815375508E-6
3.5595142115560923E-6
3.564710072555292E-6
3.5699131772938787E-6
3.5751235385563E-6
3.580341169152755E-6
3.585566081919229E-6
3.5907982897175572E-6
3.5960378054355047E-6
3.6012846419867424E-6
3.6065388123109406E-6
3.6118003293738004E-6
3.617069206167131E-6
3.622345455708903E-6
3.6276290910432236E-6
3.6329201252404286E-6
3.6382185713971868E-6
3.64352444263649E-6
3.6488377521076535E-6
3.65415851298646E-6
3.6594867384752E-6
3.6648224418026205E-6
3.670165636224096E-6
3.675516335021624E-6
3.68087455150384E-6
3.686240299006133E-6
3.691613590890637E-6
3.696994440546353E-6
3.7023828613890997E-6
3.7077788668616287E-6
3.713182470433691E-6
3.7185936856020127E-6
3.724012525890436E-6
3.729439004849876E-6
3.734873136058449E-6
3.7403149331214686E-6
3.745764409671521E-6
3.751221579368541E-6
3.7566864558997837E-6
3.762159052979959E-6
3.7676393843512877E-6
3.7731274637834937E-6
3.778623305074071E-6
3.7841269220484595E-6
3.789638328560649E-6
3.795157538494564E-6
3.8006845657675145E-6
3.8062194243384784E-6
3.8117621282278793E-6
3.817312691564668E-6
3.822871128696454E-6
3.828437454442818E-6
3.8340116846701814E-6
3.839593837574498E-6
3.84518393649726E-6
3.850782016003426E-6
3.856388134773688E-6
3.862002402463228E-6
3.867625034628376E-6
3.873256462911876E-6
3.878897551704857E-6
3.8845500153861866E-6
3.890217204460616E-6
3.895905553045742E-6
3.901627179767774E-6
3.907404440561173E-6
3.913277675902629E-6
3.919317990474319E-6
3.925647613173957E-6
3.932471061089114E-6
3.940120614548486E-6
3.949118795956493E-6
3.960257413073183E-6
3.97468609817788E-6
3.993981600400048E-6
4.02016794046494E-6
4.0556005403573E-6
4.1025765960984554E-6
4.162513281382739E-6
4.234488919616374E-6
4.312961855067563E-6
4.384820562218356E-6
4.429049546899892E-6
4.435322405671879E-6
4.4416036600341194E-6
4.447893324388528E-6
4.4541914131659555E-6
4.460497940826275E-6
4.466812921858431E-6
4.4731363707805925E-6
4.4794683021400235E-6
4.485808730513276E-6
4.492157670506193E-6
4.4985151367540474E-6
4.504881143921457E-6
4.5112557067025515E-6
4.517638839820996E-6
4.524030558030029E-6
4.530430876112558E-6
4.5368398088811835E-6
4.543257371178276E-6
4.549683577876046E-6
4.556118443876542E-6
4.562561984111785E-6
4.569014213543798E-6
4.575475147164596E-6
4.581944799996362E-6
4.5884231870914435E-6
4.594910323532421E-6
4.601406224432128E-6
4.607910904933766E-6
4.614424380210958E-6
4.6209466654677615E-6
4.627477775938822E-6
4.634017726889278E-6
4.640566533614964E-6
4.647124211442395E-6
4.653690775728913E-6
4.660266241862587E-6
4.666850625262461E-6
4.673443941378441E-6
4.680046205691503E-6
4.6866574337136765E-6
4.693277640988082E-6
4.699906843089106E-6
4.706545055622263E-6
4.7131922942245E-6
4.719848574564054E-6
4.7265139123406555E-6
4.733188323285477E-6
4.739871823161297E-6
4.7465644277624815E-6
4.753266152915086E-6
4.759977014476917E-6
4.766697028337599E-6
4.773426210418614E-6
4.780164576673343E-6
4.786912143087256E-6
4.79366892567781E-6
4.800434940494592E-6
4.807210203619418E-6
4.813994731166286E-6
4.8207885392815695E-6
4.827591644144014E-6
4.834404061964771E-6
4.841225808987559E-6
4.848056901488585E-6
4.85489735577679E-6
4.861747188193729E-6
4.868606415113793E-6
4.875475052944179E-6
4.882353118124981E-6
4.889240627129237E-6
4.896137596463074E-6
4.903044042665598E-6
4.909959982309238E-6
4.9168854319995206E-6
4.923820408375308E-6
4.930764928108864E-6
4.937719007905783E-6
4.9446826645052425E-6
4.951655914679957E-6
4.958638775236241E-6
4.965631263014101E-6
4.972633394887383E-6
4.979645187763677E-6
4.986666658584488E-6
4.993697824325326E-6
5.00073870199571E-6
5.007789308639233E-6
5.014849661333711E-6
5.02191977719116E-6
5.028999673357918E-6
5.036089367014722E-6
5.043188875376726E-6
5.050298215693593E-6
5.05741740524957E-6
5.0645464613636146E-6
5.071685401389306E-6
5.0788342427151295E-6
5.085993002764334E-6
5.093161698995155E-6
5.100340348900836E-6
5.1075289700096795E-6
5.114727579885123E-6
5.121936196125842E-6
5.129154836365745E-6
5.136383518274165E-6
5.143622259555844E-6
5.15087107795099E-6
5.158129991235436E-6
5.165399017220596E-6
5.172678173753641E-6
5.179967478717506E-6
5.1872669500309845E-6
5.194576605648808E-6
5.2018964635617265E-6
5.2092265417965494E-6
5.2165668584162184E-6
5.223917431519903E-6
5.231278279243088E-6
5.238649419757601E-6
5.246030871271696E-6
5.2534226520301815E-6
5.260824780314415E-6
5.26823727444241E-6
5.2756601527689336E-6
5.283093433685567E-6
5.29053713562076E-6
5.297991277039897E-6
5.3054558764454215E-6
5.3129309523768475E-6
5.320416523410894E-6
5.327912608161551E-6
5.335419225280048E-6
5.3429363934551204E-6
5.35046413141294E-6
5.358002457917189E-6
5.365551391769234E-6
5.37311095180813E-6
5.380681156910669E-6
5.388262025991601E-6
5.39585357800345E-6
5.4034558319368875E-6
5.411068806820568E-6
5.418692521721321E-6
5.4263269957442834E-6
5.433972248032819E-6
5.441628297768716E-6
5.449295164172193E-6
5.456972866502003E-6
5.464661424055561E-6
5.4723608561689846E-6
5.480071182217067E-6
5.487792421613538E-6
5.49552459381101E-6
5.5032677183010934E-6
5.511021814614494E-6
5.518786902321062E-6
5.526563001029898E-6
5.534350130389363E-6
5.542148310087264E-6
5.549957559850842E-6
5.557777899446911E-6
5.565609348681848E-6
5.573451927401782E-6
5.581305655492624E-6
5.589170552880077E-6
5.5970466395298465E-6
5.604933935447651E-6
5.612832460679208E-6
5.620742235310548E-6
5.628663279467838E-6
5.636595613317621E-6
5.644539257066796E-6
5.652494230962845E-6
5.660460555293728E-6
5.668438250388043E-6
5.676427336615227E-6
5.684427834385347E-6
5.692439764149472E-6
5.700463146399615E-6
5.708498001668779E-6
5.716544350531134E-6
5.724602213602003E-6
5.732671611538075E-6
5.740752565037287E-6
5.748845094839082E-6
5.756949221724419E-6
5.765064966515805E-6
5.773192350077491E-6
5.781331393315448E-6
5.789482117177449E-6
5.797644542653229E-6
5.805818690774539E-6
5.814004582615192E-6
5.8222022392911075E-6
5.8304116819604655E-6
5.838632931823874E-6
5.846866010124159E-6
5.8551109381467295E-6
5.863367737219534E-6
5.871636428713172E-6
5.879917034040909E-6
5.88820957465891E-6
5.896514072066146E-6
5.904830547804529E-6
5.91315902345909E-6
5.921499520657892E-6
5.929852061072303E-6
5.938216666416881E-6
5.9465933584495735E-6
5.954982158971804E-6
5.9633830898284816E-6
5.971796172908183E-6
5.9802214301430825E-6
5.988658883509152E-6
5.997108555026266E-6
6.005570466758153E-6
6.0140446408125906E-6
6.022531099341403E-6
6.031029864540677E-6
6.039540958650616E-6
6.048064403955888E-6
6.05660022278549E-6
6.0651484375129056E-6
6.073709070556267E-6
6.0822821443782246E-6
6.090867681486335E-6
6.099465704432836E-6
6.1080762358148934E-6
6.11669929827471E-6
6.125334914499457E-6
6.133983107221483E-6
6.142643899218353E-6
6.151317313312955E-6
6.1600033723734884E-6
6.168702099313606E-6
6.17741351709261E-6
6.186137648715295E-6
6.194874517232262E-6
6.203624145739791E-6
6.212386557380103E-6
6.221161775341286E-6
6.22994982285749E-6
6.238750723208967E-6
6.2475644997221415E-6
6.256391175769667E-6
6.2652307747705634E-6
6.274083320190243E-6
6.2829488355406965E-6
6.291827344380336E-6
6.300718870314417E-6
6.309623436994795E-6
6.318541068120192E-6
6.327471787436216E-6
6.336415618735451E-6
6.345372585857514E-6
6.35434271268922E-6
6.363326023164532E-6
6.372322541264692E-6
6.38133229101837E-6
6.390355296501634E-6
6.399391581838094E-6
6.408441171198973E-6
6.417504088803219E-6
6.426580358917457E-6
6.435670005856181E-6
6.4447730539818375E-6
6.453889527704829E-6
6.463019451483696E-6
6.472162849825023E-6
6.481319747283717E-6
6.490490168462976E-6
6.499674138014344E-6
6.5088716806378355E-6
6.518082821082105E-6
6.527307584144269E-6
6.536545994670257E-6
6.545798077554684E-6
6.5550638577411E-6
6.564343360221873E-6
6.573636610038505E-6
6.582943632281448E-6
6.592264452090396E-6
6.601599094654241E-6
6.610947585211138E-6
6.620309949048701E-6
6.629686211503959E-6
6.639076397963504E-6
6.648480533863496E-6
6.657898644689812E-6
6.66733075597803E-6
6.676776893313652E-6
6.686237082332058E-6
6.6957113487185366E-6
6.705199718208533E-6
6.7147022165876205E-6
6.724218869691529E-6
6.733749703406254E-6
6.743294743668278E-6
6.752854016464383E-6
6.762427547831928E-6
6.772015363858877E-6
6.781617490683775E-6
6.791233954496016E-6
6.800864781535692E-6
6.8105099980938965E-6
6.820169630512631E-6
6.829843705184948E-6
6.839532248555E-6
6.849235287118205E-6
6.858952847421157E-6
6.868684956061945E-6
6.878431639689958E-6
6.888192925006131E-6
6.897968838762996E-6
6.907759407764771E-6
6.917564658867436E-6
6.927384618978778E-6
6.937219315058416E-6
6.947068774118074E-6
6.956933023221479E-6
6.966812089484586E-6
6.9767060000754175E-6
6.986614782214493E-6
6.996538463174617E-6
7.006477070281115E-6
7.016430630911836E-6
7.026399172497363E-6
7.036382722520932E-6
7.046381308518623E-6
7.056394958079378E-6
7.066423698845169E-6
7.076467558511075E-6
7.086526564825283E-6
7.0966007455892E-6
7.106690128657631E-6
7.1167947419388535E-6
7.126914613394525E-6
7.137049771039952E-6
7.147200242944216E-6
7.157366057230095E-6
7.167547242074258E-6
7.177743825707404E-6
7.187955836414217E-6
7.198183302533564E-6
7.2084262524585695E-6
7.2186847146366954E-6
7.228958717569808E-6
7.239248289814354E-6
7.249553459981395E-6
7.259874256736678E-6
7.270210708800862E-6
7.280562844949417E-6
7.290930694012916E-6
7.3013142848770345E-6
7.311713646482562E-6
7.322128807825828E-6
7.332559797958363E-6
7.343006645987337E-6
7.353469381075591E-6
7.363948032441547E-6
7.37444262935976E-6
7.384953201160862E-6
7.395479777232158E-6
7.4060223870186965E-6
7.416581060025843E-6
7.427155825825831E-6
7.437746714072952E-6
7.448353754541187E-6
7.458976977213602E-6
7.469616412492455E-6
7.480272091686901E-6
7.490944048125481E-6
7.501632319655055E-6
7.512336954159803E-6
7.523058021546067E-6
7.533795639313228E-6
7.544550026134884E-6
7.555321612050065E-6
7.566111260727924E-6
7.576920708854762E-6
7.587753416690479E-6
7.5986161787252936E-6
7.609522103801399E-6
7.620495995122126E-6
7.631583810425891E-6
7.642868829359002E-6
7.654498431813282E-6
7.666726922413152E-6
7.67998130528027E-6
7.694957543953297E-6
7.712753087484304E-6
7.735039447470087E-6
7.764231178379342E-6
7.803646539205948E-6
7.857548958383653E-6
7.930850412518957E-6
8.028225580076318E-6
8.15217055497685E-6
8.298962612791445E-6
8.449557068351991E-6
8.55498591627506E-6
8.566738158552964E-6
8.578507428159942E-6
8.590293755737882E-6
8.602097171988361E-6
8.613917707672934E-6
8.625755393613217E-6
8.637610260691158E-6
8.649482339848895E-6
8.661371662089147E-6
8.67327825847522E-6
8.68520216013122E-6
8.697143398242087E-6
8.709102004053816E-6
8.721078008873648E-6
8.733071444069925E-6
8.745082341072708E-6
8.757110731373463E-6
8.769156646525351E-6
8.781220118143623E-6
8.793301177905302E-6
8.805399857549682E-6
8.817516188878388E-6
8.829650203755332E-6
8.841801934107074E-6
8.85397141192296E-6
8.866158669255162E-6
8.878363738218846E-6
8.890586650992304E-6
8.902827439817148E-6
8.91508613699849E-6
8.927362774905034E-6
8.939657385969129E-6
8.951970002687091E-6
8.964300657619123E-6
8.976649383389938E-6
8.989016212688174E-6
9.00140117826726E-6
9.013804312945041E-6
9.026225649604265E-6
9.03866522119262E-6
9.051123060722682E-6
9.06359920127256E-6
9.076093675985396E-6
9.088606518070134E-6
9.101137760801217E-6
9.11368743751907E-6
9.126255581629954E-6
9.138842226606344E-6
9.15144740598702E-6
9.164071153377126E-6
9.176713502448474E-6
9.189374486939532E-6
9.202054140655834E-6
9.214752497469725E-6
9.227469591320995E-6
9.24020545621665E-6
9.252960126231279E-6
9.265733635507137E-6
9.278526018254248E-6
9.291337308750658E-6
9.304167541342597E-6
9.317016750444463E-6
9.329884970539297E-6
9.342772236178539E-6
9.355678581982519E-6
9.368604042640399E-6
9.381548652910525E-6
9.394512447620367E-6
9.407495461666867E-6
9.420497730016468E-6
9.433519287705272E-6
9.446560169839268E-6
9.459620411594535E-6
9.472700048217264E-6
9.485799115023892E-6
9.498917647401544E-6
9.512055680807787E-6
9.525213250771077E-6
9.53839039289086E-6
9.551587142837685E-6
9.564803536353248E-6
9.57803960925088E-6
9.591295397415372E-6
9.60457093680332E-6
9.617866263443193E-6
9.631181413435511E-6
9.644516422953008E-6
9.65787132824085E-6
9.67124616561674E-6
9.684640971470947E-6
9.698055782266785E-6
9.711490634540425E-6
9.72494556490123E-6
9.738420610031902E-6
9.751915806688658E-6
9.765431191701242E-6
9.778966801973376E-6
9.79252267448248E-6
9.806098846280257E-6
9.819695354492641E-6
9.833312236319979E-6
9.846949529037114E-6
9.860607269993752E-6
9.874285496614335E-6
9.88798424639845E-6
9.901703556920865E-6
9.91544346583168E-6
9.92920401085646E-6
9.942985229796522E-6
9.956787160528892E-6
9.970609841006645E-6
9.984453309258892E-6
9.998317603391117E-6
1.0012202761585154E-5
1.0026108822099513E-5
1.0040035823269315E-5
1.0053983803506613E-5
1.0067952801300554E-5
1.0081942855217412E-5
1.0095954003900802E-5
1.0109986286071896E-5
1.012403974052943E-5
1.0138114406149927E-5
1.0152210321887924E-5
1.0166327526776046E-5
1.0180466059925118E-5
1.0194625960524338E-5
1.0208807267841478E-5
1.0223010021223014E-5
1.023723426009419E-5
1.0251480023959342E-5
1.0265747352401821E-5
1.0280036285084298E-5
1.029434686174893E-5
1.0308679122217294E-5
1.0323033106390809E-5
1.0337408854250697E-5
1.0351806405858169E-5
1.0366225801354645E-5
1.0380667080961727E-5
1.0395130284981567E-5
1.0409615453796745E-5
1.0424122627870583E-5
1.0438651847747433E-5
1.0453203154052406E-5
1.046777658749197E-5
1.0482372188853607E-5
1.049698999900629E-5
1.0511630058900745E-5
1.052629240956917E-5
1.0540977092125573E-5
1.0555684147766123E-5
1.0570413617768886E-5
1.058516554349418E-5
1.0599939966384736E-5
1.0614736927965826E-5
1.0629556469845243E-5
1.0644398633713627E-5
1.0659263461344445E-5
1.067415099459421E-5
1.0689061275402672E-5
1.0703994345792749E-5
1.0718950247870773E-5
1.0733929023826757E-5
1.0748930715934153E-5
1.0763955366550439E-5
1.0779003018116955E-5
1.0794073713158895E-5
1.0809167494285874E-5
1.0824284404191703E-5
1.0839424485654623E-5
1.0854587781537286E-5
1.0869774334787265E-5
1.0884984188436661E-5
1.0900217385602607E-5
1.0915473969487308E-5
1.0930753983377927E-5
1.094605747064703E-5
1.0961384474752512E-5
1.0976735039237717E-5
1.0992109207731683E-5
1.1007507023949013E-5
1.1022928531690368E-5
1.1038373774842086E-5
1.1053842797376761E-5
1.1069335643353074E-5
1.1084852356915942E-5
1.110039298229672E-5
1.1115957563813304E-5
1.1131546145869976E-5
1.1147158772957889E-5
1.1162795489655038E-5
1.117845634062626E-5
1.119414137062335E-5
1.1209850624485273E-5
1.122558414713831E-5
1.1241341983595867E-5
1.125712417895886E-5
1.1272930778415756E-5
1.128876182724262E-5
1.1304617370803057E-5
1.1320497454548836E-5
1.1336402124019248E-5
1.1352331424841802E-5
1.1368285402732035E-5
1.138426410349353E-5
1.1400267573018414E-5
1.1416295857286854E-5
1.1432349002367648E-5
1.1448427054418117E-5
1.1464530059684073E-5
1.1480658064500265E-5
1.1496811115289883E-5
1.1512989258565264E-5
1.1529192540927603E-5
1.1545421009067082E-5
1.1561674709762997E-5
1.1577953689883853E-5
1.1594257996387525E-5
1.1610587676320919E-5
1.1626942776820759E-5
1.1643323345112941E-5
1.1659729428512996E-5
1.1676161074426205E-5
1.1692618330347305E-5
1.1709101243861142E-5
1.172560986264209E-5
1.174214423445454E-5
1.1758704407152977E-5
1.1775290428681736E-5
1.1791902347075328E-5
1.1808540210458399E-5
1.1825204067045911E-5
1.1841893965143013E-5
1.1858609953145062E-5
1.1875352079538085E-5
1.1892120392898391E-5
1.1908914941892918E-5
1.1925735775279005E-5
1.194258294190473E-5
1.195945649070881E-5
1.1976356470720557E-5
1.1993282931060213E-5
1.2010235920938782E-5
1.2027215489658048E-5
1.2044221686610772E-5
1.2061254561280545E-5
1.2078314163242233E-5
1.2095400542161293E-5
1.2112513747794666E-5
1.2129653829990109E-5
1.2146820838686705E-5
1.2164014823914585E-5
1.2181235835795114E-5
1.2198483924540948E-5
1.2215759140456064E-5
1.2233061533935607E-5
1.2250391155466124E-5
1.226774805562562E-5
1.2285132285083288E-5
1.2302543894599877E-5
1.2319982935027578E-5
1.2337449457310055E-5
1.2354943512482369E-5
1.2372465151671085E-5
1.2390014426094384E-5
1.2407591387061868E-5
1.2425196085974877E-5
1.2442828574326016E-5
1.2460488903699745E-5
1.2478177125772033E-5
1.249589329231035E-5
1.2513637455173842E-5
1.2531409666313389E-5
1.2549209977771327E-5
1.2567038441681689E-5
1.2584895110270063E-5
1.2602780035853827E-5
1.2620693270841782E-5
1.2638634867734528E-5
1.265660487912422E-5
1.2674603357694657E-5
1.269263035622127E-5
1.2710685927570958E-5
1.2728770124702393E-5
1.2746883000665815E-5
1.2765024608602991E-5
1.2783195001747337E-5
1.2801394233423879E-5
1.281962235704929E-5
1.2837879426132047E-5
1.2856165494272439E-5
1.2874480615162442E-5
1.2892824842586121E-5
1.2911198230419673E-5
1.2929600832631233E-5
1.2948032703281154E-5
1.296649389652261E-5
1.298498446660085E-5
1.3003504467854018E-5
1.3022053954713125E-5
1.3040632981702037E-5
1.3059241603438022E-5
1.3077879874631486E-5
1.3096547850086641E-5
1.3115245584701291E-5
1.3133973133467393E-5
1.3152730551470904E-5
1.3171517893892496E-5
1.3190335216007248E-5
1.3209182573185523E-5
1.3228060020892559E-5
1.3246967614689177E-5
1.3265905410231875E-5
1.3284873463273225E-5
1.3303871829662132E-5
1.3322900565344095E-5
1.3341959726361276E-5
1.3361049368853359E-5
1.3380169549057332E-5
1.3399320323308272E-5
1.3418501748038936E-5
1.3437713879781175E-5
1.3456956775165342E-5
1.3476230490920998E-5
1.349553508387731E-5
1.3514870610963408E-5
1.3534237129208657E-5
1.3553634695743039E-5
1.3573063367797445E-5
1.359252320270439E-5
1.3612014257898044E-5
1.3631536590914802E-5
1.3651090259393535E-5
1.3670675321076156E-5
1.3690291833808099E-5
1.3709939855538367E-5
1.3729619444320096E-5
1.3749330658311387E-5
1.3769073555775105E-5
1.3788848195079622E-5
1.3808654634699365E-5
1.3828492933214902E-5
1.3848363149313679E-5
1.3868265341790293E-5
1.3888199569547055E-5
1.3908165891594325E-5
1.3928164367051046E-5
1.3948195055145146E-5
1.3968258015214041E-5
1.3988353306705083E-5
1.400848098917589E-5
1.4028641122295102E-5
1.4048833765842534E-5
1.406905897970974E-5
1.4089316823900792E-5
1.4109607358532111E-5
1.4129930643833606E-5
1.4150286740148837E-5
1.417067570793532E-5
1.4191097607765502E-5
1.4211552500327002E-5
1.4232040446423495E-5
1.4252561506975882E-5
1.4273115743024355E-5
1.4293703215733987E-5
1.4314323986406377E-5
1.4334978116508847E-5
1.4355665667745478E-5
1.4376386702226134E-5
1.4397141282867825E-5
1.4417929474329903E-5
1.4438751345163523E-5
1.4459606972667638E-5
1.4480496453684023E-5
1.4501419928180421E-5
1.4522377629873565E-5
1.454336999292517E-5
1.4564397872623826E-5
1.458546299299387E-5
1.4606568836426654E-5
1.4627722374774753E-5
1.4648937363822908E-5
1.4670240467954378E-5
1.4691682366787825E-5
1.4713357366789477E-5
1.4735437044655884E-5
1.4758226154968694E-5
1.4782252271479167E-5
1.4808403687741187E-5
1.4838131231795485E-5
1.4873737278050516E-5
1.4918688741578088E-5
1.4978000667198306E-5
1.505856297638216E-5
1.516909368552048E-5
1.5319363021124703E-5
1.5517848010596677E-5
1.5765362213896252E-5
1.6036215151384722E-5
1.6238878915398414E-5
1.626136107399545E-5
1.6283878147848132E-5
1.630643020102092E-5
1.6329017297712764E-5
1.6351639502257776E-5
1.6374296879125415E-5
1.6396989492921512E-5
1.6419717408387982E-5
1.6442480690403788E-5
1.6465279403985163E-5
1.648811361428639E-5
1.6510983386599717E-5
1.6533888786356167E-5
1.6556829879126083E-5
1.657980673061907E-5
1.6602819406684985E-5
1.6625867973314E-5
1.6648952496637126E-5
1.667207304292687E-5
1.6695229678597263E-5
1.671842247020459E-5
1.674165148444772E-5
1.6764916788168257E-5
1.678821844835149E-5
1.6811556532126365E-5
1.6834931106765957E-5
1.68583422396882E-5
1.6881789998455684E-5
1.690527445077664E-5
1.692879566450497E-5
1.695235370764088E-5
1.6975948648330994E-5
1.699958055486895E-5
1.7023249495695414E-5
1.7046955539399436E-5
1.7070698754717347E-5
1.709447921053437E-5
1.7118296975884284E-5
1.7142152119950157E-5
1.716604471206459E-5
1.718997482170982E-5
1.7213942518518496E-5
1.723794787227351E-5
1.726199095290912E-5
1.7286071830510158E-5
1.731019057531355E-5
1.7334347257707717E-5
1.735854194823347E-5
1.7382774717584003E-5
1.740704563660539E-5
1.7431354776296797E-5
1.745570220781069E-5
1.748008800245356E-5
1.7504512231685572E-5
1.75289749671215E-5
1.7553476280530432E-5
1.7578016243836554E-5
1.7602594929119242E-5
1.7627212408613016E-5
1.765186875470819E-5
1.767656403995124E-5
1.77012983370447E-5
1.772607171884765E-5
1.7750884258375623E-5
1.777573602880147E-5
1.7800627103455016E-5
1.782555755582368E-5
1.7850527459552388E-5
1.787553688844412E-5
1.7900585916459852E-5
1.7925674617718878E-5
1.795080306649908E-5
1.7975971337237043E-5
1.8001179504528577E-5
1.802642764312807E-5
1.8051715827949705E-5
1.807704413406701E-5
1.8102412636713156E-5
1.8127821411281398E-5
1.8153270533324794E-5
1.817876007855671E-5
1.82042901228509E-5
1.82298607422416E-5
1.8255472012923807E-5
1.8281124011253198E-5
1.830681681374641E-5
1.8332550497081212E-5
1.8358325138096747E-5
1.838414081379323E-5
1.840999760133242E-5
1.8435895578037896E-5
1.8461834821394578E-5
1.848781540904923E-5
1.8513837418810606E-5
1.8539900928649507E-5
1.856600601669848E-5
1.859215276125264E-5
1.8618341240768837E-5
1.8644571533866606E-5
1.8670843719327587E-5
1.8697157876096023E-5
1.87235140832784E-5
1.87499124201439E-5
1.8776352966124154E-5
1.880283580081335E-5
1.8829361003968525E-5
1.8855928655509135E-5
1.8882538835517397E-5
1.8909191624238156E-5
1.8935887102079014E-5
1.8962625349610354E-5
1.898940644756501E-5
1.9016230476838795E-5
1.904309751849006E-5
1.907000765373985E-5
1.9096960963971877E-5
1.912395753073237E-5
1.915099743573024E-5
1.917808076083702E-5
1.92052075880865E-5
1.923237799967518E-5
1.925959207796174E-5
1.9286849905467267E-5
1.9314151564875124E-5
1.9341497139030927E-5
1.9368886710942324E-5
1.939632036377895E-5
1.942379818087243E-5
1.9451320245716268E-5
1.947888664196558E-5
1.9506497453437376E-5
1.9534152764109898E-5
1.956185265812286E-5
1.9589597219777567E-5
1.961738653353599E-5
1.964522068402145E-5
1.9673099756018E-5
1.970102383447064E-5
1.9728993004484712E-5
1.9757007351326102E-5
1.978506696042093E-5
1.9813171917355475E-5
1.984132230787574E-5
1.986951821788779E-5
1.9897759733457012E-5
1.9926046940808403E-5
1.9954379926325832E-5
1.998275877655218E-5
2.0011183578189456E-5
2.0039654418097904E-5
2.0068171383296062E-5
2.009673456096096E-5
2.0125344038427173E-5
2.0153999903186906E-5
2.018270224289E-5
2.0211451145343468E-5
2.024024669851097E-5
2.026908899051316E-5
2.029797810962686E-5
2.032691414428509E-5
2.0355897183076835E-5
2.0384927314746485E-5
2.0414004628193954E-5
2.044312921247395E-5
2.0472301156795926E-5
2.050152055052396E-5
2.0530787483176122E-5
2.0560102044424078E-5
2.058946432409335E-5
2.0618874412162335E-5
2.0648332398762503E-5
2.067783837417747E-5
2.0707392428843463E-5
2.073699465334818E-5
2.0766645138431E-5
2.0796343974982414E-5
2.082609125404349E-5
2.0855887066805962E-5
2.088573150461133E-5
2.0915624658950985E-5
2.0945566621465463E-5
2.097555748394406E-5
2.1005597338324996E-5
2.1035686276694054E-5
2.106582439128505E-5
2.1096011774479103E-5
2.1126248518804023E-5
2.1156534716934307E-5
2.1186870461690355E-5
2.1217255846038098E-5
2.1247690963088834E-5
2.1278175906098436E-5
2.130871076846732E-5
2.1339295643739514E-5
2.1369930625602535E-5
2.1400615807886863E-5
2.1431351284565545E-5
2.146213714975327E-5
2.149297349770677E-5
2.1523860422823482E-5
2.155479801964133E-5
2.1585786382839008E-5
2.1616825607233808E-5
2.1647915787782905E-5
2.1679057019581748E-5
2.1710249397863683E-5
2.174149301800015E-5
2.1772787975498996E-5
2.1804134366005176E-5
2.183553228529924E-5
2.186698182929737E-5
2.189848309405084E-5
2.1930036175744754E-5
2.1961641170698676E-5
2.1993298175365195E-5
2.202500728632946E-5
2.205676860030904E-5
2.2088582214152926E-5
2.2120448224841413E-5
2.215236672948476E-5
2.218433782532362E-5
2.2216361609727556E-5
2.2248438180194885E-5
2.228056763435227E-5
2.231275006995333E-5
2.234498558487932E-5
2.2377274277137165E-5
2.2409616244859624E-5
2.2442011586304673E-5
2.247446039985454E-5
2.250696278401531E-5
2.2539518837416168E-5
2.2572128658808976E-5
2.2604792347067494E-5
2.2637510001186272E-5
2.2670281720281033E-5
2.270310760358712E-5
2.2735987750459436E-5
2.2768922260371164E-5
2.280191123291361E-5
2.283495476779538E-5
2.2868052964841584E-5
2.2901205923993253E-5
2.293441374530679E-5
2.296767652895306E-5
2.300099437521673E-5
2.3034367384495516E-5
2.3067795657300196E-5
2.3101279294252284E-5
2.313481839608533E-5
2.316841306364239E-5
2.3202063397876774E-5
2.3235769499850345E-5
2.326953147073305E-5
2.3303349411802406E-5
2.3337223424442688E-5
2.3371153610143916E-5
2.3405140070501368E-5
2.3439182907215107E-5
2.3473282222088175E-5
2.3507438117027287E-5
2.3541650694041028E-5
2.3575920055239535E-5
2.361024630283343E-5
2.3644629539133313E-5
2.3679069866549044E-5
2.371356738758835E-5
2.3748122204857463E-5
2.3782734421058128E-5
2.381740413898916E-5
2.3852131461543912E-5
2.388691649171033E-5
2.3921759332569987E-5
2.395666008729729E-5
2.39916188591584E-5
2.4026635751510908E-5
2.4061710867802315E-5
2.4096844311570315E-5
2.413203618644072E-5
2.4167286596127446E-5
2.4202595644431463E-5
2.4237963435239978E-5
2.427339007252553E-5
2.4308875660345048E-5
2.4344420302839413E-5
2.4380024104240377E-5
2.4415687168877633E-5
2.445140960118628E-5
2.448719150571348E-5
2.4523032987125156E-5
2.4558934150213354E-5
2.4594895099902356E-5
2.4630915941255228E-5
2.4666996779480682E-5
2.470313771993949E-5
2.4739338868150095E-5
2.4775600329794945E-5
2.481192221072787E-5
2.4848304616977987E-5
2.4884747654757333E-5
2.4921251430465705E-5
2.495781605069667E-5
2.4994441622243283E-5
2.503112825210351E-5
2.506787604748572E-5
2.5104685115813882E-5
2.5141555564733238E-5
2.5178487502114803E-5
2.5215481036061378E-5
2.5252536274911574E-5
2.528965332724568E-5
2.5326832301889658E-5
2.536407330792028E-5
2.5401376454669984E-5
2.5438741851731168E-5
2.5476169608960707E-5
2.551365983648473E-5
2.555121264470223E-5
2.558882814429019E-5
2.5626506446206995E-5
2.5664247661697428E-5
2.5702051902295225E-5
2.5739919279828853E-5
2.5777849906424024E-5
2.5815843894507743E-5
2.585390135681248E-5
2.5892022406379363E-5
2.5930207156562118E-5
2.5968455721029997E-5
2.600676821377142E-5
2.604514474909766E-5
2.608358544164581E-5
2.612209040638202E-5
2.616065975860418E-5
2.6199293613945732E-5
2.623799208837846E-5
2.627675529821484E-5
2.6315583360111076E-5
2.6354476391070664E-5
2.6393434508445964E-5
2.6432457829941297E-5
2.647154647361595E-5
2.6510700557885857E-5
2.654992020152638E-5
2.6589205523674908E-5
2.66285566438328E-5
2.6667973681867823E-5
2.6707456758016067E-5
2.6747005992884428E-5
2.6786621507452285E-5
2.6826303423073607E-5
2.6866051861478917E-5
2.6905866944777134E-5
2.694574879545711E-5
2.6985697536389672E-5
2.702571329082931E-5
2.706579618241529E-5
2.710594633517393E-5
2.7146163873519613E-5
2.7186448922255876E-5
2.7226801606577828E-5
2.726722205207258E-5
2.7307710384721213E-5
2.734826673090014E-5
2.7388891217383474E-5
2.7429583971347923E-5
2.7470345120381722E-5
2.751117479250694E-5
2.755207311623431E-5
2.7593040220695225E-5
2.763407623596163E-5
2.7675181293807022E-5
2.7716355529497603E-5
2.7757599085928837E-5
2.779891212304072E-5
2.7840294838874772E-5
2.7881747515869726E-5
2.7923270620838683E-5
2.7964865016932085E-5
2.8006532404551756E-5
2.8048276220566988E-5
2.809010343493605E-5
2.813202806412878E-5
2.817407788889156E-5
2.8216306996968403E-5
2.8258818616341075E-5
2.8301805566266703E-5
2.8345619828482862E-5
2.839088834084584E-5
2.8438698690506155E-5
2.8490884226123514E-5
2.855046174611622E-5
2.862213407206708E-5
2.87129891442684E-5
2.8833266536297292E-5
2.899676733443581E-5
2.92204491056567E-5
2.952187623287126E-5
2.9910002388003982E-5
3.035243354003248E-5
3.069851281654529E-5
3.0742334367566375E-5
3.0786227641806474E-5
3.0830192778890935E-5
3.087422991884383E-5
3.091833920208798E-5
3.096252076944332E-5
3.1006774762126824E-5
3.1051101321751246E-5
3.109550059032382E-5
3.113997271024578E-5
3.1184517824311565E-5
3.122913607570677E-5
3.127382760800794E-5
3.1318592565181426E-5
3.1363431091581334E-5
3.140834333194963E-5
3.145332943141382E-5
3.149838953548604E-5
3.154352379006232E-5
3.1588732341420176E-5
3.1634015336218056E-5
3.167937292149398E-5
3.172480524466308E-5
3.1770312453517624E-5
3.181589469622445E-5
3.186155212132356E-5
3.190728487772726E-5
3.195309311471774E-5
3.199897698194568E-5
3.204493662942901E-5
3.209097220755091E-5
3.213708386705777E-5
3.218327175905826E-5
3.2229536035020346E-5
3.2275876846771446E-5
3.232229434649418E-5
3.236878868672647E-5
3.24153600203585E-5
3.246200850063169E-5
3.250873428113607E-5
3.255553751580847E-5
3.2602418358930666E-5
3.264937696512723E-5
3.2696413489364025E-5
3.2743528086944936E-5
3.279072091351115E-5
3.283799212503802E-5
3.288534187783369E-5
3.2932770328536225E-5
3.2980277634112016E-5
3.3027863951853195E-5
3.3075529439375205E-5
3.3123274254615384E-5
3.317109855582989E-5
3.3219002501591655E-5
3.326698625078796E-5
3.331504996261819E-5
3.3363193796591925E-5
3.3411417912525294E-5
3.345972247053955E-5
3.350810763105889E-5
3.3556573554807064E-5
3.3605120402805735E-5
3.365374833637083E-5
3.370245751711173E-5
3.3751248106927163E-5
3.3800120268003755E-5
3.384907416281244E-5
3.3898109954107024E-5
3.394722780492036E-5
3.399642787856272E-5
3.404571033861851E-5
3.40950753489439E-5
3.414452307366437E-5
3.419405367717109E-5
3.424366732411916E-5
3.4293364179424605E-5
3.434314440826138E-5
3.439300817605885E-5
3.44429556484988E-5
3.4492986991512805E-5
3.454310237127945E-5
3.459330195422118E-5
3.4643585907002006E-5
3.4693954396523984E-5
3.474440758992477E-5
3.47949456545744E-5
3.484556875807311E-5
3.4896277068247434E-5
3.4947070753147986E-5
3.4997949981046116E-5
3.5048914920431145E-5
3.509996574000711E-5
3.515110260869032E-5
3.520232569560619E-5
3.5253635170085144E-5
3.530503120166181E-5
3.5356513960069496E-5
3.5408083615239194E-5
3.545974033729496E-5
3.551148429655214E-5
3.556331566351326E-5
3.561523460886546E-5
3.5667241303477114E-5
3.571933591839512E-5
3.5771518624841484E-5
3.582378959421012E-5
3.5876148998063575E-5
3.59285970081304E-5
3.5981133796301695E-5
3.6033759534627486E-5
3.608647439531439E-5
3.613927855072182E-5
3.619217217335881E-5
3.624515543588118E-5
3.6298228511087985E-5
3.6351391571917975E-5
3.640464479144732E-5
3.645798834288549E-5
3.6511422399572246E-5
3.656494713497461E-5
3.6618562722683094E-5
3.667226933640909E-5
3.672606714998079E-5
3.677995633734097E-5
3.6833937072542464E-5
3.688800952974562E-5
3.6942173883215E-5
3.6996430307315634E-5
3.7050778976509896E-5
3.710522006535463E-5
3.7159753748496847E-5
3.721438020067124E-5
3.726909959669679E-5
3.732391211147246E-5
3.7378817919975124E-5
3.743381719725527E-5
3.748891011843456E-5
3.7544096858701064E-5
3.7599377593307225E-5
3.765475249756581E-5
3.77102217468467E-5
3.77657855165733E-5
3.782144398221972E-5
3.78771973193064E-5
3.793304570339807E-5
3.798898931009876E-5
3.80450283150495E-5
3.8101162893924864E-5
3.815739322242908E-5
3.821371947629264E-5
3.8270141831269844E-5
3.8326660463133754E-5
3.838327554767385E-5
3.8439987260692756E-5
3.8496795778002276E-5
3.8553701275419904E-5
3.861070392876613E-5
3.866780391386007E-5
3.8725001406516796E-5
3.878229658254338E-5
3.8839689617735616E-5
3.8897180687875093E-5
3.895476996872475E-5
3.901245763602608E-5
3.9070243865496E-5
3.9128128832822986E-5
3.91861127136628E-5
3.9244195683637004E-5
3.930237791832806E-5
3.936065959327608E-5
3.9419040883975536E-5
3.94775219658722E-5
3.9536103014359076E-5
3.959478420477335E-5
3.9653565712393076E-5
3.971244771243283E-5
3.977143038004192E-5
3.983051389029905E-5
3.9889698418210496E-5
3.994898413870574E-5
4.0008371226634204E-5
4.0067859856762175E-5
4.012745020376888E-5
4.018714244224348E-5
4.024693674668114E-5
4.030683329148063E-5
4.0366832250939455E-5
4.0426933799251576E-5
4.04871381105034E-5
4.054744535867073E-5
4.0607855717614985E-5
4.066836936108044E-5
4.072898646268991E-5
4.0789707195942024E-5
4.085053173420754E-5
4.091146025072636E-5
4.097249291860272E-5
4.1033629910804464E-5
4.1094871400156876E-5
4.115621755934044E-5
4.121766856088898E-5
4.1279224577182726E-5
4.134088578044852E-5
4.1402652342754374E-5
4.146452443600635E-5
4.152650223194661E-5
4.1588585902147466E-5
4.165077561801093E-5
4.171307155076303E-5
4.177547387145171E-5
4.183798275094338E-5
4.1900598359918744E-5
4.1963320868870656E-5
4.2026150448100254E-5
4.2089087267713004E-5
4.215213149761668E-5
4.2215283307516764E-5
4.227854286691432E-5
4.234191034510148E-5
4.2405385911159357E-5
4.2468969733953633E-5
4.253266198213216E-5
4.2596462824121154E-5
4.266037242812177E-5
4.2724390962107984E-5
4.278851859382156E-5
4.2852755490770227E-5
4.291710182022373E-5
4.298155774921092E-5
4.304612344451611E-5
4.3110799072676075E-5
4.317558479997722E-5
4.324048079245185E-5
4.33054872158742E-5
4.337060423575931E-5
4.343583201735767E-5
4.350117072565362E-5
4.3566620525361335E-5
4.3632181580921237E-5
4.369785405649802E-5
4.376363811597654E-5
4.382953392295879E-5
4.3895541640761335E-5
4.396166143241126E-5
4.4027893460643717E-5
4.409423788789811E-5
4.41606948763166E-5
4.422726458773808E-5
4.4293947183698246E-5
4.4360742825423706E-5
4.442765167383164E-5
4.449467388952402E-5
4.456180963278611E-5
4.4629059063583196E-5
4.469642234155741E-5
4.47638996260242E-5
4.483149107596973E-5
4.489919685004866E-5
4.4967017106578664E-5
4.5034952003540036E-5
4.51030016985717E-5
4.517116634896744E-5
4.523944611167389E-5
4.530784114328703E-5
4.537635160004949E-5
4.544497763784708E-5
4.551371941220716E-5
4.558257707829283E-5
4.565155079090387E-5
4.572064070447014E-5
4.578984697305102E-5
4.5859169750331646E-5
4.59286091896197E-5
4.5998165443843076E-5
4.606783866554674E-5
4.613762900688921E-5
4.620753661964137E-5
4.6277561655181705E-5
4.634770426449405E-5
4.641796459816547E-5
4.648834280638254E-5
4.6558839038928786E-5
4.662945344518187E-5
4.670018617879841E-5
4.677103739766262E-5
4.68420072638346E-5
4.691309594350047E-5
4.698430360692057E-5
4.705563042837941E-5
4.71270765861362E-5
4.719864226237535E-5
4.7270327643155E-5
4.734213291836088E-5
4.741405828165536E-5
4.748610393042977E-5
4.755827006575493E-5
4.7630556892336095E-5
4.770296461846151E-5
4.777549345595834E-5
4.784814362014338E-5
4.792091532977739E-5
4.799380880701796E-5
4.806682427737377E-5
4.8139961969658615E-5
4.821322211594506E-5
4.828660495152013E-5
4.836011071483898E-5
4.843373964748155E-5
4.8507491994106196E-5
4.858136800240735E-5
4.8655367923070077E-5
4.872949200972622E-5
4.880374051891277E-5
4.887811371002667E-5
4.895261184528259E-5
4.9027235189670944E-5
4.9101984010914156E-5
4.917685857942599E-5
4.925185916826833E-5
4.932698605311097E-5
4.940223951218869E-5
4.9477619826261606E-5
4.9553127278573956E-5
4.96287621548127E-5
4.970452474306849E-5
4.978041533379457E-5
4.9856434219768315E-5
4.993258169605E-5
5.000885805994394E-5
5.008526361096096E-5
5.016179865077831E-5
5.023846348320098E-5
5.031525841412367E-5
5.03921837514929E-5
5.046923980527E-5
5.054642688739179E-5
5.062374531173406E-5
5.070119539407596E-5
5.077877745206051E-5
5.085649180515982E-5
5.093433877463907E-5
5.1012318683518755E-5
5.109043185653974E-5
5.116867862012819E-5
5.124705930235921E-5
5.132557423292215E-5
5.140422374308547E-5
5.1483008165662457E-5
5.156192783497622E-5
5.16409830868257E-5
5.172017425845158E-5
5.179950168850289E-5
5.187896571700257E-5
5.1958566685315155E-5
5.2038304936112973E-5
5.2118180813343544E-5
5.2198194662196746E-5
5.2278346829073114E-5
5.235863766154968E-5
5.243906750835046E-5
5.2519636719312965E-5
5.260034564535778E-5
5.268119463845646E-5
5.276218405160184E-5
5.2843314238779944E-5
5.292458555494456E-5
5.300599835600172E-5
5.308755299881951E-5
5.316924984129672E-5
5.325108924257927E-5
5.3333071563627155E-5
5.3415197168630085E-5
5.349746642838486E-5
5.357987972820864E-5
5.3662437486092934E-5
5.374514019360862E-5
5.382798850642446E-5
5.3910983440976695E-5
5.3994126793844655E-5
5.4077422018838235E-5
5.4160876024916083E-5
5.424450278538903E-5
5.432833042634001E-5
5.441241483122615E-5
5.449686512238179E-5
5.4581890159284145E-5
5.4667881029257094E-5
5.47555529352583E-5
5.484618095458141E-5
5.494197652065808E-5
5.504669787293001E-5
5.516637816078651E-5
5.531042378620564E-5
5.54929738324869E-5
5.573399188951257E-5
5.605954978705822E-5
5.6499394863521995E-5
5.7074572542192336E-5
5.774685994187175E-5
5.829126319454173E-5
5.837788975412083E-5
5.846466763251056E-5
5.855159719613641E-5
5.863867881135997E-5
5.872591284445789E-5
5.8813299661596746E-5
5.890083962881255E-5
5.898853311198671E-5
5.907638047682377E-5
5.9164382088829446E-5
5.925253831328915E-5
5.9340849515244585E-5
5.9429316059473206E-5
5.951793831046705E-5
5.960671663240952E-5
5.969565138915639E-5
5.9784742944212765E-5
5.9873991660713426E-5
5.99633979014026E-5
6.005296202861156E-5
6.0142684404239764E-5
6.023256538973467E-5
6.032260534606998E-5
6.041280463372816E-5
6.050316361267878E-5
6.059368264235987E-5
6.068436208165844E-5
6.077520228889109E-5
6.086620362178445E-5
6.095736643745735E-5
6.104869109240122E-5
6.114017794246063E-5
6.123182734281777E-5
6.132363964796983E-5
6.141561521171536E-5
6.15077543871325E-5
6.160005752656346E-5
6.169252498159546E-5
6.17851571030444E-5
6.187795424093644E-5
6.197091674449117E-5
6.2064044962104E-5
6.215733924132995E-5
6.225079992886677E-5
6.234442737053733E-5
6.2438221911274E-5
6.25321838951019E-5
6.262631366512302E-5
6.272061156349926E-5
6.281507793143806E-5
6.290971310917439E-5
6.300451743595663E-5
6.309949125003113E-5
6.31946348886258E-5
6.328994868793548E-5
6.338543298310688E-5
6.348108810822315E-5
6.357691439629003E-5
6.36729121792194E-5
6.376908178781585E-5
6.386542355176294E-5
6.396193779960736E-5
6.405862485874573E-5
6.415548505540983E-5
6.425251871465355E-5
6.434972616033851E-5
6.44471077151204E-5
6.454466370043593E-5
6.464239443648896E-5
6.474030024223721E-5
6.483838143537964E-5
6.493663833234299E-5
6.503507124826827E-5
6.513368049700055E-5
6.523246639107248E-5
6.533142924169452E-5
6.543056935874227E-5
6.552988705074333E-5
6.562938262486554E-5
6.572905638690511E-5
6.582890864127418E-5
6.592893969099029E-5
6.602914983766279E-5
6.612953938148374E-5
6.623010862121362E-5
6.633085785417264E-5
6.643178737622761E-5
6.653289748178231E-5
6.663418846376563E-5
6.67356606136211E-5
6.683731422129603E-5
6.693914957523045E-5
6.704116696234747E-5
6.714336666804244E-5
6.724574897617337E-5
6.73483141690486E-5
6.74510625274198E-5
6.755399433046906E-5
6.765710985580222E-5
6.776040937943533E-5
6.786389317578889E-5
6.796756151767544E-5
6.807141467629162E-5
6.817545292120845E-5
6.827967652036233E-5
6.83840857400457E-5
6.84886808448984E-5
6.859346209789796E-5
6.869842976035233E-5
6.880358409188965E-5
6.890892535045048E-5
6.901445379227923E-5
6.912016967191632E-5
6.922607324218856E-5
6.933216475420238E-5
6.94384444573351E-5
6.95449125992265E-5
6.965156942577219E-5
6.975841518111554E-5
6.98654501076385E-5
6.997267444595624E-5
7.008008843490769E-5
7.018769231154999E-5
7.02954863111495E-5
7.040347066717658E-5
7.051164561129629E-5
7.06200113733626E-5
7.07285681814119E-5
7.0837316261655E-5
7.094625583847113E-5
7.10553871344023E-5
7.116471037014382E-5
7.127422576454097E-5
7.138393353458152E-5
7.14938338953885E-5
7.160392706021547E-5
7.171421324043974E-5
7.182469264555678E-5
7.193536548317322E-5
7.20462319590021E-5
7.215729227685774E-5
7.226854663864745E-5
7.237999524436941E-5
7.249163829210441E-5
7.260347597801192E-5
7.271550849632442E-5
7.282773603934248E-5
7.294015879742801E-5
7.305277695900223E-5
7.316559071053754E-5
7.327860023655463E-5
7.339180571961741E-5
7.350520734032718E-5
7.36188052773191E-5
7.373259970725718E-5
7.384659080483005E-5
7.396077874274594E-5
7.40751636917291E-5
7.418974582051532E-5
7.430452529584702E-5
7.441950228247037E-5
7.453467694313035E-5
7.465004943856755E-5
7.476561992751307E-5
7.488138856668576E-5
7.499735551078902E-5
7.511352091250551E-5
7.522988492249422E-5
7.534644768938814E-5
7.546320935978937E-5
7.558017007826632E-5
7.56973299873503E-5
7.58146892275323E-5
7.593224793726027E-5
7.605000625293576E-5
7.616796430891063E-5
7.62861222374842E-5
7.64044801689015E-5
7.65230382313481E-5
7.66417965509504E-5
7.676075525177027E-5
7.687991445580419E-5
7.69992742829803E-5
7.71188348511552E-5
7.723859627611275E-5
7.73585586715607E-5
7.747872214913034E-5
7.759908681837103E-5
7.771965278675101E-5
7.784042015965406E-5
7.796138904037787E-5
7.808255953013193E-5
7.820393172803592E-5
7.832550573111763E-5
7.84472816343111E-5
7.856925953045557E-5
7.86914395102939E-5
7.881382166246851E-5
7.89364060735252E-5
7.90591928279058E-5
7.918218200795042E-5
7.930537369389655E-5
7.94287679638739E-5
7.955236489390802E-5
7.967616455791624E-5
7.980016702770631E-5
7.992437237297856E-5
8.004878066132067E-5
8.017339195821043E-5
8.029820632701223E-5
8.042322382897811E-5
8.054844452324619E-5
8.067386846683994E-5
8.079949571466789E-5
8.092532631952333E-5
8.105136033208239E-5
8.117759780090615E-5
8.130403877243687E-5
8.1430683291001E-5
8.155753139880676E-5
8.168458313594479E-5
8.181183854038751E-5
8.193929764798901E-5
8.206696049248538E-5
8.219482710549425E-5
8.232289751651573E-5
8.245117175293062E-5
8.257964984000223E-5
8.270833180087621E-5
8.283721765658062E-5
8.296630742602574E-5
8.309560112600457E-5
8.322509877119468E-5
8.335480037415647E-5
8.348470594533388E-5
8.361481549305702E-5
8.374512902354037E-5
8.387564654088502E-5
8.400636804707819E-5
8.413729354199452E-5
8.426842302339627E-5
8.439975648693547E-5
8.453129392615294E-5
8.466303533248093E-5
8.479498069524238E-5
8.492713000165317E-5
8.505948323682222E-5
8.519204038375456E-5
8.532480142334896E-5
8.545776633440215E-5
8.559093509360797E-5
8.572430767556208E-5
8.58578840527575E-5
8.599166419559063E-5
8.612564807236152E-5
8.625983564927469E-5
8.639422689044052E-5
8.652882175787671E-5
8.66636202115118E-5
8.67986222091827E-5
8.69338277066398E-5
8.706923665754887E-5
8.720484901348917E-5
8.734066472395891E-5
8.747668373637423E-5
8.761290599607394E-5
8.774933144631849E-5
8.788596002829387E-5
8.802279168111157E-5
8.815982634181352E-5
8.829706394537092E-5
8.843450442468833E-5
8.857214771060478E-5
8.870999373189676E-5
8.884804241527886E-5
8.898629368540788E-5
8.912474746488286E-5
8.926340367425016E-5
8.940226223200345E-5
8.954132305458547E-5
8.968058605639364E-5
8.982005114977931E-5
8.995971824505123E-5
9.00995899603571E-5
9.023966888833693E-5
9.037995759625104E-5
9.052045862610143E-5
9.066117449475939E-5
9.080210769408648E-5
9.094326069105824E-5
9.10846359278873E-5
9.122623582214756E-5
9.13680627668907E-5
9.151011913077387E-5
9.165240725817592E-5
9.179492946932064E-5
9.193768806039327E-5
9.208068530366629E-5
9.222392344761079E-5
9.236740471702136E-5
9.251113131313076E-5
9.265510541372935E-5
9.279932917328075E-5
9.29438047230407E-5
9.308853417117246E-5
9.323351960286226E-5
9.337876308043619E-5
9.35242666434733E-5
9.367003230892363E-5
9.38160620712171E-5
9.396235790238414E-5
9.410892175216323E-5
9.425575554811562E-5
9.440286119573999E-5
9.455024057858176E-5
9.469789555834602E-5
9.484582797500871E-5
9.499403964692693E-5
9.514253237095042E-5
9.52913079225293E-5
9.54403680558268E-5
9.558971450382576E-5
9.573934897843824E-5
9.588927317061427E-5
9.603948875044924E-5
9.618999736729158E-5
9.634080064984903E-5
9.649190020629737E-5
9.66432976243844E-5
9.679499447153563E-5
9.69469922949628E-5
9.709929262176631E-5
9.72518969590403E-5
9.740480679397582E-5
9.755802359396748E-5
9.771154880671503E-5
9.78653838603261E-5
9.801953016341897E-5
9.8173989105227E-5
9.832876205569666E-5
9.848385036559142E-5
9.863925536659429E-5
9.87949783714044E-5
9.895102067384033E-5
9.910738354893953E-5
9.926406825305713E-5
9.942107602396514E-5
9.957840808095251E-5
9.973606562492139E-5
9.989404983848726E-5
1.0005236188607484E-4
1.0021100291401647E-4
1.003699740506482E-4
1.0052927640640605E-4
1.0068891107392356E-4
1.0084887912812606E-4
1.0100918162632633E-4
1.0116981960832027E-4
1.0133079409648163E-4
1.0149210609585364E-4
1.0165375659424717E-4
1.018157465623306E-4
1.019780769537256E-4
1.0214074870509791E-4
1.0230376273625167E-4
1.0246711995022298E-4
1.0263082123337576E-4
1.0279486745550348E-4
1.0295925946994657E-4
1.0312399811375802E-4
1.0328908420797536E-4
1.0345451855816292E-4
1.0362030195562808E-4
1.0378643518021662E-4
1.0395291900686835E-4
1.0411975422084703E-4
1.0428694165272136E-4
1.0445448225746355E-4
1.0462237729029086E-4
1.0479062869057252E-4
1.0495923990425912E-4
1.0512821761144762E-4
1.0529757528140855E-4
1.0546734033278672E-4
1.0563756823311031E-4
1.0580836960822716E-4
1.0597996105777935E-4
1.0615275783624873E-4
1.0632753792526707E-4
1.0650572304263084E-4
1.0668984221074583E-4
1.0688431746273603E-4
1.0709642548699237E-4
1.073378347242189E-4
1.0762665261622136E-4
1.0798937022525212E-4
1.0846212269926109E-4
1.0908876160767915E-4
1.099054374697607E-4
1.1087010454413056E-4
1.1167611222869707E-4
1.118514837717964E-4
1.1202721563387534E-4
1.1220330813879502E-4
1.1237976159697895E-4
1.1255657630549826E-4
1.1273375254814491E-4
1.1291129059551513E-4
1.1308919070508433E-4
1.1326745312128614E-4
1.1344607807558916E-4
1.1362506578657674E-4
1.1380441646001985E-4
1.1398413028895638E-4
1.1416420745376758E-4
1.1434464812225197E-4
1.145254524497039E-4
1.1470662057898464E-4
1.1488815264060213E-4
1.1507004875278391E-4
1.1525230902154932E-4
1.1543493354078704E-4
1.1561792239232738E-4
1.158012756460146E-4
1.1598499335978277E-4
1.1616907557972591E-4
1.1635352234017325E-4
1.1653833366375941E-4
1.1672350956149825E-4
1.1690905003285139E-4
1.1709495506580482E-4
1.1728122463693554E-4
1.1746785871148258E-4
1.1765485724342259E-4
1.1784222017553189E-4
1.1802994743946474E-4
1.1821803895581748E-4
1.1840649463419991E-4
1.1859531437330362E-4
1.1878449806097249E-4
1.1897404557426982E-4
1.1916395677954651E-4
1.1935423153250908E-4
1.1954486967828782E-4
1.1973587105150533E-4
1.1992723547634035E-4
1.2011896276659705E-4
1.2031105272577266E-4
1.2050350514711975E-4
1.2069631981371709E-4
1.2088949649853185E-4
1.2108303496448598E-4
1.2127693496452152E-4
1.2147119624166687E-4
1.2166581852909908E-4
1.2186080155020948E-4
1.220561450186678E-4
1.2225184863848577E-4
1.224479121040817E-4
1.2264433510034088E-4
1.2284111730268167E-4
1.230382583771172E-4
1.2323575798031813E-4
1.2343361575967377E-4
1.2363183135335505E-4
1.2383040439037634E-4
1.2402933449065715E-4
1.24228621265081E-4
1.2442826431556027E-4
1.2462826323509336E-4
1.2482861760782665E-4
1.2502932700911483E-4
1.2523039100558088E-4
1.2543180915517373E-4
1.2563358100723207E-4
1.258357061025375E-4
1.260381839733784E-4
1.2624101414360683E-4
1.2644419612869613E-4
1.2664772943580058E-4
1.268516135638121E-4
1.2705584800341718E-4
1.2726043223715806E-4
1.2746536573948452E-4
1.2767064797681595E-4
1.278762784075935E-4
1.2808225648233972E-4
1.2828858164371293E-4
1.2849525332656454E-4
1.2870227095799434E-4
1.2890963395740458E-4
1.2911734173655674E-4
1.293253936996257E-4
1.2953378924325583E-4
1.2974252775661322E-4
1.29951608621443E-4
1.3016103121211883E-4
1.3037079489570252E-4
1.3058089903199193E-4
1.3079134297357982E-4
1.310021260659002E-4
1.312132476472892E-4
1.3142470704903097E-4
1.316365035954129E-4
1.318486366037782E-4
1.320611053845779E-4
1.322739092414206E-4
1.3248704747112627E-4
1.32700519363776E-4
1.329143242027646E-4
1.3312846126484855E-4
1.3334292982020157E-4
1.3355772913245818E-4
1.337728584587717E-4
1.339883170498569E-4
1.3420410415004486E-4
1.3442021899733066E-4
1.3463666082341993E-4
1.3485342885378432E-4
1.3507052230770497E-4
1.3528794039832276E-4
1.355056823326867E-4
1.3572374731180248E-4
1.3594213453067982E-4
1.3616084317838082E-4
1.3637987243806908E-4
1.3659922148705263E-4
1.3681888949683502E-4
1.3703887563316187E-4
1.3725917905606466E-4
1.374797989199113E-4
1.377007343734507E-4
1.3792198455985633E-4
1.3814354861677608E-4
1.3836542567637722E-4
1.385876148653898E-4
1.3881011530515264E-4
1.3903292611166E-4
1.3925604639560576E-4
1.3947947526242633E-4
1.39703211812347E-4
1.399272551404266E-4
1.4015160433660006E-4
1.4037625848572235E-4
1.4060121666761377E-4
1.408264779571021E-4
1.410520414240664E-4
1.4127790613347924E-4
1.4150407114545046E-4
1.4173053551527127E-4
1.4195729829345215E-4
1.4218435852577063E-4
1.4241171525331036E-4
1.4263936751250344E-4
1.4286731433517174E-4
1.4309555474857012E-4
1.43324087775426E-4
1.435529124339823E-4
1.4378202773803527E-4
1.440114326969803E-4
1.442411263158467E-4
1.4447110759534268E-4
1.4470137553189324E-4
1.4493192911768266E-4
1.4516276734068926E-4
1.453938891847313E-4
1.4562529362950282E-4
1.4585697965061265E-4
1.4608894621962615E-4
1.463211923041012E-4
1.4655371686762963E-4
1.4678651886987408E-4
1.4701959726660667E-4
1.4725295100974747E-4
1.4748657904740264E-4
1.4772048032390226E-4
1.479546537798382E-4
1.4818909835210097E-4
1.484238129739178E-4
1.4865879657488873E-4
1.48894048081026E-4
1.49129566414787E-4
1.493653504951161E-4
1.4960139923747527E-4
1.4983771155388536E-4
1.5007428635295883E-4
1.5031112253993765E-4
1.5054821901672988E-4
1.5078557468194224E-4
1.510231884309171E-4
1.5126105915576866E-4
1.5149918574541754E-4
1.5173756708562516E-4
1.5197620205902902E-4
1.5221508954517824E-4
1.5245422842056412E-4
1.5269361755866086E-4
1.5293325582995459E-4
1.531731421019773E-4
1.5341327523934534E-4
1.5365365410378778E-4
1.5389427755418218E-4
1.541351444465902E-4
1.5437625363428443E-4
1.5461760396778888E-4
1.548591942949066E-4
1.5510102346075324E-4
1.5534309030779296E-4
1.5558539367586547E-4
1.5582793240222318E-4
1.5607070532155923E-4
1.5631371126604315E-4
1.5655694906534852E-4
1.5680041754668867E-4
1.5704411553484448E-4
1.5728804185219996E-4
1.5753219531876707E-4
1.5777657475222418E-4
1.5802117896794005E-4
1.5826600677900849E-4
1.585110569962798E-4
1.5875632842838735E-4
1.590018198817801E-4
1.5924753016075322E-4
1.5949345806747577E-4
1.59739602402023E-4
1.5998596196240548E-4
1.6023253554459595E-4
1.604793219425607E-4
1.6072631994829223E-4
1.6097352835183116E-4
1.612209459413E-4
1.6146857150293084E-4
1.6171640382109457E-4
1.6196444167832774E-4
1.6221268385536072E-4
1.6246112913114895E-4
1.6270977628289767E-4
1.6295862408609307E-4
1.6320767131452606E-4
1.6345691674032268E-4
1.6370635913397054E-4
1.6395599726434773E-4
1.6420582989874822E-4
1.6445585580290937E-4
1.6470607374103913E-4
1.6495648247584276E-4
1.6520708076854992E-4
1.6545786737894095E-4
1.6570884106537187E-4
1.659600005848035E-4
1.6621134469282445E-4
1.6646287214368153E-4
1.667145816902984E-4
1.6696647208430898E-4
1.672185420760787E-4
1.6747079041473144E-4
1.6772321584817301E-4
1.6797581712311874E-4
1.6822859298511975E-4
1.6848154217858109E-4
1.6873466344679381E-4
1.6898795553195773E-4
1.6924141717520496E-4
1.694950471166229E-4
1.6974884409528166E-4
1.7000280684925753E-4
1.7025693411565514E-4
1.7051122463063382E-4
1.7076567712942783E-4
1.7102029034637606E-4
1.7127506301493895E-4
1.7152999386772644E-4
1.7178508163651911E-4
1.7204032505229293E-4
1.7229572284523957E-4
1.725512737447935E-4
1.7280697647964948E-4
1.7306282977779178E-4
1.7331883236651157E-4
1.7357498297242927E-4
1.738312803215217E-4
1.740877231391397E-4
1.7434587667438292E-4
1.7460572879791916E-4
1.7486726742707245E-4
1.751304805256856E-4
1.753953561039704E-4
1.7566188221837027E-4
1.7593004697141624E-4
1.7619983851158066E-4
1.7647124503314144E-4
1.7674425477604081E-4
1.7701885602573625E-4
1.7729503711307222E-4
1.7757278641412943E-4
1.7785209235009035E-4
1.7813294338709908E-4
1.784153280361235E-4
1.786992348528131E-4
1.7898465243736472E-4
1.792715694343827E-4
1.7955997453274176E-4
1.798498564654497E-4
1.8014120400951166E-4
1.8043400598579345E-4
1.8072825125888423E-4
1.8102392873696376E-4
1.813210273716633E-4
1.8161953615793635E-4
1.819194441339165E-4
1.8222074038079365E-4
1.82523414022669E-4
1.828274542264291E-4
1.8313285020161267E-4
1.8343959120027383E-4
1.8374766651685384E-4
1.8405706548804744E-4
1.8436777749267146E-4
1.846797919515346E-4
1.8499309832730444E-4
1.853076861243789E-4
1.8562354488875802E-4
1.8594066420790862E-4
1.8625903371064038E-4
1.865786430669753E-4
1.868994819880167E-4
1.8722154022582482E-4
1.875448075732861E-4
1.8786927386398662E-4
1.881949289720831E-4
1.885217628121798E-4
1.888497653392002E-4
1.891789265482599E-4
1.8950923647453915E-4
1.8984068519316253E-4
1.9017326281907065E-4
1.9050695950689503E-4
1.9084176545083336E-4
1.9117767088452925E-4
1.9151466608094178E-4
1.9185274135222855E-4
1.9219188704962178E-4
1.9253209356329964E-4
1.928733513222697E-4
1.9321565079424803E-4
1.9355898248553139E-4
1.939033369408788E-4
1.9424870474339507E-4
1.9459507651440223E-4
1.9494244291332462E-4
1.9529079463756705E-4
1.95640122422396E-4
1.9599041704081825E-4
1.9634166930346383E-4
1.9669387005846606E-4
1.9704701019134503E-4
1.9740108062488805E-4
1.9775607231903162E-4
1.9811197627074594E-4
1.984687835139134E-4
1.9882648511922028E-4
1.991850721940305E-4
1.9954453588227813E-4
1.9990486736434402E-4
2.0026605785694718E-4
2.0062809861302655E-4
2.009909809216331E-4
2.01354696107818E-4
2.017192355325374E-4
2.020845905925931E-4
2.0245075272064885E-4
2.0281771338544292E-4
2.0318546409252072E-4
2.0355399638618152E-4
2.0392330185440633E-4
2.0429337214080974E-4
2.0466419897295258E-4
2.050357742280385E-4
2.0540809008251374E-4
2.057811393463102E-4
2.0615491619543048E-4
2.0652941774625735E-4
2.0690464736997826E-4
2.0728062152299505E-4
2.076573835109712E-4
2.0803503057643632E-4
2.084137658830035E-4
2.0879399562292108E-4
2.0917650517914265E-4
2.0956276854469427E-4
2.0995547240894002E-4
2.1035943663118116E-4
2.1078276058317626E-4
2.1123873592788917E-4
2.1174852106754287E-4
2.1234392477972598E-4
2.1306973502420104E-4
2.1398262143051695E-4
2.1513356911295124E-4
2.1647995230815635E-4
2.1764517882565042E-4
2.1802946639687426E-4
2.1841429581151986E-4
2.1879965961442977E-4
2.1918555038269777E-4
2.1957196072557462E-4
2.1995888328435315E-4
2.2034631073227404E-4
2.2073423577441452E-4
2.2112265114758854E-4
2.2151154962024133E-4
2.2190092399235157E-4
2.2229076709532E-4
2.2268107179187333E-4
2.2307183097596152E-4
2.2346303757265492E-4
2.2385468453804295E-4
2.2424676485912948E-4
2.246392715537397E-4
2.2503219767041303E-4
2.254255362883035E-4
2.2581928051708231E-4
2.2621342349683605E-4
2.266079583979664E-4
2.2700287842109443E-4
2.2739817679695503E-4
2.2779384678630723E-4
2.281898816798284E-4
2.285862747980198E-4
2.2898301949110473E-4
2.2938010913893815E-4
2.2977753715090364E-4
2.3017529696581487E-4
2.3057338205182751E-4
2.3097178590633186E-4
2.313705020558645E-4
2.317695240560102E-4
2.3216884549130478E-4
2.325684599751406E-4
2.329683611496725E-4
2.3336854268572366E-4
2.3376899828268699E-4
2.3416972166843424E-4
2.345707065992212E-4
2.3497194685959707E-4
2.353734362623029E-4
2.357751686481856E-4
2.3617713788610419E-4
2.365793378728334E-4
2.3698176253297593E-4
2.3738440581886643E-4
2.3778726171048176E-4
2.381903242153468E-4
2.3859358736844907E-4
2.3899704523214015E-4
2.3940069189605002E-4
2.3980452147699482E-4
2.4020852811888508E-4
2.406127059926398E-4
2.4101704929609146E-4
2.4142155225390005E-4
2.4182620911746163E-4
2.4223101416482383E-4
2.4263596170058963E-4
2.430410460558346E-4
2.4344626158801693E-4
2.4385160268089071E-4
2.442570637444131E-4
2.446626392146658E-4
2.4506832355375766E-4
2.4547411124974593E-4
2.45879996816545E-4
2.462859747938418E-4
2.466920397470072E-4
2.470981862670152E-4
2.4750440897034853E-4
2.479107024989228E-4
2.483170615199952E-4
2.4872348072608005E-4
2.491299548348663E-4
2.495364785891316E-4
2.499430467566544E-4
2.5034965413014125E-4
2.507562955271281E-4
2.5116296578990815E-4
2.515696597854426E-4
2.5197637240527985E-4
2.523830985654713E-4
2.527898332064917E-4
2.531965712931533E-4
2.5360330781452553E-4
2.540100377838518E-4
2.544167562384696E-4
2.548234582397292E-4
2.5523013887290987E-4
2.5563679324714153E-4
2.56043416495323E-4
2.564500037740421E-4
2.5685655026349316E-4
2.5726305116740254E-4
2.5766950171294005E-4
2.5807589715064904E-4
2.5848223275436183E-4
2.5888850382111783E-4
2.592947056710919E-4
2.5970083364751134E-4
2.6010688311657636E-4
2.6051284946738664E-4
2.609187281118571E-4
2.6132451448464776E-4
2.617302040430767E-4
2.62135792267054E-4
2.6254127465899306E-4
2.629466467437445E-4
2.633519040685118E-4
2.637570422027777E-4
2.6416205673823154E-4
2.6456694328868337E-4
2.649716974899997E-4
2.653763150000243E-4
2.657807914984971E-4
2.661851226869872E-4
2.665893042888119E-4
2.6699333204896714E-4
2.673972017340489E-4
2.678009091321836E-4
2.682044500529482E-4
2.686078203273008E-4
2.6901101580750693E-4
2.694140323670629E-4
2.6981686590062673E-4
2.7021951232394573E-4
2.7062196757377677E-4
2.7102422760782096E-4
2.7142628840465065E-4
2.718281459636346E-4
2.7222979630486685E-4
2.7263123546909573E-4
2.7303245951765416E-4
2.734334645323829E-4
2.73834246615568E-4
2.7423480188986266E-4
2.7463512649821914E-4
2.7503521660381965E-4
2.754350683900031E-4
2.758346780602E-4
2.7623404183785847E-4
2.766331559663753E-4
2.7703201670902617E-4
2.774306203489032E-4
2.7782896318883396E-4
2.7822704155132215E-4
2.786248517784766E-4
2.790223902319426E-4
2.794196532928306E-4
2.798166373616557E-4
2.8021333885826244E-4
2.806097542217615E-4
2.810058799104604E-4
2.814017124017976E-4
2.8179724819227616E-4
2.821924837973939E-4
2.825874157515793E-4
2.829820406081281E-4
2.833763549391273E-4
2.8377035533540165E-4
2.841640384064398E-4
2.84557400780328E-4
2.8495043910369146E-4
2.8534315004162433E-4
2.8573553027762315E-4
2.8612757651352795E-4
2.865192854694514E-4
2.869106538837181E-4
2.873016785127984E-4
2.8769235613124774E-4
2.8808268353163857E-4
2.8847265752449797E-4
2.888622749382465E-4
2.8925153261913014E-4
2.896404274311633E-4
2.9002895625605926E-4
2.9041711599317633E-4
2.9080490355944333E-4
2.9119231588930827E-4
2.91579349934669E-4
2.9196600266481493E-4
2.923522710663654E-4
2.9273815214320614E-4
2.9312364291642583E-4
2.9350874042425896E-4
2.9389344172202553E-4
2.942777438820655E-4
2.9466164399368123E-4
2.950451391630761E-4
2.9542822651329193E-4
2.9581090318415526E-4
2.9619316633221134E-4
2.965750131306633E-4
2.969564407693204E-4
2.973374464545297E-4
2.977180274091197E-4
2.98098180872348E-4
2.9847790409982865E-4
2.9885719436348687E-4
2.9923604895149323E-4
2.9961446516820324E-4
2.9999244033410995E-4
3.0036997178576984E-4
3.007470568757603E-4
3.011236929726116E-4
3.0149987746075607E-4
3.0187560774046327E-4
3.0225088122779104E-4
3.0262569535452206E-4
3.030000475681118E-4
3.033739353316264E-4
3.037473561236924E-4
3.041203074384345E-4
3.0449278678542236E-4
3.0486479168961736E-4
3.052363196913088E-4
3.05607368346068E-4
3.0597793522468397E-4
3.063480179131139E-4
3.06717614012426E-4
3.070867211387443E-4
3.0745533692319143E-4
3.07823459011839E-4
3.0819108506565307E-4
3.0855821276043146E-4
3.089248397867584E-4
3.092909638499474E-4
3.096565826699882E-4
3.100216939814912E-4
3.1038629553363213E-4
3.107503850901047E-4
3.1111396042906507E-4
3.1147701934307586E-4
3.118395596390546E-4
3.1220157913822296E-4
3.125630756760506E-4
3.12924047102208E-4
3.13284491280509E-4
3.136444060888608E-4
3.140037894192121E-4
3.1436263917750156E-4
3.14720953283605E-4
3.1507872967128546E-4
3.1543596628813813E-4
3.1579266109554676E-4
3.161488120686223E-4
3.1650441719616363E-4
3.168594744805948E-4
3.172139819379242E-4
3.175679375976883E-4
3.179213395029066E-4
3.1827418571002387E-4
3.186264742888661E-4
3.1897820332259296E-4
3.1932937090763965E-4
3.196799751536723E-4
3.2003001418354264E-4
3.203794861332304E-4
3.207283891518009E-4
3.210767214013507E-4
3.2142448105696564E-4
3.217716663066658E-4
3.2211827535136056E-4
3.2246430640479624E-4
3.2280975769351727E-4
3.231546274568053E-4
3.234989139466432E-4
3.2384261542765775E-4
3.241857301770778E-4
3.245282564846867E-4
3.2487019265277166E-4
3.252115369960787E-4
3.255522878417655E-4
3.2589244352935695E-4
3.262320024106899E-4
3.2657096284988E-4
3.2781489854684257E-4
3.2905352688982067E-4
3.302868626570602E-4
3.3151492059109206E-4
3.327377153988246E-4
3.3395526175161006E-4
3.3516757428533845E-4
3.3637466760051064E-4
3.3757655626231434E-4
3.3877325480071287E-4
3.3996477771052077E-4
3.4115113945147954E-4
3.4233235444834376E-4
3.4350843709095405E-4
3.4467940173431896E-4
3.458452626986921E-4
3.470060342696567E-4
3.481617306981913E-4
3.4931236620076086E-4
3.504579549593897E-4
3.5159851112173554E-4
3.5273404880117306E-4
3.5386458207687E-4
3.549901249938629E-4
3.5611069156313307E-4
3.5722629576169E-4
3.583369515326376E-4
3.594426727852642E-4
3.605434733951039E-4
3.616393672040301E-4
3.627303680203136E-4
3.6381648961871264E-4
3.648977457405431E-4
3.6597415009375224E-4
3.6704571635299936E-4
3.6811245815972606E-4
3.691743891222371E-4
3.702315228157686E-4
3.712838727825669E-4
3.7233145253196383E-4
3.733742755404516E-4
3.7441235525175197E-4
3.754457050768966E-4
3.764743383942975E-4
3.774982685498247E-4
3.785175088568742E-4
3.795320725964458E-4
3.805419730172165E-4
3.8154722333561073E-4
3.8254783673587417E-4
3.835438263701539E-4
3.845352053585603E-4
3.855219867892434E-4
3.8650418371846907E-4
3.8748180917068853E-4
3.884548761386102E-4
3.894233975832702E-4
3.9038738643410825E-4
3.9134685558903635E-4
3.9230181791451017E-4
3.9325228624560455E-4
3.9419827338607686E-4
3.9513979210844375E-4
3.9607685515405557E-4
3.9700947523315603E-4
3.979376650249603E-4
3.9886143717772927E-4
3.997808043088281E-4
4.0069577900480767E-4
4.016063738214678E-4
4.0251260128393003E-4
4.034144738867067E-4
4.0431200409377023E-4
4.0520520433861906E-4
4.060940870243557E-4
4.0697866452374707E-4
4.0785894917929596E-4
4.0873495330331395E-4
4.096066891779796E-4
4.1047416905542393E-4
4.113374051577781E-4
4.1219640967726155E-4
4.130511947762335E-4
4.1390177258726976E-4
4.1474815521323055E-4
4.1559035472733054E-4
4.1642838317320626E-4
4.1726225256499686E-4
4.180919748874467E-4
4.1891756209606136E-4
4.1973902611739246E-4
4.2055637884970046E-4
4.2136963216447886E-4
4.221787979101855E-4
4.229838879212326E-4
4.2378491403952687E-4
4.245818881652197E-4
4.2537482237438204E-4
4.2616372918692966E-4
4.2694862216521455E-4
4.2772951722543144E-4
4.2850643545220516E-4
4.29279409011413E-4
4.3004849329554497E-4
4.308137912867479E-4
4.315755012135158E-4
4.3233400729403374E-4
4.3309004755492654E-4
4.338450144128029E-4
4.346014741079051E-4
4.353641041208455E-4
4.3614087286846165E-4
4.369450708718605E-4
4.3779824381177506E-4
4.387334131470987E-4
4.397981071614088E-4
4.4105415025745456E-4
4.425601496505028E-4
4.4427764075090603E-4
4.4580874475442866E-4
4.4650520580368365E-4
4.471978868516194E-4
4.478867990464521E-4
4.485719535086573E-4
4.492533613310468E-4
4.499310335788194E-4
4.506049812896391E-4
4.5127521547368247E-4
4.5194174711371424E-4
4.526045871651456E-4
4.5326374655609827E-4
4.539192361874663E-4
4.5457106693297817E-4
4.552192496392614E-4
4.5586379512590694E-4
4.5650471418552435E-4
4.571420175838073E-4
4.5777571605960354E-4
4.584058203249635E-4
4.590323410652109E-4
4.596552889390015E-4
4.602746745783863E-4
4.608905085888683E-4
4.6150280154947054E-4
4.6211156401278967E-4
4.627168065050651E-4
4.633185395262328E-4
4.639167735499906E-4
4.6451151902385474E-4
4.651027863692214E-4
4.6569058598143346E-4
4.662749282298301E-4
4.6685582345781427E-4
4.6743328198290817E-4
4.68007314096816E-4
4.6857793006548537E-4
4.691451401291576E-4
4.697089545024393E-4
4.702693833743513E-4
4.708264369083972E-4
4.7138012524261384E-4
4.719304584896327E-4
4.7247744673674147E-4
4.7302110004594235E-4
4.7356142845400426E-4
4.7409844197252666E-4
4.7463215058800084E-4
4.751625642618591E-4
4.756896929305408E-4
4.762135465055436E-4
4.76734134873488E-4
4.772514678961653E-4
4.7776555541060884E-4
4.7827640722913537E-4
4.787840331394171E-4
4.792884429045277E-4
4.797896462630037E-4
4.8028765292890124E-4
4.8078247259185364E-4
4.812741149171244E-4
4.817625895456658E-4
4.8224790609418015E-4
4.827300741551634E-4
4.8320910329697364E-4
4.8368500306388235E-4
4.8415778297612884E-4
4.8462745252997384E-4
4.850940211977658E-4
4.855574984279808E-4
4.860178936452898E-4
4.8647521625061073E-4
4.869294756211606E-4
4.8738068111051086E-4
4.8782884204864977E-4
4.8827396774202346E-4
4.88716067473603E-4
4.891551505029339E-4
4.895912260661889E-4
4.90024303376222E-4
4.904543916226293E-4
4.90881499971791E-4
4.91305637566941E-4
4.917268135282021E-4
4.92145036952659E-4
4.925603169143948E-4
4.929726624645516E-4
4.933820826313889E-4
4.937885864203289E-4
4.941921828140097E-4
4.94592880772346E-4
4.949906892325719E-4
4.953856171092989E-4
4.957776732945726E-4
4.96166866657913E-4
4.965532060463786E-4
4.969367002846122E-4
4.973173581748979E-4
4.976951884972045E-4
4.98070200009249E-4
4.98442401446538E-4
4.988118015224246E-4
4.991784089281608E-4
4.995422323329421E-4
4.999032803839679E-4
5.002615617064874E-4
5.006170849038494E-4
5.009698585575592E-4
5.013198912273219E-4
5.016671914511004E-4
5.020117677451562E-4
5.023536286041147E-4
5.02692782500999E-4
5.03029237887294E-4
5.033630031929869E-4
5.036940868266213E-4
5.040224971753518E-4
5.043482426049793E-4
5.04671331460018E-4
5.049917720637367E-4
5.053095727182054E-4
5.056247417043503E-4
5.059372872819967E-4
5.062472176899308E-4
5.06554541145931E-4
5.06859265846834E-4
5.071613999685683E-4
5.074609516662164E-4
5.07757929074054E-4
5.080523403056006E-4
5.083441934536715E-4
5.086334965904263E-4
5.089202577674077E-4
5.092044850156E-4
5.094861863454756E-4
5.09765369747038E-4
5.100420431898698E-4
5.103162146231875E-4
5.105878919758832E-4
5.108570831565678E-4
5.111237960536308E-4
5.113880385352799E-4
5.11649818449581E-4
5.119091436245213E-4
5.121660218680419E-4
5.124204609680955E-4
5.126724686926823E-4
5.129220527899073E-4
5.131692209880179E-4
5.134139809954564E-4
5.136563405009066E-4
5.138963071733269E-4
5.141338886620222E-4
5.14369092596663E-4
5.146019265873452E-4
5.148323982246393E-4
5.150605150796212E-4
5.152862847039356E-4
5.155097146298254E-4
5.157308123701881E-4
5.159495854186177E-4
5.161660412494497E-4
5.163801873178029E-4
5.165920310596312E-4
5.168015798917599E-4
5.170088412119426E-4
5.172138223988943E-4
5.174165308123353E-4
5.176169737930512E-4
5.178151586629166E-4
5.18011092724957E-4
5.182047832633785E-4
5.183962375436261E-4
5.18585462812413E-4
5.187724662977783E-4
5.18957255209118E-4
5.191398367372415E-4
5.19320218054402E-4
5.194984063143529E-4
5.196744086523788E-4
5.198482321853505E-4
5.200198840117568E-4
5.201893712117603E-4
5.203567008472265E-4
5.20521879961777E-4
5.20684915580831E-4
5.208458147116406E-4
5.210045843433438E-4
5.211612314470014E-4
5.213157629756368E-4
5.214681858642814E-4
5.21618507030022E-4
5.217667333720354E-4
5.219128717716327E-4
5.220569290923005E-4
5.221989121797428E-4
5.2233882786193E-4
5.224766829491305E-4
5.226124842339511E-4
5.227462384913945E-4
5.228779524788789E-4
5.230076329362943E-4
5.231352865860468E-4
5.232609201330787E-4
5.233845402649346E-4
5.235061536517851E-4
5.236257669464779E-4
5.237433867845703E-4
5.238590197843724E-4
5.239726725469965E-4
5.240843516563839E-4
5.241940636793545E-4
5.24301815165643E-4
5.244076126479378E-4
5.245114626419305E-4
5.2461337164634E-4
5.247133461429687E-4
5.248113925967339E-4
5.249075174557072E-4
5.250017271511532E-4
5.250940280975783E-4
5.251844266927564E-4
5.25272929317782E-4
5.253595423370978E-4
5.25444272098542E-4
5.25527124933386E-4
5.25608107156369E-4
5.25687225065737E-4
5.257644849432918E-4
5.258398930544205E-4
5.259134556481338E-4
5.259851789571088E-4
5.260550691977253E-4
5.261231325701088E-4
5.261893752581601E-4
5.262538034295994E-4
5.263164232360008E-4
5.263772408128435E-4
5.264362622795298E-4
5.264934937394347E-4
5.265489412799423E-4
5.266026109724849E-4
5.266545088725753E-4
5.267046410198519E-4
5.2675301343811E-4
5.267996321353393E-4
5.268445031037679E-4
5.268876323198944E-4
5.26929025744522E-4
5.269686893228026E-4
5.270066289842688E-4
5.270428506428742E-4
5.270773601970298E-4
5.271101635296342E-4
5.271412665081208E-4
5.271706749844882E-4
5.271983947953362E-4
5.272244317619047E-4
5.272487916901124E-4
5.272714803705848E-4
5.272925035786978E-4
5.273118670746108E-4
5.273295766033055E-4
5.27345637894616E-4
5.273600566632738E-4
5.273728386089316E-4
5.273839894162123E-4
5.273935147547325E-4
5.274014202791469E-4
5.274077116291785E-4
5.274123944296572E-4
5.274154742905522E-4
5.274169568070129E-4
5.274168475593927E-4
5.274151521132973E-4
5.274118760196122E-4
5.27407024814539E-4
5.274006040196299E-4
5.2739261914182E-4
5.273830756734756E-4
5.273719790924026E-4
0.0010508537047335155
0.0010490260006800608
0.0010472014937248917
0.0010453801782356587
0.0010435620485900051
0.001041747099175575
0.001039935324389965
0.0010381267186407317
0.0010363212763453615
0.0010345189919312475
0.0010327198598356893
0.00103092387450586
0.001029131030398791
0.0010273413219813636
0.0010255547437302795
0.0010237712901320494
0.0010219909556829741
0.0010202137348891331
0.0010184396222663499
0.0010166686123401945
0.0010149006996459562
0.0010131358787286244
0.0010113741441428778
0.00100961549045306
0.001007859912233169
0.001006107404066832
0.0010043579605473003
0.0010026115762774145
0.0010008682458696049
9.991279639458626E-4
9.973907251377315E-4
9.956565240862812E-4
9.93925355442096E-4
9.92197213865257E-4
9.904720940253275E-4
9.8874999060133E-4
9.87030898281733E-4
9.853148117644382E-4
9.836017257567526E-4
9.818916349753804E-4
9.80184534146409E-4
9.784804180052824E-4
9.76779281296788E-4
9.750811187750441E-4
9.733859252034812E-4
9.71693695354821E-4
9.700044240110666E-4
9.683181059634802E-4
9.666347360125699E-4
9.649543089680713E-4
9.632768196489277E-4
9.616022628832885E-4
9.599306335084731E-4
9.582619263709621E-4
9.565961363263877E-4
9.549332582395089E-4
9.532732869842008E-4
9.516162174434298E-4
9.499620445092456E-4
9.483107630827647E-4
9.466623680741482E-4
9.450168544025934E-4
9.433742169963076E-4
9.417344507925018E-4
9.400975507373715E-4
9.384635117860746E-4
9.36832328902725E-4
9.352039970603731E-4
9.335785112409839E-4
9.319558664354267E-4
9.303360576434634E-4
9.287190798737232E-4
9.271049281436896E-4
9.254935974796909E-4
9.238850829168766E-4
9.222793794992029E-4
9.206764822794246E-4
9.190763863190657E-4
9.174790866884149E-4
9.158845784665061E-4
9.142928567411077E-4
9.127039166086902E-4
9.111177531744372E-4
9.095343615522038E-4
9.079537368645169E-4
9.063758742425605E-4
9.048007688261492E-4
9.032284157637267E-4
9.01658810212351E-4
9.000919473376974E-4
8.985278223140947E-4
8.969664303246318E-4
8.954077665614808E-4
8.938518262267247E-4
8.922986045344872E-4
8.907480967162299E-4
8.892002980337022E-4
8.876552038099559E-4
8.861128095023915E-4
8.845731108714618E-4
8.830361043628797E-4
8.815017879564872E-4
8.799701630126429E-4
8.784412382024673E-4
8.769150376860047E-4
8.753916177276739E-4
8.738710996089314E-4
8.723537330807003E-4
8.708400151656182E-4
8.693309055785382E-4
8.678282036381994E-4
8.663352406719438E-4
8.648577533195264E-4
8.634054190259572E-4
8.619941143833154E-4
8.606484615448799E-4
8.594043589387136E-4
8.583092276895657E-4
8.574092018234274E-4
8.566776341598696E-4
8.558129906143027E-4
8.543188652506607E-4
8.528273663943747E-4
8.513384893911629E-4
8.498522295950677E-4
8.483685823684313E-4
8.468875430818894E-4
8.454091071143485E-4
8.439332698529706E-4
8.424600266931678E-4
8.409893730385745E-4
8.395213043010436E-4
8.380558159006305E-4
8.365929032655649E-4
8.351325618322572E-4
8.33674787045267E-4
8.322195743572931E-4
8.307669192291631E-4
8.293168171298173E-4
8.278692635362889E-4
8.264242539336927E-4
8.249817838152138E-4
8.23541848682091E-4
8.221044440435946E-4
8.206695654170259E-4
8.192372083276884E-4
8.178073683088922E-4
8.163800409019138E-4
8.149552216560069E-4
8.135329061283733E-4
8.121130898841451E-4
8.106957684963903E-4
8.092809375460778E-4
8.078685926220734E-4
8.064587293211222E-4
8.050513432478342E-4
8.036464300146784E-4
8.022439852419513E-4
8.008440045577817E-4
7.994464835981034E-4
7.980514180066483E-4
7.966588034349294E-4
7.952686355422239E-4
7.938809099955689E-4
7.924956224697352E-4
7.911127686472262E-4
7.897323442182468E-4
7.883543448807081E-4
7.869787663402025E-4
7.856056043099934E-4
7.842348545109983E-4
7.828665126717817E-4
7.815005745285304E-4
7.801370358250528E-4
7.787758923127523E-4
7.774171397506255E-4
7.760607739052419E-4
7.747067905507292E-4
7.733551854687618E-4
7.720059544485495E-4
7.70659093286821E-4
7.693145977878069E-4
7.679724637632406E-4
7.666326870323204E-4
7.652952634217214E-4
7.639601887655676E-4
7.626274589054217E-4
7.612970696902657E-4
7.599690169765051E-4
7.586432966279357E-4
7.573199045157381E-4
7.55998836518471E-4
7.546800885220445E-4
7.533636564197217E-4
7.520495361120926E-4
7.507377235070652E-4
7.494282145198587E-4
7.481210050729816E-4
7.46816091096222E-4
7.455134685266338E-4
7.442131333085264E-4
7.429150813934468E-4
7.416193087401739E-4
7.403258113146944E-4
7.39034585090202E-4
7.377456260470773E-4
7.364589301728719E-4
7.351744934623037E-4
7.338923119172436E-4
7.326123815466908E-4
7.313346983667746E-4
7.30059258400735E-4
7.287860576789051E-4
7.275150922387122E-4
7.26246358124648E-4
7.249798513882666E-4
7.237155680881697E-4
7.224535042899967E-4
7.211936560664043E-4
7.199360194970626E-4
7.186805906686315E-4
7.174273656747627E-4
7.161763406160777E-4
7.149275116001514E-4
7.136808747415111E-4
7.124364261616152E-4
7.111941619888441E-4
7.099540783584875E-4
7.087161714127351E-4
7.074804373006527E-4
7.062468721781819E-4
7.05015472208128E-4
7.037862335601355E-4
7.025591524106908E-4
7.013342249430955E-4
7.00111447347467E-4
6.988908158207212E-4
6.97672326566552E-4
6.96455975795435E-4
6.952417597246053E-4
6.940296745780435E-4
6.928197165864704E-4
6.916118819873288E-4
6.90406167024778E-4
6.89202567949676E-4
6.88001081019567E-4
6.868017024986744E-4
6.856044286578897E-4
6.84409255774749E-4
6.832161801334323E-4
6.820251980247504E-4
6.808363057461297E-4
6.796494996016015E-4
6.78464775901786E-4
6.772821309638911E-4
6.761015611116902E-4
6.749230626755134E-4
6.737466319922383E-4
6.725722654052756E-4
6.713999592645569E-4
6.702297099265264E-4
6.690615137541269E-4
6.678953671167835E-4
6.667312663904038E-4
6.655692079573527E-4
6.644091882064506E-4
6.632512035329559E-4
6.620952503385589E-4
6.609413250313655E-4
6.597894240258871E-4
6.586395437430294E-4
6.574916806100765E-4
6.563458310606955E-4
6.552019915349004E-4
6.540601584790602E-4
6.529203283458796E-4
6.517824975943878E-4
6.506466626899294E-4
6.495128201041511E-4
6.483809663149894E-4
6.472510978066636E-4
6.461232110696612E-4
6.449973026007262E-4
6.4387336890285E-4
6.427514064852576E-4
6.416314118633988E-4
6.405133815589384E-4
6.393973120997347E-4
6.382832000198456E-4
6.371710418595049E-4
6.360608341651103E-4
6.34952573489223E-4
6.338462563905475E-4
6.327418794339203E-4
6.316394391903064E-4
6.305389322367802E-4
6.294403551565201E-4
6.283437045387926E-4
6.272489769789484E-4
6.261561690784026E-4
6.250652774446323E-4
6.239762986911584E-4
6.228892294375407E-4
6.218040663093601E-4
6.207208059382191E-4
6.196394449617194E-4
6.185599800234565E-4
6.174824077730063E-4
6.164067248659204E-4
6.15332927963708E-4
6.142610137338262E-4
6.131909788496776E-4
6.121228199905895E-4
6.110565338418076E-4
6.099921170944863E-4
6.089295664456719E-4
6.078688785983034E-4
6.068100502611942E-4
6.057530781490158E-4
6.046979589823051E-4
6.036446894874336E-4
6.02593266396607E-4
6.015436864478641E-4
6.004959463850422E-4
5.994500429577905E-4
5.984059729215466E-4
5.973637330375274E-4
5.963233200727238E-4
5.952847307998835E-4
5.942479619975094E-4
5.932130104498392E-4
5.92179872946844E-4
5.911485462842104E-4
5.901190272633349E-4
5.890913126913138E-4
5.88065399380932E-4
5.870412841506497E-4
5.860189638246005E-4
5.8499843523257E-4
5.83979695209993E-4
5.829627405979423E-4
5.81947568243118E-4
5.809341749978393E-4
5.799225577200278E-4
5.78912713273208E-4
5.779046385264857E-4
5.768983303545494E-4
5.758937856376453E-4
5.74891001261588E-4
5.738899741177316E-4
5.728907011029679E-4
5.718931791197192E-4
5.708974050759189E-4
5.699033758850155E-4
5.68911088465947E-4
5.679205397431457E-4
5.669317266465121E-4
5.659446461114259E-4
5.649592950787162E-4
5.639756704946634E-4
5.629937693109852E-4
5.620135884848299E-4
5.6103512497876E-4
5.600583757607527E-4
5.590833378041808E-4
5.581100080878071E-4
5.571383835957753E-4
5.561684613176009E-4
5.552002382481555E-4
5.542337113876631E-4
5.532688777416934E-4
5.523057343211437E-4
5.513442781422351E-4
5.503845062264976E-4
5.494264156007692E-4
5.484700032971812E-4
5.475152663531455E-4
5.465622018113513E-4
5.456108067197524E-4
5.446610781315566E-4
5.437130131052215E-4
5.427666087044382E-4
5.418218619981251E-4
5.408787700604213E-4
5.399373299706728E-4
5.389975388134248E-4
5.38059393678413E-4
5.371228916605515E-4
5.361880298599314E-4
5.352548053817979E-4
5.34323215336556E-4
5.333932568397502E-4
5.324649270120625E-4
5.315382229792931E-4
5.306131418723669E-4
5.296896808273093E-4
5.287678369852465E-4
5.278476074923928E-4
5.269289895000347E-4
5.260119801645428E-4
0.3031463716997954
