4.0575997027307886E-5
8.114830904131794E-5
1.217172787541213E-4
1.6228335171826602E-4
2.0284706573182326E-4
2.4340903827924974E-4
2.8396995225587356E-4
3.245305402450004E-4
3.6509156763450115E-4
4.0565381487488145E-4
4.462180591937528E-4
4.867850560925386E-4
5.273555209601699E-4
5.679301111451261E-4
6.085094088309316E-4
6.490939050603137E-4
6.896839852486995E-4
7.30279916517571E-4
7.708818371613081E-4
8.11489748536728E-4
8.521035096317162E-4
8.927228345279338E-4
9.333472929223894E-4
9.739763138142914E-4
0.001014609192397839
0.0010552451001299167
0.0010958830978658424
0.0011365221518785916
0.0011771611524997885
0.001217798935046861
0.001258434302632911
0.0012990660503965955
0.0013396929906411429
0.0013803139783365673
0.0014209279364187557
0.001461533880314445
0.0015021309411324991
0.0015427183869890994
0.0015832956419764717
0.001623862302340128
0.001664418149496053
0.0017049631595944317
0.0017454975094175278
0.00178602157848319
0.0018265359473093256
0.0018670413918757257
0.0019075388743954372
0.0019480295305764582
0.0019885146536143808
0.0020289956752068935
0.002028898146894083
0.002028803392236434
0.0020287127771760993
0.0020286276046283126
0.0020285490966590164
0.002028478377939833
0.0020284164606425748
0.00202836423091304
0.0020283224370441473
0.002028291679451832
0.0020282724025429107
0.0020282648885523594
0.002028269253416832
0.002028285444741326
0.0020283132419052713
0.002028352258342285
0.00202840194601321
0.0020284616020741055
0.002028530377719122
0.0020286072891521826
0.002028691230611279
0.0020287809893353515
0.0020288752623267067
0.0020289726747229372
0.002029071799552558
0.00202917117860951
0.002029269344145053
0.0020293648410430287
0.0020294562491176013
0.002029542205153064
0.002029621424294224
0.00202969272039456
0.0020297550249381148
0.0020298074041704564
0.002029849074103716
0.0020298794131000954
0.00202989797178636
0.0020299044801071215
0.0020298988513857506
0.0020298811833260925
0.002029851755954245
0.0020298110265647078
0.0020297596217975955
0.002029698327031005
0.002029628073323444
0.0020295499221839814
0.002029465048481479
0.0020293747218282083
0.0020292802867873014
0.002029183142257974
0.00202908472038916
0.002028986465359723
0.0020288898123443956
0.002028796166960513
0.0020287068854631446
0.0020286232559269387
0.0020285464806234364
0.0020284776597740174
0.0020284177768322862
0.002028367685425953
0.0020283280980681463
0.0020282995767308405
0.002028282525359168
0.0020282771843937097
0.00202828362735781
0.002028301759557312
0.002028331318930108
0.002028371879070973
0.0020284228544427494
0.002028483507766867
0.0020285529595641667
0.0020286301997904143
0.002028714101480336
0.0020288034362792857
0.0020288968917041585
0.0020289930899356156
0.002029090607903715
0.0020291879983900816
0.0020292838118336643
0.0020293766184957484
0.002029465030614425
0.002029547724161647
0.0020296234598074846
0.0020296911026981748
0.002029749640666876
0.002029798200519419
0.0020298360620709323
0.002029862669652682
0.0020298776408603104
0.0020298807723734343
0.002029872042740328
0.002029851612088076
0.0020298198187858043
0.002029777173154345
0.0020297243483772963
0.0020296621688246095
0.0020295915960481655
0.0020295137127484693
0.002029429705041378
0.0020293408433733964
0.0020292484625000474
0.002029153940875974
0.002029058679797188
0.0020289640826196766
0.0020288715343564014
0.002028782381927927
0.0020286979153123354
0.002028619349809484
0.0020285478096042967
0.0020284843127853064
0.0020284297579488218
0.0020283849124966237
0.0020283504027162726
0.002028326705717807
0.002028314143288401
0.0020283128777167218
0.0020283229096300895
0.0020283440778794378
0.00202837606149765
0.002028418383745738
0.0020284704182468908
0.0020285313971902855
0.002028600421564005
0.002028676473349596
0.0020287584295794916
0.0020288450781237736
0.0020289351350352702
0.002029027263243092
0.002029120092345805
0.002029212239218576
0.0020293023291150505
0.0020293890169166603
0.002029471008160967
0.0020295470794677536
0.0020296160979787047
0.0020296770394334068
0.002029729004522532
0.0020297712331874265
0.0020298031165739256
0.002029824206395831
0.002029834221518592
0.0020298330516348552
0.0020298207579683095
0.002029797571008614
0.0020297638853460664
0.0020297202517370666
0.002029667366589437
0.002029606059107159
0.002029537276376585
0.0020294620667089596
0.0020293815644595865
0.0020292969733951122
0.0020292095489922437
0.002029120580042561
0.002029031369921294
0.0020289432178544945
0.002028857400490692
0.0020287751540513832
0.0020286976573015776
0.0020286260155484444
0.0020285612458445226
0.0020285042635430454
0.0020284558703274145
0.002028416743815186
0.0020283874288193676
0.002028368330335576
0.0020283597083125627
0.0020283616742544576
0.0020283741896949263
0.0020283970665751004
0.0020284299695473387
0.0020284724202146403
0.0020285238033000215
0.002028583374720539
0.002028650271516949
0.002028723523561908
0.0020288020669378738
0.002028884758841142
0.0020289703938317577
0.0020290577212119226
0.0020291454632794886
0.0020292323341698443
0.0020293170589707732
0.002029398392772247
0.0020294751392980984
0.0020295461687603908
0.002029610434580829
0.002029666988637185
0.0020297149947167536
0.002029753739892452
0.002029782643579968
0.0020298012640846672
0.002029809302503509
0.002029806603907774
0.002029793155795137
0.0020297690838622187
0.002029734645208907
0.0020296902191416413
0.0020296362957924847
0.002029573462812553
0.002029502537454212
0.002029424533013473
0.0020293406254686757
0.002029252120584908
0.002029160421750868
0.002029066998803666
0.002028973358079204
0.002028881013902514
0.0020287914617054207
0.0020287061529302925
0.0020286264718492363
0.002028553714400302
0.0020284890691164067
0.0020284336002002914
0.0020283882327798387
0.0020283537403632214
0.002028330734501855
0.0020283196566608214
0.0020283207722903793
0.0020283341670873103
0.0020283597454302383
0.002028397230967413
0.002028446169327683
0.0020285059329149856
0.0020285757277322815
0.0020286546021630234
0.0020287414576159167
0.0020288350609131674
0.0020289340582735605
0.002029036990710864
0.002029142310636508
0.0020292483994242363
0.0020293535856657262
0.0020294561638207744
0.0020295544129458566
0.0020296466151714728
0.0020297310735932416
0.002029806129244819
0.0020298701768329797
0.002029921678936794
0.0020299591784032076
0.00202998130871002
0.0020299868021130367
0.002029974495445498
0.0020299433334932293
0.0020298923699262647
0.002029820765825051
0.0020297277858945546
0.0020296127925110838
0.0020294752377923333
0.002029322152092053
0.00202915989950976
0.0020289942087804405
0.002028830201273869
0.0020286724164768942
0.0020285248353244427
0.002028390901729999
0.0020282735426450857
0.002028175186951349
0.002028097783459419
0.002028042818257931
0.002028011331624622
0.002028003934681465
0.0020280208259477843
0.002028061807920465
0.0020281263037888963
0.0020282133743748116
0.0020283217353729197
0.002028449774957283
0.0020285955718097274
0.002028756913619483
0.002028931316096578
0.0020291160425345363
0.002029308123949257
0.002029504379810302
0.0020297014393671577
0.0020298957635562086
0.0020300836674540346
0.0020302613432195385
0.002030424883441758
0.0020305703047829022
0.002030693571778154
0.002030790620626452
0.0020308573827809593
0.0020308898081257466
0.0020308838875075425
0.002030835674379582
0.0020307413053094322
0.0020305970191049363
0.002030399174322589
0.002030144264940791
0.002029828934005943
0.0020294499850920934
0.0020290043914533867
0.0020284893027917384
0.0020279020496087362
0.0020272401451586325
0.0020265012850670693
0.0020256833447260124
0.0020247843746175323
0.002024185000981755
0.0020238536087004216
0.0020237602042027765
0.002023876347066829
0.0020241750826746944
0.0020246308761308137
0.0020252195476481664
0.0020259182095973575
0.0020267052053975455
0.002027560050407952
0.0020284633749553557
0.002029396869608177
0.002030343232782254
0.002031286120739083
0.002032210100014565
0.0020331006022961313
0.0020339438817488812
0.0020347269747775605
0.0020354376622000294
0.002036064433799777
0.0020365964552189167
0.0020370235371483794
0.0020373361067680534
0.0020375251813854077
0.0020375823442159986
0.0020374997222425534
0.0020372699660806074
0.002036886231767571
0.0020363421643787116
0.002035631883357979
0.0020347499694344305
0.002033691452976639
0.0020324518036191957
0.0020310269209775694
0.0020294131262518587
0.0020276071545068932
0.0020256061474068364
0.002023407646177992
0.00202100958457421
0.002018410281625862
0.002015608433965873
0.0020126031075448545
0.002009393728571298
0.002005980073541789
0.0020023622582592514
0.0019985407257731387
0.0019945162332133375
0.0019902898375275995
0.001985862880169694
0.0019812369708203134
0.0019959167633069584
0.002009254263257167
0.0020212967866598086
0.0020320903770620798
0.0020416798290348996
0.0020501087104678366
0.0020574193839364933
0.002063653027373891
0.0020688496542608003
0.0020730481335293877
0.0020762862093508224
0.0020786005209522088
0.00208002662258218
0.002080599003719005
0.002080351109591092
0.002079315362057862
0.0020775231808797937
0.002075005005390367
0.002071790316569496
0.0020679076595078636
0.0020633846662439412
0.0020582480789500127
0.0020525237734394515
0.0020462367829643525
0.0020394113222698567
0.0020320708118683048
0.00202423790249253
0.0020159344996827757
0.002007181788455496
0.0019980002579952187
0.0019884097263021265
0.0019784293647192087
0.0019680777222534787
0.001957372749596889
0.0019463318227445183
0.0019349717661012017
0.0019233088749634362
0.001911358937261712
0.0018991372544499765
0.001886658661433703
0.001873937545436494
0.0018609878637170028
0.0018478231600631376
0.0018344565800085333
0.0018209008847367362
0.0018071684636606503
0.0017932713456878014
0.0017792212092052145
0.0017650293908400404
0.0017507068930731062
0.0027309081786865085
0.0026773477543254568
0.002624835352767999
0.002573350749050018
0.0025228741302417926
0.0024733860811959603
0.002424867570729826
0.002377299938338207
0.0023306648815178714
0.0022849444437679526
0.0022401210033139033
0.002196177262585498
0.002153096238463505
0.0021108612532946937
0.002069455926661903
0.0020288641678847877
0.0019890701692179724
0.001950058399706716
0.0019118135996556561
0.0018743207756635669
0.0018375651961762048
0.0018015323875096951
0.001766208130298298
0.0017315784563224218
0.0016976296456749276
0.0016643482242260353
0.0016317209613489324
0.0015997348678696253
0.001568377194205331
0.0015376354286558858
0.0015074972958123137
0.0014779507550458128
0.0014489839990394146
0.0014205854523234506
0.0013927437697750435
0.0013654478350413756
0.001338686758846692
0.001312449877144022
0.0012867267490746673
0.0012615071547016229
0.0012367810924873508
0.0012125387764916824
0.0011887706332719052
0.00116546729847424
0.0011426196131136227
0.0011202186195467916
0.0010982555571517868
0.0010767218577349136
0.0010556091406935437
0.0010349092079697385
0.05174151921766167
