4.389125942728855E-5
8.724580476847329E-5
1.3006516209785704E-4
1.7235132098962616E-4
2.141076483236712E-4
2.553414861640599E-4
2.9607093729602097E-4
3.363410911005776E-4
3.762592809328496E-4
4.160638208313032E-4
4.5624156204291213E-4
4.976963361589029E-4
5.419275998625211E-4
5.910966285065269E-4
6.477613418662243E-4
7.140488659334634E-4
7.90270843511041E-4
8.735499232921086E-4
9.576348828368878E-4
0.0010349688679698156
0.0011005246933113982
0.0011546490602955329
0.0012019417298341788
0.0012469443174006356
0.001291363474123515
0.0013352021349443894
0.001378463282565079
0.001421149945190427
0.0014632651942669487
0.00150481214221703
0.0015457939401683466
0.0015862137756781714
0.0016260748704522078
0.0016653804780575926
0.0017041338816296866
0.0017423383915722971
0.0017799973432509216
0.001817114094678648
0.0018536920241943105
0.0018897345281325309
0.0019252450184852523
0.0019602269205544727
0.0019946836705960606
0.0020286187134556035
0.0020620355002015254
0.0020949374857785184
0.0021273281267746753
0.0021592108796622427
0.0021905892008368395
0.0022214665531109547
0.0022079551748183605
0.0021944866722904306
0.0021810636080168045
0.0021676895001540523
0.002154370634937706
0.002141120719942889
0.0021279721407184613
0.0021150014516457837
0.002102382952535666
0.002090491993695469
0.0020800845978248615
0.002072570984464911
0.002070358201933191
0.002077138290809602
0.0020978373633373086
0.0021377793836208866
0.0022006541024491445
0.0022854219649901543
0.002383465816480896
0.0024785406027181293
0.002551870705180043
0.0025914531900292407
0.0025992580413752675
0.002588651682159586
0.002572957946523443
0.002557356084496399
0.002541848154146511
0.0025264361334636555
0.0025111219204964875
0.002495907333490994
0.002480794111030169
0.002465783912174234
0.002450878316601003
0.0024360788247459585
0.0024213868579417053
0.0024068037585564424
0.0023923307901312623
0.0023779691375160183
0.0023637199070036413
0.0023495841264627626
0.0023355627454686744
0.0023216566354325487
0.002307866589729065
0.0022941933238225408
0.002280637475391875
0.0022671996044549988
0.0022538801934950323
0.002240679647596638
0.002227598294625307
0.0022146363855756078
0.002201794095558805
0.0021890715271187214
0.0021764687217121154
0.0021639856986883574
0.00215162258286211
0.0021393800035209368
0.0021272602781467836
0.0021152707154060693
0.002103432202248717
0.0020917998027515476
0.0020805079575849953
0.00206986063629552
0.002060494008616942
0.002053638954042069
0.002051482997538406
0.0020575283810057247
0.0020766110594563555
0.0021139580422379293
0.0021726884408883812
0.002250043077581817
0.0023344899356241467
0.0024075473065004764
0.002452562480736005
0.0024657058041761713
0.0024580299187443714
0.002444112657663886
0.002430372229941725
0.00241680779992664
0.0024034184645609006
0.0023902032539367623
0.0023771611318289623
0.002364290996204143
0.00235159167970814
0.0023390619501321985
0.00232670051085917
0.0023145060012909817
0.0023024769972585834
0.0022906120114157677
0.002278909493618294
0.002267367831289826
0.0022559853497762547
0.0022447603126900736
0.002233690922246504
0.002222775319593185
0.002212011585135213
0.0022013977388575037
0.0021909317406463877
0.0021806114906125496
0.002170434829417919
0.002160399538611162
0.002150503341035993
0.0021407439013682718
0.0021311188270627074
0.0021216256709720533
0.0021122619409291144
0.0021030251368309165
0.0020939128880534683
0.0020849234228211156
0.0020760570159531343
0.002067319954871198
0.002058734045908684
0.0020503563648978265
0.0020423151932199807
0.0020348707810037567
0.002028521808232905
0.0020242026485872778
0.002023605435554568
0.0020295006770726163
0.002045597596757478
0.002075280510215972
0.0021189612036824662
0.0021710984037979966
0.002219840665128333
0.0022522717117311624
0.0022632468685355837
0.0022590580711543164
0.0022500946309983658
0.002241294754681743
0.0022326553257561734
0.0022241731988087957
0.0022158451991937146
0.002207668122758898
0.0021996387355720415
0.0021917537736491615
0.002184009942689544
0.002176403917820848
0.0021689323433581186
0.0021615918325803792
0.0021543789675285987
0.002147290298828707
0.002140322345543297
0.0021334715950556836
0.002126734502989811
0.002120107493169625
0.002113586957621213
0.002107169256621151
0.0021008507187943466
0.002094627641264468
0.0020884962898601697
0.0020824528993802554
0.002076493676435426
0.0020706148020160236
0.002064812433872051
0.0020590827090305156
0.0020534217479400508
0.0020478256668710134
0.002042290625504511
0.0020368130072864715
0.0020313900406796867
0.002026021681972887
0.002020715495802019
0.002015497047987998
0.0020104267932029513
0.0020056174384106085
0.0020012363259352952
0.001997486771722047
0.0019946167474285364
0.0019930589914289964
0.0019937106371759714
0.0019980781534585574
0.002007876121095844
0.0020239118533439448
0.002044566321941711
0.002065116158655514
0.0020796242905295526
0.002085066903100154
0.0020836874718455967
0.0020800722362782622
0.002076529750447933
0.0020730564704009302
0.0020696488287889232
0.0020663032339680214
0.0020630160692140485
0.002059783692058557
0.0020566024337497187
0.002053468598841638
0.0020503784649153383
0.0020473282824341357
0.002044314274735719
0.0020413326381628996
0.002038379542334497
0.0020354511305575532
0.0020325435203816067
0.0020296528042954226
0.0020267750505663065
0.0020239063042216273
0.002021042588172026
0.0020181799044753554
0.002015314235740135
0.0020124415466670894
0.0020095579139384257
0.0020066595127381922
0.002003742604522665
0.0020008035260846843
0.0019978386803909455
0.0019948445317681685
0.001991817617200427
0.001988754621530786
0.001985652688488919
0.0019825105041190475
0.0019793315547667555
0.0019761324183689313
0.0019729598040275414
0.0019699159737675493
0.0019671767902771586
0.001964964397537956
0.001963444693187837
0.001962607709019896
0.0019622955262247944
0.0019624409638719993
0.0019632619226666224
0.0019651488657883567
0.0019683707160097906
0.001972727324892602
0.001977313342255136
0.001980828639621491
0.0019824841688068106
0.0019826445311969857
0.001982275161398409
0.0019818841567302422
0.001981468027195561
0.0019810232191566626
0.0019805461181431703
0.0019800330519309044
0.00197948029387473
0.0019788840664790763
0.0019782405451900503
0.001977545862393551
0.001976796111604119
0.001975987351829554
0.0019751156120967994
0.0019741768961248434
0.0019731671871308152
0.0019720824527557283
0.001970918650096742
0.0019696717308330834
0.001968337646433157
0.001966912353430685
0.0019653918187580452
0.001963772025125331
0.001962055517108234
0.0019602442153024216
0.001958339461704815
0.001956342063458699
0.0019542523351603067
0.0019520701406247319
0.0019497949383749345
0.0019474258497816145
0.0019449618259288087
0.0019424021847308517
0.0019397483590690332
0.0019370090322427139
0.0019342130362386691
0.0019314355146327628
0.0019288361106878343
0.0019266836317480647
0.0019253071803325733
0.0019249265595419442
0.0019254485288405653
0.0019264737330077191
0.0019276053278442222
0.0019286993727259455
0.001929758250428206
0.001930787586523128
0.0019317919254611406
0.0019327664569950556
0.0019336922101021808
0.001934544283551657
0.0019353068867842978
0.0019359744400560853
0.0019365413585366498
0.0019370020662637165
0.0019373510095403394
0.0019375826697846932
0.0019376915758421982
0.0019376723157696117
0.0019375195481006972
0.0019372280126029994
0.0019367925405351723
0.0019362080644142556
0.0019354696273021978
0.0019345723916208883
0.001933511647504853
0.0019322828207007348
0.001930881480022569
0.0019293033443718406
0.0019275442893311857
0.001925600353340581
0.0019234677434647636
0.001921142840760557
0.0019189558805626189
0.0019168770400545332
0.0019148780392458525
0.0019129320963866341
0.0019110138842309873
0.0019090994873638895
0.0019071663617647536
0.001905193302359471
0.001903160444119889
0.0019010493988934904
0.0018988438900897422
0.001896531997258663
0.0018941128600030496
0.0018916134879638162
0.001889122551285143
0.0018868388130781305
0.0018851000869723482
0.0018843152241296833
0.0018847418212678906
0.0018862275393771678
0.0018882305528770459
0.0018902239531262163
0.001892011808717091
0.0018935835852887763
0.0018949294285186256
0.0018960401468306888
0.0018969071943346508
0.001897522653993898
0.0018978792210213639
0.0018979701865018358
0.0018977894212393427
0.0018973313598283188
0.0018965909849471604
0.001895563811872869
0.0018942458732154007
0.001892633703870413
0.0018907243261890435
0.0018885152353633693
0.0018860043850262387
0.0018831901730640844
0.0018800714276414165
0.001876647393435616
0.0018729177180807242
0.0018688824388188323
0.0018645419693577893
0.001859897086933821
0.0018549489195777717
0.001849698933583583
0.0018441489211776902
0.0018383009883879893
0.0018491802866484111
0.0018587498363218367
0.0018670540021221273
0.0018741361881189661
0.0018800388516877218
0.0018848035173853563
0.0018884707909988154
0.001891080375059963
0.0018926710920775022
0.0018932809429793654
0.0018929473096112282
0.0018917076830342735
0.0018896020762396116
0.0018866800479279697
0.0018830180182327935
0.0018787534640961185
0.0018741325730313554
0.0018695353856107851
0.001865400406759048
0.0018619962461428824
0.0018591678990201874
0.001856374896691087
0.0018531090686577246
0.0018492050660905762
0.001844684139898182
0.001839567156856721
0.0018338746036478644
0.001827626590877063
0.001820842857072216
0.0018135427726627504
0.0018057453439390915
0.0017974692169925519
0.0017887326816356053
0.0017795536753025722
0.0017699497869307073
0.0017599382608216787
0.0017495360004834595
0.0017387595724526169
0.0017276252100970006
0.0017161488173988379
0.0017043459727182299
0.00169223193253704
0.0016798216351831964
0.0016671297045353884
0.0016541704537081706
0.0016409578887174622
0.0016275057121264498
0.001613827326671895
0.0015999358388708402
0.0015858440626077166
0.002440001726351417
0.0023909466085450504
0.002342781297601142
0.0022954925769016784
0.0022490673768537136
0.0022034927738171783
0.0021587559890754392
0.002114844388030018
0.002071745480557734
0.002029446926986151
0.001987936568946166
0.0019472025599642133
0.0019072338532817221
0.0018680218116281062
0.0018295648206478696
0.001791879421800819
0.0017550216702102754
0.0017191154144290824
0.0016843634607363132
0.0016509933776587586
0.0016191112610108506
0.0015885521485973796
0.0015589230601649334
0.0015298737566424012
0.0015012807121939388
0.0014731384912492983
0.0014454417011881163
0.0014181849921719228
0.0013913630569761595
0.00136497063082219
0.0013390024912093188
0.0013134534577468008
0.001288318391985854
0.001263592197251678
0.0012392698184754663
0.0012153462420264188
0.0011918164955437554
0.0011686756477687335
0.0011459188083766546
0.0011235411278088892
0.0011015377971048774
0.0010799040477341543
0.0010586351514283584
0.0010377264200132441
0.0010171732052407004
9.969708986207605E-4
9.77114931253619E-4
9.57600773661641E-4
9.38423935621382E-4
9.195799659955971E-4
0.045205797656904835
