1.2674076646167082E-6
1.2674076686549286E-6
1.267407672692577E-6
1.2674076767296528E-6
1.2674076807661564E-6
1.267407684802088E-6
1.2674076888374465E-6
1.2674076928722335E-6
1.267407696906448E-6
1.26740770094009E-6
1.2674077049731603E-6
1.2674077090056565E-6
1.2674077130375819E-6
1.2674077170689346E-6
1.2674077210997147E-6
1.2674077251299237E-6
1.2674077291595587E-6
1.2674077331886219E-6
1.2674077372171125E-6
1.2674077412450313E-6
1.2674077452723767E-6
1.2674077492991508E-6
1.267407753325352E-6
1.2674077573509808E-6
1.2674077613760371E-6
1.2674077654005213E-6
1.267407769424433E-6
1.2674077734477715E-6
1.2674077774705387E-6
1.267407781492733E-6
1.267407785514354E-6
1.2674077895354044E-6
1.2674077935558808E-6
1.267407797575785E-6
1.267407801595117E-6
1.2674078056138765E-6
1.2674078096320642E-6
1.2674078136496777E-6
1.26740781766672E-6
1.2674078216831897E-6
1.2674078256990864E-6
1.2674078297144107E-6
1.2674078337291627E-6
1.2674078377433422E-6
1.2674078417569488E-6
1.2674078457699838E-6
1.267407849782446E-6
1.267407853794335E-6
1.2674078578056513E-6
1.2674078618163962E-6
1.2674078658265667E-6
1.2674078698361657E-6
1.2674078738451926E-6
1.2674078778536468E-6
1.2674078818615283E-6
1.2674078858688365E-6
1.2674078898755725E-6
1.2674078938817362E-6
1.2674078978873268E-6
1.2674079018923453E-6
1.267407905896791E-6
1.2674079099006647E-6
1.2674079139039651E-6
1.2674079179066918E-6
1.2674079219088481E-6
1.2674079259104297E-6
1.2674079299114396E-6
1.2674079339118793E-6
1.2674079379117423E-6
1.2674079419110352E-6
1.267407945909754E-6
1.2674079499079002E-6
1.2674079539054747E-6
1.2674079579024762E-6
1.2674079618989039E-6
1.2674079658947604E-6
1.267407969890043E-6
1.267407973884754E-6
1.2674079778788909E-6
1.2674079818724566E-6
1.2674079858654487E-6
1.2674079898578686E-6
1.2674079938497142E-6
1.2674079978409892E-6
1.2674080018316911E-6
1.2674080058218187E-6
1.2674080098113748E-6
1.2674080138003575E-6
1.2674080177887688E-6
1.2674080217766055E-6
1.2674080257638701E-6
1.267408029750563E-6
1.2674080337366817E-6
1.2674080377222283E-6
1.2674080417072022E-6
1.2674080456916026E-6
1.2674080496754304E-6
1.267408053658685E-6
1.2674080576413687E-6
2.534816131208884E-6
0.01011934528626373
0.009979637644782291
0.009841841912849656
0.009705932173574463
0.009571882921243781
0.009439669052133549
0.009309265855338986
0.009180649003640603
0.009053794544424034
0.00892867889066827
0.008805278812019477
0.008683571425965275
0.008563534189123473
0.00844514488866068
0.0083283816338533
0.008213222847804732
0.008099647259329571
0.007987633895017466
0.007877162071486674
0.0077682113878367815
0.007660761718310631
0.007554793205172019
0.00745028625180774
0.007347221516059949
0.007245579903793879
0.007145342562706585
0.007046490876379357
0.006949006458577621
0.006852871147799825
0.006758067002076696
0.006664576294021226
0.006572381506128916
0.0064814653263269816
0.00639181064377075
0.006303400544883737
0.006216218309639087
0.0061302474080770835
0.0060454714970544195
0.005961874417219707
0.005879440190209202
0.005798153016055983
0.005717997270805532
0.005638957504330184
0.005561018438334357
0.005484164964542205
0.005408382143058835
0.005333655200896026
0.00525996953065318
0.005187310689343871
0.005115664397358298
0.005045016537551503
0.004975353154447873
0.0049066604535512775
0.004838924800751213
0.004772132721814647
0.004706270901953538
0.004641326185458604
0.0045772855753887344
0.004514136233307186
0.004451865479054734
0.004390460790550492
0.004329909803612034
0.004270200311785555
0.004211320266177841
0.004153257775282232
0.004096001104790679
0.004039538677384897
0.0039838590724992915
0.003928951026049304
0.0038748034301195494
0.003821405332605152
0.0037687459368019776
0.0037168146009404985
0.0036656008376590686
0.0036150943134128605
0.0035652848478149334
0.0035161624129066158
0.003467717132354693
0.003419939280573313
0.003372819281769214
0.0033263477089088824
0.003280515282607365
0.0032353128699379066
0.0031907314831632234
0.0031467622783883363
0.0031033965541364702
0.00306062574984875
0.003018441444309992
0.0029768353540020713
0.0029357993313874828
0.002895325363125655
0.002855405568224927
0.002816032196133353
0.002777197624771856
0.0027388943585131254
0.0027011150261104667
0.002663852378580262
0.002627099287042484
0.0025908487405234227
0.0025550938437250773
3.476035829527924E-6
3.4760358350189997E-6
3.476035840508471E-6
3.4760358459963366E-6
3.4760358514825983E-6
3.4760358569672548E-6
3.4760358624503057E-6
3.4760358679317536E-6
3.4760358734115956E-6
3.476035878889833E-6
3.4760358843664646E-6
3.4760358898414937E-6
3.476035895314916E-6
3.476035900786735E-6
3.476035906256948E-6
3.4760359117255568E-6
3.4760359171925615E-6
3.476035922657959E-6
3.4760359281217548E-6
3.4760359335839437E-6
3.4760359390445263E-6
3.4760359445035067E-6
3.4760359499608806E-6
3.4760359554166516E-6
3.4760359608708154E-6
3.4760359663233757E-6
3.47603597177433E-6
3.4760359772236775E-6
3.476035982671428E-6
3.476035988117565E-6
3.4760359935621E-6
3.4760359990050306E-6
3.4760360044463533E-6
3.4760360098860743E-6
3.4760360153241893E-6
3.4760360207607004E-6
3.4760360261956022E-6
3.476036031628904E-6
3.4760360370605984E-6
3.476036042490689E-6
3.4760360479191733E-6
3.476036053346053E-6
3.4760360587713285E-6
3.4760360641949982E-6
3.4760360696170602E-6
3.4760360750375197E-6
3.4760360804563744E-6
3.4760360858736223E-6
3.476036091289267E-6
3.4760360967033045E-6
3.4760361021157387E-6
3.4760361075265674E-6
3.476036112935791E-6
3.4760361183434073E-6
3.4760361237494193E-6
3.4760361291538266E-6
3.4760361345566275E-6
3.476036139957829E-6
3.476036145357417E-6
3.476036150755405E-6
3.4760361561517846E-6
3.4760361615465608E-6
3.476036166939731E-6
3.476036172331297E-6
3.476036177721258E-6
3.47603618310961E-6
3.4760361884963607E-6
3.4760361938815035E-6
3.476036199265042E-6
3.4760362046469755E-6
3.476036210027303E-6
3.4760362154060244E-6
3.476036220783143E-6
3.4760362261586583E-6
3.4760362315325615E-6
3.4760362369048624E-6
3.4760362422755574E-6
3.476036247644646E-6
3.4760362530121333E-6
3.4760362583780108E-6
3.4760362637422835E-6
3.476036269104954E-6
3.4760362744660167E-6
3.4760362798254733E-6
3.476036285183326E-6
3.4760362905395706E-6
3.4760362958942117E-6
3.4760363012472465E-6
3.476036306598676E-6
3.4760363119485028E-6
3.4760363172967196E-6
3.476036322643334E-6
3.4760363279883405E-6
3.4760363333317437E-6
3.4760363386735383E-6
3.4760363440137316E-6
3.4760363493523156E-6
3.476036354689294E-6
3.4760363600246673E-6
6.952072741377989E-6
1.414508994811073E-4
2.807288444009083E-4
4.178634542969443E-4
5.528839559026006E-4
6.85819192907329E-4
8.166976354006748E-4
9.455473889848275E-4
0.0010723962035418355
0.001197271481643321
0.0013202002865920145
0.0014412093500860762
0.0015603250794989617
0.0016775735647690075
0.0017929805848949177
0.0019065716140346893
0.002018371827207513
0.0021284061055995545
0.0022366990414764204
0.0023432749427064773
0.0024481578369010366
0.002551371475178692
0.002652939335562814
0.002752884626022316
0.002851230287167587
0.002947998994614322
0.003043213161029652
0.003136894937875688
0.0032290662168669546
0.0033197486311590313
0.00340896355628657
0.0034967321108697767
0.003583075157108957
0.0036680133010874192
0.0037515668929035454
0.0038337560266531808
0.003914600540283578
0.003994120015341036
0.004072333776633095
0.004149260891827931
0.0042249201710118514
0.004299330166226338
0.004372509171005816
0.004444475219936624
0.004515246088257778
0.004584839291521979
0.004653272085336889
0.004720561465203935
0.004786724166472465
0.004851776664425168
0.004915735174510378
0.004978615652735569
0.00504043379623527
0.0051012050440254215
0.005160944577955306
0.005219667323866636
0.0052773879529679464
0.005334120883431981
0.005389880282221536
0.0054446800671481355
0.005498533909167141
0.005551455234910638
0.005603457229458984
0.00565455283934967
0.0057047547758219755
0.005754075518293353
0.005802527318063228
0.0058501222022379375
0.005896871977869888
0.00594278823630277
0.005987882357712511
0.0060321655158348956
0.006075648682867217
0.00611834263453198
0.006160257955289354
0.006201405043684465
0.006241794117814218
0.006281435220898594
0.006320338226940283
0.006358512846455782
0.006395968632261268
0.0064327149852959255
0.006468761160464842
0.006504116272483909
0.00653878930170875
0.006572789099929887
0.0066061243961163685
0.006638803802089922
0.006670835818112559
0.006702228838370487
0.006732991156337311
0.006763130970000758
0.006792656386936822
0.006821575429216611
0.006849896038131317
0.006877626078721514
0.006904773344098389
0.00693134555954451
0.006957350386383376
0.006982795425607308
0.007007688221255052
3.9291916997535505E-9
1.1727215051006139E-8
2.333453252957016E-8
3.8692418231856086E-8
5.774294724423527E-8
8.042898527636456E-8
1.0669417854917012E-7
1.3648294392779518E-7
1.6974045928947196E-7
2.0641265411597564E-7
2.4644620030006144E-7
2.897885031550778E-7
3.363876926167887E-7
3.861926146263231E-7
4.391528226830989E-7
4.952185695565602E-7
5.543407991455813E-7
6.164711384744809E-7
6.815618898146908E-7
7.495660229213073E-7
8.204371673739442E-7
8.941296050115722E-7
9.705982624513012E-7
1.0497987036814066E-6
1.1316871227192476E-6
1.2162203363251528E-6
1.3033557767637344E-6
1.39305148460461E-6
1.4852661015549418E-6
1.5799588633167654E-6
1.677089592462578E-6
1.7766186913232375E-6
1.878507134882781E-6
1.9827164636753485E-6
2.0892087766800395E-6
2.1979467242100496E-6
2.3088935007931504E-6
2.4220128380410794E-6
2.5372689975061237E-6
2.654626763523696E-6
2.774051436040365E-6
2.8955088234273662E-6
3.0189652352802112E-6
3.1443874752056074E-6
3.2717428335973647E-6
3.4009990804036105E-6
3.5321244578880663E-6
3.6650876733886457E-6
3.79985789207712E-6
3.936404729723981E-6
4.0746982454731115E-6
4.214708934631142E-6
4.356407721476839E-6
4.49976595209606E-6
4.644755387248158E-6
4.791348195269961E-6
4.939516945023591E-6
5.089234598894598E-6
5.240474505847022E-6
5.393210394542035E-6
5.547416366526947E-6
5.7030668895012565E-6
5.860136790666512E-6
6.018601250166661E-6
6.1784357946253865E-6
6.339616290786958E-6
6.502118939266759E-6
6.6659202684176315E-6
6.830997128317824E-6
6.997326684886088E-6
7.164886414129254E-6
7.333654096527165E-6
7.503607811559556E-6
7.67472593237914E-6
7.846987120634699E-6
8.020370321447504E-6
8.194854758544209E-6
8.37041992954847E-6
8.547045601433574E-6
8.72471180613746E-6
8.903398836341268E-6
9.083087241412034E-6
9.263757823509458E-6
9.445391633856498E-6
9.627969969172669E-6
9.811474368268719E-6
9.99588660880065E-6
1.0181188704180816E-5
1.0367362900642887E-5
1.0554391674457591E-5
1.0742257729295238E-5
1.0930943993730663E-5
1.1120433618886063E-5
1.131070997620642E-5
1.150175665536214E-5
1.1693557462272846E-5
1.1886096417246392E-5
1.2079357753226305E-5
1.227332591414099E-5
1.2467985553347614E-5
