2.557586169538036E-6
2.557586170514246E-6
2.557586171489323E-6
2.557586172463269E-6
2.557586173436081E-6
2.5575861744077607E-6
2.5575861753783097E-6
2.5575861763477245E-6
2.5575861773160073E-6
2.557586178283158E-6
2.5575861792491757E-6
2.5575861802140615E-6
2.5575861811778155E-6
2.5575861821404346E-6
2.557586183101923E-6
2.5575861840622787E-6
2.5575861850215024E-6
2.557586185979591E-6
2.557586186936549E-6
2.557586187892375E-6
2.557586188847067E-6
2.5575861898006266E-6
2.5575861907530533E-6
2.5575861917043484E-6
2.5575861926545106E-6
2.55758619360354E-6
2.557586194551437E-6
2.557586195498199E-6
2.5575861964438328E-6
2.5575861973883295E-6
2.5575861983316956E-6
2.5575861992739287E-6
2.5575862002150267E-6
2.5575862011549957E-6
2.5575862020938297E-6
2.5575862030315316E-6
2.5575862039681E-6
2.5575862049035358E-6
2.5575862058378385E-6
2.5575862067710092E-6
2.5575862077030466E-6
2.557586208633952E-6
2.557586209563723E-6
2.55758621049236E-6
2.557586211419868E-6
2.5575862123462385E-6
2.5575862132714793E-6
2.5575862141955838E-6
2.557586215118559E-6
5.115172433919949E-6
0.019951609055212316
0.01940809726098848
0.018879363607426296
0.01836500854446014
0.01786464360244077
0.017377891031745352
0.01690438345304601
0.016443763518785747
0.015995683586335498
0.015559805403207817
0.015135799804614094
0.014723346423553968
0.014322133413526488
0.013931857183857376
0.01355222214754267
0.013182940481415073
0.01282373189835686
0.012474323431200522
0.01213444922788703
0.011803850357386587
0.011482274625828771
0.011169476402243748
0.010865216453276915
0.010569261786211256
0.010281385499612983
0.010001366640906407
0.009728990070183935
0.009464046329565214
0.009206331517436255
0.008955647166923852
0.008711800127991503
0.00847460245258004
0.008243871282259363
0.00801942873790417
0.007801101810956455
0.007588722255892279
0.007382126483562919
0.007181155455137183
0.00698565457642726
0.006795473592434417
0.006610466482004296
0.006430491352531994
0.006255410334705349
0.006085089477318263
0.005919398642226995
0.005758211399558217
0.00560140492330832
0.005448859887501079
0.0053004603630911196
0.00515609371581836
6.921797351753794E-6
6.92179734381755E-6
6.921797335878243E-6
6.921797327935868E-6
6.921797319990428E-6
6.921797312041924E-6
6.921797304090352E-6
6.9217972961357174E-6
6.921797288178017E-6
6.92179728021725E-6
6.921797272253418E-6
6.9217972642865205E-6
6.921797256316558E-6
6.92179724834353E-6
6.921797240367436E-6
6.921797232388276E-6
6.921797224406053E-6
6.921797216420763E-6
6.921797208432407E-6
6.921797200440988E-6
6.921797192446504E-6
6.921797184448951E-6
6.921797176448335E-6
6.921797168444654E-6
6.921797160437903E-6
6.921797152428095E-6
6.9217971444152166E-6
6.921797136399273E-6
6.921797128380261E-6
6.92179712035819E-6
6.92179711233305E-6
6.921797104304845E-6
6.921797096273576E-6
6.92179708823924E-6
6.9217970802018394E-6
6.921797072161375E-6
6.921797064117842E-6
6.9217970560712455E-6
6.921797048021584E-6
6.921797039968856E-6
6.9217970319130645E-6
6.921797023854204E-6
6.921797015792286E-6
6.9217970077272974E-6
6.921796999659241E-6
6.921796991588122E-6
6.9217969835139365E-6
6.921796975436685E-6
6.921796967356372E-6
1.3843593902366962E-5
5.569099826341483E-4
0.001096917538135365
0.0016204862025337194
0.0021280671739800205
0.0026200996898591003
0.0030970113848174516
0.0035592186297734012
0.00400712685217139
0.004441130837930574
0.004861615015717024
0.005268953724335825
0.00566351146419247
0.006045643133906707
0.006415694253278142
0.0067740011738965916
0.007120891278760418
0.007456683172314612
0.007781686862343777
0.008096203935153673
0.008400527725451806
0.008694943482290256
0.008979728532365146
0.009255152441879501
0.009521477178068435
0.009778957271365164
0.010027839979048709
0.010268365451069659
0.010500766898594275
0.010725270765648538
0.010942096904082372
0.011151458751912079
0.011353563514943404
0.01154861235142385
0.01173680055933306
0.011918317765787887
0.012093348117919582
0.012262070474481485
0.012424658597355453
0.012581281342061488
0.01273210284632406
0.012877282715720835
0.013016976205429368
0.013151334397099226
0.013280504369905443
0.013404629364888579
0.013523848941752322
0.013638299127370922
0.013748112555355052
0.013853418596133758
0.013954343477128933
2.4997665056661697E-5
2.499766661316276E-5
2.4997668169935682E-5
2.4997669726972656E-5
2.4997671284265877E-5
2.499767284180752E-5
2.499767439958977E-5
2.499767595760481E-5
2.499767751584483E-5
2.4997679074301983E-5
2.499768063296844E-5
2.4997682191836358E-5
2.4997683750897902E-5
2.4997685310145256E-5
2.4997686869570544E-5
2.499768842916593E-5
2.4997689988923552E-5
2.499769154883557E-5
2.4997693108894092E-5
2.4997694669091288E-5
2.4997696229419282E-5
2.4997697789870215E-5
2.4997699350436185E-5
2.4997700911109332E-5
2.4997702471881782E-5
2.4997704032745664E-5
2.499770559369308E-5
2.499770715471613E-5
2.4997708715806935E-5
2.4997710276957585E-5
2.4997711838160206E-5
2.4997713399406896E-5
2.4997714960689744E-5
2.4997716522000835E-5
2.4997718083332272E-5
2.4997719644676154E-5
2.4997721206024546E-5
2.4997722767369546E-5
2.4997724328703246E-5
2.4997725890017706E-5
2.4997727451305002E-5
2.4997729012557218E-5
2.4997730573766422E-5
2.4997732134924685E-5
2.4997733696024066E-5
2.4997735257056632E-5
2.4997736818014454E-5
2.4997738378889574E-5
2.4997739939674072E-5
2.499774150035999E-5
