1.815798057169016E-6
1.815798058093429E-6
1.8157980590186395E-6
1.8157980599446468E-6
1.8157980608714516E-6
1.815798061799053E-6
1.8157980627274514E-6
1.8157980636566467E-6
1.8157980645866396E-6
1.8157980655174286E-6
1.8157980664490154E-6
1.8157980673814E-6
1.815798068314579E-6
1.8157980692485575E-6
1.815798070183332E-6
1.8157980711189039E-6
1.8157980720552728E-6
1.815798072992438E-6
1.8157980739304015E-6
1.8157980748691607E-6
1.8157980758087184E-6
1.8157980767490724E-6
1.8157980776902234E-6
1.8157980786321719E-6
1.8157980795749168E-6
1.8157980805184594E-6
1.8157980814627987E-6
1.815798082407936E-6
1.8157980833538675E-6
1.8157980843005987E-6
1.8157980852481264E-6
1.8157980861964514E-6
1.815798087145572E-6
1.8157980880954918E-6
1.8157980890462078E-6
1.8157980899977207E-6
1.8157980909500306E-6
1.8157980919031377E-6
1.815798092857042E-6
1.8157980938117439E-6
1.8157980947672426E-6
1.8157980957235375E-6
1.8157980966806299E-6
1.8157980976385204E-6
1.8157980985972081E-6
1.8157980995566908E-6
1.815798100516972E-6
1.8157981014780502E-6
1.8157981024399258E-6
1.8157981034025982E-6
1.8157981043660675E-6
1.8157981053303344E-6
1.8157981062953974E-6
1.8157981072612591E-6
1.8157981082279173E-6
1.8157981091953722E-6
1.8157981101636247E-6
1.8157981111326744E-6
1.81579811210252E-6
1.8157981130731638E-6
1.8157981140446047E-6
1.8157981150168423E-6
1.8157981159898775E-6
1.8157981169637094E-6
1.8157981179383383E-6
1.815798118913766E-6
1.815798119889989E-6
1.8157981208670094E-6
1.8157981218448284E-6
3.6315962476073062E-6
0.014354232121748255
0.014072858267117256
0.013797020568595011
0.013526608968746485
0.013261515483356103
0.013001634176616652
0.012746861136773384
0.012497094452089245
0.012252234187005244
0.012012182358379768
0.01177684291169874
0.011546121697160723
0.011319926445548538
0.011098166743812072
0.0108807540102958
0.010667601469555728
0.010458624126721062
0.010253738741365708
0.010052863800866544
0.00985591949323281
0.009662827679403305
0.009473511865014848
0.009287897171655625
0.009105910307624776
0.008927479538227609
0.008752534655641568
0.008581006948396499
0.008412829170516174
0.008247935510375656
0.008086261559330806
0.007927744280182293
0.007772321975537045
0.00761993425613509
0.007470522009208633
0.0073240273669429685
0.007180393675107852
0.007039565461928878
0.0069014884072658746
0.0067661093121650535
0.006633376068848637
0.006503237631203919
0.00637564398582977
0.00625054612369554
0.006127896012463822
0.006007646569523521
0.00588975163577607
0.00577416595021209
0.005660845125311671
0.0055497456232959244
0.005440824733252737
0.005334040549153833
0.005229351948776153
0.005126718573534168
0.005026100809225709
0.004927459767688595
0.004830757269360483
0.0047359558267297845
0.004643018628661453
0.004551909525576789
0.0044625930154631715
0.004375034230685522
0.004289198925568451
0.004205053464714911
0.0041225648120246
0.00404170052037337
0.003962428721912788
0.003884718118947371
0.003808537975346143
0.0037338581084444015
0.0036606488813907254
4.951654477839725E-6
4.951654487812341E-6
4.951654497787103E-6
4.951654507764012E-6
4.9516545177430635E-6
4.951654527724262E-6
4.951654537707605E-6
4.951654547693094E-6
4.951654557680729E-6
4.9516545676705075E-6
4.951654577662432E-6
4.951654587656502E-6
4.9516545976527176E-6
4.951654607651079E-6
4.951654617651586E-6
4.9516546276542375E-6
4.951654637659035E-6
4.951654647665978E-6
4.951654657675064E-6
4.951654667686297E-6
4.951654677699673E-6
4.9516546877152E-6
4.951654697732869E-6
4.951654707752681E-6
4.951654717774641E-6
4.951654727798745E-6
4.951654737824997E-6
4.951654747853391E-6
4.9516547578839285E-6
4.951654767916615E-6
4.951654777951446E-6
4.951654787988422E-6
4.951654798027543E-6
4.951654808068807E-6
4.95165481811222E-6
4.951654828157776E-6
4.951654838205478E-6
4.951654848255323E-6
4.951654858307317E-6
4.951654868361452E-6
4.951654878417733E-6
4.9516548884761615E-6
4.9516548985367335E-6
4.951654908599448E-6
4.95165491866431E-6
4.951654928731321E-6
4.951654938800468E-6
4.9516549488717655E-6
4.951654958945211E-6
4.951654969020791E-6
4.951654979098532E-6
4.951654989178402E-6
4.951654999260428E-6
4.951655009344597E-6
4.951655019430899E-6
4.95165502951936E-6
4.951655039609962E-6
4.951655049702708E-6
4.9516550597976044E-6
4.951655069894638E-6
4.951655079993815E-6
4.951655090095144E-6
4.951655100198619E-6
4.95165511030423E-6
4.951655120411994E-6
4.9516551305219E-6
4.951655140633951E-6
4.951655150748145E-6
4.951655160864486E-6
9.903310362211491E-6
2.86449790856385E-4
5.666519702767801E-4
8.407316256633582E-4
0.0011088112855961807
0.0013710109578289904
0.0016274481681146057
0.0018782379999279777
0.0021234931351350743
0.0023633238956359778
0.002597838285990931
0.0028271420370188345
0.0030513386503397103
0.0032705294438142856
0.003484813597817871
0.003694288202269354
0.0038990483043224045
0.004099186956612283
0.004294795265940297
0.004485962442267867
0.0046727758478827125
0.004855321046594205
0.005033681852808076
0.005207940380327279
0.005378177090725263
0.005544470841135268
0.005706898931302349
0.005865537149747068
0.006020459818894509
0.006171739839027717
0.006319448730932862
0.006463656677111354
0.006604432561444296
0.006741844007205648
0.006875957413332785
0.007006837988874938
0.007134549785554504
0.007259155728390084
0.0073807176443440375
0.007499296288973171
0.007614951371075262
0.007727741575339395
0.00783772458302332
0.007944957090694973
0.008049494827090173
0.008151392568150737
0.008250704150322856
0.008347482482204472
0.008441779554644363
0.00853364644940501
0.00862313334650963
0.008710289530404364
0.00879516339507037
0.008877802448229043
0.00895825331478632
0.009036561739665468
0.009112772590179664
0.009186929858095588
0.009259076661538898
0.009329255246888735
0.00939750699080709
0.009463872402541013
0.009528391126632419
0.009591101946160694
0.0096520427866368
0.009711250720656534
0.009768761973412414
0.009824611929150734
0.009878835138650186
0.00993146532778508
0.009982535407224415
1.7822756016695353E-5
1.7822754486754922E-5
1.78227529567308E-5
1.782275142662693E-5
1.7822749896447245E-5
1.7822748366195717E-5
1.7822746835876263E-5
1.782274530549284E-5
1.782274377504939E-5
1.7822742244549846E-5
1.7822740713998187E-5
1.7822739183398325E-5
1.7822737652754248E-5
1.782273612206989E-5
1.7822734591349202E-5
1.7822733060596146E-5
1.7822731529814663E-5
1.7822729999008697E-5
1.7822728468182223E-5
1.7822726937339184E-5
1.782272540648353E-5
1.782272387561924E-5
1.7822722344750248E-5
1.7822720813880534E-5
1.7822719283014036E-5
1.782271775215472E-5
1.7822716221306546E-5
1.782271469047349E-5
1.7822713159659507E-5
1.7822711628868537E-5
1.782271009810457E-5
1.7822708567371545E-5
1.7822707036673447E-5
1.782270550601425E-5
1.782270397539789E-5
1.782270244482834E-5
1.7822700914309587E-5
1.782269938384559E-5
1.7822697853440297E-5
1.7822696323097686E-5
1.782269479282173E-5
1.7822693262616398E-5
1.7822691732485666E-5
1.7822690202433496E-5
1.7822688672463853E-5
1.7822687142580713E-5
1.7822685612788066E-5
1.7822684083089874E-5
1.782268255349009E-5
1.782268102399273E-5
1.7822679494601715E-5
1.782267796532105E-5
1.7822676436154706E-5
1.7822674907106652E-5
1.7822673378180852E-5
1.7822671849381318E-5
1.7822670320712016E-5
1.782266879217689E-5
1.7822667263779935E-5
1.7822665735525148E-5
1.7822664207416484E-5
1.7822662679457925E-5
1.7822661151653444E-5
1.7822659624007027E-5
1.782265809652266E-5
1.7822656569204312E-5
1.782265504205597E-5
1.7822653515081605E-5
1.7822651988285196E-5
1.782265046167073E-5
