1.7599154452329495E-5
1.7599154476136054E-5
1.7599154499941495E-5
1.759915452374581E-5
1.7599154547549016E-5
1.7599154571351085E-5
1.7599154595152023E-5
3.5198309285498726E-5
0.10971017778991636
0.09337019085878415
0.07946382443490553
0.06762869260894915
0.05755633679026022
0.04898419404907251
0.041688780245327545
0.03547989532790001
4.18659460153177E-5
4.18659460089952E-5
4.186594600265228E-5
4.186594599628893E-5
4.186594598990516E-5
4.1865945983500965E-5
4.1865945977076315E-5
8.373189192829053E-5
0.018833041641795466
0.03450187760424779
0.04748468136213756
0.05818830313156457
0.06695883015073291
0.07409060191002904
0.07983393611163497
0.0844017471795855
1.6121285572020172E-4
1.6121285759213396E-4
1.6121285946676096E-4
1.6121286134374832E-4
1.6121286322275764E-4
1.612128651034465E-4
1.612128669854686E-4
1.6121286886847368E-4
