1.3623897204476464E-7
1.3623895982205656E-7
1.362389475993724E-7
1.362389353767123E-7
1.3623892315407616E-7
1.3623891093146408E-7
1.36238898708876E-7
1.3623888648631186E-7
1.3623887426377178E-7
1.3623886204125565E-7
1.3623884981876355E-7
1.3623883759629558E-7
1.3623882537385126E-7
1.362388131514313E-7
1.362388009290352E-7
1.3623878870666316E-7
1.3623877648431508E-7
1.3623876426199102E-7
1.36238752039691E-7
1.3623873981741494E-7
1.362387275951629E-7
1.3623871537293485E-7
1.3623870315073074E-7
1.36238690928551E-7
1.3623867870639478E-7
1.3623866648426278E-7
1.362386542621547E-7
1.3623864204007072E-7
1.3623862981801078E-7
1.3623861759597473E-7
1.3623860537396277E-7
1.3623859315197482E-7
1.362385809300108E-7
1.362385687080708E-7
1.3623855648615505E-7
1.3623854426426294E-7
1.3623853204239506E-7
1.3623851982055113E-7
1.3623850759873116E-7
1.3623849537693527E-7
1.3623848315516337E-7
1.3623847093341545E-7
1.3623845871169153E-7
1.3623844648999165E-7
1.3623843426831568E-7
1.3623842204666397E-7
1.3623840982503596E-7
1.3623839760343224E-7
1.3623838538185222E-7
1.3623837316029641E-7
1.3623836093876457E-7
1.3623834871725678E-7
1.362383364957729E-7
1.3623832427431307E-7
1.3623831205287725E-7
1.3623829983146536E-7
1.3623828761007772E-7
1.362382753887139E-7
1.3623826316737406E-7
1.3623825094605826E-7
1.362382387247665E-7
1.3623822650349868E-7
1.3623821428225498E-7
1.3623820206103515E-7
1.3623818983983947E-7
1.362381776186678E-7
1.3623816539751986E-7
1.3623815317639634E-7
1.3623814095529655E-7
1.3623812873422083E-7
1.3623811651316912E-7
1.362381042921415E-7
1.3623809207113785E-7
1.3623807985015797E-7
1.3623806762920245E-7
1.362380554082708E-7
1.3623804318736306E-7
1.362380309664795E-7
1.3623801874561996E-7
1.3623800652478419E-7
1.3623799430397266E-7
1.36237982083185E-7
1.3623796986242142E-7
1.3623795764168183E-7
1.3623794542096631E-7
1.3623793320027464E-7
1.3623792097960716E-7
1.3623790875896359E-7
1.3623789653834394E-7
1.3623788431774856E-7
1.3623787209717698E-7
1.3623785987662947E-7
1.362378476561059E-7
1.3623783543560643E-7
1.3623782321513094E-7
1.3623781099467948E-7
1.3623779877425197E-7
1.3623778655384856E-7
1.3623777433346907E-7
1.362377621131137E-7
1.3623774989278214E-7
1.3623773767247476E-7
1.362377254521913E-7
1.36237713231932E-7
1.3623770101169658E-7
1.362376887914852E-7
1.362376765712977E-7
1.362376643511344E-7
1.3623765213099504E-7
1.362376399108797E-7
1.362376276907883E-7
1.3623761547072118E-7
1.362376032506779E-7
1.362375910306584E-7
1.3623757881066314E-7
1.3623756659069194E-7
1.3623755437074473E-7
1.3623754215082137E-7
1.3623752993092213E-7
1.362375177110468E-7
1.362375054911957E-7
1.362374932713685E-7
1.3623748105156517E-7
1.36237468831786E-7
1.3623745661203082E-7
1.3623744439229963E-7
1.3623743217259237E-7
1.362374199529093E-7
1.3623740773325016E-7
1.36237395513615E-7
1.3623738329400386E-7
1.3623737107441677E-7
1.3623735885485358E-7
1.362373466353146E-7
1.362373344157996E-7
1.3623732219630842E-7
1.3623730997684134E-7
1.3623729775739833E-7
1.3623728553797935E-7
1.3623727331858422E-7
1.362372610992132E-7
1.3623724887986622E-7
1.362372366605433E-7
1.362372244412443E-7
1.3623721222196938E-7
1.3623720000271843E-7
1.362371877834915E-7
1.3623717556428856E-7
1.362371633451096E-7
1.362371511259548E-7
1.3623713890682387E-7
1.3623712668771707E-7
1.3623711446863413E-7
1.3623710224957524E-7
1.3623709003054053E-7
1.3623707781152969E-7
1.362370655925428E-7
1.3623705337358003E-7
1.3623704115464126E-7
1.362370289357265E-7
1.3623701671683584E-7
1.362370044979688E-7
1.3623699227912616E-7
1.362369800603074E-7
1.362369678415128E-7
1.3623695562274217E-7
1.3623694340399542E-7
1.3623693118527257E-7
1.3623691896657404E-7
1.362369067478994E-7
1.3623689452924883E-7
1.362368823106222E-7
1.362368700920195E-7
1.362368578734409E-7
1.362368456548863E-7
1.3623683343635578E-7
1.362368212178493E-7
1.3623680899936674E-7
1.3623679678090798E-7
1.3623678456247362E-7
1.3623677234406314E-7
1.3623676012567664E-7
1.3623674790731412E-7
1.3623673568897583E-7
1.3623672347066133E-7
1.362367112523708E-7
1.3623669903410448E-7
1.3623668681586203E-7
1.3623667459764378E-7
1.362366623794493E-7
1.3623665016127884E-7
1.3623663794313266E-7
1.362366257250103E-7
1.362366135069119E-7
1.3623660128883777E-7
1.362365890707874E-7
1.3623657685276114E-7
1.3623656463475888E-7
1.3623655241678068E-7
1.362365401988265E-7
1.3623652798089603E-7
1.3623651576299E-7
1.362365035451078E-7
1.3623649132724968E-7
1.3623647910941553E-7
1.3623646689160517E-7
1.362364546738191E-7
1.3623644245605704E-7
1.3623643023831894E-7
1.3623641802060493E-7
1.36236405802915E-7
1.362363935852485E-7
1.3623638136760675E-7
1.3623636914998867E-7
1.362363569323947E-7
1.3623634471482477E-7
1.3623633249727863E-7
1.362363202797567E-7
1.3623630806225878E-7
1.362362958447849E-7
1.36236283627335E-7
1.362362714099092E-7
1.362362591925071E-7
1.362362469751294E-7
1.3623623475777545E-7
1.3623622254044563E-7
1.3623621032313978E-7
1.3623619810585813E-7
1.3623618588860036E-7
1.3623617367136646E-7
1.3623616145415676E-7
1.3623614923697103E-7
1.3623613701980932E-7
1.3623612480267174E-7
1.3623611258555786E-7
1.362361003684683E-7
1.3623608815140267E-7
1.3623607593436097E-7
1.362360637173434E-7
1.3623605150034978E-7
1.3623603928338007E-7
1.3623602706643464E-7
1.3623601484951303E-7
1.3623600263261562E-7
1.3623599041574195E-7
1.3623597819889258E-7
1.3623596598206703E-7
1.362359537652656E-7
1.3623594154848817E-7
1.362359293317347E-7
1.3623591711500518E-7
1.3623590489829988E-7
1.3623589268161843E-7
1.3623588046496113E-7
1.362358682483278E-7
1.362358560317186E-7
1.3623584381513315E-7
1.362358315985718E-7
1.3623581938203455E-7
1.3623580716552127E-7
1.3623579494903212E-7
1.3623578273256683E-7
1.3623577051612567E-7
1.3623575829970845E-7
1.3623574608331539E-7
1.3623573386694634E-7
1.362357216506008E-7
1.3623570943427986E-7
1.362356972179827E-7
1.3623568500170958E-7
1.3623567278546062E-7
1.362356605692356E-7
1.3623564835303454E-7
1.3623563613685748E-7
1.3623562392070458E-7
1.3623561170457555E-7
1.3623559948847064E-7
1.3623558727238966E-7
1.3623557505633272E-7
1.3623556284029983E-7
1.3623555062429093E-7
1.3623553840830606E-7
1.3623552619234528E-7
1.3623551397640848E-7
1.3623550176049558E-7
1.3623548954460685E-7
1.3623547732874202E-7
1.362354651129014E-7
1.3623545289708468E-7
1.3623544068129182E-7
1.3623542846552324E-7
1.3623541624977858E-7
1.36235404034058E-7
1.362353918183613E-7
1.362353796026886E-7
1.3623536738704007E-7
1.3623535517141545E-7
1.3623534295581482E-7
1.3623533074023849E-7
1.3623531852468603E-7
1.3623530630915736E-7
1.3623529409365295E-7
1.3623528187817257E-7
1.3623526966271604E-7
1.3623525744728375E-7
1.3623524523187537E-7
1.362352330164909E-7
1.3623522080113062E-7
1.3623520858579426E-7
1.36235196370482E-7
1.3623518415519373E-7
1.3623517193992942E-7
1.3623515972468923E-7
1.3623514750947296E-7
1.3623513529428078E-7
1.3623512307911256E-7
1.362351108639684E-7
1.362350986488483E-7
1.3623508643375223E-7
1.3623507421868017E-7
1.362350620036323E-7
1.3623504978860757E-7
1.3623503757360786E-7
1.3623502535863183E-7
1.3623501314367984E-7
1.3623500092875183E-7
1.36234988713848E-7
1.36234976498968E-7
1.3623496428411209E-7
1.3623495206928021E-7
1.362349398544723E-7
1.3623492763968844E-7
1.3623491542492873E-7
1.3623490321019283E-7
1.3623489099548103E-7
1.3623487878079334E-7
1.3623486656612958E-7
1.3623485435148982E-7
1.3623484213687408E-7
1.3623482992228247E-7
1.3623481770771477E-7
1.3623480549317107E-7
1.3623479327865154E-7
1.3623478106415616E-7
1.3623476884968438E-7
1.3623475663523682E-7
1.3623474442081333E-7
1.3623473220641387E-7
1.3623471999203839E-7
1.3623470777768694E-7
1.3623469556335948E-7
1.362346833490561E-7
1.3623467113477676E-7
1.3623465892052158E-7
1.362346467062897E-7
1.3623463449208265E-7
1.3623462227789931E-7
1.3623461006374012E-7
1.362345978496048E-7
1.362345856354936E-7
1.3623457342140645E-7
1.362345612073432E-7
1.3623454899330408E-7
1.362345367792888E-7
1.3623452456529785E-7
1.3623451235133093E-7
1.3623450013738757E-7
1.3623448792346864E-7
1.3623447570957359E-7
1.3623446349570267E-7
1.3623445128185566E-7
1.3623443906803253E-7
1.3623442685423372E-7
1.3623441464045886E-7
1.3623440242670802E-7
1.3623439021298107E-7
1.3623437799927843E-7
1.3623436578559942E-7
1.3623435357194466E-7
1.362343413583138E-7
1.3623432914470716E-7
1.3623431693112448E-7
1.362343047175658E-7
1.3623429250403114E-7
1.3623428029052037E-7
1.3623426807703375E-7
1.362342558635713E-7
1.362342436501327E-7
1.3623423143671814E-7
1.3623421922332754E-7
1.36234207009961E-7
1.3623419479661857E-7
1.362341825833001E-7
1.3623417037000576E-7
1.3623415815673529E-7
1.36234145943489E-7
1.3623413373026655E-7
1.362341215170682E-7
1.3623410930389409E-7
1.362340970907436E-7
1.3623408487761742E-7
1.3623407266451524E-7
1.3623406045143704E-7
1.362340482383828E-7
1.3623403602535254E-7
1.3623402381234648E-7
1.3623401159936434E-7
1.3623399938640632E-7
1.3623398717347217E-7
1.3623397496056245E-7
1.362339627476762E-7
1.362339505348143E-7
1.3623393832197627E-7
1.3623392610916245E-7
1.362339138963725E-7
1.3623390168360642E-7
1.3623388947086463E-7
1.362338772581469E-7
1.3623386504545305E-7
1.3623385283278333E-7
1.3623384062013757E-7
1.3623382840751585E-7
1.3623381619491813E-7
1.3623380398234448E-7
1.3623379176979483E-7
1.3623377955726924E-7
1.362337673447677E-7
1.3623375513229012E-7
1.3623374291983653E-7
1.3623373070740703E-7
1.3623371849500175E-7
1.362337062826201E-7
1.362336940702627E-7
1.3623368185792932E-7
1.3623366964561989E-7
1.362336574333346E-7
1.3623364522107323E-7
1.3623363300883603E-7
1.3623362079662273E-7
1.3623360858443347E-7
1.3623359637226827E-7
1.3623358416012697E-7
1.3623357194800997E-7
1.3623355973591667E-7
1.3623354752384766E-7
1.3623353531180252E-7
1.3623352309978145E-7
1.3623351088778444E-7
1.3623349867581138E-7
1.3623348646386247E-7
1.3623347425193746E-7
1.3623346204003658E-7
1.362334498281598E-7
1.362334376163068E-7
1.36233425404478E-7
1.3623341319267312E-7
1.362334009808923E-7
1.362333887691356E-7
1.362333765574029E-7
1.3623336434569429E-7
1.3623335213400962E-7
1.3623333992234893E-7
1.362333277107123E-7
1.3623331549909966E-7
1.3623330328751148E-7
1.3623329107594672E-7
1.3623327886440618E-7
1.3623326665288973E-7
1.3623325444139728E-7
1.3623324222992887E-7
1.3623323001848455E-7
1.362332178070641E-7
1.3623320559566785E-7
1.3623319338429558E-7
1.3623318117294742E-7
1.3623316896162274E-7
1.3623315675032273E-7
1.3623314453904647E-7
1.3623313232779445E-7
1.3623312011656625E-7
1.3623310790536214E-7
1.3623309569418212E-7
1.3623308348302605E-7
1.3623307127189405E-7
1.36233059060786E-7
1.3623304684970188E-7
1.3623303463864242E-7
1.3623302242760627E-7
1.3623301021659438E-7
1.3623299800560658E-7
1.3623298579464266E-7
1.36232973583703E-7
1.362329613727873E-7
1.3623294916189555E-7
1.3623293695102782E-7
1.3623292474018418E-7
1.3623291252936438E-7
1.3623290031856915E-7
1.362328881077974E-7
1.3623287589704984E-7
1.3623286368632637E-7
1.362328514756268E-7
1.3623283926495145E-7
1.3623282705429995E-7
1.3623281484367252E-7
1.3623280263306922E-7
1.3623279042248995E-7
1.362327782119346E-7
1.3623276600140345E-7
1.36232753790896E-7
1.3623274158041288E-7
1.3623272936995373E-7
1.3623271715951852E-7
1.3623270494910747E-7
1.3623269273872038E-7
1.362326805283573E-7
1.3623266831801832E-7
1.362326561077034E-7
1.3623264389741232E-7
1.3623263168714556E-7
1.362326194769024E-7
1.3623260726668356E-7
1.362325950564887E-7
1.36232582846318E-7
1.3623257063617114E-7
1.362325584260485E-7
1.3623254621594983E-7
1.362325340058751E-7
1.3623252179582452E-7
1.36232509585798E-7
1.3623249737579514E-7
1.3623248516581677E-7
1.3623247295586222E-7
1.3623246074593173E-7
1.3623244853602522E-7
1.362324363261428E-7
1.3623242411628436E-7
1.3623241190645E-7
1.3623239969663972E-7
1.3623238748685336E-7
1.3623237527709125E-7
1.3623236306735298E-7
1.3623235085763875E-7
1.362323386479486E-7
1.3623232643828247E-7
1.3623231422864034E-7
1.3623230201902236E-7
1.362322898094281E-7
1.3623227759985804E-7
1.362322653903122E-7
1.3623225318079025E-7
1.3623224097129225E-7
1.3623222876181858E-7
1.3623221655236862E-7
1.3623220434294275E-7
1.3623219213354113E-7
1.3623217992416338E-7
1.3623216771480967E-7
1.3623215550547973E-7
1.3623214329617414E-7
1.3623213108689253E-7
1.3623211887763498E-7
1.3623210666840155E-7
1.3623209445919194E-7
1.362320822500065E-7
1.3623207004084505E-7
1.3623205783170765E-7
1.3623204562259426E-7
1.362320334135049E-7
1.3623202120443952E-7
1.362320089953983E-7
1.3623199678638103E-7
1.3623198457738776E-7
1.3623197236841876E-7
1.3623196015947347E-7
1.362319479505524E-7
1.3623193574165527E-7
1.3623192353278225E-7
1.3623191132393324E-7
1.3623189911510818E-7
1.362318869063074E-7
1.3623187469753043E-7
1.3623186248877753E-7
1.362318502800487E-7
1.3623183807134383E-7
1.3623182586266327E-7
1.362318136540063E-7
1.3623180144537367E-7
1.36231789236765E-7
1.3623177702818035E-7
1.3623176481961977E-7
1.3623175261108326E-7
1.3623174040257065E-7
1.362317281940822E-7
1.3623171598561775E-7
1.3623170377717727E-7
1.3623169156876101E-7
1.362316793603686E-7
1.362316671520002E-7
1.3623165494365584E-7
1.3623164273533556E-7
1.3623163052703942E-7
1.3623161831876729E-7
1.3623160611051908E-7
1.3623159390229502E-7
1.3623158169409484E-7
1.3623156948591876E-7
1.3623155727776702E-7
1.362315450696389E-7
1.3623153286153491E-7
1.3623152065345509E-7
1.362315084453993E-7
1.362314962373674E-7
1.3623148402935939E-7
1.362314718213757E-7
1.3623145961341607E-7
1.3623144740548045E-7
1.362314351975687E-7
1.3623142298968134E-7
1.3623141078181747E-7
1.3623139857397804E-7
1.3623138636616252E-7
1.3623137415837116E-7
1.3623136195060375E-7
1.3623134974286017E-7
1.3623133753514078E-7
1.3623132532744548E-7
1.3623131311977424E-7
1.36231300912127E-7
1.3623128870450386E-7
1.3623127649690462E-7
1.3623126428932957E-7
1.3623125208177832E-7
1.3623123987425128E-7
1.3623122766674826E-7
1.3623121545926935E-7
1.3623120325181447E-7
1.362311910443835E-7
1.3623117883697664E-7
1.362311666295939E-7
1.362311544222349E-7
1.3623114221490024E-7
1.3623113000758928E-7
1.3623111780030275E-7
1.362311055930401E-7
1.3623109338580142E-7
1.3623108117858694E-7
1.362310689713964E-7
1.362310567642298E-7
1.362310445570874E-7
1.3623103234996898E-7
1.3623102014287446E-7
1.362310079358042E-7
1.3623099572875777E-7
1.3623098352173544E-7
1.3623097131473714E-7
1.36230959107763E-7
1.3623094690081294E-7
1.3623093469388677E-7
1.3623092248698466E-7
1.362309102801066E-7
1.362308980732526E-7
1.3623088586642275E-7
1.3623087365961673E-7
1.362308614528349E-7
1.362308492460769E-7
1.362308370393431E-7
1.3623082483263335E-7
1.362308126259476E-7
1.3623080041928582E-7
1.3623078821264825E-7
1.3623077600603453E-7
1.3623076379944498E-7
1.3623075159287962E-7
1.3623073938633792E-7
1.3623072717982045E-7
1.3623071497332711E-7
1.362307027668577E-7
1.3623069056041244E-7
1.362306783539908E-7
1.3623066614759356E-7
1.3623065394122035E-7
1.3623064173487127E-7
1.362306295285461E-7
1.3623061732224493E-7
1.3623060511596794E-7
1.3623059290971481E-7
1.3623058070348578E-7
1.362305684972809E-7
1.362305562911E-7
1.36230544084943E-7
1.3623053187881012E-7
1.362305196727013E-7
1.3623050746661654E-7
1.362304952605558E-7
1.3623048305451925E-7
1.3623047084850658E-7
1.362304586425179E-7
1.3623044643655332E-7
1.3623043423061283E-7
1.362304220246963E-7
1.3623040981880404E-7
1.362303976129355E-7
1.3623038540709114E-7
1.362303732012709E-7
1.3623036099547455E-7
1.3623034878970244E-7
1.3623033658395393E-7
1.362303243782299E-7
1.362303121725297E-7
1.3623029996685372E-7
1.3623028776120162E-7
1.3623027555557358E-7
1.3623026334996969E-7
1.3623025114438974E-7
1.362302389388339E-7
1.3623022673330215E-7
1.362302145277942E-7
1.362302023223105E-7
1.3623019011685076E-7
1.3623017791141505E-7
1.362301657060034E-7
1.3623015350061582E-7
1.362301412952524E-7
1.3623012908991283E-7
1.3623011688459732E-7
1.3623010467930597E-7
1.3623009247403848E-7
1.3623008026879523E-7
1.3623006806357594E-7
1.362300558583806E-7
1.3623004365320946E-7
1.3623003144806214E-7
1.3623001924293917E-7
1.3623000703784003E-7
1.3622999483276497E-7
1.3622998262771395E-7
1.3622997042268704E-7
1.3622995821768416E-7
1.3622994601270537E-7
1.3622993380775036E-7
1.3622992160281959E-7
1.3622990939791295E-7
1.3622989719303007E-7
1.362298849881715E-7
1.3622987278333685E-7
1.3622986057852633E-7
1.3622984837373976E-7
1.362298361689772E-7
1.3622982396423887E-7
1.3622981175952444E-7
1.36229799554834E-7
1.3622978735016765E-7
1.3622977514552537E-7
1.3622976294090705E-7
1.362297507363129E-7
1.362297385317428E-7
1.3622972632719674E-7
1.3622971412267466E-7
1.3622970191817667E-7
1.362296897137027E-7
1.3622967750925282E-7
1.362296653048269E-7
1.362296531004249E-7
1.362296408960471E-7
1.362296286916933E-7
1.362296164873637E-7
1.3622960428305802E-7
1.3622959207877647E-7
1.3622957987451877E-7
1.3622956767028532E-7
1.3622955546607583E-7
1.3622954326189042E-7
1.3622953105772867E-7
1.3622951885359147E-7
1.3622950664947808E-7
1.362294944453888E-7
1.3622948224132355E-7
1.3622947003728245E-7
1.362294578332653E-7
1.3622944562927223E-7
1.3622943342530313E-7
1.3622942122135807E-7
1.3622940901743725E-7
1.3622939681354026E-7
1.3622938460966717E-7
1.362293724058184E-7
1.362293602019935E-7
1.3622934799819282E-7
1.362293357944162E-7
1.3622932359066347E-7
1.362293113869349E-7
1.3622929918323032E-7
1.362292869795499E-7
1.3622927477589333E-7
1.362292625722609E-7
1.3622925036865267E-7
1.3622923816506818E-7
1.36229225961508E-7
1.3622921375797177E-7
1.3622920155445925E-7
1.362291893509712E-7
1.3622917714750716E-7
1.3622916494406712E-7
1.3622915274065108E-7
1.3622914053725913E-7
1.362291283338909E-7
1.3622911613054717E-7
1.3622910392722738E-7
1.362290917239316E-7
1.3622907952065987E-7
1.3622906731741207E-7
1.3622905511418847E-7
1.362290429109889E-7
1.3622903070781334E-7
1.3622901850466187E-7
1.3622900630153435E-7
1.362289940984307E-7
1.362289818953515E-7
1.3622896969229608E-7
1.3622895748926476E-7
1.3622894528625765E-7
1.362289330832742E-7
1.362289208803151E-7
1.3622890867737998E-7
1.36228896474469E-7
1.3622888427158208E-7
1.3622887206871902E-7
1.3622885986588018E-7
1.3622884766306533E-7
1.3622883546027432E-7
1.3622882325750756E-7
1.362288110547648E-7
1.3622879885204622E-7
1.3622878664935154E-7
1.3622877444668094E-7
1.362287622440344E-7
1.362287500414118E-7
1.3622873783881352E-7
1.3622872563623911E-7
1.3622871343368866E-7
1.362287012311625E-7
1.362286890286601E-7
1.3622867682618195E-7
1.3622866462372766E-7
1.3622865242129752E-7
1.362286402188914E-7
1.3622862801650951E-7
1.362286158141515E-7
1.3622860361181763E-7
1.362285914095078E-7
1.3622857920722177E-7
1.3622856700495997E-7
1.3622855480272224E-7
1.3622854260050856E-7
1.3622853039831908E-7
1.3622851819615345E-7
1.362285059940119E-7
1.3622849379189447E-7
1.3622848158980094E-7
1.362284693877317E-7
1.3622845718568628E-7
1.362284449836648E-7
1.3622843278166765E-7
1.3622842057969456E-7
1.3622840837774548E-7
1.3622839617582003E-7
1.36228383973919E-7
1.3622837177204204E-7
1.36228359570189E-7
1.362283473683602E-7
1.3622833516655547E-7
1.3622832296477455E-7
1.362283107630178E-7
1.3622829856128513E-7
1.3622828635957642E-7
1.3622827415789195E-7
1.3622826195623107E-7
1.3622824975459457E-7
1.3622823755298213E-7
1.362282253513938E-7
1.362282131498294E-7
1.362282009482892E-7
1.3622818874677293E-7
1.362281765452805E-7
1.3622816434381237E-7
1.362281521423682E-7
1.362281399409482E-7
1.362281277395523E-7
1.3622811553818034E-7
1.3622810333683228E-7
1.362280911355085E-7
1.3622807893420864E-7
1.3622806673293295E-7
1.362280545316812E-7
1.3622804233045337E-7
1.3622803012924979E-7
1.3622801792807029E-7
1.3622800572691477E-7
2.7245596264939947E-7
0.001112679838181703
0.0011107653410944412
0.001108854833252456
0.0011069483091593938
0.0011050457633573717
0.0011031471904275167
0.001101252584990576
0.0010993619417073615
0.0010974752552792785
0.0010955925204488163
0.0010937137320000021
0.0010918388847588247
0.0010899679735936671
0.0010881009934156805
0.0010862379391791844
0.0010843788058820063
0.0010825235885658232
0.0010806722823164575
0.0010788248822642017
0.0010769813835840541
0.0010751417814959946
0.001073306071265205
0.001071474248202291
0.001069646307663469
0.0010678222450507173
0.0010660020558119585
0.0010641857354411752
0.0010623732794785
0.0010605646835103585
0.0010587599431694794
0.0010569590541349987
0.0010551620121324336
0.0010533688129337635
0.0010515794523573584
0.0010497939262680011
0.0010480122305768017
0.001046234361241146
0.0010444603142646227
0.0010426900856969122
0.001040923671633666
0.0010391610682163465
0.0010374022716321022
0.001035647278113551
0.0010338960839386129
0.0010321486854302764
0.0010304050789563932
0.001028665260929369
0.0010269292278059477
0.0010251969760869187
0.0010234685023167785
0.0010217438030834336
0.0010200228750178717
0.0010183057147937658
0.001016592319127137
0.0010148826847759553
0.001013176808539702
0.0010114746872589692
0.0010097763178150295
0.001008081697129349
0.0010063908221631447
0.001004703689916861
0.0010030202974296814
0.001001340641779003
9.996647200799062E-4
9.979925294845834E-4
9.963240671818005E-4
9.946593303962659E-4
9.929983163880901E-4
9.913410224521141E-4
9.89687445917313E-4
9.880375841461765E-4
9.863914345339892E-4
9.847489945082073E-4
9.831102615277807E-4
9.814752330824011E-4
9.798439066918392E-4
9.782162799052035E-4
9.76592350300197E-4
9.749721154823763E-4
9.73355573084382E-4
9.717427207651587E-4
9.701335562091534E-4
9.685280771255493E-4
9.669262812474216E-4
9.65328166330911E-4
9.637337301544056E-4
9.621429705176895E-4
9.605558852410641E-4
9.589724721644976E-4
9.573927291467431E-4
9.55816654064418E-4
9.542442448111461E-4
9.526754992966106E-4
9.511104154456544E-4
9.495489911973188E-4
9.479912245039368E-4
9.464371133301667E-4
9.44886655652025E-4
9.433398494559269E-4
9.417966927376986E-4
9.402571835016096E-4
9.38721319759366E-4
9.37189099529105E-4
9.356605208343977E-4
9.341355817032309E-4
9.326142801669633E-4
9.31096614259317E-4
9.295825820153321E-4
9.280721814703209E-4
9.265654106588123E-4
9.250622676135101E-4
9.235627503642E-4
9.220668569367226E-4
9.205745853518634E-4
9.190859336242945E-4
9.176008997614763E-4
9.161194817625867E-4
9.146416776174075E-4
9.131674853052441E-4
9.116969027938179E-4
9.102299280381561E-4
9.087665589794944E-4
9.07306793544157E-4
9.058506296424484E-4
9.043980651675255E-4
9.029490979942833E-4
9.015037259782477E-4
9.000619469544187E-4
8.986237587361929E-4
8.97189159114185E-4
8.957581458551343E-4
8.943307167007579E-4
8.929068693666292E-4
8.914866015410529E-4
8.900699108839128E-4
8.886567950255655E-4
8.87247251565694E-4
8.858412780721843E-4
8.844388720800001E-4
8.830400310900399E-4
8.81644752568035E-4
8.802530339433992E-4
8.788648726081123E-4
8.774802659156123E-4
8.760992111796647E-4
8.747217056732397E-4
8.733477466274151E-4
8.719773312302544E-4
8.706104566256945E-4
8.692471199124569E-4
8.678873181429315E-4
8.665310483221003E-4
8.651783074064244E-4
8.638290923027659E-4
8.624833998673076E-4
8.611412269044762E-4
8.598025701658623E-4
8.584674263491638E-4
8.571357920971143E-4
8.55807663996439E-4
8.544830385767941E-4
8.531619123097413E-4
8.518442816077015E-4
8.505301428229202E-4
8.492194922464617E-4
8.479123261071798E-4
8.466086405707311E-4
8.453084317385614E-4
8.440116956469144E-4
8.427184282658687E-4
8.414286254983468E-4
8.401422831791525E-4
8.388593970740307E-4
8.375799628787142E-4
8.363039762179816E-4
8.350314326447363E-4
8.33762327639095E-4
8.324966566074824E-4
8.312344148817277E-4
8.299755977181899E-4
8.287202002968812E-4
8.274682177205929E-4
8.262196450140761E-4
8.24974477123166E-4
8.237327089139855E-4
8.224943351721024E-4
8.212593506017554E-4
8.200277498250384E-4
8.18799527381139E-4
8.175746777255701E-4
8.163531952294139E-4
8.151350741785843E-4
8.139203087731061E-4
8.127088931264021E-4
8.115008212645955E-4
8.102960871258258E-4
8.090946845595876E-4
8.07896607326061E-4
8.067018490954807E-4
8.055104034475129E-4
8.043222638706443E-4
8.03137423761588E-4
8.019558764246952E-4
8.007776150714065E-4
7.996026328196887E-4
7.984309226935162E-4
7.972624776223455E-4
7.960972904406162E-4
7.949353538872738E-4
7.93776660605295E-4
7.926212031412383E-4
7.914689739448234E-4
7.903199653684967E-4
7.891741696670348E-4
7.880315789971766E-4
7.868921854172472E-4
7.857559808868126E-4
7.846229572663448E-4
7.834931063169281E-4
7.823664196999479E-4
7.812428889768176E-4
7.801225056087345E-4
7.790052609564188E-4
7.778911462799189E-4
7.767801527383896E-4
7.756722713899132E-4
7.745674931913405E-4
7.734658089981396E-4
7.723672095642817E-4
7.712716855421051E-4
7.701792274822548E-4
7.690898258336063E-4
7.680034709432049E-4
7.669201530562476E-4
7.658398623160631E-4
7.647625887641278E-4
7.636883223400822E-4
7.626170528818007E-4
7.615487701254266E-4
7.60483463705488E-4
7.594211231549972E-4
7.583617379055622E-4
7.5730529728755E-4
7.56251790530249E-4
7.552012067620608E-4
7.541535350106964E-4
7.531087642034033E-4
7.520668831672201E-4
7.510278806292522E-4
7.499917452169214E-4
7.489584654583164E-4
7.479280297825076E-4
7.469004265198779E-4
7.45875643902503E-4
7.448536700645415E-4
7.438344930426339E-4
7.428181007763446E-4
7.418044811085938E-4
7.407936217861306E-4
7.397855104600279E-4
7.387801346861948E-4
7.377774819258731E-4
7.367775395462356E-4
7.357802948209024E-4
7.347857349305721E-4
7.337938469635987E-4
7.328046179166372E-4
7.31818034695279E-4
7.308340841147266E-4
7.298527529004782E-4
7.288740276890324E-4
7.278978950285991E-4
7.269243413798875E-4
7.259533531168155E-4
7.249849165273179E-4
7.240190178141559E-4
7.230556430957277E-4
7.220947784069031E-4
7.211364096998977E-4
7.201805228451343E-4
7.192271036321476E-4
7.182761377704843E-4
7.173276108906622E-4
7.163815085450911E-4
7.154378162090573E-4
7.144965192817091E-4
7.135576030870569E-4
7.126210528749921E-4
7.116868538223274E-4
7.107549910338654E-4
7.098254495434517E-4
7.0889821431507E-4
7.079732702439663E-4
7.070506021577481E-4
7.061301948175426E-4
7.052120329191479E-4
7.042961010942003E-4
7.033823839113651E-4
7.02470865877548E-4
7.015615314391035E-4
7.00654364983072E-4
6.997493508384375E-4
6.988464732773912E-4
6.979457165166004E-4
6.970470647185195E-4
6.9615050199268E-4
6.95256012397028E-4
6.943635799392579E-4
6.934731885781492E-4
6.925848222249519E-4
6.916984647447447E-4
6.90814099957842E-4
6.899317116411767E-4
6.890512835297317E-4
6.881727993179562E-4
6.872962426612128E-4
6.864215971772249E-4
6.855488464475337E-4
6.84677974018984E-4
6.838089634051882E-4
6.829417980880613E-4
6.820764615192731E-4
6.812129371218013E-4
6.803512082914573E-4
6.794912583983967E-4
6.786330707886901E-4
6.777766287858523E-4
6.769219156924372E-4
6.760689147915709E-4
6.752176093485681E-4
6.743679826124953E-4
6.735200178177686E-4
6.726736981857616E-4
6.718290069264153E-4
6.709859272398559E-4
6.701444423180092E-4
6.693045353462292E-4
6.684661895049521E-4
6.676293879713147E-4
6.66794113920802E-4
6.659603505289153E-4
6.65128080972817E-4
6.642972884329783E-4
6.63467956094852E-4
6.626400671505617E-4
6.618136048005361E-4
6.609885522552096E-4
6.601648927366816E-4
6.593426094804073E-4
6.585216857368739E-4
6.577021047732876E-4
6.568838498752599E-4
6.56066904348483E-4
6.552512515204345E-4
6.544368747420404E-4
6.536237573893858E-4
6.528118828653903E-4
6.520012346015038E-4
6.51191796059376E-4
6.503835507325702E-4
6.495764821482108E-4
6.487705738687056E-4
6.479658094933971E-4
6.471621726602506E-4
6.463596470475304E-4
6.455582163754702E-4
6.447578644079464E-4
6.43958574954136E-4
6.431603318701902E-4
6.423631190608767E-4
6.415669204812425E-4
6.407717201382666E-4
6.399775020924858E-4
6.391842504596456E-4
6.383919494123345E-4
6.376005831815989E-4
6.368101360585678E-4
6.360205923960574E-4
6.352319366101887E-4
6.344441531819708E-4
6.336572266589057E-4
6.328711416565574E-4
6.320858828601284E-4
6.313014350260331E-4
6.305177829834455E-4
6.297349116358418E-4
6.289528059625444E-4
6.281714510202554E-4
6.273908319445584E-4
6.266109339514306E-4
6.258317423387535E-4
6.250532424877806E-4
6.242754198646131E-4
6.234982600216645E-4
6.227217485991198E-4
6.219458713263606E-4
6.211706140234008E-4
6.203959626022894E-4
6.196219030685256E-4
6.188484215224244E-4
6.180755041605197E-4
6.173031372768937E-4
6.165313072645475E-4
6.15760000616723E-4
6.149892039282006E-4
6.142189038966417E-4
6.13449087323844E-4
6.126797411170206E-4
6.119108522900663E-4
6.111424079647978E-4
6.103743953721644E-4
6.096068018534647E-4
6.088396148615495E-4
6.080728219619823E-4
6.073064108342028E-4
6.065403692726674E-4
6.057746851879866E-4
6.050093466080094E-4
6.042443416789361E-4
6.034796586663733E-4
6.027152859563868E-4
6.01951212056559E-4
6.011874255969714E-4
6.004239153312331E-4
5.996606701374435E-4
5.9889767901915E-4
5.981349311063098E-4
5.973724156561842E-4
5.966101220542562E-4
5.958480398151148E-4
5.950861585833085E-4
5.943244681341928E-4
5.935629583747587E-4
5.928016193444247E-4
5.92040441215816E-4
5.912794142955489E-4
5.90518529024939E-4
5.89757775980746E-4
5.889971458758656E-4
5.882366295600058E-4
5.874762180203373E-4
5.867159023821456E-4
5.859556739094339E-4
5.851955240055118E-4
5.84435444213578E-4
5.836754262172643E-4
5.829154618411602E-4
5.821555430513417E-4
5.813956619558148E-4
5.806358108050133E-4
5.798759819922268E-4
5.79116168054022E-4
5.783563616706387E-4
5.775965556663548E-4
5.768367430098548E-4
5.760769168145565E-4
5.753170703389098E-4
5.745571969866908E-4
5.7379729030726E-4
5.730373439958025E-4
5.722773518935652E-4
5.71517307988026E-4
5.707572064130937E-4
5.699970414492282E-4
5.692368075236132E-4
5.684764992102206E-4
5.677161112299271E-4
5.669556384505681E-4
5.661950758869658E-4
5.654344187009607E-4
5.646736622014115E-4
5.63912801844161E-4
5.631518332319834E-4
5.623907521145312E-4
5.616295543882238E-4
5.6086823609615E-4
5.601067934279271E-4
5.59345222719542E-4
5.585835204531716E-4
5.578216832569858E-4
5.570597079049198E-4
5.562975913164322E-4
5.555353305562423E-4
5.547729228340481E-4
5.54010365504203E-4
5.53247656065411E-4
5.524847921603513E-4
5.517217715753274E-4
5.509585922398643E-4
5.501952522263032E-4
5.494317497493729E-4
5.486680831657232E-4
5.47904250973465E-4
5.47140251811671E-4
5.463760844598621E-4
5.456117478374871E-4
5.448472410033482E-4
5.440825631550493E-4
5.433177136283905E-4
5.425526918967727E-4
5.41787497570553E-4
5.410221303964039E-4
5.402565902566464E-4
5.394908771685645E-4
5.387249912836995E-4
5.379589328871285E-4
5.371927023967266E-4
5.364263003624088E-4
5.356597274653469E-4
5.348929845171871E-4
5.341260724592436E-4
5.33358992361656E-4
5.325917454225627E-4
5.318243329672274E-4
5.310567564471668E-4
5.302890174392689E-4
5.295211176448615E-4
5.287530588888107E-4
5.279848431185698E-4
5.272164724032263E-4
5.264479489325305E-4
5.256792750159199E-4
5.249104530815036E-4
5.24141485675061E-4
5.233723754590055E-4
5.22603125211357E-4
5.218337378246716E-4
5.210642163049787E-4
5.202945637707059E-4
5.195247834515728E-4
5.187548786874842E-4
5.179848529274233E-4
5.172147097283112E-4
5.164444527538621E-4
5.156740857734306E-4
5.149036126608478E-4
5.141330373932365E-4
5.133623640498361E-4
5.125915968107858E-4
5.118207399559315E-4
5.110497978635911E-4
5.102787750093382E-4
5.09507675964767E-4
5.08736505396227E-4
5.079652680635786E-4
5.071939688189312E-4
5.064226126053569E-4
5.056512044556229E-4
5.048797494908861E-4
5.041082529194051E-4
5.033367200352467E-4
5.025651562169515E-4
5.017935669262268E-4
5.010219577066245E-4
5.002503341822038E-4
4.994787020561973E-4
4.987070671096693E-4
4.97935435200162E-4
4.971638122603505E-4
4.963922042966853E-4
4.956206173880095E-4
4.948490576842308E-4
4.940775314049057E-4
4.93306044837896E-4
4.925346043379861E-4
4.91763216325488E-4
4.909918872848677E-4
4.902206237633667E-4
4.89449432369589E-4
4.8867831977214E-4
4.8790729269819624E-4
4.8713635793215255E-4
4.8636552231419395E-4
4.855947927389184E-4
4.848241761539261E-4
4.840536795584286E-4
4.8328331000184997E-4
4.825130745824284E-4
4.817429804458144E-4
4.8097303478367875E-4
4.8020324483231556E-4
4.7943361787123923E-4
4.7866416122180415E-4
4.778948822458029E-4
4.771257883440775E-4
4.7635688695512864E-4
4.755881855537361E-4
4.7481969164956983E-4
4.7405141278581266E-4
4.7328335653777843E-4
4.7251553051154784E-4
4.717479423425851E-4
4.7098059969438374E-4
4.7021351025709366E-4
4.694466817461669E-4
4.686801219010059E-4
4.679138384836161E-4
4.6714783927725463E-4
4.6638213208509817E-4
4.6561672472891004E-4
4.648516250477101E-4
4.640868408964514E-4
4.633223801447066E-4
4.625582506753615E-4
4.617944603833093E-4
4.610310171741564E-4
4.602679289629292E-4
4.595052036727981E-4
4.587428492338004E-4
4.579808735815745E-4
4.5721928465610075E-4
4.564580904004467E-4
4.556972987595232E-4
4.549369176788638E-4
4.5417695510338027E-4
4.5341741897615467E-4
4.5265831723722915E-4
4.5189965782240377E-4
4.511414486620514E-4
4.503836976799323E-4
4.496264127920269E-4
4.4886960190536405E-4
4.481132729168807E-4
4.473574337122739E-4
4.4660209216487387E-4
4.458472561345178E-4
4.4509293346643654E-4
4.4433913199016313E-4
4.43585859518436E-4
4.428331238461234E-4
4.420809327491572E-4
4.4132929398347186E-4
4.4057821528396325E-4
4.3982770436345575E-4
4.390777689116753E-4
4.383284165942454E-4
4.375796550516801E-4
4.3683149189840606E-4
4.360839347217853E-4
4.3533699108114704E-4
4.3459066850684385E-4
4.338449744993122E-4
4.3309991652814564E-4
4.3235550203117855E-4
4.316117384135928E-4
4.3086863304702376E-4
4.30126193268687E-4
4.293844263805179E-4
4.2864333964831987E-4
4.279029403009255E-4
4.271632355293836E-4
4.2642423248613474E-4
4.2568593828422167E-4
4.2494835999651017E-4
4.242115046549063E-4
4.23475379249613E-4
4.2273999072837374E-4
4.220053459957523E-4
4.2127145191240954E-4
4.2053831529440477E-4
4.1980594291250045E-4
4.1907434149149276E-4
4.1834351770954033E-4
4.1761347819752655E-4
4.1688422953841905E-4
4.1615577826664463E-4
4.154281308674852E-4
4.1470129377648546E-4
4.1397527337887197E-4
4.1325007600898116E-4
4.125257079497189E-4
4.118021754320079E-4
4.110794846342719E-4
4.103576416819206E-4
4.096366526468542E-4
4.08916523546974E-4
4.081972603457217E-4
4.0747886895161814E-4
4.067613552178155E-4
4.0604472494168095E-4
4.0532898386436985E-4
4.046141376704272E-4
4.0390019198740623E-4
4.0318715238548384E-4
4.0247502437710674E-4
4.017638134166389E-4
4.010535249000397E-4
4.00344164164527E-4
3.9963573648827723E-4
3.9892824709013774E-4
3.982217011293368E-4
3.9751610370522534E-4
3.9681145985701326E-4
3.961077745635357E-4
3.9540505274302407E-4
3.9470329925289E-4
3.9400251888952267E-4
3.933027163881035E-4
3.92603896422428E-4
3.9190606360473885E-4
3.9120922248558193E-4
3.905133775536621E-4
3.8981853323572256E-4
3.891246938964301E-4
3.8843186383826964E-4
3.8774004730145965E-4
3.870492484638809E-4
3.863594714410014E-4
3.8567072028583197E-4
3.849829989888841E-4
3.8429631147814076E-4
3.836106616190406E-4
3.8292605321446876E-4
3.822424900047711E-4
3.8155997566776426E-4
3.808785138187654E-4
3.8019810801064334E-4
3.795187617338561E-4
3.78840478416519E-4
3.7816326142447993E-4
3.774871140614031E-4
3.768120395688619E-4
3.7613804112644576E-4
3.7546512185187577E-4
3.747932848011299E-4
3.741225329685841E-4
3.7345286928715596E-4
3.7278429662846065E-4
3.7211681780297706E-4
3.7145043556022493E-4
3.7078515258895427E-4
3.7012097151734285E-4
3.6945789491318854E-4
3.687959252841323E-4
3.68135065077886E-4
3.6747531668245996E-4
3.6681668242640033E-4
3.6615916457904534E-4
3.655027653507834E-4
3.648474868933224E-4
3.6419333129995173E-4
3.6354030060584776E-4
3.62888396788349E-4
3.622376217672612E-4
3.615879774051748E-4
3.6093946550776093E-4
3.6029208782411133E-4
3.5964584604706397E-4
3.590007418135372E-4
3.5835677670487907E-4
3.577139522472262E-4
3.570722699118472E-4
3.5643173111552044E-4
3.557923372209036E-4
3.5515408953691157E-4
3.545169893191049E-4
3.5388103777007847E-4
3.532462360398644E-4
3.526125852263287E-4
3.519800863755837E-4
3.513487404824074E-4
3.507185484906603E-4
3.500895112937118E-4
3.494616297348755E-4
3.488349046078437E-4
3.4820933665712534E-4
3.4758492657849694E-4
3.4696167501945885E-4
3.463395825796751E-4
3.4571864981145775E-4
3.4509887722020995E-4
3.44480265264906E-4
3.4386281435855906E-4
3.432465248687086E-4
3.4263139711788445E-4
3.420174313841083E-4
3.4140462790136763E-4
3.407929868601203E-4
3.401825084077762E-4
3.3957319264920477E-4
3.3896503964722993E-4
3.383580494231388E-4
3.377522219571816E-4
3.371475571890863E-4
3.3654405501856797E-4
3.359417153058428E-4
3.3534053787213995E-4
3.3474052250022916E-4
3.341416689349339E-4
3.335439768836542E-4
3.329474460168903E-4
3.323520759687674E-4
3.31757866337561E-4
3.311648166862339E-4
3.305729265429548E-4
3.2998219540163307E-4
3.293926227224492E-4
3.288042079323881E-4
3.282169504257686E-4
3.276308495647829E-4
3.270459046800245E-4
3.2646211507103307E-4
3.2587948000681045E-4
3.2529799872637574E-4
3.247176704392848E-4
3.2413849432617723E-4
3.235604695393025E-4
3.2298359520305784E-4
3.224078704145234E-4
3.2183329424399104E-4
3.212598657355017E-4
3.206875839073778E-4
3.2011644775275253E-4
3.1954645624009744E-4
3.189776083137594E-4
3.1840990289448175E-4
3.1784333887993925E-4
3.1727791514525453E-4
3.1671363054352493E-4
3.16150483906352E-4
3.155884740443548E-4
3.1502759974769455E-4
3.144678597865905E-4
3.13909252911834E-4
3.133517778553001E-4
3.1279543333047186E-4
3.122402180329317E-4
3.116861306408802E-4
3.111331698156379E-4
3.105813342021527E-4
3.100306224294853E-4
3.094810331113273E-4
3.089325648464783E-4
3.083852162193449E-4
3.078389858004324E-4
3.072938721468268E-4
3.06749873802676E-4
3.062069892996741E-4
3.056652171575359E-4
3.051245558844745E-4
3.045850039776652E-4
3.040465599237139E-4
3.035092221991271E-4
3.0297298927076333E-4
3.0243785959629754E-4
3.019038316246669E-4
3.013709037965212E-4
3.008390745446728E-4
3.003083422945341E-4
2.9977870546455494E-4
2.992501624666547E-4
2.9872271170665977E-4
2.981963515847207E-4
2.976710804957339E-4
2.9714689682976467E-4
2.966237989724581E-4
2.9610178530544107E-4
2.9558085420673663E-4
2.9506100405116115E-4
2.9454223321070884E-4
2.940245400549591E-4
2.935079229514525E-4
2.9299238026607704E-4
2.924779103634411E-4
2.9196451160725095E-4
2.914521823606732E-4
2.9094092098670677E-4
2.904307258485271E-4
2.899215953098546E-4
2.8941352773529343E-4
2.8890652149067255E-4
2.8840057494339673E-4
2.878956864627677E-4
2.873918544203221E-4
2.8688907719014834E-4
2.8638735314920696E-4
2.8588668067764436E-4
2.853870581591042E-4
2.848884839810271E-4
2.8439095653494764E-4
2.838944742167866E-4
2.83399035427143E-4
2.8290463857156845E-4
2.8241128206085345E-4
2.819189643112941E-4
2.8142768374495535E-4
2.809374387899377E-4
2.8044822788062695E-4
2.7996004945795227E-4
2.7947290196961516E-4
2.7898678387035166E-4
2.7850169362214747E-4
2.780176296944713E-4
2.7753459056450324E-4
2.77052574717343E-4
2.765715806462349E-4
2.7609160685275843E-4
2.756126518470391E-4
2.7513471414794506E-4
2.7465779228327353E-4
3.7803835822685505E-7
3.7803832453657565E-7
3.7803829084636364E-7
3.7803825715621854E-7
3.7803822346614063E-7
3.780381897761298E-7
3.7803815608618623E-7
3.780381223963097E-7
3.7803808870650056E-7
3.7803805501675797E-7
3.780380213270831E-7
3.7803798763747506E-7
3.7803795394793427E-7
3.780379202584606E-7
3.7803788656905407E-7
3.7803785287971455E-7
3.7803781919044233E-7
3.780377855012372E-7
3.780377518120992E-7
3.780377181230284E-7
3.7803768443402474E-7
3.780376507450879E-7
3.7803761705621864E-7
3.7803758336741635E-7
3.780375496786812E-7
3.7803751599001317E-7
3.780374823014122E-7
3.780374486128785E-7
3.7803741492441174E-7
3.7803738123601243E-7
3.7803734754767994E-7
3.780373138594148E-7
3.780372801712168E-7
3.7803724648308584E-7
3.780372127950221E-7
3.780371791070254E-7
3.780371454190959E-7
3.7803711173123366E-7
3.7803707804343824E-7
3.7803704435571015E-7
3.7803701066804924E-7
3.780369769804555E-7
3.780369432929288E-7
3.780369096054693E-7
3.78036875918077E-7
3.780368422307516E-7
3.780368085434937E-7
3.780367748563027E-7
3.78036741169179E-7
3.780367074821221E-7
3.7803667379513266E-7
3.7803664010821026E-7
3.7803660642135515E-7
3.7803657273456695E-7
3.78036539047846E-7
3.7803650536119226E-7
3.7803647167460555E-7
3.780364379880858E-7
3.780364043016335E-7
3.780363706152485E-7
3.780363369289303E-7
3.780363032426793E-7
3.780362695564955E-7
3.7803623587037894E-7
3.780362021843293E-7
3.78036168498347E-7
3.780361348124317E-7
3.7803610112658363E-7
3.7803606744080266E-7
3.78036033755089E-7
3.780360000694422E-7
3.780359663838626E-7
3.780359326983504E-7
3.780358990129051E-7
3.7803586532752704E-7
3.780358316422162E-7
3.7803579795697233E-7
3.780357642717958E-7
3.7803573058668624E-7
3.78035696901644E-7
3.7803566321666886E-7
3.780356295317607E-7
3.7803559584691984E-7
3.7803556216214615E-7
3.780355284774392E-7
3.7803549479279984E-7
3.780354611082277E-7
3.7803542742372214E-7
3.7803539373928483E-7
3.780353600549136E-7
3.7803532637061E-7
3.780352926863734E-7
3.780352590022038E-7
3.780352253181017E-7
3.7803519163406656E-7
3.7803515795009846E-7
3.7803512426619764E-7
3.7803509058236394E-7
3.780350568985976E-7
3.780350232148982E-7
3.7803498953126557E-7
3.780349558477007E-7
3.7803492216420265E-7
3.780348884807718E-7
3.780348547974086E-7
3.780348211141117E-7
3.7803478743088244E-7
3.7803475374772044E-7
3.7803472006462536E-7
3.780346863815973E-7
3.7803465269863663E-7
3.7803461901574325E-7
3.780345853329169E-7
3.780345516501575E-7
3.7803451796746523E-7
3.780344842848403E-7
3.780344506022823E-7
3.780344169197919E-7
3.780343832373682E-7
3.78034349555012E-7
3.7803431587272265E-7
3.780342821905006E-7
3.780342485083458E-7
3.78034214826258E-7
3.780341811442372E-7
3.7803414746228386E-7
3.7803411378039744E-7
3.7803408009857847E-7
3.7803404641682657E-7
3.7803401273514164E-7
3.7803397905352384E-7
3.780339453719734E-7
3.780339116904899E-7
3.780338780090737E-7
3.7803384432772464E-7
3.780338106464426E-7
3.780337769652281E-7
3.7803374328408016E-7
3.780337096029998E-7
3.7803367592198657E-7
3.7803364224104036E-7
3.7803360856016133E-7
3.780335748793494E-7
3.7803354119860486E-7
3.7803350751792705E-7
3.780334738373169E-7
3.7803344015677366E-7
3.7803340647629777E-7
3.7803337279588873E-7
3.780333391155469E-7
3.7803330543527194E-7
3.780332717550653E-7
3.780332380749245E-7
3.7803320439485143E-7
3.7803317071484527E-7
3.780331370349066E-7
3.780331033550348E-7
3.780330696752305E-7
3.7803303599549305E-7
3.780330023158234E-7
3.780329686362201E-7
3.780329349566842E-7
3.7803290127721556E-7
3.7803286759781386E-7
3.7803283391847955E-7
3.780328002392123E-7
3.7803276656001216E-7
3.780327328808796E-7
3.780326992018136E-7
3.7803266552281487E-7
3.780326318438837E-7
3.780325981650194E-7
3.780325644862222E-7
3.7803253080749215E-7
3.780324971288296E-7
3.780324634502337E-7
3.780324297717055E-7
3.7803239609324415E-7
3.7803236241485E-7
3.7803232873652287E-7
3.780322950582633E-7
3.7803226138007057E-7
3.780322277019453E-7
3.780321940238864E-7
3.780321603458954E-7
3.780321266679713E-7
3.780320929901145E-7
3.780320593123248E-7
3.7803202563460226E-7
3.780319919569471E-7
3.780319582793585E-7
3.780319246018372E-7
3.780318909243837E-7
3.780318572469969E-7
3.7803182356967736E-7
3.7803178989242495E-7
3.780317562152397E-7
3.7803172253812146E-7
3.7803168886107076E-7
3.7803165518408707E-7
3.780316215071704E-7
3.78031587830321E-7
3.780315541535386E-7
3.7803152047682345E-7
3.780314868001757E-7
3.780314531235948E-7
3.780314194470814E-7
3.780313857706347E-7
3.7803135209425543E-7
3.780313184179436E-7
3.780312847416987E-7
3.780312510655206E-7
3.780312173894101E-7
3.780311837133663E-7
3.7803115003739073E-7
3.7803111636148134E-7
3.780310826856393E-7
3.780310490098644E-7
3.78031015334157E-7
3.780309816585166E-7
3.780309479829431E-7
3.7803091430743705E-7
3.78030880631998E-7
3.780308469566264E-7
3.7803081328132165E-7
3.780307796060841E-7
3.78030745930914E-7
3.7803071225581077E-7
3.7803067858077463E-7
3.780306449058061E-7
3.7803061123090446E-7
3.7803057755607007E-7
3.780305438813028E-7
3.780305102066026E-7
3.7803047653196987E-7
3.7803044285740393E-7
3.780304091829053E-7
3.7803037550847387E-7
3.780303418341099E-7
3.780303081598124E-7
3.780302744855825E-7
3.780302408114199E-7
3.780302071373245E-7
3.780301734632959E-7
3.780301397893349E-7
3.7803010611544076E-7
3.7803007244161365E-7
3.78030038767854E-7
3.780300050941615E-7
3.780299714205363E-7
3.780299377469777E-7
3.7802990407348675E-7
3.780298704000627E-7
3.7802983672670624E-7
3.7802980305341684E-7
3.7802976938019425E-7
3.7802973570703904E-7
3.780297020339508E-7
3.780296683609301E-7
3.7802963468797647E-7
3.7802960101508993E-7
3.7802956734227074E-7
3.780295336695182E-7
3.7802949999683346E-7
3.7802946632421576E-7
3.7802943265166497E-7
3.780293989791815E-7
3.780293653067653E-7
3.780293316344161E-7
3.780292979621343E-7
3.7802926428991924E-7
3.780292306177718E-7
3.780291969456915E-7
3.7802916327367834E-7
3.780291296017323E-7
3.7802909592985313E-7
3.780290622580414E-7
3.780290285862973E-7
3.7802899491461946E-7
3.780289612430091E-7
3.7802892757146616E-7
3.7802889389999046E-7
3.780288602285819E-7
3.780288265572404E-7
3.7802879288596567E-7
3.780287592147594E-7
3.7802872554361895E-7
3.780286918725459E-7
3.780286582015405E-7
3.7802862453060213E-7
3.780285908597309E-7
3.7802855718892674E-7
3.780285235181896E-7
3.780284898475205E-7
3.780284561769176E-7
3.78028422506382E-7
3.780283888359139E-7
3.780283551655129E-7
3.7802832149517906E-7
3.780282878249123E-7
3.780282541547131E-7
3.780282204845809E-7
3.780281868145153E-7
3.7802815314451735E-7
3.7802811947458664E-7
3.780280858047228E-7
3.7802805213492677E-7
3.7802801846519734E-7
3.7802798479553546E-7
3.780279511259406E-7
3.780279174564127E-7
3.7802788378695216E-7
3.780278501175589E-7
3.7802781644823276E-7
3.780277827789737E-7
3.78027749109782E-7
3.7802771544065764E-7
3.7802768177159986E-7
3.7802764810260967E-7
3.7802761443368656E-7
3.7802758076483064E-7
3.7802754709604194E-7
3.780275134273205E-7
3.780274797586662E-7
3.7802744609007883E-7
3.7802741242155854E-7
3.7802737875310607E-7
3.7802734508472056E-7
3.7802731141640213E-7
3.7802727774815066E-7
3.7802724407996654E-7
3.7802721041184954E-7
3.780271767438E-7
3.780271430758175E-7
3.780271094079022E-7
3.78027075740054E-7
3.780270420722728E-7
3.78027008404559E-7
3.7802697473691246E-7
3.780269410693334E-7
3.7802690740182063E-7
3.780268737343759E-7
3.7802684006699795E-7
3.78026806399687E-7
3.7802677273244373E-7
3.7802673906526726E-7
3.7802670539815807E-7
3.7802667173111575E-7
3.7802663806414166E-7
3.780266043972336E-7
3.7802657073039334E-7
3.7802653706362005E-7
3.780265033969142E-7
3.780264697302752E-7
3.7802643606370375E-7
3.780264023971988E-7
3.7802636873076244E-7
3.780263350643918E-7
3.780263013980888E-7
3.7802626773185316E-7
3.7802623406568476E-7
3.780262003995832E-7
3.7802616673354887E-7
3.7802613306758196E-7
3.780260994016825E-7
3.7802606573584973E-7
3.7802603207008426E-7
3.7802599840438607E-7
3.7802596473875485E-7
3.7802593107319107E-7
3.7802589740769427E-7
3.780258637422648E-7
3.7802583007690283E-7
3.780257964116073E-7
3.780257627463796E-7
3.7802572908121894E-7
3.7802569541612543E-7
3.78025661751099E-7
3.7802562808613973E-7
3.7802559442124786E-7
3.7802556075642323E-7
3.780255270916654E-7
3.78025493426975E-7
3.7802545976235183E-7
3.7802542609779597E-7
3.780253924333069E-7
3.7802535876888537E-7
3.7802532510453105E-7
3.7802529144024376E-7
3.780252577760235E-7
3.7802522411187076E-7
3.7802519044778505E-7
3.780251567837666E-7
3.7802512311981524E-7
3.780250894559311E-7
3.780250557921142E-7
3.7802502212836414E-7
3.780249884646819E-7
3.7802495480106666E-7
3.7802492113751855E-7
3.780248874740376E-7
3.780248538106237E-7
3.7802482014727707E-7
3.7802478648399795E-7
3.7802475282078565E-7
3.780247191576408E-7
3.7802468549456273E-7
3.780246518315523E-7
3.780246181686088E-7
3.7802458450573245E-7
3.7802455084292376E-7
3.780245171801815E-7
3.780244835175069E-7
3.7802444985489964E-7
3.780244161923595E-7
3.7802438252988635E-7
3.7802434886748063E-7
3.7802431520514167E-7
3.7802428154287004E-7
3.7802424788066645E-7
3.7802421421852903E-7
3.7802418055645905E-7
3.780241468944564E-7
3.78024113232521E-7
3.780240795706525E-7
3.7802404590885137E-7
3.780240122471175E-7
3.7802397858545125E-7
3.7802394492385127E-7
3.7802391126231895E-7
3.7802387760085397E-7
3.7802384393945563E-7
3.780238102781252E-7
3.780237766168616E-7
3.7802374295566525E-7
3.780237092945363E-7
3.7802367563347417E-7
3.7802364197247955E-7
3.7802360831155196E-7
3.7802357465069123E-7
3.780235409898985E-7
3.7802350732917247E-7
3.7802347366851397E-7
3.7802344000792254E-7
3.780234063473979E-7
3.7802337268694075E-7
3.780233390265509E-7
3.780233053662282E-7
3.780232717059727E-7
3.780232380457845E-7
3.780232043856632E-7
3.78023170725609E-7
3.7802313706562244E-7
3.7802310340570287E-7
3.7802306974585053E-7
3.780230360860654E-7
3.780230024263474E-7
3.780229687666967E-7
3.780229351071132E-7
3.780229014475969E-7
3.7802286778814766E-7
3.7802283412876585E-7
3.7802280046945106E-7
3.7802276681020345E-7
3.7802273315102296E-7
3.780226994919098E-7
3.780226658328643E-7
3.7802263217388534E-7
3.7802259851497384E-7
3.780225648561294E-7
3.7802253119735213E-7
3.7802249753864217E-7
3.780224638799997E-7
3.780224302214239E-7
3.780223965629159E-7
3.7802236290447447E-7
3.780223292461008E-7
3.780222955877942E-7
3.7802226192955464E-7
3.780222282713823E-7
3.78022194613277E-7
3.7802216095523886E-7
3.7802212729726916E-7
3.780220936393653E-7
3.7802205998152886E-7
3.780220263237598E-7
3.7802199266605787E-7
3.780219590084233E-7
3.7802192535085586E-7
3.7802189169335584E-7
3.7802185803592246E-7
3.7802182437855664E-7
3.780217907212582E-7
3.780217570640267E-7
3.780217234068624E-7
3.7802168974976554E-7
3.780216560927359E-7
3.780216224357734E-7
3.780215887788771E-7
3.7802155512204937E-7
3.780215214652885E-7
3.7802148780859484E-7
3.7802145415196806E-7
3.7802142049540883E-7
3.7802138683891693E-7
3.78021353182492E-7
3.7802131952613373E-7
3.7802128586984343E-7
3.780212522136199E-7
3.780212185574639E-7
3.780211849013751E-7
3.7802115124535335E-7
3.7802111758939885E-7
3.780210839335116E-7
3.7802105027769154E-7
3.7802101662193857E-7
3.780209829662529E-7
3.7802094931063456E-7
3.780209156550834E-7
3.7802088199959937E-7
3.780208483441827E-7
3.78020814688833E-7
3.780207810335501E-7
3.780207473783352E-7
3.780207137231873E-7
3.780206800681065E-7
3.7802064641309284E-7
3.7802061275814657E-7
3.780205791032676E-7
3.7802054544845573E-7
3.780205117937107E-7
3.780204781390333E-7
3.7802044448442313E-7
3.780204108298799E-7
3.780203771754043E-7
3.780203435209955E-7
3.7802030986665394E-7
3.780202762123801E-7
3.780202425581728E-7
3.780202089040329E-7
3.780201752499604E-7
3.7802014159595494E-7
3.7802010794201685E-7
3.7802007428814605E-7
3.780200406343423E-7
3.780200069806058E-7
3.7801997332693624E-7
3.780199396733342E-7
3.780199060197993E-7
3.780198723663318E-7
3.780198387129313E-7
3.7801980505959806E-7
3.7801977140633193E-7
3.780197377531334E-7
3.780197041000015E-7
3.780196704469372E-7
3.7801963679393997E-7
3.780196031410101E-7
3.780195694881473E-7
3.780195358353519E-7
3.780195021826237E-7
3.780194685299623E-7
3.780194348773687E-7
3.780194012248418E-7
3.7801936757238233E-7
3.7801933391999013E-7
3.780193002676649E-7
3.7801926661540727E-7
3.780192329632167E-7
3.7801919931109355E-7
3.780191656590373E-7
3.7801913200704823E-7
3.7801909835512656E-7
3.78019064703272E-7
3.780190310514847E-7
3.7801899739976457E-7
3.780189637481119E-7
3.7801893009652605E-7
3.7801889644500783E-7
3.780188627935565E-7
3.780188291421726E-7
3.78018795490856E-7
3.7801876183960616E-7
3.7801872818842384E-7
3.7801869453730896E-7
3.780186608862612E-7
3.7801862723528033E-7
3.780185935843669E-7
3.7801855993352074E-7
3.7801852628274166E-7
3.7801849263202997E-7
3.780184589813854E-7
3.78018425330808E-7
3.780183916802981E-7
3.7801835802985497E-7
3.7801832437947934E-7
3.78018290729171E-7
3.7801825707892973E-7
3.7801822342875564E-7
3.7801818977864874E-7
3.7801815612860954E-7
3.7801812247863683E-7
3.7801808882873195E-7
3.780180551788941E-7
3.7801802152912334E-7
3.7801798787941983E-7
3.780179542297836E-7
3.7801792058021446E-7
3.7801788693071287E-7
3.78017853281278E-7
3.7801781963191074E-7
3.7801778598261063E-7
3.7801775233337776E-7
3.780177186842121E-7
3.780176850351138E-7
3.7801765138608296E-7
3.7801761773711807E-7
3.780175840882218E-7
3.780175504393921E-7
3.7801751679062975E-7
3.7801748314193474E-7
3.780174494933067E-7
3.780174158447461E-7
3.780173821962528E-7
3.780173485478262E-7
3.780173148994675E-7
3.780172812511757E-7
3.780172476029513E-7
3.780172139547937E-7
3.780171803067039E-7
3.780171466586808E-7
3.780171130107253E-7
3.78017079362837E-7
3.780170457150156E-7
3.7801701206726173E-7
3.7801697841957506E-7
3.7801694477195557E-7
3.7801691112440316E-7
3.780168774769183E-7
3.7801684382950056E-7
3.780168101821499E-7
3.7801677653486626E-7
3.7801674288765033E-7
3.780167092405012E-7
3.780166755934196E-7
3.780166419464051E-7
3.7801660829945793E-7
3.780165746525782E-7
3.780165410057652E-7
3.7801650735901965E-7
3.780164737123414E-7
3.780164400657301E-7
3.7801640641918637E-7
3.7801637277270984E-7
3.780163391263005E-7
3.780163054799584E-7
3.7801627183368325E-7
3.780162381874757E-7
3.780162045413353E-7
3.780161708952619E-7
3.7801613724925597E-7
3.780161036033171E-7
3.7801606995744547E-7
3.7801603631164154E-7
3.7801600266590416E-7
3.7801596902023417E-7
3.7801593537463136E-7
3.7801590172909605E-7
3.7801586808362787E-7
3.7801583443822697E-7
3.780158007928935E-7
3.780157671476265E-7
3.780157335024277E-7
3.7801569985729555E-7
3.7801566621223066E-7
3.780156325672334E-7
3.780155989223029E-7
3.780155652774398E-7
3.7801553163264397E-7
3.7801549798791567E-7
3.780154643432539E-7
3.780154306986599E-7
3.7801539705413295E-7
3.780153634096733E-7
3.7801532976528065E-7
3.780152961209556E-7
3.7801526247669777E-7
3.7801522883250654E-7
3.7801519518838344E-7
3.780151615443272E-7
3.780151279003383E-7
3.7801509425641623E-7
3.780150606125617E-7
3.7801502696877467E-7
3.780149933250546E-7
3.780149596814011E-7
3.780149260378158E-7
3.780148923942974E-7
3.7801485875084603E-7
3.7801482510746224E-7
3.780147914641453E-7
3.780147578208958E-7
3.7801472417771357E-7
3.7801469053459886E-7
3.7801465689155097E-7
3.780146232485703E-7
3.780145896056571E-7
3.780145559628112E-7
3.780145223200321E-7
3.780144886773206E-7
3.7801445503467636E-7
3.7801442139209926E-7
3.7801438774958934E-7
3.780143541071467E-7
3.780143204647714E-7
3.7801428682246324E-7
3.7801425318022215E-7
3.780142195380485E-7
3.7801418589594203E-7
3.78014152253903E-7
3.7801411861193084E-7
3.7801408497002623E-7
3.7801405132818875E-7
3.780140176864186E-7
3.780139840447156E-7
3.780139504030797E-7
3.780139167615116E-7
3.7801388312001005E-7
3.7801384947857607E-7
3.7801381583720933E-7
3.780137821959095E-7
3.780137485546771E-7
3.7801371491351223E-7
3.7801368127241394E-7
3.780136476313842E-7
3.7801361399042044E-7
3.780135803495244E-7
3.7801354670869567E-7
3.7801351306793365E-7
3.7801347942723945E-7
3.780134457866124E-7
3.7801341214605206E-7
3.780133785055602E-7
3.7801334486513424E-7
3.7801331122477594E-7
3.7801327758448514E-7
3.780132439442615E-7
3.7801321030410503E-7
3.780131766640159E-7
3.7801314302399406E-7
3.78013109384039E-7
3.7801307574415176E-7
3.780130421043314E-7
3.7801300846457834E-7
3.7801297482489264E-7
3.780129411852742E-7
3.780129075457227E-7
3.780128739062389E-7
3.780128402668222E-7
3.780128066274725E-7
3.780127729881903E-7
3.780127393489753E-7
3.7801270570982753E-7
3.780126720707466E-7
3.7801263843173346E-7
3.780126047927876E-7
3.780125711539089E-7
3.7801253751509717E-7
3.780125038763528E-7
3.780124702376756E-7
3.7801243659906567E-7
3.7801240296052315E-7
3.78012369322048E-7
3.780123356836398E-7
3.780123020452988E-7
3.7801226840702533E-7
3.780122347688189E-7
3.7801220113067984E-7
3.7801216749260806E-7
3.780121338546033E-7
3.780121002166661E-7
3.780120665787958E-7
3.7801203294099304E-7
3.780119993032572E-7
3.780119656655887E-7
3.780119320279875E-7
3.7801189839045385E-7
3.7801186475298716E-7
3.7801183111558813E-7
3.7801179747825586E-7
3.7801176384099077E-7
3.7801173020379333E-7
3.780116965666628E-7
3.780116629295998E-7
3.7801162929260384E-7
3.780115956556753E-7
3.7801156201881396E-7
3.780115283820197E-7
3.780114947452926E-7
3.7801146110863323E-7
3.7801142747204063E-7
3.780113938355157E-7
3.7801136019905787E-7
3.780113265626671E-7
3.7801129292634393E-7
3.780112592900871E-7
3.780112256538985E-7
3.7801119201777696E-7
3.7801115838172233E-7
3.780111247457354E-7
3.780110911098155E-7
3.780110574739628E-7
3.780110238381773E-7
3.780109902024594E-7
3.780109565668084E-7
3.780109229312247E-7
3.7801088929570834E-7
3.780108556602594E-7
3.7801082202487725E-7
3.78010788389563E-7
3.7801075475431557E-7
3.780107211191353E-7
3.780106874840223E-7
3.780106538489769E-7
3.7801062021399875E-7
3.7801058657908756E-7
3.780105529442435E-7
3.7801051930946694E-7
3.780104856747578E-7
3.7801045204011583E-7
3.7801041840554086E-7
3.780103847710334E-7
3.780103511365932E-7
3.7801031750221994E-7
3.7801028386791416E-7
3.780102502336754E-7
3.7801021659950453E-7
3.7801018296540046E-7
3.780101493313636E-7
3.780101156973941E-7
3.7801008206349186E-7
3.78010048429657E-7
3.7801001479588897E-7
3.7800998116218867E-7
3.7800994752855534E-7
3.7800991389498955E-7
3.7800988026149074E-7
3.780098466280593E-7
3.780098129946951E-7
3.7800977936139823E-7
3.7800974572816835E-7
3.7800971209500623E-7
3.7800967846191055E-7
3.780096448288831E-7
3.7800961119592227E-7
3.780095775630287E-7
3.780095439302026E-7
3.780095102974436E-7
3.780094766647522E-7
3.780094430321278E-7
3.780094093995711E-7
3.7800937576708097E-7
3.7800934213465826E-7
3.78009308502303E-7
3.7800927487001485E-7
3.780092412377942E-7
3.780092076056407E-7
3.7800917397355405E-7
3.7800914034153553E-7
3.7800910670958345E-7
3.7800907307769903E-7
3.780090394458818E-7
3.7800900581413183E-7
3.780089721824491E-7
3.7800893855083367E-7
3.7800890491928563E-7
3.7800887128780413E-7
3.7800883765639066E-7
3.7800880402504415E-7
3.78008770393765E-7
3.780087367625533E-7
3.780087031314084E-7
3.7800866950033106E-7
3.7800863586932093E-7
3.780086022383782E-7
3.780085686075024E-7
3.7800853497669385E-7
3.7800850134595313E-7
3.780084677152792E-7
3.7800843408467266E-7
3.780084004541336E-7
3.780083668236614E-7
3.780083331932563E-7
3.7800829956291915E-7
3.780082659326488E-7
3.7800823230244585E-7
3.7800819867231E-7
3.7800816504224163E-7
3.7800813141224043E-7
7.560161283050144E-7
1.7302455205353377E-6
3.4569265385722565E-6
5.1800526546496516E-6
6.8996334686262985E-6
8.615678579954625E-6
1.032819758796026E-5
1.2037200092128308E-5
1.3742695692394558E-5
1.544469398944302E-5
1.7143204585008712E-5
1.88382370821854E-5
2.0529801085738868E-5
2.2217906202424336E-5
2.390256204130897E-5
2.5583778214098454E-5
2.7261564335468532E-5
2.893593002339889E-5
3.0606884899512266E-5
3.227443858941745E-5
3.393860072305333E-5
3.5599380935038615E-5
3.7256788865022964E-5
3.8910834158042104E-5
4.056152646487319E-5
4.220887544239532E-5
4.385289075394942E-5
4.5493582069702766E-5
4.713095906701197E-5
4.8765031430789955E-5
5.039580885387363E-5
5.202330103739126E-5
5.3647517691132336E-5
5.526846853391691E-5
5.6886163293966006E-5
5.8500611709270754E-5
6.0111823527964166E-5
6.171980850868948E-5
6.332457642097087E-5
6.492613704558049E-5
6.652450017490876E-5
6.811967561332837E-5
6.971167317756115E-5
7.13005026970412E-5
7.288617401427798E-5
7.446869698521583E-5
7.604808147959168E-5
7.762433738128934E-5
7.919747458869581E-5
8.076750301504861E-5
8.233443258878377E-5
8.389827325388049E-5
8.545903497020078E-5
8.701672771382832E-5
8.857136147739786E-5
9.012294627042809E-5
9.167149211964573E-5
9.321700906930485E-5
9.475950718150436E-5
9.629899653649729E-5
9.783548723299951E-5
9.93689893884881E-5
1.0089951313949884E-4
1.0242706864191516E-4
1.0395166607125277E-4
1.0547331562293687E-4
1.0699202751257575E-4
1.0850781197622639E-4
1.1002067927065305E-4
1.1153063967357905E-4
1.130377034839334E-4
1.1454188102208999E-4
1.1604318263009818E-4
1.175416186719054E-4
1.1903719953357702E-4
1.2052993562349938E-4
1.2201983737258539E-4
1.2350691523446458E-4
1.2499117968566915E-4
1.2647264122580399E-4
1.27951310377722E-4
1.294271976876774E-4
1.309003137254748E-4
1.3237066908460929E-4
1.3383827438240046E-4
1.353031402601124E-4
1.367652773830637E-4
1.3822469644073082E-4
1.3968140814684326E-4
1.411354232394602E-4
1.4258675248104857E-4
1.4403540665854143E-4
1.45481396583389E-4
1.4692473309160195E-4
1.483654270437804E-4
1.498034893251305E-4
1.512389308454775E-4
1.5267176253926128E-4
1.5410199536552082E-4
1.5552964030786853E-4
1.5695470837445507E-4
1.5837721059792264E-4
1.5979715803533828E-4
1.6121456176812891E-4
1.6262943290199465E-4
1.6404178256681324E-4
1.6545162191652753E-4
1.668589621290327E-4
1.6826381440604056E-4
1.6966618997293488E-4
1.710661000786099E-4
1.7246355599530547E-4
1.7385856901842056E-4
1.752511504663199E-4
1.7664131168012486E-4
1.78029064023492E-4
1.7941441888237752E-4
1.8079738766479134E-4
1.8217798180053565E-4
1.8355621274093202E-4
1.8493209195853167E-4
1.8630563094681923E-4
1.8767684121989448E-4
1.890457343121476E-4
1.9041232177791946E-4
1.9177661519114442E-4
1.9313862614498458E-4
1.9449836625144715E-4
1.9585584714099064E-4
1.9721108046211712E-4
1.9856407788094597E-4
1.9991485108078187E-4
2.012634117616633E-4
2.0260977163989656E-4
2.0395394244758342E-4
2.052959359321261E-4
2.066357638557246E-4
2.0797343799485596E-4
2.0930897013974237E-4
2.1064237209380787E-4
2.1197365567311312E-4
2.1330283270578552E-4
2.146299150314313E-4
2.159549145005328E-4
2.1727784297383506E-4
2.1859871232171433E-4
2.1991753442353944E-4
2.2123432116701562E-4
2.2254908444751216E-4
2.2386183616738222E-4
2.2517258823526444E-4
2.2648135256537645E-4
2.2778814107678552E-4
2.290929656926804E-4
2.303958383396137E-4
2.3169677094674385E-4
2.3299577544505618E-4
2.3429286376657502E-4
2.3558804784356226E-4
2.3688133960770113E-4
2.3817275098927016E-4
2.3946229391629787E-4
2.4074998031371726E-4
2.4203582210249267E-4
2.433198311987473E-4
2.4460201951286665E-4
2.458823989486039E-4
2.4716098140215557E-4
2.484377787612414E-4
2.497128029041663E-4
2.5098606569886527E-4
2.522575790019437E-4
2.5352735465770297E-4
2.5479540449715906E-4
2.560617403370384E-4
2.5732637397877747E-4
2.585893172075082E-4
2.598505817910165E-4
2.6111017947871195E-4
2.6236812200057514E-4
2.6362442106609384E-4
2.6487908836320156E-4
2.6613213555718904E-4
2.673835742896118E-4
2.6863341617719785E-4
2.698816728107355E-4
2.711283557539488E-4
2.723734765423778E-4
2.7361704668223857E-4
2.748590776492726E-4
2.7609958088759825E-4
2.773385678085468E-4
2.7857604978949495E-4
2.7981203817267856E-4
2.8104654426401403E-4
2.822795793319001E-4
2.835111546060219E-4
2.8474128127613333E-4
2.8596997049085E-4
2.8719723335642814E-4
2.884230809355334E-4
2.896475242460078E-4
2.9087057425962356E-4
2.9209224190085084E-4
2.9331253804559793E-4
2.945314735199531E-4
2.9574905909892534E-4
2.969653055051837E-4
2.981802234077799E-4
2.993938234208755E-4
3.006061161024645E-4
3.0181711195309123E-4
3.03026821414564E-4
3.0423525486866554E-4
3.0544242263586365E-4
3.0664833497401193E-4
3.078530020770598E-4
3.0905643407375024E-4
3.102586410263196E-4
3.1145963292919147E-4
3.1265941970768735E-4
3.1385801121670424E-4
3.1505541723942347E-4
3.162516474859959E-4
3.174467115922453E-4
3.1864061911835925E-4
3.198333795475841E-4
3.210250022849219E-4
3.2221549665583044E-4
3.2340487190491785E-4
3.2459313719464657E-4
3.2578030160403516E-4
3.2696637412735896E-4
3.281513636728659E-4
3.293352790614803E-4
3.305181290255224E-4
3.3169992220741744E-4
3.3288066715842385E-4
3.3406037233735573E-4
3.3523904610931464E-4
3.3641669674441946E-4
3.375933324165514E-4
3.387689612020983E-4
3.399435910786988E-4
3.4111722992400875E-4
3.4228988551445984E-4
3.434615655240279E-4
3.446322775230175E-4
3.4580202897683225E-4
3.469708272447813E-4
3.481386795788678E-4
3.4930559312260247E-4
3.5047157490982324E-4
3.5163663186351545E-4
3.5280077079464833E-4
3.539639984010165E-4
3.55126321266103E-4
3.562877458579304E-4
3.5744827852794405E-4
3.5860792550990156E-4
3.5976669291876146E-4
3.6092458674959085E-4
3.6208161287648984E-4
3.632377770515226E-4
3.643930849036601E-4
3.6554754193774005E-4
3.6670115353342695E-4
3.6785392494420994E-4
3.6900586129639005E-4
3.7015696758808817E-4
3.713072486882796E-4
3.7245670933582365E-4
3.7360535413852205E-4
3.747531875721865E-4
3.7590021397972665E-4
3.7704643757024324E-4
3.7819186241814823E-4
3.7933649246229965E-4
3.804803315051445E-4
3.81623383211886E-4
3.827656511096694E-4
3.839071385867734E-4
3.8504784889183905E-4
3.8618778513309853E-4
3.873269502776265E-4
3.884653471506131E-4
3.8960297843466013E-4
3.9073984666908865E-4
3.918759542492606E-4
3.930113034259367E-4
3.9414589630463423E-4
3.952797348450242E-4
3.9641282086033507E-4
3.9754515601677954E-4
3.986767418330118E-4
3.998075796795842E-4
4.009376707784542E-4
4.02067016202482E-4
4.0319561687497516E-4
4.0432347356923916E-4
4.0545058690815946E-4
4.0657695736379584E-4
4.0770258525701366E-4
4.088274707571199E-4
4.0995161388153483E-4
4.1107501449548956E-4
4.1219767231172777E-4
4.1331958689025286E-4
4.144407576380857E-4
4.155611838090511E-4
4.166808645035818E-4
4.177997986685578E-4
4.189179850971624E-4
4.2003542242875856E-4
4.2115210914880175E-4
4.222680435887635E-4
4.2338322392609484E-4
4.244976481841971E-4
4.256113142324348E-4
4.26724219786166E-4
4.27836362406792E-4
4.289477395018449E-4
4.300583483250902E-4
4.311681859766625E-4
4.322772494032236E-4
4.3338553539814243E-4
4.3449304060170634E-4
4.3559976150136067E-4
4.3670569443196225E-4
4.3781083557607877E-4
4.389151809642903E-4
4.4001872647553644E-4
4.411214678374853E-4
4.4222340062691955E-4
4.433245202701543E-4
4.444248220434899E-4
4.455243010736784E-4
4.4662295233842517E-4
4.477207706669081E-4
4.488177507403319E-4
4.499138870925048E-4
4.5100917411044095E-4
4.521036060349912E-4
4.531971769615033E-4
4.542898808404959E-4
4.5538171147837435E-4
4.564726625381658E-4
4.575627275402745E-4
4.5865189986327696E-4
4.5974017274473197E-4
4.6082753928201837E-4
4.6191399243320327E-4
4.6299952501793393E-4
4.6408412971835246E-4
4.6516779908004524E-4
4.6625052551300006E-4
4.673323012926112E-4
4.684131185606929E-4
4.694929693265315E-4
4.7057184546794243E-4
4.716497387323751E-4
4.727266407380352E-4
4.738025429750207E-4
4.748774368064933E-4
4.7595131346987973E-4
4.7702416407807924E-4
4.7809597962071413E-4
4.791667509653882E-4
4.8023646885898326E-4
4.81305123928973E-4
4.82372706684753E-4
4.8343920751900844E-4
4.8450461670908915E-4
4.8556892441842464E-4
4.866321206979478E-4
4.8769419548754433E-4
4.887551386175296E-4
4.898149398101395E-4
4.9087358868105E-4
4.919310747409152E-4
4.929873873969182E-4
4.940425159543705E-4
4.950964496182959E-4
4.961491774950562E-4
4.972006885939894E-4
4.982509718290826E-4
4.993000160206428E-4
5.003478098969838E-4
5.01394342096176E-4
5.024396011677666E-4
5.034835755745356E-4
5.045262536942602E-4
5.055676238215303E-4
5.066076741695353E-4
5.076463928719068E-4
5.086837679845596E-4
5.097197874875341E-4
5.107544392868924E-4
5.117877112165967E-4
5.128195910404243E-4
5.138500664538915E-4
5.148791250861872E-4
5.159067545021045E-4
5.169329422040442E-4
5.179576756339686E-4
5.189809421753912E-4
5.200027291553925E-4
5.210230238466245E-4
5.220418134693683E-4
5.230590851935464E-4
5.240748261407787E-4
5.250890233864617E-4
5.261016639618313E-4
5.271127348560402E-4
5.281222230182774E-4
5.291301153598452E-4
5.301363987562813E-4
5.31141060049485E-4
5.321440860498437E-4
5.331454635383574E-4
5.341451792688047E-4
5.351432199698729E-4
5.361395723473297E-4
5.371342230861789E-4
5.381271588528391E-4
5.391183662973021E-4
5.401078320553287E-4
5.410955427506164E-4
5.420814849969988E-4
5.430656454006312E-4
5.440480105621885E-4
5.450285670790516E-4
5.460073015475091E-4
5.469842005649672E-4
5.479592507321396E-4
5.489324386552581E-4
5.499037509482633E-4
5.508731742350155E-4
5.518406951515002E-4
5.528063003480182E-4
5.537699764913922E-4
5.547317102671586E-4
5.55691488381772E-4
5.566492975647931E-4
5.576051245710712E-4
5.585589561829356E-4
5.595107792123812E-4
5.60460580503247E-4
5.614083469333676E-4
5.623540654167659E-4
5.632977229057955E-4
5.64239306393313E-4
5.651788029148082E-4
5.66116199550552E-4
5.670514834277353E-4
5.679846417225781E-4
5.689156616624654E-4
5.698445305280427E-4
5.707712356553215E-4
5.716957644377521E-4
5.726181043283282E-4
5.735382428416298E-4
5.744561675558987E-4
5.753718661150667E-4
5.762853262308165E-4
5.77196535684564E-4
5.781054823295064E-4
5.790121540925911E-4
5.799165389765056E-4
5.808186250616555E-4
5.817184005080968E-4
5.826158535575061E-4
5.835109725350762E-4
5.844037458514404E-4
5.852941620045633E-4
5.861822095816187E-4
5.870678772608417E-4
5.879511538133881E-4
5.888320281051414E-4
5.897104890985417E-4
5.905865258543598E-4
5.91460127533478E-4
5.923312833986443E-4
5.931999828161943E-4
5.940662152577827E-4
5.949299703020794E-4
5.957912376364234E-4
5.966500070585041E-4
5.975062684779698E-4
5.983600119180577E-4
5.992112275171893E-4
6.000599055305256E-4
6.009060363315202E-4
6.017496104134509E-4
6.025906183909236E-4
6.034290510013423E-4
6.042648991063731E-4
6.050981536933741E-4
6.059288058768212E-4
6.067568468996678E-4
6.075822681347326E-4
6.084050610860231E-4
6.092252173900453E-4
6.100427288171134E-4
6.108575872725828E-4
6.116697847981156E-4
6.124793135728688E-4
6.132861659147015E-4
6.140903342813283E-4
6.148918112714386E-4
6.156905896258231E-4
6.164866622284514E-4
6.172800221075208E-4
6.18070662436486E-4
6.188585765350705E-4
6.196437578702126E-4
6.20426200057034E-4
6.212058968597532E-4
6.219828421925742E-4
6.227570301205454E-4
6.235284548603988E-4
6.242971107813579E-4
6.250629924059081E-4
6.258260944105477E-4
6.265864116265197E-4
6.273439390404894E-4
6.280986717952277E-4
6.288506051902175E-4
6.295997346822923E-4
6.303460558861984E-4
6.310895645751356E-4
6.318302566812912E-4
6.325681282963305E-4
6.333031756718489E-4
6.340353952198068E-4
6.347647835129446E-4
6.354913372851441E-4
6.36215053431774E-4
6.369359290100126E-4
6.376539612391389E-4
6.383691475007753E-4
6.390814853391317E-4
6.397909724611946E-4
6.404976067369033E-4
6.412013861992888E-4
6.419023090445891E-4
6.426003736323274E-4
6.432955784853745E-4
6.439879222899637E-4
6.446774038957014E-4
6.453640223155252E-4
6.460477767256481E-4
6.46728666465463E-4
6.474066910374415E-4
6.480818501069703E-4
6.487541435021839E-4
6.494235712137642E-4
6.500901333947176E-4
6.50753830360099E-4
6.514146625867459E-4
6.520726307129538E-4
6.52727735538136E-4
6.533799780224573E-4
6.540293592864478E-4
6.546758806105674E-4
6.553195434347653E-4
6.559603493580022E-4
6.56598300137747E-4
6.572333976894583E-4
6.578656440860126E-4
6.584950415571415E-4
6.591215924888143E-4
6.597452994226158E-4
6.603661650550928E-4
6.609841922370512E-4
6.61599383972878E-4
6.622117434197899E-4
6.628212738870927E-4
6.634279788353972E-4
6.640318618758115E-4
6.646329267691086E-4
6.652311774249005E-4
6.658266179007455E-4
6.664192524012633E-4
6.67009085277203E-4
6.675961210245166E-4
6.681803642833924E-4
6.68761819837264E-4
6.693404926118176E-4
6.699163876739534E-4
6.704895102307508E-4
6.71059865628383E-4
6.716274593510441E-4
6.721922970198353E-4
6.727543843916336E-4
6.733137273579542E-4
6.738703319437706E-4
6.744242043063426E-4
6.749753507340124E-4
6.755237776449729E-4
6.760694915860378E-4
6.766124992313854E-4
6.771528073812867E-4
6.776904229608072E-4
6.782253530185078E-4
6.787576047251218E-4
6.792871853722197E-4
6.798141023708483E-4
6.803383632501699E-4
6.808599756560813E-4
6.81378947349813E-4
6.818952862065107E-4
6.824090002138262E-4
6.829200974704768E-4
6.834285861848007E-4
6.839344746732701E-4
6.844377713590413E-4
6.849384847704563E-4
6.854366235395629E-4
6.859321964005799E-4
6.864252121883942E-4
6.869156798370393E-4
6.874036083781319E-4
6.878890069393551E-4
6.883718847428706E-4
6.888522511037698E-4
6.89330115428507E-4
6.898054872132941E-4
6.902783760425318E-4
6.907487915871952E-4
6.912167436032491E-4
6.916822419300194E-4
6.921452964885916E-4
6.926059172801831E-4
6.93064114384511E-4
6.935198979581733E-4
6.93973278232997E-4
6.944242655144003E-4
6.948728701797713E-4
6.953191026767791E-4
6.957629735217564E-4
6.962044932980416E-4
6.96643672654308E-4
6.970805223029097E-4
6.975150530182404E-4
6.979472756350483E-4
6.983772010467987E-4
6.988048402039858E-4
6.992302041124994E-4
6.996533038319422E-4
7.000741504739844E-4
7.004927552006927E-4
7.009091292228749E-4
7.013232837984284E-4
7.017352302306751E-4
7.021449798667236E-4
7.025525440958132E-4
7.02957934347663E-4
7.033611620908399E-4
7.037622388311113E-4
7.04161176109819E-4
7.045579855022348E-4
7.049526786159527E-4
7.053452670892564E-4
7.057357625895099E-4
7.061241768115513E-4
7.065105214760893E-4
7.068948083281038E-4
7.072770491352517E-4
7.076572556863022E-4
7.080354397895523E-4
7.084116132712544E-4
7.087857879740586E-4
7.091579757554766E-4
7.09528188486328E-4
7.09896438049208E-4
7.10262736336958E-4
7.106270952511716E-4
7.109895267006695E-4
7.113500426000189E-4
7.117086548680419E-4
7.120653754263418E-4
7.124202161978518E-4
7.12773189105367E-4
7.131243060701172E-4
7.134735790103437E-4
7.138210198398615E-4
7.141666404666798E-4
7.14510452791595E-4
7.14852468706825E-4
7.151927000946277E-4
7.155311588259549E-4
7.158678567591242E-4
7.16202805738482E-4
7.165360175930889E-4
7.168675041354349E-4
7.171972771601398E-4
7.175253484426949E-4
7.178517297382133E-4
7.181764327801783E-4
7.184994692792243E-4
7.188208509219305E-4
7.191405893696277E-4
7.194586962572157E-4
7.197751831920006E-4
7.200900617525535E-4
7.204033434875791E-4
7.207150399147925E-4
7.210251625198536E-4
7.213337227552374E-4
7.216407320392063E-4
7.219462017547616E-4
7.222501432485885E-4
7.2255256783007E-4
7.228534867702787E-4
7.231529113010019E-4
7.234508526137811E-4
7.237473218589614E-4
7.240423301447848E-4
7.243358885364672E-4
7.246280080553158E-4
7.249186996778517E-4
7.252079743349656E-4
7.254958429110742E-4
7.25782316243325E-4
7.260674051207655E-4
7.263511202835877E-4
7.266334724223638E-4
7.269144721772969E-4
7.271941301375066E-4
7.274724568403176E-4
7.277494627705824E-4
7.280251583599975E-4
7.282995539864801E-4
7.285726599735132E-4
7.288444865895581E-4
7.291150440474585E-4
7.293843425038477E-4
7.296523920586197E-4
7.299192027543898E-4
7.301847845759754E-4
7.304491474499059E-4
7.307123012439357E-4
7.30974255766599E-4
7.312350207667721E-4
7.31494605933237E-4
7.317530208942954E-4
7.320102752173934E-4
7.322663784087399E-4
7.325213399129785E-4
7.327751691128605E-4
7.330278753289407E-4
7.332794678192809E-4
7.335299557791971E-4
7.33779348340999E-4
7.340276545737653E-4
7.342748834831354E-4
7.345210440111098E-4
7.347661450358814E-4
7.350101953716795E-4
7.352532037686252E-4
7.35495178912618E-4
7.357361294252458E-4
7.359760638636879E-4
7.362149907206471E-4
7.364529184243236E-4
7.366898553383773E-4
7.369258097618992E-4
7.37160789929452E-4
7.37394804011072E-4
7.37627860112313E-4
7.378599662743196E-4
7.380911304738851E-4
7.383213606235649E-4
7.385506645717814E-4
7.387790501029504E-4
7.390065249376228E-4
7.392330967326522E-4
7.394587730813768E-4
7.396835615138121E-4
7.399074694968491E-4
7.401305044345052E-4
7.403526736681471E-4
7.405739844767662E-4
7.407944440772436E-4
7.4101405962464E-4
7.412328382125159E-4
7.414507868732324E-4
7.416679125783078E-4
7.41884222238752E-4
7.420997227054448E-4
7.423144207695123E-4
7.425283231627143E-4
7.427414365578791E-4
7.429537675692975E-4
7.431653227531726E-4
7.433761086080817E-4
7.435861315754248E-4
7.437953980399158E-4
7.440039143300578E-4
7.442116867186674E-4
7.444187214233815E-4
7.446250246071884E-4
7.448306023789704E-4
7.45035460794056E-4
7.452396058548069E-4
7.454430435111532E-4
7.456457796612371E-4
7.458478201519726E-4
7.460491707796743E-4
7.462498372906905E-4
7.464498253820287E-4
7.466491407020019E-4
7.468477888508838E-4
7.470457753815705E-4
7.472431058002817E-4
7.474397855672168E-4
7.476358200972673E-4
7.478312147607097E-4
7.480259748839493E-4
7.482201057501995E-4
7.484136126002565E-4
7.486065006332096E-4
7.487987750072089E-4
7.489904408402073E-4
7.491815032107503E-4
7.493719671587147E-4
7.495618376861169E-4
7.4975111975789E-4
7.499398183026744E-4
7.501279382136287E-4
7.503154843492235E-4
7.505024615340736E-4
7.506888745597337E-4
7.508747281855475E-4
7.510600271394748E-4
7.512447761189217E-4
7.514289797915803E-4
7.516126427962878E-4
7.517957697438564E-4
7.51978365217958E-4
7.5216043377597E-4
7.52341979949836E-4
7.525230082469378E-4
7.527035231509808E-4
7.528835291228382E-4
7.530630306014647E-4
7.532420320047552E-4
7.534205377304296E-4
7.535985521569311E-4
7.537760796443068E-4
7.539531245350976E-4
7.541296911552376E-4
7.543057838149394E-4
7.544814068095899E-4
7.54656564420649E-4
7.548312609165488E-4
7.550055005535902E-4
7.551792875768396E-4
7.553526262210265E-4
7.555255207114313E-4
7.556979752648023E-4
7.558699940902471E-4
7.560415813901152E-4
7.562127413609107E-4
7.563834781941731E-4
7.56553796077383E-4
7.567236991948429E-4
7.568931917285622E-4
7.570622778591641E-4
7.572309617667514E-4
7.57399247631792E-4
7.575671396359972E-4
7.577346419632136E-4
7.579017588002804E-4
7.580684943378961E-4
7.582348527714987E-4
7.584008383021112E-4
7.585664551372208E-4
7.587317074916096E-4
7.588965995882211E-4
7.590611356590089E-4
7.592253199457448E-4
7.593891567008944E-4
7.595526501884196E-4
7.59715804684606E-4
7.598786244788872E-4
7.600411138746597E-4
7.602032771900816E-4
7.6036511875887E-4
7.605266429310939E-4
7.606878540739693E-4
7.608487565726394E-4
7.610093548309266E-4
7.611696532721186E-4
7.613296563397159E-4
7.614893684981842E-4
7.616487942336909E-4
7.618079380548499E-4
7.619668044934273E-4
7.621253981050781E-4
1.3916720167458854E-6
1.3916713867633956E-6
1.3916707566265432E-6
1.3916701263353334E-6
1.391669495889769E-6
1.391668865289858E-6
1.391668234535603E-6
1.3916676036270096E-6
1.3916669725640826E-6
1.391666341346827E-6
1.3916657099752496E-6
1.3916650784493524E-6
1.3916644467691419E-6
1.3916638149346218E-6
1.3916631829457995E-6
1.391662550802677E-6
1.3916619185052614E-6
1.391661286053556E-6
1.3916606534475655E-6
1.3916600206872965E-6
1.3916593877727523E-6
1.3916587547039393E-6
1.3916581214808612E-6
1.3916574881035232E-6
1.3916568545719327E-6
1.3916562208860909E-6
1.3916555870460048E-6
1.3916549530516787E-6
1.3916543189031178E-6
1.3916536846003262E-6
1.3916530501433098E-6
1.3916524155320733E-6
1.3916517807666217E-6
1.3916511458469595E-6
1.3916505107730916E-6
1.3916498755450235E-6
1.3916492401627602E-6
1.3916486046263055E-6
1.391647968935665E-6
1.3916473330908439E-6
1.3916466970918466E-6
1.3916460609386787E-6
1.3916454246313447E-6
1.39164478816985E-6
1.3916441515542E-6
1.3916435147843979E-6
1.3916428778604493E-6
1.3916422407823606E-6
1.3916416035501358E-6
1.3916409661637794E-6
1.3916403286232963E-6
1.3916396909286913E-6
1.3916390530799701E-6
1.3916384150771374E-6
1.3916377769201983E-6
1.391637138609158E-6
1.3916365001440202E-6
1.3916358615247908E-6
1.3916352227514754E-6
1.3916345838240772E-6
1.3916339447426027E-6
1.3916333055070557E-6
1.3916326661174422E-6
1.391632026573767E-6
1.3916313868760337E-6
1.3916307470242482E-6
1.3916301070184155E-6
1.3916294668585417E-6
1.3916288265446306E-6
1.3916281860766873E-6
1.3916275454547167E-6
1.3916269046787225E-6
1.3916262637487126E-6
1.3916256226646893E-6
1.3916249814266594E-6
1.3916243400346264E-6
1.391623698488596E-6
1.3916230567885728E-6
1.3916224149345634E-6
1.3916217729265697E-6
1.3916211307645992E-6
1.3916204884486557E-6
1.3916198459787451E-6
1.391619203354871E-6
1.3916185605770399E-6
1.3916179176452555E-6
1.3916172745595245E-6
1.3916166313198505E-6
1.3916159879262392E-6
1.391615344378694E-6
1.3916147006772218E-6
1.391614056821826E-6
1.3916134128125124E-6
1.391612768649286E-6
1.3916121243321526E-6
1.3916114798611157E-6
1.391610835236181E-6
1.391610190457353E-6
1.3916095455246371E-6
1.3916089004380389E-6
1.391608255197561E-6
1.3916076098032118E-6
1.3916069642549944E-6
1.3916063185529128E-6
1.3916056726969745E-6
1.3916050266871834E-6
1.3916043805235447E-6
1.3916037342060623E-6
1.3916030877347433E-6
1.39160244110959E-6
1.391601794330609E-6
1.3916011473978045E-6
1.391600500311183E-6
1.391599853070748E-6
1.3915992056765056E-6
1.39159855812846E-6
1.3915979104266172E-6
1.39159726257098E-6
1.391596614561555E-6
1.3915959663983479E-6
1.391595318081363E-6
1.3915946696106049E-6
1.3915940209860796E-6
1.3915933722077903E-6
1.3915927232757439E-6
1.3915920741899444E-6
1.3915914249503968E-6
1.3915907755571072E-6
1.3915901260100792E-6
1.391589476309318E-6
1.3915888264548288E-6
1.3915881764466174E-6
1.3915875262846886E-6
1.3915868759690469E-6
1.3915862254996978E-6
1.3915855748766464E-6
1.3915849240998964E-6
1.3915842731694542E-6
1.3915836220853242E-6
1.3915829708475126E-6
1.3915823194560227E-6
1.391581667910861E-6
1.3915810162120315E-6
1.3915803643595393E-6
1.3915797123533898E-6
1.3915790601935883E-6
1.391578407880139E-6
1.391577755413048E-6
1.3915771027923194E-6
1.3915764500179589E-6
1.3915757970899703E-6
1.3915751440083608E-6
1.391574490773133E-6
1.3915738373842931E-6
1.3915731838418472E-6
1.3915725301457992E-6
1.3915718762961543E-6
1.391571222292917E-6
1.3915705681360931E-6
1.3915699138256877E-6
1.3915692593617054E-6
1.3915686047441508E-6
1.3915679499730308E-6
1.391567295048348E-6
1.391566639970108E-6
1.3915659847383178E-6
1.3915653293529805E-6
1.3915646738141014E-6
1.3915640181216865E-6
1.3915633622757404E-6
1.3915627062762687E-6
1.3915620501232756E-6
1.3915613938167663E-6
1.3915607373567458E-6
1.3915600807432193E-6
1.3915594239761907E-6
1.3915587670556683E-6
1.391558109981654E-6
1.391557452754154E-6
1.391556795373173E-6
1.3915561378387176E-6
1.3915554801507918E-6
1.3915548223093997E-6
1.391554164314548E-6
1.3915535061662406E-6
1.3915528478644834E-6
1.3915521894092802E-6
1.3915515308006368E-6
1.3915508720385582E-6
1.39155021312305E-6
1.3915495540541166E-6
1.3915488948317631E-6
1.3915482354559956E-6
1.3915475759268173E-6
1.3915469162442342E-6
1.3915462564082525E-6
1.3915455964188766E-6
1.3915449362761112E-6
1.3915442759799607E-6
1.391543615530432E-6
1.3915429549275293E-6
1.3915422941712582E-6
1.391541633261622E-6
1.3915409721986279E-6
1.3915403109822804E-6
1.3915396496125832E-6
1.3915389880895427E-6
1.391538326413163E-6
1.39153766458345E-6
1.3915370026004086E-6
1.3915363404640432E-6
1.391535678174361E-6
1.3915350157313664E-6
1.3915343531350642E-6
1.3915336903854578E-6
1.3915330274825547E-6
1.3915323644263591E-6
1.391531701216875E-6
1.391531037854109E-6
1.391530374338065E-6
1.3915297106687492E-6
1.3915290468461667E-6
1.3915283828703215E-6
1.3915277187412194E-6
1.3915270544588647E-6
1.391526390023265E-6
1.391525725434423E-6
1.3915250606923444E-6
1.3915243957970352E-6
1.3915237307484991E-6
1.3915230655467427E-6
1.3915224001917694E-6
1.3915217346835848E-6
1.3915210690221955E-6
1.3915204032076045E-6
1.3915197372398182E-6
1.391519071118842E-6
1.391518404844681E-6
1.391517738417339E-6
1.3915170718368215E-6
1.3915164051031352E-6
1.3915157382162831E-6
1.3915150711762714E-6
1.3915144039831054E-6
1.3915137366367892E-6
1.3915130691373297E-6
1.3915124014847306E-6
1.3915117336789967E-6
1.3915110657201336E-6
1.3915103976081481E-6
1.3915097293430439E-6
1.3915090609248257E-6
1.3915083923534985E-6
1.3915077236290684E-6
1.3915070547515405E-6
1.391506385720919E-6
1.3915057165372107E-6
1.3915050472004196E-6
1.3915043777105497E-6
1.391503708067608E-6
1.3915030382715983E-6
1.3915023683225271E-6
1.3915016982203983E-6
1.391501027965218E-6
1.3915003575569918E-6
1.3914996869957229E-6
1.3914990162814178E-6
1.391498345414081E-6
1.3914976743937185E-6
1.3914970032203348E-6
1.3914963318939347E-6
1.3914956604145253E-6
1.3914949887821095E-6
1.3914943169966942E-6
1.3914936450582827E-6
1.39149297296688E-6
1.3914923007224936E-6
1.3914916283251284E-6
1.3914909557747883E-6
1.3914902830714783E-6
1.391489610215204E-6
1.3914889372059698E-6
1.3914882640437818E-6
1.3914875907286447E-6
1.3914869172605645E-6
1.3914862436395456E-6
1.3914855698655933E-6
1.3914848959387133E-6
1.39148422185891E-6
1.3914835476261884E-6
1.3914828732405541E-6
1.391482198702013E-6
1.39148152401057E-6
1.3914808491662298E-6
1.3914801741689966E-6
1.391479499018878E-6
1.3914788237158776E-6
1.3914781482599996E-6
1.3914774726512506E-6
1.3914767968896356E-6
1.3914761209751595E-6
1.3914754449078285E-6
1.3914747686876464E-6
1.3914740923146187E-6
1.3914734157887505E-6
1.3914727391100487E-6
1.391472062278516E-6
1.3914713852941589E-6
1.3914707081569827E-6
1.3914700308669908E-6
1.3914693534241912E-6
1.3914686758285883E-6
1.3914679980801855E-6
1.3914673201789897E-6
1.3914666421250052E-6
1.3914659639182369E-6
1.39146528555869E-6
1.3914646070463708E-6
1.3914639283812848E-6
1.3914632495634363E-6
1.3914625705928317E-6
1.3914618914694742E-6
1.3914612121933705E-6
1.3914605327645249E-6
1.391459853182943E-6
1.3914591734486295E-6
1.3914584935615899E-6
1.39145781352183E-6
1.3914571333293543E-6
1.3914564529841675E-6
1.3914557724862757E-6
1.3914550918356852E-6
1.3914544110323993E-6
1.3914537300764246E-6
1.3914530489677649E-6
1.3914523677064262E-6
1.3914516862924142E-6
1.3914510047257339E-6
1.3914503230063898E-6
1.3914496411343876E-6
1.391448959109732E-6
1.391448276932429E-6
1.391447594602483E-6
1.3914469121199001E-6
1.3914462294846845E-6
1.391445546696844E-6
1.3914448637563802E-6
1.3914441806633E-6
1.391443497417608E-6
1.3914428140193115E-6
1.3914421304684144E-6
1.391441446764921E-6
1.391440762908837E-6
1.3914400789001676E-6
1.39143939473892E-6
1.3914387104250955E-6
1.3914380259587025E-6
1.391437341339746E-6
1.3914366565682298E-6
1.3914359716441595E-6
1.3914352865675422E-6
1.3914346013383812E-6
1.3914339159566816E-6
1.3914332304224505E-6
1.3914325447356916E-6
1.39143185889641E-6
1.3914311729046114E-6
1.391430486760301E-6
1.3914298004634838E-6
1.3914291140141656E-6
1.391428427412352E-6
1.3914277406580472E-6
1.391427053751257E-6
1.3914263666919855E-6
1.3914256794802397E-6
1.3914249921160255E-6
1.3914243045993448E-6
1.391423616930206E-6
1.3914229291086125E-6
1.391422241134571E-6
1.3914215530080848E-6
1.3914208647291605E-6
1.3914201762978029E-6
1.3914194877140179E-6
1.3914187989778116E-6
1.3914181100891873E-6
1.3914174210481514E-6
1.3914167318547072E-6
1.3914160425088645E-6
1.391415353010624E-6
1.3914146633599929E-6
1.3914139735569757E-6
1.391413283601579E-6
1.391412593493807E-6
1.3914119032336634E-6
1.3914112128211558E-6
1.3914105222562884E-6
1.3914098315390686E-6
1.3914091406694995E-6
1.3914084496475867E-6
1.3914077584733365E-6
1.3914070671467534E-6
1.3914063756678421E-6
1.391405684036609E-6
1.391404992253058E-6
1.3914043003171946E-6
1.3914036082290266E-6
1.3914029159885559E-6
1.3914022235957901E-6
1.391401531050733E-6
1.3914008383533906E-6
1.3914001455037673E-6
1.3913994525018703E-6
1.3913987593477036E-6
1.3913980660412714E-6
1.3913973725825816E-6
1.3913966789716382E-6
1.3913959852084458E-6
1.3913952912930117E-6
1.3913945972253382E-6
1.3913939030054326E-6
1.3913932086333E-6
1.3913925141089453E-6
1.3913918194323743E-6
1.3913911246035926E-6
1.3913904296226046E-6
1.3913897344894156E-6
1.3913890392040306E-6
1.3913883437664565E-6
1.3913876481766968E-6
1.3913869524347581E-6
1.3913862565406447E-6
1.3913855604943626E-6
1.3913848642959174E-6
1.3913841679453125E-6
1.391383471442556E-6
1.3913827747876512E-6
1.3913820779806046E-6
1.3913813810214209E-6
1.3913806839101062E-6
1.3913799866466643E-6
1.391379289231101E-6
1.3913785916634225E-6
1.391377893943633E-6
1.391377196071739E-6
1.3913764980477447E-6
1.3913757998716559E-6
1.3913751015434779E-6
1.391374403063217E-6
1.391373704430877E-6
1.391373005646463E-6
1.3913723067099822E-6
1.3913716076214382E-6
1.3913709083808375E-6
1.391370208988184E-6
1.391369509443484E-6
1.3913688097467432E-6
1.391368109897967E-6
1.39136740989716E-6
1.391366709744328E-6
1.391366009439476E-6
1.3913653089826091E-6
1.3913646083737326E-6
1.3913639076128527E-6
1.3913632066999746E-6
1.3913625056351027E-6
1.391361804418244E-6
1.3913611030494015E-6
1.3913604015285824E-6
1.3913596998557919E-6
1.3913589980310343E-6
1.391358296054316E-6
1.3913575939256418E-6
1.391356891645017E-6
1.391356189212445E-6
1.3913554866279352E-6
1.3913547838914904E-6
1.3913540810031168E-6
1.3913533779628186E-6
1.3913526747706035E-6
1.3913519714264752E-6
1.3913512679304384E-6
1.391350564282499E-6
1.3913498604826637E-6
1.3913491565309367E-6
1.3913484524273238E-6
1.391347748171829E-6
1.3913470437644582E-6
1.391346339205218E-6
1.391345634494113E-6
1.391344929631149E-6
1.3913442246163294E-6
1.3913435194496615E-6
1.3913428141311516E-6
1.3913421086608043E-6
1.391341403038624E-6
1.3913406972646155E-6
1.3913399913387848E-6
1.3913392852611382E-6
1.39133857903168E-6
1.3913378726504176E-6
1.3913371661173533E-6
1.3913364594324947E-6
1.3913357525958458E-6
1.391335045607413E-6
1.3913343384672024E-6
1.3913336311752173E-6
1.3913329237314646E-6
1.3913322161359493E-6
1.3913315083886764E-6
1.3913308004896516E-6
1.3913300924388802E-6
1.3913293842363662E-6
1.391328675882118E-6
1.3913279673761396E-6
1.3913272587184363E-6
1.3913265499090124E-6
1.391325840947875E-6
1.39132513183503E-6
1.3913244225704794E-6
1.3913237131542314E-6
1.3913230035862906E-6
1.3913222938666619E-6
1.3913215839953528E-6
1.3913208739723662E-6
1.3913201637977095E-6
1.3913194534713864E-6
1.3913187429934025E-6
1.3913180323637635E-6
1.3913173215824757E-6
1.3913166106495445E-6
1.3913158995649738E-6
1.39131518832877E-6
1.3913144769409387E-6
1.3913137654014845E-6
1.3913130537104128E-6
1.39131234186773E-6
1.391311629873441E-6
1.391310917727551E-6
1.391310205430066E-6
1.39130949298099E-6
1.3913087803803299E-6
1.3913080676280915E-6
1.3913073547242783E-6
1.3913066416688968E-6
1.391305928461953E-6
1.391305215103452E-6
1.3913045015933983E-6
1.3913037879317985E-6
1.3913030741186573E-6
1.3913023601539804E-6
1.3913016460377742E-6
1.3913009317700423E-6
1.3913002173507912E-6
1.391299502780026E-6
1.391298788057751E-6
1.3912980731839726E-6
1.391297358158697E-6
1.3912966429819289E-6
1.3912959276536742E-6
1.3912952121739377E-6
1.3912944965427256E-6
1.3912937807600435E-6
1.3912930648258946E-6
1.3912923487402868E-6
1.3912916325032247E-6
1.391290916114713E-6
1.391290199574759E-6
1.391289482883366E-6
1.3912887660405407E-6
1.3912880490462877E-6
1.3912873319006133E-6
1.391286614603523E-6
1.3912858971550218E-6
1.391285179555115E-6
1.3912844618038093E-6
1.3912837439011087E-6
1.3912830258470188E-6
1.3912823076415453E-6
1.3912815892846947E-6
1.3912808707764704E-6
1.3912801521168784E-6
1.3912794333059252E-6
1.3912787143436165E-6
1.3912779952299572E-6
1.391277275964952E-6
1.391276556548607E-6
1.3912758369809285E-6
1.3912751172619208E-6
1.3912743973915894E-6
1.3912736773699402E-6
1.3912729571969777E-6
1.3912722368727093E-6
1.3912715163971385E-6
1.3912707957702716E-6
1.3912700749921138E-6
1.3912693540626704E-6
1.3912686329819476E-6
1.3912679117499501E-6
1.3912671903666845E-6
1.3912664688321549E-6
1.3912657471463682E-6
1.391265025309329E-6
1.391264303321042E-6
1.3912635811815154E-6
1.391262858890751E-6
1.3912621364487572E-6
1.391261413855537E-6
1.3912606911110978E-6
1.3912599682154447E-6
1.3912592451685818E-6
1.3912585219705182E-6
1.3912577986212567E-6
1.3912570751208025E-6
1.3912563514691619E-6
1.3912556276663405E-6
1.391254903712343E-6
1.3912541796071753E-6
1.3912534553508431E-6
1.3912527309433514E-6
1.3912520063847064E-6
1.3912512816749136E-6
1.3912505568139787E-6
1.3912498318019055E-6
1.3912491066387018E-6
1.3912483813243714E-6
1.39124765585892E-6
1.3912469302423538E-6
1.391246204474678E-6
1.3912454785558964E-6
1.3912447524860187E-6
1.391244026265047E-6
1.3912432998929876E-6
1.3912425733698464E-6
1.3912418466956293E-6
1.3912411198703392E-6
1.3912403928939845E-6
1.3912396657665702E-6
1.3912389384881016E-6
1.3912382110585824E-6
1.3912374834780201E-6
1.3912367557464198E-6
1.3912360278637877E-6
1.391235299830128E-6
1.3912345716454466E-6
1.3912338433097491E-6
1.391233114823042E-6
1.3912323861853296E-6
1.3912316573966178E-6
1.3912309284569125E-6
1.3912301993662188E-6
1.391229470124542E-6
1.3912287407318888E-6
1.3912280111882628E-6
1.3912272814936714E-6
1.3912265516481183E-6
1.39122582165161E-6
1.3912250915041525E-6
1.391224361205751E-6
1.3912236307564107E-6
1.3912229001561376E-6
1.3912221694049372E-6
1.3912214385028148E-6
1.3912207074497764E-6
1.3912199762458263E-6
1.3912192448909713E-6
1.391218513385216E-6
1.3912177817285664E-6
1.3912170499210287E-6
1.391216317962608E-6
1.3912155858533082E-6
1.3912148535931366E-6
1.3912141211820992E-6
1.3912133886202007E-6
1.391212655907447E-6
1.3912119230438436E-6
1.3912111900293955E-6
1.3912104568641086E-6
1.3912097235479885E-6
1.3912089900810413E-6
1.3912082564632718E-6
1.3912075226946865E-6
1.3912067887752897E-6
1.3912060547050874E-6
1.3912053204840844E-6
1.3912045861122863E-6
1.3912038515897005E-6
1.3912031169163315E-6
1.3912023820921852E-6
1.3912016471172675E-6
1.3912009119915835E-6
1.3912001767151378E-6
1.3911994412879356E-6
1.3911987057099851E-6
1.3911979699812896E-6
1.3911972341018553E-6
1.3911964980716885E-6
1.3911957618907942E-6
1.3911950255591783E-6
1.3911942890768448E-6
1.391193552443801E-6
1.3911928156600538E-6
1.3911920787256065E-6
1.3911913416404642E-6
1.3911906044046333E-6
1.3911898670181188E-6
1.3911891294809283E-6
1.3911883917930656E-6
1.3911876539545366E-6
1.3911869159653473E-6
1.391186177825503E-6
1.3911854395350097E-6
1.391184701093872E-6
1.3911839625020974E-6
1.3911832237596887E-6
1.3911824848666535E-6
1.3911817458229974E-6
1.3911810066287255E-6
1.3911802672838433E-6
1.3911795277883559E-6
1.3911787881422694E-6
1.3911780483455915E-6
1.3911773083983244E-6
1.3911765683004748E-6
1.3911758280520484E-6
1.391175087653051E-6
1.3911743471034883E-6
1.3911736064033657E-6
1.391172865552688E-6
1.3911721245514644E-6
1.3911713833996964E-6
1.3911706420973914E-6
1.3911699006445544E-6
1.3911691590411914E-6
1.3911684172873074E-6
1.3911676753829094E-6
1.391166933328E-6
1.3911661911225883E-6
1.391165448766679E-6
1.391164706260276E-6
1.3911639636033873E-6
1.3911632207960173E-6
1.391162477838172E-6
1.391161734729856E-6
1.3911609914710754E-6
1.391160248061837E-6
1.3911595045021455E-6
1.3911587607920065E-6
1.3911580169314238E-6
1.3911572729204063E-6
1.3911565287589586E-6
1.3911557844470856E-6
1.3911550399847925E-6
1.3911542953720853E-6
1.3911535506089716E-6
1.3911528056954544E-6
1.3911520606315415E-6
1.3911513154172366E-6
1.3911505700525467E-6
1.391149824537476E-6
1.3911490788720309E-6
1.3911483330562176E-6
1.3911475870900418E-6
1.391146840973509E-6
1.3911460947066246E-6
1.391145348289393E-6
1.3911446017218199E-6
1.3911438550039134E-6
1.3911431081356777E-6
1.3911423611171194E-6
1.391141613948243E-6
1.3911408666290536E-6
1.3911401191595593E-6
1.3911393715397623E-6
1.3911386237696706E-6
1.391137875849289E-6
1.391137127778624E-6
1.3911363795576804E-6
1.3911356311864636E-6
1.39113488266498E-6
1.3911341339932365E-6
1.3911333851712366E-6
1.3911326361989877E-6
1.3911318870764945E-6
1.3911311378037615E-6
1.391130388380796E-6
1.3911296388076032E-6
1.391128889084189E-6
1.3911281392105589E-6
1.3911273891867177E-6
1.3911266390126721E-6
1.3911258886884273E-6
1.3911251382139902E-6
1.391124387589365E-6
1.3911236368145582E-6
1.3911228858895752E-6
1.3911221348144215E-6
1.3911213835891032E-6
1.3911206322136247E-6
1.3911198806879934E-6
1.391119129012214E-6
1.391118377186292E-6
1.3911176252102336E-6
1.3911168730840452E-6
1.3911161208077316E-6
1.3911153683812988E-6
1.3911146158047523E-6
1.3911138630780976E-6
1.3911131102013412E-6
1.3911123571744868E-6
1.3911116039975424E-6
1.3911108506705118E-6
1.3911100971934018E-6
1.3911093435662189E-6
1.391108589788967E-6
1.3911078358616532E-6
1.3911070817842819E-6
1.3911063275568605E-6
1.3911055731793943E-6
1.3911048186518872E-6
1.391104063974346E-6
1.3911033091467776E-6
1.3911025541691858E-6
1.3911017990415764E-6
1.3911010437639564E-6
1.391100288336332E-6
1.3910995327587066E-6
1.3910987770310872E-6
1.391098021153479E-6
1.39109726512589E-6
1.391096508948323E-6
1.3910957526207853E-6
1.3910949961432828E-6
1.3910942395158194E-6
1.3910934827384029E-6
1.3910927258110369E-6
1.3910919687337292E-6
1.3910912115064845E-6
1.39109045412931E-6
1.3910896966022087E-6
1.391088938925188E-6
1.3910881810982528E-6
1.3910874231214092E-6
1.3910866649946638E-6
1.3910859067180216E-6
1.3910851482914888E-6
1.3910843897150704E-6
1.3910836309887714E-6
1.3910828721125984E-6
1.3910821130865586E-6
1.391081353910656E-6
1.3910805945848964E-6
1.391079835109288E-6
1.3910790754838323E-6
1.391078315708537E-6
1.3910775557834084E-6
1.3910767957084521E-6
1.391076035483673E-6
1.3910752751090778E-6
1.391074514584672E-6
1.3910737539104608E-6
1.3910729930864514E-6
1.3910722321126482E-6
1.391071470989056E-6
1.3910707097156823E-6
1.391069948292532E-6
1.3910691867196122E-6
1.3910684249969272E-6
1.3910676631244834E-6
1.3910669011022854E-6
1.3910661389303415E-6
1.391065376608655E-6
1.391064614137233E-6
1.39106385151608E-6
1.391063088745203E-6
1.3910623258246068E-6
1.3910615627542977E-6
1.391060799534282E-6
1.3910600361645643E-6
1.391059272645151E-6
1.391058508976048E-6
1.3910577451572606E-6
1.3910569811887954E-6
1.3910562170706576E-6
1.391055452802853E-6
1.3910546883853886E-6
1.3910539238182679E-6
1.3910531591014978E-6
1.391052394235084E-6
1.3910516292190322E-6
1.3910508640533486E-6
1.3910500987380405E-6
1.3910493332731105E-6
1.3910485676585651E-6
1.3910478018944102E-6
1.3910470359806532E-6
1.3910462699172983E-6
1.3910455037043514E-6
1.3910447373418187E-6
1.391043970829706E-6
