1.4086178082690655E-6
1.4086178028553169E-6
1.4086177974421989E-6
1.4086177920297121E-6
1.408617786617856E-6
1.4086177812066303E-6
1.4086177757960364E-6
1.4086177703860721E-6
1.4086177649767395E-6
1.408617759568038E-6
1.4086177541599664E-6
1.4086177487525258E-6
1.4086177433457176E-6
1.4086177379395385E-6
1.4086177325339909E-6
1.4086177271290743E-6
1.408617721724789E-6
1.4086177163211335E-6
1.40861771091811E-6
1.4086177055157172E-6
1.4086177001139554E-6
1.4086176947128248E-6
1.408617689312324E-6
1.4086176839124553E-6
1.4086176785132176E-6
1.4086176731146105E-6
1.4086176677166345E-6
1.4086176623192896E-6
1.4086176569225756E-6
1.408617651526493E-6
1.4086176461310409E-6
1.4086176407362203E-6
1.40861763534203E-6
1.408617629948472E-6
1.4086176245555432E-6
1.4086176191632474E-6
1.408617613771582E-6
1.408617608380547E-6
1.408617602990145E-6
1.4086175976003707E-6
1.4086175922112306E-6
1.408617586822721E-6
1.4086175814348414E-6
1.4086175760475945E-6
1.408617570660978E-6
1.4086175652749929E-6
1.408617559889639E-6
1.4086175545049164E-6
1.4086175491208227E-6
1.408617543737365E-6
1.4086175383545337E-6
1.4086175329723358E-6
1.4086175275907692E-6
1.4086175222098333E-6
1.4086175168295298E-6
1.4086175114498559E-6
1.4086175060708127E-6
1.4086175006924038E-6
1.4086174953146247E-6
1.4086174899374744E-6
1.4086174845609593E-6
1.4086174791850745E-6
1.408617473809819E-6
1.4086174684351973E-6
1.408617463061205E-6
1.4086174576878452E-6
1.4086174523151167E-6
1.408617446943019E-6
1.4086174415715526E-6
1.408617436200719E-6
1.4086174308305148E-6
1.408617425460943E-6
1.4086174200920024E-6
1.4086174147236933E-6
1.4086174093560159E-6
1.408617403988969E-6
1.408617398622555E-6
1.408617393256772E-6
1.4086173878916187E-6
1.408617382527099E-6
1.4086173771632099E-6
1.408617371799952E-6
1.4086173664373257E-6
1.4086173610753316E-6
1.4086173557139684E-6
1.4086173503532369E-6
1.408617344993138E-6
1.408617339633668E-6
1.4086173342748312E-6
2.8172346471193684E-6
0.011218115626590931
0.01104626385004706
0.010877063546787266
0.010710473559213464
0.010546453284540827
0.010384962671512815
0.010225962217360818
0.010069412964973636
0.009915276500241073
0.009763514949537254
0.009614090977310414
0.00946696778374694
0.009322109102478156
0.009179479198300065
0.009039042864878446
0.008900765422410492
0.00876461271522019
0.008630551109261135
0.008498547489506836
0.008368569257206939
0.008240584326991353
0.008114561123806008
0.00799046857966449
0.0078682761302036
0.007747953711031303
0.0076294717538576765
0.007512801182401787
0.007397913408068842
0.007284780325393572
0.007173374307248093
0.007063668199813488
0.0069556353173169366
0.006849249436536483
0.00674448479107864
0.006641316065433655
0.006539718388816574
0.006439667328801643
0.006341138884760337
0.0062441094811132485
0.006148555960408053
0.006054455576235795
0.005961785985999226
0.005870525243547363
0.005780651791691229
0.005692144454616023
0.005604982430205571
0.005519145282295655
0.005434612932871879
0.005351365654229459
0.005269384061111183
0.005188649102840482
0.005109142055465438
0.005030844513931176
0.004953738384295766
0.004877805876005818
0.004803029494247078
0.004729392032384475
0.004656876564506372
0.004585466438086317
0.004515145266775482
0.00444589692333799
0.004377705532740413
0.004310555465406778
0.004244431330648387
0.004179317970277477
0.0041152004524134
0.004052064065488038
0.003989894312457089
0.0039286769052221315
0.003868397759268981
0.003809042988524429
0.0037505989004353907
0.00369305199127124
0.0036363889416504537
0.00358059661229153
0.0035256620399872207
0.0034715724338002427
0.0034183151714780096
0.0033658777960828955
0.0033142480128341453
0.0032634136861565246
0.00321336283693023
0.0031640836399362284
0.0031155644214901474
0.0030677936572577396
0.0030207599702441234
0.0029744521289490826
0.0029288590456794947
0.0028839697750104106
0.002839773512385825
3.857528054311615E-6
3.857528045687745E-6
3.85752803706566E-6
3.857528028445363E-6
3.8575280198268465E-6
3.857528011210121E-6
3.857528002595178E-6
3.857527993982024E-6
3.857527985370652E-6
3.857527976761067E-6
3.857527968153269E-6
3.857527959547255E-6
3.857527950943028E-6
3.8575279423405876E-6
3.857527933739934E-6
3.857527925141058E-6
3.857527916543978E-6
3.85752790794868E-6
3.857527899355167E-6
3.857527890763441E-6
3.857527882173502E-6
3.857527873585345E-6
3.857527864998979E-6
3.857527856414396E-6
3.8575278478316E-6
3.8575278392505886E-6
3.8575278306713645E-6
3.857527822093926E-6
3.857527813518273E-6
3.857527804944409E-6
3.857527796372327E-6
3.857527787802035E-6
3.857527779233526E-6
3.857527770666805E-6
3.857527762101867E-6
3.857527753538718E-6
3.8575277449773555E-6
3.857527736417779E-6
3.857527727859989E-6
3.8575277193039825E-6
3.857527710749763E-6
3.857527702197336E-6
3.857527693646687E-6
3.8575276850978275E-6
3.857527676550757E-6
3.857527668005471E-6
3.857527659461967E-6
3.8575276509202505E-6
3.857527642380328E-6
3.857527633842183E-6
3.857527625305832E-6
3.857527616771262E-6
3.85752760823848E-6
3.857527599707482E-6
3.857527591178276E-6
3.857527582650853E-6
3.857527574125214E-6
3.857527565601365E-6
3.857527557079307E-6
3.857527548559026E-6
3.8575275400405384E-6
3.857527531523836E-6
3.857527523008917E-6
3.857527514495783E-6
3.857527505984444E-6
3.857527497474887E-6
3.857527488967116E-6
3.8575274804611345E-6
3.857527471956936E-6
3.8575274634545265E-6
3.857527454953902E-6
3.857527446455065E-6
3.857527437958019E-6
3.857527429462753E-6
3.857527420969277E-6
3.85752741247759E-6
3.857527403987685E-6
3.857527395499572E-6
3.85752738701324E-6
3.8575273785287E-6
3.857527370045945E-6
3.857527361564977E-6
3.857527353085797E-6
3.857527344608399E-6
3.857527336132795E-6
3.85752732765897E-6
3.857527319186943E-6
3.857527310716695E-6
3.857527302248234E-6
7.715054570636926E-6
1.7420260290915295E-4
3.4543628736908005E-4
5.137479528983899E-4
6.79183759525354E-4
8.417891323775805E-4
0.0010016087664955586
0.0011586866319045225
0.001313065978976039
0.0014647893441072223
0.0016138985557421785
0.001760434740756795
0.0019044383312244154
0.002045949071576327
0.002185006026167442
0.0023216475872540995
0.0024559114833868994
0.0025878347882185176
0.0027174539297226937
0.002844804699817224
0.0029699222643806
0.0030928411736486686
0.0032135953729749084
0.0033322182139348287
0.003448742465752391
0.00356320032702385
0.0036756234377119685
0.003786042891381734
0.003894489247646388
0.004000992544791174
0.004105582312540582
0.004208287584933818
0.004309136913271923
0.0044081583790994425
0.004505379607182877
0.004600827778448163
0.004694529642838558
0.0047865115320558736
0.004876799372146888
0.0049654186958983
0.005052394655004488
0.005137752031973108
0.005221515251734586
0.005303708392923748
0.005384355198802976
0.0054634790877980555
0.005541103163620353
0.005617250224950317
0.005691942774660509
0.005765203028557943
0.0058370529236281615
0.005907514125766966
0.0059766080369864265
0.006044355802086943
0.00611077831478762
0.0061758962233115725
0.006239729935424892
0.006302299622930699
0.006363625225622703
0.006423726454705706
0.006482622795692088
0.006540333510787528
0.006596877640779947
0.0066522740064495515
0.006706541209519359
0.0067596976331680885
0.006811761442129246
0.006862750582402037
0.006912682780602046
0.006961575542980419
0.007009446154142392
0.0070563116754971105
0.007102188943471331
0.007147094567521284
0.007191044927976855
0.0072340561737535445
0.007276144219967237
0.007317324745487317
0.007357613190463716
0.007397024753863071
0.007435574391048494
0.007473276811437058
0.007510146476268308
0.007546197596516117
0.007581444130974473
0.007615899784547563
0.007649578006771797
0.007682491990596652
0.0077146546714489195
0.0077460787266035456
0.00777677657488154
5.376623369382216E-9
1.6038236989063945E-8
3.189465559182703E-8
5.285711892770865E-8
7.883826906807987E-8
1.0975212785548037E-7
1.455140745073564E-7
1.860408233828369E-7
2.3125040192255687E-7
2.810621287723075E-7
3.353965921019608E-7
3.9417562813166187E-7
4.573222998777226E-7
5.247608761309755E-7
5.964168106805676E-7
6.722167217962628E-7
7.520883719823228E-7
8.359606480159171E-7
9.237635412827912E-7
1.0154281284225937E-6
1.1108865522958387E-6
1.2100720032839746E-6
1.3129187009333994E-6
1.4193618759535916E-6
1.5293377525787432E-6
1.642783531301439E-6
1.7596373719860071E-6
1.8798383773682215E-6
2.0033265769469674E-6
2.130042911272452E-6
2.259929216634408E-6
2.3929282101526053E-6
2.5289834752708063E-6
2.668039447654145E-6
2.81004140148869E-6
2.9549354361807607E-6
3.102668463452396E-6
3.2531881948282036E-6
3.406443129507594E-6
3.5623825426153906E-6
3.7209564738226054E-6
3.882115716328176E-6
4.04581180619142E-6
4.2119970120040355E-6
4.380624324889528E-6
4.551647448817166E-6
4.725020791216751E-6
4.900699453879796E-6
5.078639224132096E-6
5.258796566262111E-6
5.441128613189116E-6
5.625593158354715E-6
5.812148647820982E-6
6.000754172558262E-6
6.191369460905651E-6
6.38395487118697E-6
6.578471384465211E-6
6.7748805974186155E-6
6.973144715321564E-6
7.173226545113964E-6
7.3750894885431505E-6
7.578697535362709E-6
7.78401525657327E-6
7.991007797690868E-6
8.199640872029179E-6
8.409880753982694E-6
8.621694272298657E-6
8.83504880332654E-6
9.049912264234642E-6
9.266253106184412E-6
9.48404030745419E-6
9.703243366504771E-6
9.923832294980768E-6
1.0145777610642319E-5
1.0369050330223103E-5
1.0593621962211692E-5
1.0819464499554176E-5
1.104655041227754E-5
1.1274852640033728E-5
1.150434458456621E-5
1.1735000102101162E-5
1.1966793495667006E-5
1.2199699507346669E-5
1.2433693310468241E-5
1.2668750501740218E-5
1.2904847093338837E-5
1.3141959504955617E-5
1.3380064555813917E-5
1.3619139456664276E-5
1.3859161801768793E-5
