7.468572443041299E-8
1.499198308647773E-7
2.2570563224178467E-7
3.0204679278704734E-7
3.7894720949857903E-7
4.564109287026925E-7
5.344420910239116E-7
6.130448976878759E-7
6.922235917026611E-7
7.719824486475828E-7
8.523257731455614E-7
9.332578983427015E-7
1.0147831867294925E-6
1.0969060313728048E-6
1.1796308571099482E-6
1.2629621215396772E-6
1.3469043157903373E-6
1.4314619651054988E-6
1.5166396293014233E-6
1.6024419031443596E-6
1.6888734166834323E-6
1.7759388355637307E-6
1.8636428613367066E-6
1.9519902317818334E-6
2.0409857212543583E-6
2.1306341410793768E-6
2.220940340022962E-6
2.311909204888708E-6
2.403545661315619E-6
2.4958546748951984E-6
2.5888412527880822E-6
2.6825104461116878E-6
2.7768673535007126E-6
2.871917126424941E-6
2.9676649770987317E-6
3.0641161901504632E-6
3.161276139653882E-6
3.2591503136696318E-6
3.3577443491084404E-6
3.4570640804979906E-6
3.5571156070805352E-6
3.6579053835231113E-6
3.7594403402789836E-6
3.861728040138712E-6
3.964776877535426E-6
4.0685963264500175E-6
4.173197240983768E-6
4.278592209499859E-6
4.384795958385E-6
4.491825794749146E-6
4.599702068747863E-6
4.708448625934608E-6
4.818093208748284E-6
4.928667754962767E-6
5.040208531164459E-6
5.152756032970001E-6
5.266354582880734E-6
5.381051563517784E-6
5.4968962402524766E-6
5.613938153920842E-6
5.732225101152641E-6
5.851800765043063E-6
5.972702108863969E-6
6.09495669495387E-6
6.218580133222103E-6
6.343573891642958E-6
6.469923707940616E-6
6.597598822275092E-6
6.7265522028856485E-6
6.85672186187412E-6
6.988033262386923E-6
7.1204027111386125E-6
7.2537415242553745E-6
7.387960663845541E-6
7.5229754807173655E-6
7.658710175355194E-6
7.795101609712778E-6
7.932102165471812E-6
8.069681442696098E-6
8.20782671349308E-6
8.346542172228688E-6
8.4858471401637E-6
8.62577347328164E-6
8.766362477181123E-6
8.907661647758066E-6
9.049721532856477E-6
9.192592955473663E-6
9.33632476460256E-6
9.480962198050552E-6
9.626545864518775E-6
9.698425564760983E-6
9.770769092818865E-6
9.843598866815539E-6
9.916932805079105E-6
9.990785124020633E-6
1.0065167118428809E-5
1.0140087866930157E-5
1.021555483115123E-5
1.0291574338111731E-5
1.0368151950421034E-5
1.0445292738021731E-5
1.0523001469428438E-5
1.0601282740951465E-5
1.068014106062433E-5
1.0759580900636556E-5
1.0839606728867337E-5
1.0920223027164555E-5
1.1001434301581906E-5
1.1083245087948158E-5
1.1165659954845559E-5
1.1248683505216027E-5
1.1332320377279325E-5
1.1416575245132855E-5
1.150145281923026E-5
1.1586957846850742E-5
1.1673095112637264E-5
1.1759869439281787E-5
1.1847285688459753E-5
1.193534876216421E-5
1.2024063604666934E-5
1.2113435205448037E-5
1.2203468603602073E-5
1.2294168894464218E-5
1.2385541239527638E-5
1.24775908811685E-5
1.2570323164287122E-5
1.266374356773991E-5
1.275785774940052E-5
1.2852671609859675E-5
1.2948191381138104E-5
1.3044423748297364E-5
1.3141376013384647E-5
1.323905631256743E-5
1.3337473898340032E-5
1.3436639498956675E-5
1.3536565766301759E-5
1.3637267820701854E-5
1.373876389612013E-5
1.3841076081184933E-5
1.394423114014596E-5
1.404826138294989E-5
1.4153205535430342E-5
1.4259109539958569E-5
1.436602719538307E-5
1.4474020525093687E-5
1.458315974676742E-5
1.4693522710588671E-5
1.4805193678531595E-5
1.4918261339392535E-5
1.5032815995390611E-5
1.5148945917216693E-5
1.5266732943724003E-5
1.538624749516791E-5
1.5507543266813858E-5
1.563065196160048E-5
1.5755578493068424E-5
1.588229712916985E-5
1.6010749041721522E-5
1.6140841666975086E-5
1.627245016799561E-5
1.6405421124876846E-5
1.6539578378050466E-5
1.6674730734138533E-5
1.6810681039023085E-5
1.6947235956600716E-5
1.708421568879526E-5
1.7221462850480775E-5
1.735884977915424E-5
1.7496283708200335E-5
1.7633709446882834E-5
1.7771109462374857E-5
1.790850151614873E-5
1.804593423548062E-5
1.8183481172343515E-5
1.83212339977415E-5
1.8459295492908073E-5
1.859777293560715E-5
1.873677235652965E-5
1.8876393980947025E-5
1.9016729000282407E-5
1.9157857660920206E-5
1.92998485315751E-5
1.9442758726331733E-5
1.9586634820401485E-5
1.973151419513099E-5
1.9877426578470006E-5
2.0024395595398636E-5
2.017244019837931E-5
2.032157590139228E-5
2.0471815786182026E-5
2.0623171282799995E-5
2.0775652747913955E-5
2.092926987513913E-5
2.108403197433744E-5
2.1239948154205554E-5
2.1397027437012984E-5
2.1555278827962688E-5
2.171471135557023E-5
2.187533409434907E-5
2.2037156177165448E-5
2.220018680182672E-5
2.2364435234596056E-5
2.2529910812148796E-5
2.2696622942787622E-5
2.2864581107342486E-5
2.3033794859981025E-5
2.32042738290642E-5
2.3376027718156747E-5
2.3549066307321007E-5
2.3723399454877907E-5
2.389903709991344E-5
2.4075989265956783E-5
2.425426606647425E-5
2.4433877713140014E-5
2.46148345282946E-5
2.479714696362571E-5
2.498082562795579E-5
2.5165881328146097E-5
2.535232512857787E-5
2.5540168436487678E-5
2.572942312261905E-5
2.592010168917079E-5
2.6112217499752482E-5
2.630578508877579E-5
2.6500820570049206E-5
2.6697342165767124E-5
2.6895370876869067E-5
2.7094931312990626E-5
2.729605269389909E-5
2.7498770023330977E-5
2.7703125419566455E-5
2.7909169564266985E-5
2.811696320205507E-5
2.8326578588935717E-5
2.8538100750068827E-5
2.8751628370144068E-5
2.8967274107724768E-5
2.9185164104754555E-5
2.9405436461113793E-5
2.9628238468787663E-5
2.9853722456757413E-5
3.0082040189413467E-5
3.0313335887285124E-5
3.054773809302728E-5
3.07853507757411E-5
3.1026244234830545E-5
3.127044650816654E-5
3.151793608370865E-5
3.176863673571284E-5
3.2022415238567834E-5
3.2279082545165954E-5
3.2538398757475965E-5
3.280008188416751E-5
3.3063820007128285E-5
3.3329286109463756E-5
3.359615450085553E-5
3.3864117558211266E-5
3.4132901416197685E-5
3.440227931215996E-5
3.4672081510216026E-5
3.494220107482822E-5
3.5212595190643754E-5
3.548328217630113E-5
3.575433475548958E-5
3.602587047573363E-5
3.629804036625654E-5
3.657101698372956E-5
3.6844982914050236E-5
3.7120120604725544E-5
3.7396604135197956E-5
3.7674593236869485E-5
3.795422959387686E-5
3.823563522419807E-5
3.851891257961053E-5
3.880414591916508E-5
3.9091403498184886E-5
3.938074015811337E-5
3.9672199981928955E-5
3.996581877511653E-5
4.026162622623879E-5
4.0559647681963274E-5
4.085990553255767E-5
4.1162420243906544E-5
4.146721109319702E-5
4.1774296671777304E-5
4.208369521515651E-5
4.2395424811129934E-5
4.270950352604989E-5
4.302594947862767E-5
4.334478088160118E-5
4.366601606459176E-5
4.398967348643745E-5
4.4315771741907066E-5
4.464432956555796E-5
4.497536583422377E-5
4.530889956889908E-5
4.56449499364084E-5
4.59835362510676E-5
4.632467797647328E-5
4.6668394727560216E-5
4.7014706273113474E-5
4.736363253902489E-5
4.771519361274784E-5
4.8069409749658625E-5
4.842630138241039E-5
4.878588913491824E-5
4.9148193843403376E-5
4.9513236588023713E-5
4.9881038740117565E-5
5.025162203207234E-5
5.0625008659387806E-5
5.100122142767732E-5
5.138028396114261E-5
5.176222099335164E-5
5.2147058765694677E-5
5.253482556322304E-5
5.292555242096481E-5
5.331927403523765E-5
5.3716029912594956E-5
5.411586578223366E-5
5.451883528418684E-5
5.4925001923687304E-5
5.5334441250373665E-5
5.57472431789352E-5
5.6163514316097846E-5
5.6583380100047076E-5
5.700698649724248E-5
5.743450094531606E-5
5.7866112188927695E-5
5.83020286393635E-5
5.874247491014418E-5
5.9187686250570775E-5
5.963790072415127E-5
6.009334916051178E-5
6.055424314091914E-5
6.102076154256215E-5
6.149303643911662E-5
6.197113940043199E-5
6.24550694131911E-5
6.294474371833023E-5
6.34399927981046E-5
6.394056052803438E-5
6.444611013835876E-5
6.495623613101922E-5
6.547048171961379E-5
6.598836076799956E-5
6.650938267541381E-5
6.70330782681396E-5
6.75590245720402E-5
6.80868663934846E-5
6.86163329316235E-5
6.914724815001685E-5
6.967953428550033E-5
7.021320857988267E-5
7.074837399046561E-5
7.12852051810299E-5
7.182393145038966E-5
7.23648183873774E-5
7.29081499514425E-5
7.345421240195901E-5
7.400328109668476E-5
7.455561071951507E-5
7.511142905140852E-5
7.567093402232956E-5
7.623429351297157E-5
7.680164722683023E-5
7.737310991894449E-5
7.794877532492317E-5
7.852872025195708E-5
7.911300844034655E-5
7.970169395193677E-5
8.029482397082968E-5
8.089244100072721E-5
8.149458450919666E-5
8.210129210491502E-5
8.271260034592539E-5
8.332854527270355E-5
8.39491627464568E-5
8.457448865617452E-5
8.520455904128534E-5
8.583941016247117E-5
8.647907854202333E-5
8.71236009870767E-5
8.7773014603623E-5
8.842735680575259E-5
8.90866653225114E-5
8.975097820358546E-5
9.042033382440341E-5
9.109477089093439E-5
9.177432844432192E-5
9.245904586545495E-5
9.314896287959906E-5
9.384411956129251E-5
9.45445563398551E-5
9.525031400609841E-5
9.59614337212063E-5
9.667795702933035E-5
9.73999258763078E-5
9.812738263816635E-5
9.886037016484154E-5
9.959893184697297E-5
1.0034311171688475E-4
1.0109295459903395E-4
1.018485063303951E-4
1.026098140773852E-4
1.0337692678279202E-4
1.0414989578324311E-4
1.0492877564416543E-4
1.0571362526362914E-4
1.0650450929711863E-4
1.0730149994984762E-4
1.081046791690669E-4
1.0891414124314582E-4
1.0972999577457466E-4
1.1055237093888278E-4
1.113814168708624E-4
1.1221730893594326E-4
1.1306025055375731E-4
1.1391047515223586E-4
1.1476824675708412E-4
1.1563385867934884E-4
1.1650762977083555E-4
1.1738989779031388E-4
1.1828100957581651E-4
1.1918130795528114E-4
1.2009111564355857E-4
1.2101071674882285E-4
1.2194033691129984E-4
1.2288012347421725E-4
1.2383012738427624E-4
1.247902886782687E-4
1.2576042738290344E-4
1.267402414036086E-4
1.2772931249940513E-4
1.2872712076270783E-4
1.2973306720758838E-4
1.307465032098232E-4
1.317667647477033E-4
1.3279320877715992E-4
1.338252487349948E-4
1.348623861625485E-4
1.359042357944709E-4
1.3695054212622162E-4
1.380011863736225E-4
1.390561837465485E-4
1.401156719392099E-4
1.4117989256118638E-4
1.422491677949587E-4
1.433238748103641E-4
1.4440442038904353E-4
1.4549121794373072E-4
1.465846683848726E-4
1.4768514573013162E-4
1.4879298770841947E-4
1.499084910566908E-4
1.5103191080190548E-4
1.521634625866402E-4
1.533033270283443E-4
1.5445165516928195E-4
1.5560857423359544E-4
1.5677419311350776E-4
1.5794860721778114E-4
1.5913190250229554E-4
1.6032415864781634E-4
1.615254514482103E-4
1.6273585452698688E-4
1.639554405198401E-4
1.6518428185661408E-4
1.664224512580469E-4
1.6767002203895099E-4
1.689270682857838E-4
1.7019366495601317E-4
1.7146988793056156E-4
1.727558140389209E-4
1.7405152106861465E-4
1.7535708776563613E-4
1.766725938294611E-4
1.7799811990449818E-4
1.7933374756890953E-4
1.8067955932124554E-4
1.8203563856509792E-4
1.8340206959186384E-4
1.8477893756166304E-4
1.861663284824506E-4
1.8756432918742163E-4
1.889730273109183E-4
1.9039251126329952E-4
1.9182287020565444E-4
1.9326419402595558E-4
1.947165733193814E-4
1.9618009937725738E-4
1.9765486419159926E-4
1.9914096048580292E-4
2.0063848178688263E-4
2.021475225609921E-4
2.0366817844188462E-4
2.0520054659136635E-4
2.06744726241253E-4
2.0830081947698653E-4
2.0986893233239452E-4
2.114491762709545E-4
2.1304167012835515E-4
2.1464654258057905E-4
2.1626393517710962E-4
2.1789400593625002E-4
2.1953693343579992E-4
2.2119292124609722E-4
2.2286220244531618E-4
2.2454504383452072E-4
2.262417493430211E-4
2.2795266199905368E-4
2.296781637576898E-4
2.3141867245143657E-4
2.3317463518387162E-4
2.3494651764390174E-4
2.3673478909007833E-4
2.3853990313942166E-4
2.4036227497375927E-4
2.4220225610878051E-4
2.4406010839737177E-4
2.459359793851503E-4
2.478298814223675E-4
2.497416769887889E-4
2.516710724534158E-4
2.536176219494645E-4
2.5558074222093206E-4
2.5755973826177564E-4
2.5955383843639495E-4
2.6156223668444967E-4
2.6358413852670473E-4
2.6561880703828463E-4
2.6766560483750657E-4
2.697240284884096E-4
2.717937324994718E-4
2.7387454121888775E-4
2.759664482251765E-4
2.780696041110306E-4
2.801842946820699E-4
2.8231091239767117E-4
2.8444992428156024E-4
2.8660185094312753E-4
2.8876723611487423E-4
2.909466208063811E-4
2.931405233728151E-4
2.953494259555406E-4
2.9757376701389617E-4
2.998139391113824E-4
3.0207029078427685E-4
3.043431312029512E-4
3.066327364004662E-4
3.0893935603473825E-4
3.112632199096167E-4
3.136045437524247E-4
3.1596353399027794E-4
3.1834039146057627E-4
3.2073531412381165E-4
3.231484989226054E-4
3.25580142960509E-4
3.2803044417132194E-4
3.3049960162793475E-4
3.329878156098363E-4
3.35495287517968E-4
3.380222196989641E-4
3.405688152197383E-4
3.431352776180383E-4
3.4572181064413684E-4
3.4832861800215874E-4
3.509559030955213E-4
3.536038687786407E-4
3.562727171158101E-4
3.5896264914746934E-4
3.61673864663726E-4
3.644065619847547E-4
3.671609377475433E-4
3.6993718669828035E-4
3.727355014895193E-4
3.7555607248109386E-4
3.7839908754361734E-4
3.812647318633684E-4
3.841531877475117E-4
3.8706463442907666E-4
3.899992478721526E-4
3.929572005795955E-4
3.9593866140855686E-4
3.989437954037314E-4
4.019727636648005E-4
4.050257232734962E-4
4.0810282731724605E-4
4.1120422506038887E-4
4.14330062329901E-4
4.174804821991327E-4
4.2065562606802926E-4
4.238556352484308E-4
4.270806531639198E-4
4.303308282600431E-4
4.336063176868101E-4
4.3690729175575757E-4
4.4023393908460435E-4
4.4358647222270955E-4
4.469651334036845E-4
4.5037019990735837E-4
4.5380198834842273E-4
4.5726085706739787E-4
4.607472057105431E-4
4.6426147108150653E-4
4.678041184594906E-4
4.713756278292574E-4
4.749764748656231E-4
4.7860710704654305E-4
4.822679158967628E-4
4.859592070247986E-4
4.89681170224237E-4
4.934338523679137E-4
4.972171360336051E-4
5.010307266839647E-4
5.048741507390537E-4
5.087467660344607E-4
5.126477850170172E-4
5.165763097143334E-4
5.205313761874804E-4
5.245120050216964E-4
5.285172536020965E-4
5.325462655939645E-4
5.365983132677691E-4
5.406728290632446E-4
5.447694239772697E-4
5.488878918208746E-4
5.530281999144902E-4
5.571904681652985E-4
5.613749395149957E-4
5.655834417642258E-4
5.698177980027704E-4
5.74079793936495E-4
5.783711497655232E-4
5.826934983209398E-4
5.870483702022676E-4
5.914371857829521E-4
5.958612532691575E-4
6.003217715623031E-4
6.048198364931835E-4
6.093564490306662E-4
6.139325242608479E-4
6.185489002145791E-4
6.232063459283624E-4
6.279055684063695E-4
6.326472183790162E-4
6.374318949135714E-4
6.422601490267594E-4
6.471324864895683E-4
6.520493700158652E-4
6.57011221004496E-4
6.620184209719104E-4
6.670713127782404E-4
6.721702017193422E-4
6.773153565330946E-4
6.825070103504069E-4
6.87745361609237E-4
6.930305749420569E-4
6.983627820424683E-4
7.037420825139059E-4
7.0916854470184E-4
7.146422065100166E-4
7.201630762007652E-4
7.257311331789917E-4
7.313463287590973E-4
7.370085869135828E-4
7.427178050015268E-4
7.484738544743865E-4
7.542765815556617E-4
7.601258078899287E-4
7.660213311556112E-4
7.719629256347503E-4
7.779503427321752E-4
7.839833114361883E-4
7.900615387136043E-4
7.961847098343579E-4
8.023524886256429E-4
8.085645176635515E-4
8.148204184221685E-4
8.21119791416867E-4
8.274622164002529E-4
8.33847252695485E-4
8.402744397810237E-4
8.467432982704458E-4
8.53253331456284E-4
8.598040276018253E-4
8.663948631617396E-4
8.730253070830061E-4
8.796948262735694E-4
8.864028922215654E-4
8.931489886004335E-4
8.999326195089296E-4
9.067533177820001E-4
9.136106525901977E-4
9.20504235352234E-4
9.274337228552348E-4
9.34398816450884E-4
9.413992563102858E-4
9.484348100024549E-4
9.555052551178182E-4
9.626103562697091E-4
9.697498375239408E-4
9.769233520498545E-4
9.841304514534486E-4
9.913705577319061E-4
9.986429409737294E-4
0.0010059467057424813
0.0010132807884932573
0.0010206439674080312
0.0010280348847909342
0.001035452080785765
0.0010428940358508494
0.001050359218344296
0.0010578461329044048
0.00106535336516768
0.0010728796187840402
0.0010804237416107392
0.0010879847392584372
0.001095561775632614
0.0011031541615458308
0.0011109571298193756
0.0011189642290911842
0.0011271691915079284
0.0011355658997021202
0.0011441483567788638
0.0011529106613187544
0.0011618469884917505
0.0011709515775027556
0.00118021872486824
0.0011896427825239715
0.0011992181595069493
0.0012089393259177926
0.0012188008180018983
0.001228797243424302
0.0012389232860909863
0.0012491737101372402
0.0012595433629275132
0.0012700271770746013
0.0012806201715879475
0.0012913174523097501
0.0013021142118073608
0.0013130057288755468
0.001323987367775078
0.0013350545773037604
0.0013462028897683566
0.001357427919903178
0.0013687253637642979
0.0013800909976167208
0.0013915206768242729
0.0014030103347473452
0.001414555981650918
0.001426153703623715
0.0014377996615084132
0.0014494900898421464
0.0014612212958059687
0.0014729896581811767
0.001484791626309492
0.0014966237190528046
0.0015084825237465273
0.0015203646951383186
0.0015322669543011733
0.001544186087506372
0.0015561189450376588
0.0015680624399235037
0.0015800135465595217
0.0015919692991887982
0.0016039267902048084
0.0016158831682409613
0.001627835636014218
0.001639781447899475
0.0016517179072286935
0.0016636423633359112
0.0016755522084080238
0.0016874448742519772
0.0016993178291509535
0.0017111685750518897
0.0017229946453983173
0.0017347936039867665
0.001746563045269765
0.0017583005965389877
0.001770003922383267
0.0017816707317137054
0.0017932987874727394
0.0018048859188938978
0.0018164300358638286
0.0018279291445806487
0.001839381363340206
0.001850784936963923
0.0018621382481659404
0.0018734398241008407
0.0018846883364840744
0.0018958825940622532
0.0019070215268262825
0.0019181041621658707
0.0019291295940803846
0.0019400969474766539
0.0019510053403688575
0.001961853847318896
0.001972641467610993
0.001983367101379846
0.0019940295362075706
0.0020046274456391776
0.0020151593997706097
0.0020256238867132252
0.002036019342526985
0.002046344186317252
0.0020565968567360137
0.0020667758461742096
0.0020768797294540577
0.0020869071847289507
0.002122475543175584
0.002157377651044974
0.002191621647413951
0.0022252156252997785
0.002258167621234498
0.002290485604332244
0.002322177466154688
0.0023532510123354653
0.00238371395651794
0.0024135739167646633
0.0024428384142689405
0.002471514873972293
0.002499610626575801
0.002527132911416849
0.0025540888797409575
0.0025804855980007834
0.0026063300509322983
0.0026316291442692982
0.0026563897070473823
0.0026806184935118955
0.0027043221846814996
0.002727507389634611
0.0027501806465865452
0.002772348423816906
0.0027940171204945876
0.0028151930674353187
0.0028358825278158774
0.002856091697860616
0.0028758267075098395
0.0028950936210755556
0.002913898437887487
0.0029322470929306764
0.002950145457474867
0.002967599339695275
0.0029846144852834185
0.0030011965780460093
0.0030173512404886617
0.003033084034379571
0.003048400461286133
0.0030633059630743543
0.0030778059223568115
0.0030919056628695143
0.003105610449751103
0.0031189254896893414
0.003131855930889775
0.003144406862810057
0.0031565833155912377
0.0031683902591059998
0.0031798326015343233
0.003190915187372893
0.003201642794788384
0.0032120201322412274
0.0032220518343397454
0.0032317424569397527
0.00324109647158525
0.003250118259494301
0.0032588121054292615
0.0032671821919474167
0.0032752325946956116
0.00328296727957375
0.003290390102723053
0.0032975048143672105
0.003304315067515418
0.0033108244323957424
0.003317036417200462
0.003322954495281384
0.0033285821383401775
0.0033339228544493884
0.0033389802289729813
0.003343757965715846
0.003348259925022605
0.0033524901551781295
0.00335645291343566
0.0033601526733873462
0.0033635941162228787
0.0033667821046629264
0.00336972163990656
0.003372417803636856
0.003374875688782066
0.0033771003241095817
0.0033790965986305204
0.003380869192060263
0.003382422517141743
0.0033837606785209876
0.00338488745119622
0.0033858062795560175
0.003386520295943807
0.003387032355810364
0.0033873450850824345
0.003387460934549089
0.00673939308418139
0.006687869150703774
0.006636749584215217
0.006586029464242234
0.006535704031803778
0.006485768742091416
0.006436219293353281
0.006387051634957034
0.0063382619589321095
0.006289846679843389
0.006241802407728436
0.006194125918213702
0.006146814123016653
0.006099864043034773
0.006053272785275363
0.006007037524094772
0.005961155486640533
0.005915623942028564
0.005870440193610445
0.005825601573648673
0.005781105439771349
0.005736949172679163
0.005693130174694123
0.005649645868849466
0.0056064936983129966
0.005563671126007331
0.005521175634341717
0.005479004725004722
0.005437155918788769
0.005395626755430926
0.005354414793461575
0.005313517610056815
0.0052729328008921696
0.005232657979996103
0.005192690779601858
0.0051530288499957244
0.005113669859358955
0.0050746114935995255
0.0050358514561676315
0.004997387467846578
0.004959217266506821
0.00492133860680608
0.004883749259812
0.004846447012515642
0.0048094296671938675
0.004772695040566677
0.004736240962681792
0.00470006527544408
0.004664165830693319
0.004628540487721988
0.004593187110118381
0.004558103561823702
0.004523287702309011
0.004488737380815098
0.004454450429661008
0.004420424656719678
0.004386657837285542
0.00435314770571811
0.004319891947433003
0.004286888192015544
0.0042541340084333145
0.004221626903495554
0.004189364324816323
0.0041573436695457235
0.004125562300002405
0.004094017567038601
0.004062706841477933
0.004031627553288677
0.0040007772373214096
0.003970153583511406
0.003939754488515953
0.0039095781049425645
0.003879622883758071
0.0038498876052769954
0.0038203713944134007
0.0037910737166972114
0.0037619943528933246
0.0037331333518320128
0.0037044909630989677
0.00367606755331748
0.0036478635116236604
0.0036198791513297633
0.0035921146154752944
0.003564569793846726
0.003537244258079841
0.0035101372197390832
0.0034832475140022462
0.003456573609054009
0.0034301136388334946
0.003403865454699672
