2.393771254164283E-7
4.820365379328717E-7
7.280232433075875E-7
9.773828644804132E-7
1.2301616500360028E-6
1.4864064827825632E-6
1.7461648884481334E-6
2.009485044496369E-6
2.2764157890636824E-6
2.5470066300194746E-6
2.8213077541510496E-6
3.09937003647469E-6
3.3812450496743036E-6
3.6669850736688818E-6
3.9566431053100474E-6
4.250272868210773E-6
4.547928822706508E-6
4.849666175949758E-6
5.155540892139429E-6
5.465609702886161E-6
5.77993011771515E-6
6.098560434708188E-6
6.421559751286879E-6
6.7489879751394455E-6
7.0809058352938395E-6
7.417374893340369E-6
7.758457554807545E-6
8.104217080695017E-6
8.454717599168058E-6
8.81002411741804E-6
9.170202533693445E-6
9.535319649505903E-6
9.905443182015249E-6
1.0280641776597277E-5
1.0660985019597146E-5
1.1046543451270748E-5
1.1437388578915287E-5
1.1833592890190175E-5
1.2235229866628001E-5
1.2642373997335346E-5
1.3055100792882827E-5
1.347348679938369E-5
1.3897609612760434E-5
1.4327547893199609E-5
1.476338137979531E-5
1.5205190905382712E-5
1.565305841156382E-5
1.6107066963928014E-5
1.6567300767470922E-5
1.7033845182215333E-5
1.726740961362162E-5
1.750417661777417E-5
1.7744190109825446E-5
1.798749460735912E-5
1.8234135238619367E-5
1.8484157750850612E-5
1.873760851874931E-5
1.899453455302887E-5
1.9254983509098814E-5
1.9519003695859462E-5
1.9786644084613436E-5
2.0057954318095208E-5
2.033298471962049E-5
2.0611786302357057E-5
2.0894410778719203E-5
2.1180910569887856E-5
2.147133881545886E-5
2.1765749383222142E-5
2.2064196879074507E-5
2.236673665706935E-5
2.2673424829606713E-5
2.2984318277767455E-5
2.329947466179588E-5
2.3618952431735313E-5
2.3942810838221763E-5
2.4271109943441333E-5
2.4603910632256455E-5
2.4941274623507983E-5
2.528326448149805E-5
2.56299436276599E-5
2.5981376352419854E-5
2.6337627827255464E-5
2.6698764116953336E-5
2.7064852192068073E-5
2.7435959941583E-5
2.7812156185770613E-5
2.8193510689250002E-5
2.858009417423568E-5
2.8971978333972236E-5
2.9369235846346528E-5
2.9771940387669394E-5
3.0180166646618335E-5
3.0593990338332225E-5
3.1013488218649864E-5
3.143873809848467E-5
3.1869818858328864E-5
3.2306810462881125E-5
3.27497939757924E-5
3.3198851574525566E-5
3.365406656532436E-5
3.4115523398294474E-5
3.458330768260568E-5
3.5057506201827966E-5
3.553820692941875E-5
3.602549904437953E-5
3.6519472947103336E-5
3.702022027543392E-5
3.752783392095853E-5
3.8042408045556016E-5
3.856403809822079E-5
3.909282083218397E-5
3.962885432234976E-5
4.017223798306612E-5
4.072307258624597E-5
4.1281460279853965E-5
4.184750460677246E-5
4.242131052405754E-5
4.300298442259461E-5
4.3592634147161254E-5
4.4190369016901E-5
4.47962998462118E-5
4.541053896604967E-5
4.603320024564495E-5
4.666439911462921E-5
4.730425258556581E-5
4.7952879276878E-5
4.861039943616532E-5
4.927693496389703E-5
4.995260943747049E-5
5.063754813562004E-5
5.1331878063158106E-5
5.203572797602975E-5
5.27492284066579E-5
5.347251168955192E-5
5.420571198714998E-5
5.49489653158613E-5
5.570240957226866E-5
5.6466184559450314E-5
5.724043201337308E-5
5.802529562930879E-5
5.8820921088220035E-5
5.9627456083061614E-5
6.0445050344942375E-5
6.127385566909071E-5
6.211402594056986E-5
6.296571715968699E-5
6.38290874670458E-5
6.470429716819043E-5
6.559150875779229E-5
6.649088694333294E-5
6.74025986687706E-5
6.832681313861382E-5
6.926370184276377E-5
7.021343858243041E-5
7.117619949737286E-5
7.215216309466564E-5
7.314151027914467E-5
7.414442438564338E-5
7.516109121309165E-5
7.619169906051152E-5
7.723643876491062E-5
7.829550374104761E-5
7.936909002301134E-5
8.045739630753648E-5
8.156062399895377E-5
8.267897725565494E-5
8.381266303793437E-5
8.4961891157058E-5
8.61268743253908E-5
8.730782820741138E-5
8.850497147142488E-5
8.971852584178446E-5
9.094871615142051E-5
9.219577039447634E-5
9.345991977884381E-5
9.474139877839161E-5
9.604044518467898E-5
9.73573001579481E-5
9.869220827719062E-5
1.0004541758908498E-4
1.014171796556069E-4
1.0280774960011427E-4
1.042173861517155E-4
1.0564635168773022E-4
1.0709491227405547E-4
1.0856333770325262E-4
1.1005190153017489E-4
1.1156088110495371E-4
1.1309055760317136E-4
1.146412160530441E-4
1.1621314535944991E-4
1.1780663832463683E-4
1.1942199166545554E-4
1.2105950602696761E-4
1.227194859922901E-4
1.244022400885474E-4
1.2610808078881235E-4
1.2783732450992965E-4
1.295902916061298E-4
1.3136730635834794E-4
1.3316869699823302E-4
1.34994795762512E-4
1.3684593897365113E-4
1.3872246714301622E-4
1.4062472509297638E-4
1.425530620946366E-4
1.4450783201810024E-4
1.4648939349238535E-4
1.4849811007230872E-4
1.505343504098569E-4
1.525984884277377E-4
1.546909034929855E-4
1.5681198058866216E-4
1.5896211048184921E-4
1.611416898862855E-4
1.6335112161814402E-4
1.6559081474358176E-4
1.6786118471682495E-4
1.7016265350767827E-4
1.7249564971746144E-4
1.7486060868248952E-4
1.7725797256431738E-4
1.796881904260704E-4
1.8215171829427326E-4
1.8464901920568479E-4
1.8718056323872422E-4
1.8974682752916037E-4
1.9234829626980433E-4
1.9498546069402514E-4
1.9765881904296593E-4
2.003688765164075E-4
2.0311614520728116E-4
2.0590114401988587E-4
2.0872439857191555E-4
2.115864410804458E-4
2.1448781023206874E-4
2.1742905103740406E-4
2.204107146702436E-4
2.234333582916141E-4
2.264975448590754E-4
2.2960384292158666E-4
2.327528264003001E-4
2.359450743556602E-4
2.391811707412065E-4
2.4246170414449528E-4
2.457872675155752E-4
2.4915845788347205E-4
2.5257587606114957E-4
2.560401263394357E-4
2.5955181617041577E-4
2.631115586968298E-4
2.667199749986188E-4
2.7037769607210835E-4
2.740853645567052E-4
2.7784363622340507E-4
2.8165318123882243E-4
2.8551468521792174E-4
2.894288500780645E-4
2.933963947064982E-4
2.9741805545288185E-4
3.0149458645798165E-4
3.0562675982917736E-4
3.098153656729897E-4
3.1406121199438036E-4
3.1836512447217067E-4
3.227279461195064E-4
3.2715053683791024E-4
3.316337728730791E-4
3.361785461802241E-4
3.4078576370638814E-4
3.454563465968479E-4
3.5019122933236513E-4
3.54991358803748E-4
3.5985769332986666E-4
3.6479120162497984E-4
3.6979286172094474E-4
3.748636598496057E-4
3.8000458929040107E-4
3.852166491879685E-4
3.9050084334429534E-4
3.958581789897134E-4
4.012896655368275E-4
4.0679631332123567E-4
4.1237913233270506E-4
4.180391309402481E-4
4.2377731461435786E-4
4.295946846494699E-4
4.3549223688953115E-4
4.4147096045938164E-4
4.475318365044751E-4
4.5367583694131054E-4
4.5990392322077723E-4
4.662170451064628E-4
4.726161394698408E-4
4.7910212910410124E-4
4.8567592155826294E-4
4.92338407993091E-4
4.99090462060215E-4
5.059329388057447E-4
5.128666735995695E-4
5.19892689965904E-4
5.270121814310121E-4
5.34226494219702E-4
5.415371107715143E-4
5.489456340483572E-4
5.56453772606167E-4
5.640633264039441E-4
5.717761733243102E-4
5.795942563804469E-4
5.875195715850406E-4
5.955541564575315E-4
6.037000791466837E-4
6.119594281461504E-4
6.203343025813627E-4
6.288268030467304E-4
6.374390229727346E-4
6.461730405031366E-4
6.550309108630863E-4
6.640146591995222E-4
6.731262738757962E-4
6.823677002030094E-4
6.917408345910945E-4
7.012475191031728E-4
7.108895363972467E-4
7.206686050397674E-4
7.305863751760967E-4
7.406444245433578E-4
7.508442548116149E-4
7.611872882397814E-4
7.716748646330626E-4
7.823082385891967E-4
7.930885770211267E-4
8.040169569441718E-4
8.150943635161203E-4
8.26321688319087E-4
8.376997278722806E-4
8.492291823652479E-4
8.609106546014457E-4
8.727446491423706E-4
8.847315716427601E-4
8.968717283676995E-4
9.09165325882799E-4
9.216124709088393E-4
9.342131703326359E-4
9.469673313660895E-4
9.598747618457073E-4
9.729351706651163E-4
9.861481683333718E-4
9.995132676520945E-4
0.0010130298845047576
0.0010267126147338267
0.001040574914780677
0.001054629145613825
0.0010688866153780788
0.0010833576207964358
0.0010980514873558422
0.0011129766083072539
0.0011281404825097222
0.0011435497511475923
0.0011592102333491839
0.001175126960734769
0.0011913042109209068
0.0012077455400077
0.0012244538140748292
0.0012414312397116766
0.0012586793936062788
0.001276199251217244
0.001293991214552238
0.0013120551390761067
0.0013303903597711483
0.0013489957163715651
0.0013678695777935704
0.0013870098657821862
0.0014064140777952198
0.001426079309144486
0.0014460022744138409
0.00146617932817316
0.0014866064850069121
0.0015072794388755932
0.0015281935818278322
0.0015493440220805447
0.0015707256014841613
0.001592332912389483
0.0016141603139324101
0.0016362019477523246
0.0016584517531596306
0.0016809034817674834
0.0017035507116024762
0.0017263868607086382
0.0017494052002587838
0.0017725988671869121
0.0017959608763549802
0.0018194841322671208
0.00184316144034399
0.0018669855177696492
0.001890949003923066
0.0019150444704060367
0.0019392644306790168
0.0019636013493161096
0.0019880476508901228
0.002013712933667911
0.0020405284635193663
0.0020684275795992304
0.00209734564473635
0.002127219996870703
0.0021579899015177952
0.002189596505240347
0.0022219827901075496
0.002255093529122634
0.0022888752425997234
0.0023232761554713927
0.0023582461555086416
0.0023937367524353263
0.0024297010379194985
0.002466093646424287
0.0025028707169014123
0.002539989855310654
0.0025774100979489515
0.002615091875573064
0.0026529969783000975
0.0026910885212703983
0.00272933091105772
0.0027676898128117552
0.002806132118118421
0.0028446259135636726
0.002883140449986657
0.0029216461124085594
0.00296011439062352
0.0029985178504383808
0.003036830105548233
0.0030750257900349857
0.0031130805314764152
0.0031509709246533815
0.0031886745058431537
0.0032261697276869854
0.003263435934620357
0.0033004533388544797
0.0033372029968978564
0.0033736667866070156
0.003409827384755598
0.0034456682451113178
0.0034811735770104344
0.0035163283244195836
0.0035511181454750576
0.003585529392489731
0.0036195490924181236
0.0036531649277700977
0.0036863652179640674
0.0037191389011106235
0.0037514755162177
0.0038650717088721744
0.003974860029542883
0.004080923373147338
0.004183343079619197
0.004282198960933863
0.004377569327685769
0.0044695310152245375
0.00455815940935714
0.004643528471622965
0.004725710764148708
0.004804777474089879
0.004880798437665469
0.004953842163792448
0.005023975857326454
0.005091265441915114
0.0051557755824701455
0.0052175697072644875
0.0052767100296604585
0.005333257569474922
0.0053872721739873786
0.00543881253859668
0.005487936227132103
0.005534699691824424
0.005579158292942402
0.0056213663181001895
0.005661377001240933
0.005699242541301874
0.005735014120566045
0.005768741922705715
0.005800475150522464
0.005830262043388914
0.005858149894396824
0.005884185067216425
0.005908413012671478
0.005930878285034854
0.005951624558048959
0.005970694640675628
0.005988130492579749
0.0060039732393509645
0.006018263187467815
0.006031039839008384
0.006042341906111682
0.006052207325193885
0.006060673270923413
0.0060677761699588105
0.006073551714453432
0.006078034875330719
0.006081259915333838
0.006083260401853465
0.0060840692195373155
0.012059304888259023
0.011894413305988021
0.011731776350976431
0.011571363194811458
0.011413143430603855
0.011257087067225576
0.011103164523626141
0.01095134662322672
0.010801604588390764
0.01065391003497001
0.010508234966924868
0.010364551771018186
0.010222833211581375
0.010083052425351846
0.009945182916380923
0.009809198551011275
0.009675073552922839
0.009542782498246548
0.009412300310744725
0.009283602257057471
0.009156663942014063
0.009031461304008531
0.008907970610438513
0.008786168453206603
0.00866603174428331
0.00854753771133077
0.008430663893386392
0.008315388136605664
0.008201688590063216
0.008089543701611364
0.00797893221379536
0.007869833159824459
0.007762225859598065
0.007656089915786257
0.007551405209963665
0.007448151898796193
0.00734631041027968
0.007245861440029877
0.0071467859476228865
0.007049065152985469
0.00695268053283458
0.006857613817165336
0.006763846985786962
0.006671362264905953
0.006580142123755989
0.0064901692712738945
0.0064014266528211695
0.006313897446950508
0.0062275650622166095
0.0061424131340309
