9.967048858589192E-5
2.1450309457389258E-4
3.4680447954756006E-4
4.99232006342273E-4
5.751764761770575E-4
6.626737199371397E-4
7.63482200246607E-4
8.796257368916893E-4
0.00101343530358991
0.0011676010643395845
0.0013452257628085637
0.0015498645366228674
0.0017856208772740797
0.0020572577569019164
0.002370258825818348
0.0027307898878123774
0.003146118863973452
0.0036248144441924086
0.004176519154067027
0.00481133535528785
0.005542891045768898
0.006387261366181357
0.007360285711755859
0.00847472005715585
0.009764538072129483
0.011259936820513726
0.012975395262406894
0.014905875629966344
0.01720779424682393
0.019889554214711943
0.022874928772851133
0.02604625340686175
0.03049166050862497
0.03536540141488063
0.04010286903328931
0.04434727068319932
0.05614512762593408
0.0634906887648428
0.06744175320713627
0.06884077955656093
0.12422796649111825
0.10588030733892463
0.09024247759007245
0.07691425314329878
