3.2467059882923726E-5
6.836740287012756E-5
1.0806408024432615E-4
1.519585414956973E-4
2.004947044749878E-4
2.5416343001047527E-4
2.8104039655744886E-4
3.1075947830455706E-4
3.436211936242878E-4
3.7995792396853433E-4
4.201372827059362E-4
4.6456561619889915E-4
5.13691984927468E-4
5.680128987320045E-4
6.280777842064027E-4
6.944948351189225E-4
7.679366383933165E-4
8.491448198055599E-4
9.389381804348593E-4
0.0010382239597217784
0.0011480096405829922
0.00126941211548373
0.0014036613696409457
0.0015520966411019035
0.0017162047735936193
0.0018976585439314053
0.002098333159340055
0.002320292579737615
0.0025657457404898157
0.002836977591064577
0.0031367526754837163
0.003468353239206475
0.003835406761328037
0.004241611076725848
0.004690430052525064
0.005184806629236659
0.005731656803495806
0.006338744133189133
0.0070126844988466
0.007757784746672399
0.008575483478368935
0.009464214404378588
0.010465284971560811
0.011593795372994885
0.012846426999547576
0.014207499303655923
0.01565362287393109
0.017157220569528807
0.019130722198033422
0.02136237350212272
0.02368941958581462
0.025989172859021237
0.028171514673218136
0.030172618188006192
0.03621368826543735
0.040679927116540504
0.043832726658522995
0.045896228722890044
0.04706223696491871
0.04749451091192959
0.08850621935725929
0.07934045101905311
0.07112389630460883
0.06375825396189674
0.05715540288799978
0.05123634786540546
