1.1430771791455693E-5
2.369089369189769E-5
3.684053840030978E-5
5.0944243824427905E-5
6.607122991255148E-5
8.229573891720277E-5
9.969740068298011E-5
1.1836162427224215E-4
1.383800167882002E-4
1.4842005939116768E-4
1.5918855236364446E-4
1.707383429226348E-4
1.8312610999400783E-4
1.9641264638495934E-4
2.1066316304610346E-4
2.2594761397002364E-4
2.423410381119956E-4
2.599239124607568E-4
2.7878252833732017E-4
2.990094067929022E-4
3.207037643917892E-4
3.439720318260463E-4
3.68928417564109E-4
3.956954989591481E-4
4.244048150805263E-4
4.5519742959110424E-4
4.88224428499422E-4
5.236475979670532E-4
5.616403473303989E-4
6.023888291138419E-4
6.460931437173993E-4
6.929684879331006E-4
7.432461027313666E-4
7.97173888540739E-4
8.550165791710079E-4
9.170553938401764E-4
9.835910526750679E-4
0.0010549478834740392
0.0011314774993993492
0.0012135611031250334
0.001301609906173259
0.0013960634706215115
0.001497386007279353
0.0016060608190708295
0.0017225831766026706
0.0018475070056591172
0.0019814631628684576
0.002125157541915703
0.002279355543047448
0.002444858019561435
0.002622472643299818
0.0028129836695049344
0.003017122297479079
0.0032355391894954193
0.0034695498660656594
0.0037207840748678836
0.003990922011133984
0.004281501724169808
0.0045937843985397915
0.004928666238756171
0.0052866274514031236
0.0056677103424369836
0.006071519859957011
0.006508004213817161
0.006982873158655063
0.007498461915408184
0.008054462876107012
0.008648542343819733
0.009276857528731187
0.009934487212838693
0.010615787886568709
0.011314685729983554
0.012175428503747485
0.01314869277767027
0.014192997966681532
0.01527372129947082
0.016362221824719962
0.017435062306579548
0.01847331894013887
0.019461969796389485
0.020389353793640184
0.023351532480605102
0.025785804651552884
0.027752523224904433
0.029306109035397574
0.030495590611874995
0.03136509709104117
0.03195430820943862
0.032298864991724775
0.03243074445535271
0.06181321703105451
0.057393016201843686
0.05328889947683936
0.04947826400043154
0.04594012322462722
0.04265499132842787
0.039604775902233255
0.036772678306294895
0.034143101154491
