8.402610535509437E-8
1.6870824342852812E-7
2.540492809491796E-7
3.4005298732227244E-7
4.2672377315435336E-7
5.140664811531963E-7
6.020862303485269E-7
6.90788308170586E-7
7.801781014786811E-7
8.702610566419102E-7
9.610426594944617E-7
1.0525284276543533E-6
1.1447239096728028E-6
1.2376346873356666E-6
1.3312663789351384E-6
1.425624642398709E-6
1.5207151778391598E-6
1.6165437294620012E-6
1.7131160869338797E-6
1.8104380863622732E-6
1.9085156110249854E-6
2.0073545919562E-6
2.106961008464694E-6
2.2073408886377753E-6
2.3085003098744473E-6
2.4104453994931962E-6
2.513182335474504E-6
2.6167173474275947E-6
2.7210567179195158E-6
2.826206784379558E-6
2.9321739419034334E-6
3.0389646474434944E-6
3.1465854261006876E-6
3.255042880551784E-6
3.3643437050744997E-6
3.4744947061961364E-6
3.585502832706823E-6
3.697375218654104E-6
3.810119243959334E-6
3.923742618424316E-6
4.038253496039094E-6
4.153660627507881E-6
4.269973559554917E-6
4.387202889548127E-6
4.505360582899864E-6
4.624460358125675E-6
4.744518139903825E-6
4.8655525735765375E-6
4.987585585022192E-6
5.110642957742757E-6
5.234754884810224E-6
5.359956438004405E-6
5.486287881689772E-6
5.61379474699488E-6
5.7425275754677115E-6
5.87254124363457E-6
6.003893793667715E-6
6.136644722813946E-6
6.270852726122494E-6
6.406572942115307E-6
6.543853815700638E-6
6.682733760593987E-6
6.823237866254377E-6
6.965374941901538E-6
7.109135212477872E-6
7.2544889699949874E-6
7.401386433535553E-6
7.549758982283595E-6
7.699521804369348E-6
7.850577862134787E-6
8.0028229286923E-6
8.15615132112172E-6
8.31046186173993E-6
8.465663556258329E-6
8.621680495201339E-6
8.778455562739482E-6
8.93595266577351E-6
9.09415735822674E-6
9.25307590826625E-6
9.41273301536024E-6
9.573168508239005E-6
9.734433428919788E-6
9.896585925664949E-6
1.0059687342038945E-5
1.0223798811124422E-5
1.0304952454477916E-5
1.0386571772980894E-5
1.0468701430540148E-5
1.0551378894731853E-5
1.0634634862106816E-5
1.0718494025336334E-5
1.0802976018873862E-5
1.0888096408445056E-5
1.0973867626112816E-5
1.1060299789728651E-5
1.114740137805409E-5
1.123517975777345E-5
1.1323641575166884E-5
1.14127930340895E-5
1.1502640084745186E-5
1.1593188546508932E-5
1.1684444184561455E-5
1.1776412755784448E-5
1.1869100035177576E-5
1.1962511830513006E-5
1.2056653990221716E-5
1.2151532407575332E-5
1.2247153022952726E-5
1.2343521825193614E-5
1.2440644852590542E-5
1.2538528193837339E-5
1.263717798915652E-5
1.2736600431820418E-5
1.2836801770340084E-5
1.293778831171592E-5
1.3039566426333465E-5
1.3142142555366446E-5
1.3245523221942837E-5
1.3349715047872386E-5
1.3454724778464393E-5
1.3560559318920281E-5
1.3667225786999725E-5
1.3774731588149358E-5
1.3883084521035884E-5
1.3992292923379032E-5
1.4102365870001015E-5
1.4213313436866496E-5
1.432514704622776E-5
1.4437879908324074E-5
1.4551527573776871E-5
1.4666108607124348E-5
1.4781645385035014E-5
1.4898165011859752E-5
1.5015700329748325E-5
1.5134290980389324E-5
1.5253984450983014E-5
1.5374837009643448E-5
1.549691440743519E-5
1.5620292199220572E-5
1.574505551804091E-5
1.5871298133251282E-5
1.5999120636606614E-5
1.6128627637779276E-5
1.6259923914399778E-5
1.639310955171431E-5
1.6528274219404662E-5
1.6665490859421462E-5
1.6804809185585844E-5
1.6946249506166216E-5
1.7089797455619675E-5
1.7235400242919482E-5
1.738296497710991E-5
1.7532359509031686E-5
1.7683416034733776E-5
1.783593745564264E-5
1.7989706208905475E-5
1.814449500276752E-5
1.830007865461287E-5
1.8456246069537177E-5
1.8612811342717587E-5
1.8769623033125236E-5
1.8926570835623716E-5
1.908358915173239E-5
1.9240657389880276E-5
1.9397797168274057E-5
1.9555066900526245E-5
1.9712554475493288E-5
1.9870368871217802E-5
2.002863155873618E-5
2.018746846312526E-5
2.0347003080130877E-5
2.050735113047443E-5
2.066861690693742E-5
2.08308912644422E-5
2.099425104473123E-5
2.115875962759552E-5
2.1324468261022057E-5
2.1491417834704913E-5
2.1659640810630928E-5
2.182916309426951E-5
2.2000005704848956E-5
2.2172186171426488E-5
2.234571963568637E-5
2.2520619679834272E-5
2.2696898919338164E-5
2.2874569408571778E-5
2.3053642906553865E-5
2.3234131043765836E-5
2.341604542258854E-5
2.359939767536752E-5
2.3784199496721624E-5
2.397046266093632E-5
2.4158199031135013E-5
2.4347420564151527E-5
2.4538139313295723E-5
2.4730367430194864E-5
2.4924117166350868E-5
2.5119400874800238E-5
2.531623101218596E-5
2.5514620141593513E-5
2.5714580936641465E-5
2.5916126187557305E-5
2.6119268810336222E-5
2.632402186061289E-5
2.653039855462887E-5
2.673841230071359E-5
2.694807674608945E-5
2.7159405845625273E-5
2.7372413961459205E-5
2.758711600520335E-5
2.7803527637689994E-5
2.8021665544768424E-5
2.8241547811221498E-5
2.8463194417946133E-5
2.8686627889409133E-5
2.8911874118055365E-5
2.913896338857042E-5
2.9367931616261147E-5
2.9598821798839987E-5
2.9831685658295822E-5
3.0066585418527277E-5
3.030359562513264E-5
3.054280486768703E-5
3.078431721525109E-5
3.102825312806127E-5
3.1274749569741514E-5
3.152395902405697E-5
3.1776047128185566E-5
3.2031188680196716E-5
3.2289561869048936E-5
3.2551340713664375E-5
3.2816685879729225E-5
3.308573425699379E-5
3.33585879056059E-5
3.363530318933696E-5
3.3915881073346866E-5
3.420025964059847E-5
3.448830984536735E-5
3.477983535682286E-5
3.5074577049301615E-5
3.537222228772854E-5
3.5672418676287426E-5
3.5974791442701704E-5
3.627896318608776E-5
3.658457438977618E-5
3.68913029464807E-5
3.719888099409831E-5
3.750710761883195E-5
3.781585641868368E-5
3.812507747655858E-5
3.843479389074971E-5
3.874509356770043E-5
3.905611742216822E-5
3.936804539888476E-5
3.9681081802857757E-5
3.9995441310269035E-5
4.031133676476863E-5
4.062896950091917E-5
4.094852254161305E-5
4.127015664932924E-5
4.1594008918067384E-5
4.192019339997146E-5
4.224880317357039E-5
4.257991326707513E-5
4.291358392629523E-5
4.324986383351923E-5
4.358879301347432E-5
4.393040528331715E-5
4.4274730201522765E-5
4.462179453956252E-5
4.4971623340925385E-5
4.532424064912815E-5
4.5679669986600224E-5
4.603793465647717E-5
4.6399057925019986E-5
4.676306312754023E-5
4.7129973727670396E-5
4.7499813349533686E-5
4.7872605794928956E-5
4.82483750526443E-5
4.862714530386776E-5
4.900894092581138E-5
4.9393786494652174E-5
4.978170678838913E-5
5.0172726790017526E-5
5.0566871691412096E-5
5.096416689844111E-5
5.1364638038096916E-5
5.176831096885538E-5
5.2175211796118235E-5
5.2585366895529514E-5
5.299880294828197E-5
5.341554699436421E-5
5.38356265121634E-5
5.4259069536048316E-5
5.468590482759587E-5
5.511616212099719E-5
5.554987246875511E-5
5.598706871974001E-5
5.6427786167381066E-5
5.6872063410268424E-5
5.731994346931235E-5
5.777147520300131E-5
5.822671505299365E-5
5.86857291337998E-5
5.9148595650315086E-5
5.961540758365151E-5
6.008627552849183E-5
6.056133049538189E-5
6.104072641297481E-5
6.152464198548486E-5
6.201328149024048E-5
6.250687405314715E-5
6.300567093208815E-5
6.350994038593796E-5
6.401995982341809E-5
6.453600511893892E-5
6.50583372497454E-5
6.558718673558653E-5
6.612273672023656E-5
6.666510588171956E-5
6.72143326433896E-5
6.777036232598856E-5
6.833303888160023E-5
6.890210264950258E-5
6.947719516143648E-5
7.005787142144172E-5
7.064361934843663E-5
7.123388528312038E-5
7.182810372887517E-5
7.242572892723564E-5
7.30262655555793E-5
7.362929583889653E-5
7.423450070390551E-5
7.484167323596308E-5
7.54507235430517E-5
7.606167506797764E-5
7.667465328682965E-5
7.728986846473654E-5
7.790759461541693E-5
7.852814698196251E-5
7.915186022321546E-5
7.977906910680786E-5
8.041009296017837E-5
8.104522451516326E-5
8.168472319669716E-5
8.232881242826258E-5
8.29776802021077E-5
8.36314820040146E-5
8.429034517467172E-5
8.495437389656154E-5
8.562365417156386E-5
8.629825835602012E-5
8.697824901103166E-5
8.766368198283252E-5
8.83546087404957E-5
8.90510780659023E-5
8.975313722080889E-5
9.046083271837354E-5
9.117421081231985E-5
9.189331779505459E-5
9.261820017293537E-5
9.334890476633442E-5
9.408547876581896E-5
9.482796976389777E-5
9.557642577376112E-5
9.633089524137423E-5
9.709142705428623E-5
9.785807054884291E-5
9.863087551663995E-5
9.940989221065962E-5
1.0019517135142141E-4
1.0098676413354363E-4
1.0178472223333453E-4
1.0258909781843746E-4
1.0339994356120685E-4
1.0421731265848971E-4
1.0504125886197103E-4
1.0587183652537653E-4
1.067091006778117E-4
1.0755310713655826E-4
1.0840391267793381E-4
1.0926157529145692E-4
1.1012615455052319E-4
1.1099771214177787E-4
1.1187631260472826E-4
1.1276202434168851E-4
1.136549209640918E-4
1.145550830420421E-4
1.1546260031651708E-4
1.1637757441418316E-4
1.1730012206952214E-4
1.1823037880456017E-4
1.1916850294098577E-4
1.2011467972335717E-4
1.2106912521956607E-4
1.2203208954457424E-4
1.2300385883978068E-4
1.2398475535251938E-4
1.2497513492137262E-4
1.259753812079393E-4
1.269858961467082E-4
1.2800708632672316E-4
1.2903934537405898E-4
1.30083032857504E-4
1.311384507553944E-4
1.3220581904281568E-4
1.3328525241219872E-4
1.3437674044530562E-4
1.354801336333719E-4
1.3659513743619672E-4
1.377213160550766E-4
1.3885810678825833E-4
1.400048448104054E-4
1.4116079708481255E-4
1.423252030269263E-4
1.4349731864928008E-4
1.446764603746448E-4
1.4586204460670388E-4
1.470536195324556E-4
1.482508864595172E-4
1.4945370915435952E-4
1.506621109792387E-4
1.5187626093468045E-4
1.53096450816522E-4
1.5432306656981863E-4
1.5555655698723124E-4
1.5679740290801137E-4
1.580460895766322E-4
1.5930308406399973E-4
1.6056881878226092E-4
1.6184368127791505E-4
1.6312800978220994E-4
1.644220935051005E-4
1.657261764040308E-4
1.670404631232442E-4
1.6836512593435042E-4
1.6970031175055216E-4
1.7104614857125567E-4
1.7240275098791028E-4
1.737702246104076E-4
1.7514866943915837E-4
1.7653818230967263E-4
1.7793885858328635E-4
1.793507932642116E-4
1.807740817046128E-4
1.8220882002907858E-4
1.8365510537712512E-4
1.8511303603295905E-4
1.865827114882032E-4
1.8806423246609246E-4
1.8955770092397153E-4
1.9106322004352406E-4
1.9258089421374624E-4
1.941108290091862E-4
1.9565313116465466E-4
1.9720790854693907E-4
1.9877527012375135E-4
2.0035532593003897E-4
2.0194818703183612E-4
2.0355396548804778E-4
2.051727743109882E-4
2.0680472742728027E-4
2.0844993964200272E-4
2.1010852661100128E-4
2.117806048293223E-4
2.1346629164811716E-4
2.1516570533845677E-4
2.1687896522856826E-4
2.18606191951266E-4
2.2034750785064936E-4
2.2210303761101055E-4
2.2387290918511087E-4
2.2565725511156743E-4
2.2745621431900328E-4
2.2926993451376034E-4
2.3109857523330752E-4
2.3294231161337058E-4
2.3480133885782538E-4
2.3667587731235004E-4
2.3856617792430583E-4
2.4047252772532954E-4
2.423952548087361E-4
2.443347321074608E-4
2.4629137913394385E-4
2.482656607516828E-4
2.5025808204353603E-4
2.5226917845757403E-4
2.542995006731827E-4
2.5634959404902927E-4
2.5841997307900986E-4
2.605110919534843E-4
2.626233130329338E-4
2.647568756961887E-4
2.669118685165153E-4
2.690882079370951E-4
2.712856264733889E-4
2.735036729144352E-4
2.757417260364426E-4
2.7799902205517346E-4
2.802746945684757E-4
2.8256782426666074E-4
2.84877494428787E-4
2.8720284737725004E-4
2.8954313678183723E-4
2.918977710572774E-4
2.942663440565568E-4
2.9664865069863744E-4
2.990446868775844E-4
3.014546347309149E-4
3.0387885102917204E-4
3.0631783124894637E-4
3.0877216944776405E-4
3.1124251806516454E-4
3.137295512088657E-4
3.162339340533321E-4
3.1875629986467786E-4
3.2129723505814326E-4
3.238572717492707E-4
3.264368865807253E-4
3.290365042341447E-4
3.316565039537191E-4
3.342972275559383E-4
3.369589876965012E-4
3.3964207552684294E-4
3.4234676722829364E-4
3.450733292128716E-4
3.478220220014616E-4
3.505931029289365E-4
3.5338682789238894E-4
3.5620345237146237E-4
3.590432319286648E-4
3.619064223597616E-4
3.647932796225822E-4
3.6770405963456573E-4
3.706390179987359E-4
3.7359840969525894E-4
3.765824887603822E-4
3.79591507964755E-4
3.826257184972603E-4
3.8568536965713577E-4
3.887707085553245E-4
3.9188197982498234E-4
3.950194253404868E-4
3.9818328394386596E-4
4.0137379117726195E-4
4.045911790197616E-4
4.078356756267686E-4
4.111075050701249E-4
4.144068870776187E-4
4.1773403677159836E-4
4.2108916440851364E-4
4.2447247512480984E-4
4.2788416870026595E-4
4.313244393581873E-4
4.3479347563342565E-4
4.382914603542994E-4
4.418185708031225E-4
4.453749791414381E-4
4.4896085320842355E-4
4.525763578212685E-4
4.562216567199529E-4
4.5989691529968414E-4
4.636023042547087E-4
4.6733800420932243E-4
4.7110421132811594E-4
4.7490114377280525E-4
4.7872904870686596E-4
4.825882093480882E-4
4.864789513485346E-4
4.904016475669083E-4
4.943567201255936E-4
4.983446385565522E-4
5.0236591288208E-4
5.064210806881378E-4
5.105106876549195E-4
5.146352616124454E-4
5.187952809565696E-4
5.229911391241074E-4
5.272231076809374E-4
5.314913012940677E-4
5.357956482993476E-4
5.401358706168932E-4
5.445114763229467E-4
5.489217672408142E-4
5.533658625250557E-4
5.578427375253533E-4
5.623512754412428E-4
5.668903276680067E-4
5.714587775381441E-4
5.760556015859384E-4
5.806799226211055E-4
5.853310497932874E-4
5.900085023436481E-4
5.947120156517257E-4
5.994434068406459E-4
6.042045965838835E-4
6.089975746126144E-4
6.138243590710233E-4
6.186869544665186E-4
6.235873124517398E-4
6.28527298697649E-4
6.335086678793143E-4
6.385330475185163E-4
6.436019303016761E-4
6.48716673651157E-4
6.538785048338945E-4
6.590885297357624E-4
6.643477435523444E-4
6.696570419559394E-4
6.750172316977548E-4
6.8042904000893E-4
6.858931225143441E-4
6.914100696367269E-4
6.969804116380811E-4
7.026046225310016E-4
7.082831231143363E-4
7.140162833682861E-4
7.19804424403646E-4
7.256478201134525E-4
7.315466986322381E-4
7.375012436729999E-4
7.435115957859088E-4
7.495778535649473E-4
7.557000748171426E-4
7.618782777021273E-4
7.681124418457109E-4
7.744025094288226E-4
7.807483862517826E-4
7.871499427728105E-4
7.936070151187614E-4
8.001194060650146E-4
8.06686885980237E-4
8.133091937303049E-4
8.199860375340831E-4
8.267170957621555E-4
8.335020176682555E-4
8.403404240424526E-4
8.47231907775755E-4
8.541760343284979E-4
8.611723421008025E-4
8.68220342713597E-4
8.753195212244706E-4
8.824693363249502E-4
8.89669220595E-4
8.969185809261712E-4
9.042167992647143E-4
9.115632338661281E-4
9.189572212866126E-4
9.263980793558907E-4
9.338851113689676E-4
9.414176116897396E-4
9.489948728656478E-4
9.566161942020078E-4
9.642808915354996E-4
9.719883076865282E-4
9.797378227798235E-4
9.875288633353794E-4
9.953609087937413E-4
0.001003233494005836
0.0010111462062443442
0.0010190986755291402
0.001027090557530997
0.0010351215090210486
0.001043191156722777
0.0010512990614091832
0.0010594446800416214
0.0010676273295156075
0.0010758461560077502
0.0010841001138786508
0.001092387957506846
0.0011007082483157147
0.001109059377706744
0.001117439604812954
0.0011258471061829489
0.001134280032970751
0.0011427365701876754
0.0011512149922469185
0.0011597137094683653
0.0011682313013534485
0.0011769985419237947
0.001186006874025379
0.0011952480698843848
0.0012047142019615523
0.0012143976057563094
0.0012242908390572996
0.0012343866418978162
0.0012446779007140676
0.0012551576191098487
0.0012658188964193768
0.0012766549141310251
0.0012876589293390505
0.0012988242738102087
0.0013101443569997595
0.0013216126713823408
0.0013332227986972704
0.0013449684160529362
0.0013568433012067834
0.0013688413366727886
0.0013809565125702107
0.001393182928303376
0.0014055147932582846
0.0014179464267349163
0.0014304722573250117
0.0014430868219128627
0.0014557847644363618
0.0014685608345066405
0.0014814098859522124
0.0014943268753291187
0.0015073068604215725
0.0015203449987465636
0.0015334365460690901
0.0015465768549305975
0.0015597613731907136
0.0015729856425805695
0.0015862452972644884
0.0015995360624049808
0.0016128537527239075
0.0016261942710497639
0.001639553606837461
0.001652927834642491
0.0016663131125259926
0.001679705680361214
0.0016931018580055035
0.0017064980432960554
0.0017198907098233103
0.001733276404434809
0.0017466517444265927
0.001760013414391466
0.0017733581627166711
0.0017866827977603345
0.0017999841837886815
0.0018132592368252868
0.0018265049206477562
0.0018397182432615122
0.0018528962542756662
0.0018660360436889478
0.0018791347426464007
0.001892189526729318
0.0019051976222701542
0.0019181563160224828
0.001931062968252496
0.001943915028954842
0.0019567100564504953
0.0019694457371369017
0.0019821199046894393
0.001994730556633163
0.002007275865996904
0.002019754185804707
0.002032164044508121
0.0020445041311358803
0.002056773269904796
0.002068970385211164
0.002081094459168054
0.0020931444849958793
0.002105119420424842
0.002117018145662251
0.002128839430303065
0.002140581912788173
0.002152244094708726
0.002163824350578384
0.0021753209518832264
0.002186732102541065
0.002198055981614386
0.0022092907884192522
0.0022491179694411425
0.0022881561347278144
0.0023264152713341575
0.0023639053150678233
0.002400636152851584
0.0024366176187265763
0.0024718594850661507
0.0025063714509275495
0.0025401631294947936
0.002573244036309213
0.00260562357953442
0.002637311052968269
0.0026683156319982043
0.002698646372275878
0.0027283122106061286
0.0027573219674125083
0.002785684350137447
0.002813407957022804
0.0028405012808541226
0.002866972712401315
0.0028928305434223448
0.0029180829691991305
0.002942738090641931
0.0029668039160333495
0.002990288362493495
0.00301319925724238
0.003035544338722425
0.0030573312576282867
0.0030785675778769385
0.003099260777539304
0.0031194182497463066
0.0031390473035763727
0.003158155164927619
0.003176748977375294
0.0031948358030132067
0.0032124226232758883
0.0032295163397362417
0.0032461237748704747
0.0032622516727785844
0.0032779066998433483
0.003293095445304331
0.00330782442171458
0.0033221000652371466
0.003335928735725604
0.003349316716518165
0.003362270213859433
0.0033747953558488303
0.0033868981908027193
0.0033985846849119293
0.0034098607190818234
0.0034207320848647035
0.0034312044794396887
0.0034412834996700543
0.0034509746353772477
0.0034602832621168627
0.003469214633922964
0.003477773876694665
0.0034859659831168155
0.0034937958102091563
0.003501268080751632
0.0035083873898961136
0.0035151582182033564
0.003521584952098202
0.003527671912288156
0.003533423390033568
0.003538843690315276
0.003543937179976753
0.003548708337919584
0.0035531618035324294
0.003557302418883107
0.003561135259948808
0.0035646656524221435
0.0035678991684792486
0.0035708416023218807
0.0035734989242092578
0.0035758772148878773
0.003577982584545118
0.003579821082353197
0.0035813986040383874
0.003582720805470104
0.00358379302988459
0.003584620255044367
0.003585207064538513
0.0035855576448280127
0.0035856758068955135
0.007131684476616168
0.007073938060644813
0.007016675987939842
0.0069598924599624445
0.006903581543161169
0.0068477373070328735
0.006792353939210247
0.006737425832064651
0.006682947639166097
0.006628914303296308
0.006575321060206468
0.006522163423781758
0.006469437158742406
0.006417138246643384
0.006365262849988363
0.006313807278027807
0.006262767956517612
0.00621214140256145
0.006161924204757522
0.006112113008257151
0.006062704503999578
0.006013695421262369
0.005965082522692497
0.0059168626010966605
0.00586903247741806
0.005821588999475974
0.005774529041173473
0.005727849501979635
0.005681547306565753
0.005635619404524122
0.005590062770129203
0.0055448744021192745
0.005500051323487151
0.005455590581273406
0.005411489246357938
0.005367744413245937
0.005324353199843395
0.005281312747215512
0.005238620219318173
0.005196272802688566
0.005154267706075164
0.005112602159979414
0.005071273416071646
0.005030278746431163
0.00498961544254552
0.004949280813987017
0.004909272186665886
0.004869586900542135
0.004830222306662947
0.004791175763385279
0.004752444631647888
0.004714026269180643
0.004675918023588557
0.0046381172243309555
0.004600621173739107
0.004563427137381258
0.004526532334292327
0.0044899339278267865
0.0044536290181516015
0.0044176146376430055
0.0043818877506491185
0.00434644525918276
0.004311284016065106
0.004276400846801984
0.004241792581004309
0.004207456093446587
0.004173388353910514
0.004139586483841087
0.004106047816651632
0.004072769957391535
0.004039750836604956
0.004006988752734959
0.003974482397519851
0.003942230859590467
0.003910233602931797
0.003878490418943347
0.0038470013533375004
0.003815766611777584
0.0037847864506407388
0.0037540610612425748
0.0037235904569739276
0.0036933743728655697
0.0036634121860494077
0.0036337028635218655
0.003604244940793036
