6.681771738355346E-8
1.3409957171478143E-7
2.018485960908455E-7
2.7006794986117306E-7
3.3876087507775026E-7
4.079306688775888E-7
4.775806671205237E-7
5.477142354806507E-7
6.183347651431485E-7
6.894456711283835E-7
7.610503919703852E-7
8.331523899957793E-7
9.05755151799003E-7
9.788621887250012E-7
1.0524770372905856E-6
1.1266032595341705E-6
1.2012444433068182E-6
1.2764042025227533E-6
1.3520861773851394E-6
1.428294034598789E-6
1.505031467577615E-6
1.582302196652255E-6
1.6601099692823157E-6
1.7384585602781063E-6
1.8173517720386259E-6
1.8967934348163724E-6
1.9767874070257503E-6
2.0573375756219384E-6
2.1384478565925564E-6
2.220122195627999E-6
2.302364569071624E-6
2.385178985302519E-6
2.4685694867782255E-6
2.5525401530700204E-6
2.6370951053693424E-6
2.72223851314175E-6
2.807974603866283E-6
2.8943076771353484E-6
2.9812421248112266E-6
3.0687824594434837E-6
3.15693335373893E-6
3.2456996945177862E-6
3.3350866552398217E-6
3.4250997917642205E-6
3.5157451664035182E-6
3.607029505389982E-6
3.698960394399107E-6
3.7915465155435024E-6
3.884797927023597E-6
3.978726383177812E-6
4.073345687854943E-6
4.168672067792456E-6
4.264724545164028E-6
4.361525280039364E-6
4.459099844854057E-6
4.5574773851095125E-6
4.656690614698893E-6
4.756775591985062E-6
4.857771225600621E-6
4.9597184682992404E-6
5.062659174024993E-6
5.1666346179094655E-6
5.271683710368112E-6
5.3778409728566895E-6
5.485134380922455E-6
5.593583215606784E-6
5.703196091982892E-6
5.813969348505455E-6
5.925885978454409E-6
6.0389152621464744E-6
6.153013215131514E-6
6.268123905472449E-6
6.384181617572133E-6
6.501113758621683E-6
6.6188443261378065E-6
6.737297691274975E-6
6.8564024116808125E-6
6.976094776141867E-6
7.096321803953034E-6
7.217043473257782E-6
7.338234028614723E-6
7.459882309255517E-6
7.581991134274525E-6
7.704575867373182E-6
7.827662351358683E-6
7.951284444077869E-6
8.075481399683098E-6
8.200295323267368E-6
8.325768888000807E-6
8.451943449678749E-6
8.57885763298225E-6
8.706546405339514E-6
8.835040605010505E-6
8.964366854371643E-6
9.094547769078514E-6
9.158784650662772E-6
9.223447023625935E-6
9.28854528329954E-6
9.354087723602227E-6
9.420081065507481E-6
9.486530894513196E-6
9.553442006094645E-6
9.620818666961637E-6
9.688664804781718E-6
9.756984140707424E-6
9.825780278529651E-6
9.895056762484686E-6
9.964817113405326E-6
1.0035064850542225E-5
1.0105803504291896E-5
1.0177036623387666E-5
1.0248767778853978E-5
1.0321000566145331E-5
1.0393738606309112E-5
1.0466985546646184E-5
1.0540745061126668E-5
1.0615020850695574E-5
1.0689816643538334E-5
1.0765136195345342E-5
1.0840983289603216E-5
1.0917361737940748E-5
1.0994275380568002E-5
1.1071728086865146E-5
1.1149723756208727E-5
1.1228266319169022E-5
1.1307359739280282E-5
1.1387008015685283E-5
1.1467215187096697E-5
1.1547985337715927E-5
1.1629322606022364E-5
1.1711231197711903E-5
1.1793715404545202E-5
1.1876779631483496E-5
1.1960428435259774E-5
1.2044666578460296E-5
1.2129499104265692E-5
1.221493143818109E-5
1.2300969524293252E-5
1.2387620004696541E-5
1.2474890451535792E-5
1.256278966135326E-5
1.2651328020758508E-5
1.274051795046105E-5
1.2830374430974523E-5
1.2920915607391622E-5
1.3012163462196492E-5
1.310414453396063E-5
1.3196890646085048E-5
1.3290439594042594E-5
1.3384835722891077E-5
1.3480130310808449E-5
1.3576381661267406E-5
1.3673654798927129E-5
1.3772020665352125E-5
1.3871554723161016E-5
1.3972334903495484E-5
1.4074438872998879E-5
1.417794065235397E-5
1.4282906686250944E-5
1.4389391539443975E-5
1.4497433467966508E-5
1.4607050179414966E-5
1.4718235141333178E-5
1.4830954812375346E-5
1.494514714928858E-5
1.5060721679613479E-5
1.5177561326064983E-5
1.5295526030286734E-5
1.541445806326074E-5
1.5534188744040444E-5
1.565454613741638E-5
1.57753631845111E-5
1.5896485655127186E-5
1.601777930815245E-5
1.6139135709721454E-5
1.6260476282448834E-5
1.6381754328680253E-5
1.6502954965544612E-5
1.6624093105304467E-5
1.674520978697115E-5
1.6866367294185315E-5
1.698764356667554E-5
1.710912642357798E-5
1.7230908070754654E-5
1.7353080272758873E-5
1.7475730450076118E-5
1.7598938832454567E-5
1.7722776677059374E-5
1.784730545962667E-5
1.7972576876235393E-5
1.8098633455510612E-5
1.8225509573670026E-5
1.8353232681743402E-5
1.8481824587462776E-5
1.8611302675385178E-5
1.8741680990491945E-5
1.887297114746014E-5
1.9005183056894155E-5
1.9138325479969784E-5
1.927240643470346E-5
1.9407433481935442E-5
1.954341391905183E-5
1.9680354906380764E-5
1.9818263546682405E-5
1.9957146933368425E-5
2.0097012178744627E-5
2.023786643001547E-5
2.0379716878095002E-5
2.0522570762362243E-5
2.0666435373224436E-5
2.0811318053545812E-5
2.0957226199517585E-5
2.1104167261268844E-5
2.12521487433717E-5
2.1401178205319046E-5
2.1551263262022107E-5
2.170241158436674E-5
2.185463089987551E-5
2.20079289935435E-5
2.2162313708953694E-5
2.2317792949835225E-5
2.2474374682315754E-5
2.2632066938249153E-5
2.2790877820188534E-5
2.2950815508843925E-5
2.3111888274241938E-5
2.3274104492323303E-5
2.3437472669410654E-5
2.3602001477892877E-5
2.3767699807639244E-5
2.3934576839102043E-5
2.4102642145792016E-5
2.4271905835784496E-5
2.4442378744039902E-5
2.4614072689431082E-5
2.4787000812184106E-5
2.496117800856154E-5
2.5136621479512382E-5
2.531335140802007E-5
2.5491391775233617E-5
2.5670771317375428E-5
2.585152461315235E-5
2.603369327445774E-5
2.6217327191449095E-5
2.6402485757157926E-5
2.6589238968015083E-5
2.6777668267441812E-5
2.6967866973423856E-5
2.715994011221423E-5
2.7354003474159595E-5
2.7550181719456393E-5
2.7748605396166482E-5
2.794940679327295E-5
2.8152714638567233E-5
2.835864776184617E-5
2.85673079711902E-5
2.877877252258494E-5
2.8993086685645253E-5
2.921025700306191E-5
2.9430245890671222E-5
2.9652968213193973E-5
2.9878290387516886E-5
3.0106032408750657E-5
3.0335972971963655E-5
3.056785759267525E-5
3.0801409339386665E-5
3.103634151546363E-5
3.127237140129392E-5
3.150923402309895E-5
3.174669487555656E-5
3.198456060177548E-5
3.222268682076772E-5
3.246098256837123E-5
3.269941114863163E-5
3.293798753710017E-5
3.317677279204981E-5
3.3415866176291266E-5
3.365539584421141E-5
3.389550899381552E-5
3.41363623257447E-5
3.437811350837798E-5
3.4620914148217644E-5
3.486490454045596E-5
3.511021025761565E-5
3.535694045033021E-5
3.560518760061898E-5
3.5855028391215094E-5
3.610652533210045E-5
3.635972880774662E-5
3.661467926192914E-5
3.687140930663591E-5
3.712994561432326E-5
3.7390310518589885E-5
3.76525233011238E-5
3.7916601180124915E-5
3.818256003786147E-5
3.845041493504008E-5
3.8720180460597754E-5
3.8991870960746897E-5
3.9265500683506175E-5
3.954108386666578E-5
3.981863478949E-5
4.009816780213889E-5
4.0379697341962116E-5
4.06632379423768E-5
4.094880423773358E-5
4.1236410966107414E-5
4.152607297106662E-5
4.181780520296978E-5
4.211162272006524E-5
4.2407540689529366E-5
4.27055743885143E-5
4.300573920525275E-5
4.330805064026811E-5
4.3612524307757626E-5
4.391917593725422E-5
4.42280213757358E-5
4.453907659044933E-5
4.4852357672866595E-5
4.516788084441223E-5
4.548566246493316E-5
4.5805719045347846E-5
4.61280672665784E-5
4.6452724007779336E-5
4.677970638810477E-5
4.710903182786256E-5
4.744071813694996E-5
4.777478364098202E-5
4.8111247358499556E-5
4.8450129245990936E-5
4.879145053097858E-5
4.913523415676178E-5
4.9481505365025926E-5
4.983029244367105E-5
5.0181627665894716E-5
5.0535548441594815E-5
5.089209869223963E-5
5.1251330444192376E-5
5.161330561203268E-5
5.197809791216824E-5
5.234579480832971E-5
5.2716499345983536E-5
5.3090331685430086E-5
5.346743009827593E-5
5.384795115572254E-5
5.423206881771737E-5
5.4619972138190964E-5
5.5011861341610394E-5
5.5407942106278034E-5
5.580841801293824E-5
5.6213481280842306E-5
5.6623302108437255E-5
5.703801714618685E-5
5.745771783200082E-5
5.788243948785463E-5
5.831215218023555E-5
5.874675436038184E-5
5.918607020349671E-5
5.962985135169517E-5
6.0077783441222453E-5
6.0529497385169085E-5
6.098458492893043E-5
6.144261754910591E-5
6.190316738450274E-5
6.236582862408257E-5
6.283023767255146E-5
6.329609049157624E-5
6.376315577049033E-5
6.423128298660988E-5
6.470040492175121E-5
6.517053474353035E-5
6.56417582683854E-5
6.611422243529165E-5
6.658812128830737E-5
6.706368086866871E-5
6.754114435472266E-5
6.802075858533385E-5
6.850276280164246E-5
6.898738009419414E-5
6.947481169838226E-5
6.996523398400413E-5
7.045879776221525E-5
7.095562939981986E-5
7.145583318414669E-5
7.195949440786153E-5
7.246668272094371E-5
7.297745540345761E-5
7.349186032643732E-5
7.400993847272015E-5
7.453172597455229E-5
7.505725568582726E-5
7.558655834429169E-5
7.611966339658472E-5
7.665659956170167E-5
7.719739520176698E-5
7.774207855747205E-5
7.829067789265916E-5
7.884322158050624E-5
7.93997381537377E-5
7.996025633358217E-5
8.052480504668683E-5
8.109341343548152E-5
8.166611086511879E-5
8.224292692868931E-5
8.282389145159092E-5
8.340903449548305E-5
8.399838636202749E-5
8.459197759650579E-5
8.518983899135413E-5
8.579200158964325E-5
8.639849668853959E-5
8.700935584281148E-5
8.762461086849564E-5
8.82442938469256E-5
8.8868437129466E-5
8.949707334351469E-5
9.013023540067368E-5
9.076795650849237E-5
9.141027018792835E-5
9.205721029972151E-5
9.27088110843439E-5
9.336510722217452E-5
9.402613392315795E-5
9.469192705853186E-5
9.536252335128722E-5
9.603796064680596E-5
9.671827829042493E-5
9.740351764410473E-5
9.809372277929378E-5
9.878894138649025E-5
9.948922594260299E-5
1.0019463517330529E-4
1.00905235837241E-4
1.0162110484013368E-4
1.0234233165772355E-4
1.030690210057598E-4
1.0380129564282984E-4
1.0453929912911367E-4
1.052831982948705E-4
1.0603318510286711E-4
1.0678947752800028E-4
1.0755231903640374E-4
1.0832197623822463E-4
1.0909873432590326E-4
1.0988289000404337E-4
1.1067474177412822E-4
1.1147457765667774E-4
1.1228266070492479E-4
1.1309921296721644E-4
1.139243988593339E-4
1.1475830917384572E-4
1.1560094713846777E-4
1.1645221799807254E-4
1.1731192350317522E-4
1.1817976242502416E-4
1.1905533778904949E-4
1.1993817095430132E-4
1.2082772202053749E-4
1.2172341538968176E-4
1.2262466872725556E-4
1.235309231427472E-4
1.2444167220121216E-4
1.253564874303167E-4
1.2627503830121863E-4
1.2719710520441545E-4
1.281225846457366E-4
1.2905148666217373E-4
1.2998392520198853E-4
1.3092010283491373E-4
1.3186029158392625E-4
1.3280481185965924E-4
1.3375401142822163E-4
1.3470824608379216E-4
1.3566786328638914E-4
1.366331895350625E-4
1.376045218148506E-4
1.385821228892392E-4
1.3956621994339231E-4
1.40557005875803E-4
1.4155464245370152E-4
1.425592645724994E-4
1.4357098496250382E-4
1.4458989883383511E-4
1.4561608811189552E-4
1.4664962506639166E-4
1.476905752609928E-4
1.487389998410152E-4
1.497949572329982E-4
1.508585043574788E-4
1.519296974618918E-4
1.5300859267204143E-4
1.5409524634468928E-4
1.551897152856245E-4
1.5629205688039998E-4
1.5740232917046273E-4
1.5852059089625876E-4
1.5964690152087173E-4
1.607813212423293E-4
1.6192391099925088E-4
1.6307473247241066E-4
1.6423384808357563E-4
1.6540132099232443E-4
1.6657721509119865E-4
1.677615949993618E-4
1.689545260548607E-4
1.701560743055363E-4
1.7136630649860864E-4
1.7258529006896071E-4
1.7381309312614553E-4
1.7504978444017225E-4
1.7629543342619883E-4
1.7755011012838501E-4
1.7881388520340263E-4
1.8008682990449006E-4
1.8136901606758147E-4
1.826605161020229E-4
1.8396140298984205E-4
1.852717502996364E-4
1.8659163222404444E-4
1.879211236536503E-4
1.8926030030516988E-4
1.9060923892794652E-4
1.919680176200327E-4
1.9333671629314717E-4
1.9471541733387214E-4
1.961042065155554E-4
1.9750317421985623E-4
1.989124170266465E-4
2.0033203972338274E-4
2.01762157767223E-4
2.0320290020212664E-4
2.046544129865723E-4
2.0611686262410727E-4
2.0759043990946997E-4
2.090753635109699E-4
2.1057188301217214E-4
2.1208028094347743E-4
2.1360087326140903E-4
2.1513400769753019E-4
2.166800594182029E-4
2.1823942352753475E-4
2.1981250412055574E-4
2.213996998551927E-4
2.230013863513106E-4
2.2461789612027302E-4
2.2624949714189426E-4
2.2789637158755465E-4
2.2955859648122947E-4
2.3123612823658276E-4
2.3292879295954075E-4
2.3463628413222703E-4
2.3635816879354147E-4
2.3809390263454473E-4
2.3984285359697006E-4
2.4160433269235915E-4
2.4337762995621645E-4
2.451620528262319E-4
2.4695696387992867E-4
2.4876181484626166E-4
2.505761741340351E-4
2.523997457639538E-4
2.542323784705106E-4
2.560740647398769E-4
2.579249305389636E-4
2.5978521734195976E-4
2.6165525867182643E-4
2.6353545368354577E-4
2.6542624030941454E-4
2.673280701971066E-4
2.692413871689007E-4
2.7116661905686684E-4
2.731041654975009E-4
2.750543907047147E-4
2.770176206473823E-4
2.789941437639803E-4
2.809842142172015E-4
2.829880567050813E-4
2.8500587196560466E-4
2.8703784229591907E-4
2.8908413661411596E-4
2.911449147880062E-4
2.9322033111946937E-4
2.953105369941943E-4
2.9741568278393766E-4
2.9953591912745733E-4
3.016713977261388E-4
3.03822271781032E-4
3.059886961783707E-4
3.081708275075228E-4
3.103688239731095E-4
3.1258284524424726E-4
3.148130522692235E-4
3.170596070733794E-4
3.19322672550798E-4
3.2160241225581086E-4
3.238989901975413E-4
3.262125706391042E-4
3.2854331790218026E-4
3.3089139617722746E-4
3.332569693393376E-4
3.3564020076962066E-4
3.3804125318191497E-4
3.404602884545432E-4
3.428974674667757E-4
3.4535294993956066E-4
3.4782689427999644E-4
3.503194574289039E-4
3.5283079471076995E-4
3.553610596852659E-4
3.5791040399958066E-4
3.604789772410165E-4
3.6306692678976277E-4
3.6567439767272615E-4
3.683015324208527E-4
3.7094847093491087E-4
3.7361535036840236E-4
3.7630230504148476E-4
3.790094664067913E-4
3.8173696309689843E-4
3.844849210939054E-4
3.872534640736346E-4
3.9004271398943E-4
3.928527919717902E-4
3.956838196277887E-4
3.985359208252378E-4
4.0140922403707755E-4
4.0430386529734133E-4
4.0721999177723185E-4
4.1015776592532547E-4
4.131173700285163E-4
4.1609901094196767E-4
4.1910292461301514E-4
4.2212937989663003E-4
4.251786810446865E-4
4.2825116816846477E-4
4.3134721494684776E-4
4.3446722290485496E-4
4.376116117376883E-4
4.4078080541497646E-4
4.439752141659102E-4
4.471952128989148E-4
4.504411171116221E-4
4.5371315784269016E-4
4.570114576385068E-4
4.603360097822277E-4
4.6368666309369437E-4
4.6706311440882864E-4
4.7046491036866356E-4
4.738914594122209E-4
4.773420539365007E-4
4.8081590156064834E-4
4.8431216343572484E-4
4.8782999671072687E-4
4.913685977211043E-4
4.949272422961897E-4
4.985053198243399E-4
5.021023583478098E-4
5.057180389040027E-4
5.09352198459884E-4
5.130048219499177E-4
5.16676024971314E-4
5.203660294838124E-4
5.24075135318387E-4
5.278036903893334E-4
5.315520622524795E-4
5.353218209540463E-4
5.391144674094984E-4
5.429314198937227E-4
5.467740061272527E-4
5.506434604206653E-4
5.545409249643351E-4
5.584674541647131E-4
5.624240209125025E-4
5.664115237830475E-4
5.704307943663351E-4
5.744826041550693E-4
5.785676706445866E-4
5.826866624905146E-4
5.86840203714896E-4
5.91028877046243E-4
5.952532265291304E-4
5.99513759554451E-4
6.038109484536827E-4
6.081452317797933E-4
6.12517015371809E-4
6.16926673274951E-4
6.213745485667408E-4
6.25860954122542E-4
6.303861733417247E-4
6.349504608472808E-4
6.395540431662862E-4
6.441971193953227E-4
6.488798618530785E-4
6.536024167212436E-4
6.583649046742895E-4
6.631674214983522E-4
6.680100386993059E-4
6.728928040999019E-4
6.778157424257348E-4
6.827788558795743E-4
6.877821247033384E-4
6.928255077266539E-4
6.979089429004613E-4
7.030323478136152E-4
7.081956201896793E-4
7.133986383604033E-4
7.186412617115115E-4
7.239233310956893E-4
7.29244669207109E-4
7.346050809117778E-4
7.400043535287246E-4
7.454422570590848E-4
7.509185443639377E-4
7.564329512980326E-4
7.619851968157323E-4
7.675749830782405E-4
7.732019956074649E-4
7.788659035515463E-4
7.845663601489134E-4
7.903030034999052E-4
7.960754577742108E-4
8.018833349943599E-4
8.077262375349022E-4
8.13603761457558E-4
8.195155007587073E-4
8.254610525322083E-4
8.314400229455319E-4
8.374520337922601E-4
8.434967292264839E-4
8.49573782118151E-4
8.556828993133782E-4
8.618238249660455E-4
8.67996341055973E-4
8.742002642532153E-4
8.804354384504331E-4
8.867017225774874E-4
8.929989737290222E-4
8.993270261510927E-4
9.056856671990748E-4
9.120746119293891E-4
9.184934784424769E-4
9.249417663729271E-4
9.314188409546754E-4
9.379239248304594E-4
9.444560992178548E-4
9.510143152262757E-4
9.575974151218725E-4
9.642041622781535E-4
9.708332775684213E-4
9.774834791901697E-4
9.841535224767578E-4
9.908422362189676E-4
9.975485524014226E-4
0.0010042715270071065
0.0010110103505527072
0.0010177643481457486
0.0010245329699448123
0.00103131577381236
0.0010381124025672314
0.0010449225585136923
0.0010519127246318054
0.001059077817344271
0.0010664128319086163
0.0010739128258023555
0.0010815729072306988
0.0010893882284764703
0.0010973539833881141
0.001105465408057723
0.0011137177836677
0.0011221064405497175
0.0011306267626581543
0.0011392741918652299
0.001148044231695835
0.0011569324503069647
0.001165934482662654
0.0011750460319551578
0.0011842628703799456
0.0011935808393944314
0.0012029958495886662
0.0012125038802803293
0.0012221009789243852
0.0012317832604051458
0.0012415469062586478
0.0012513881638572923
0.0012613033455770512
0.0012712888279594729
0.0012813410508754803
0.0012914565166947396
0.0013016317894625372
0.001311863494084961
0.0013221483155226878
0.0013324829979932526
0.0013428643441814824
0.0013532892144575127
0.0013637545261015254
0.0013742572525339656
0.0013847944225494156
0.0013953631195516066
0.0014059604807859477
0.001416583696564657
0.00142723000947775
0.001437896713580936
0.0014485811535487538
0.0014592807237781087
0.0014699928674238873
0.001480715075344725
0.0014914448849338209
0.001502179878807371
0.0015129176833228936
0.0015236559669022898
0.0015343924381415249
0.0015451248437017544
0.0015558509659968746
0.0015665686207212625
0.0015772756542991317
0.0015879699413829918
0.0015986493825809623
0.001609311902647197
0.0016199554494198806
0.0016305779938289155
0.0016411775313100168
0.001651752084942474
0.0016622997105636755
0.0016728185039965498
0.0016833066103535944
0.0016937622351569284
0.0017041836567514572
0.0017145692392109475
0.001724917444677646
0.0017352268438747993
0.0017454961234306511
0.0017557240886908354
0.0017659096609009498
0.0017760518680215733
0.0017861498289783312
0.0017962027318072068
0.0018062098068613204
0.0018161702969118922
0.001826083426506825
0.0018359483732555543
0.001845764243721127
0.001855530056289112
0.0018652447327630025
0.0018749070995705197
0.0018845158984596303
0.0018940698055491378
0.00190356745671549
0.0019130074766670014
0.0019223885087645762
0.0019317092427271875
0.0019409684377868243
0.0019501649395548268
0.0019592976897154285
0.001968365728542268
0.0019773681910151154
0.0020093246673291098
0.0020407139008847153
0.002071542555354858
0.0021018172319779297
0.002131544462246328
0.0021607307025786272
0.002189382331101255
0.002217505646405919
0.0022451068679648846
0.0022721921377864443
0.002298767522870689
0.0023248390180641244
0.002350412548988568
0.0023754939748133375
0.002400089090731737
0.0024242036300811576
0.002447843266104375
0.0024710136133869144
0.0024937202290243737
0.002515968613578449
0.0025377642118764383
0.002559112413700116
0.002580018554399543
0.0026004879154576006
0.0026205257250229187
0.002640137158422577
0.0026593273386616412
0.0026781013369136385
0.0026964641730042433
0.0027144208158893664
0.0027319761841281026
0.002749135146350729
0.0027659025217215173
0.002782283080395938
0.002798281543971429
0.002813902585930551
0.0028291508320745216
0.00284403086094431
0.0028585472042250816
0.002872704347127882
0.0028865067287399933
0.0028999587423319236
0.0029130647356046674
0.0029258290108553054
0.002938255825032266
0.002950349389643522
0.0029621138704720375
0.0029735533870434297
0.0029846720117815665
0.0029954737687807316
0.003005962632119255
0.003016142523642226
0.003026017310152726
0.0030355907999756885
0.003044866738899194
0.003053848805558141
0.003062540606406109
0.0030709456705231637
0.0030790674446267248
0.0030869092887825353
0.0030944744734412496
0.0031017661785371067
0.003108787495457523
0.003115541432703085
0.003122030925982562
0.0031282588533075046
0.0031342280553527655
0.0031399413609335663
0.0031454016169326004
0.0031506117214277294
0.0031555746581769187
0.0031602935300829634
0.00316477158886685
0.0031690122580052735
0.0031730191461017414
0.00317679604830276
0.0031803469341431215
0.003183675921264691
0.0031867872357109173
0.0031896851608234585
0.0031923739780012
0.00319485790356227
0.003197141026533467
0.003199227252278755
0.003201120256431871
0.0032028234526535076
0.0032043399763974773
0.0032056726853074684
0.003206824175273603
0.003207796809756273
0.0032085927589051043
0.003209214044380023
0.003209662585665235
0.0032099402440264446
0.003210048861003973
0.006388090778278824
0.006341826433126016
0.0062959025903753215
0.006250315556790143
0.00620506185507255
0.006160138220083088
0.006115541584313559
0.006071269056493732
0.006027317896826491
0.005983685491689454
0.005940369329864642
0.00589736698158839
0.005854676081042796
0.0058122943123886635
0.00577021939908347
0.005728449096024244
0.005686981183974861
0.005645813465745253
0.005604943763651171
0.005564369917869094
0.00552408978539073
0.005484101239363128
0.00544440216866697
0.005404990477636366
0.005365864085859598
0.00532702092802444
0.005288458953787303
0.005250176127654727
0.005212170428871099
0.005174439851309713
0.0051369824033653975
0.005099796107848013
0.005062879001876199
0.005026229136770804
0.0049898445779473066
0.00495372340480609
0.004917863710619049
0.0048822636024100355
0.004846921200825617
0.004811834639990939
0.00477700206734319
0.004742421643432097
0.004708091541672761
0.004674009948030736
0.004640175060612548
0.004606585089126437
0.004573238254168413
0.0045401327862774855
0.004507266924692169
0.004474638915728973
0.0044422470106938545
0.004410089463232503
0.0043781645260269585
0.004346470446758957
0.0043150054632882014
0.004283767798041113
0.00425275565167612
0.004221967196188207
0.004191400567738415
0.004161053859639828
0.004130925116093373
0.004101012327430404
0.00407131342776635
0.004041826296075487
0.004012548761733511
0.0039834786155117565
0.003954613626818907
0.0039259515676537205
0.0038974902432508235
0.003869227528785246
0.0038411614107857965
0.003813290031153787
0.003785611730972697
0.0037581250907239615
0.003730828963193364
0.003703722495353031
0.0036768051358990667
0.003650076625937022
0.0036235369715069124
0.003597186398138093
0.0035710252892800897
0.0035450541120869896
0.0035192733354394165
0.0034936833460794915
0.003468284369160199
0.003443076399286414
0.003418059147250227
0.0033932320062255803
0.003368594039353762
0.0033441439886448664
0.0033198803031870535
0.0032958011830271023
0.0032719046339449004
0.003248188527799104
0.0032246506631904348
