7.389918456254172E-7
1.4942801326571432E-6
2.2662444181604403E-6
3.0552893102874476E-6
3.861850484234382E-6
4.686403303260268E-6
5.52947269943111E-6
6.391642473853107E-6
7.27356147737834E-6
8.175943474128981E-6
9.099557267456788E-6
1.0045204309718867E-5
1.1013682834973648E-5
1.2005740567541775E-5
1.3022021842993268E-5
1.4063018605821742E-5
1.5129036933547358E-5
1.6220190202207205E-5
1.733642601738861E-5
1.847758690742777E-5
1.964349611416508E-5
2.0834052228056855E-5
2.2049312677953118E-5
2.3289548017289666E-5
2.455525644707095E-5
2.58471388256346E-5
2.716604486470094E-5
2.8512907708007202E-5
2.988868467766774E-5
3.1294317151960004E-5
3.199172303118559E-5
3.270448265739011E-5
3.343309964329709E-5
3.4178082817911014E-5
3.4939975467884424E-5
3.571938139268962E-5
3.651698627135078E-5
3.7333572690222E-5
3.8170026051443834E-5
3.9027327286448435E-5
3.990652772288252E-5
4.0808702328627906E-5
4.1734880328133284E-5
4.2685956872775665E-5
4.366259547432161E-5
4.466513700243893E-5
4.569353531644608E-5
4.674733995288509E-5
4.7825741127710346E-5
4.89276813722939E-5
5.005202310667459E-5
5.119774605790156E-5
5.2364137518385855E-5
5.3550936414332625E-5
5.475840106288404E-5
5.598728868823223E-5
5.7238756943730186E-5
5.851421663051112E-5
5.981517422750098E-5
6.114310009411115E-5
6.24993453840181E-5
6.38851135947192E-5
6.530147792286467E-5
6.674942771776849E-5
6.822992708656873E-5
6.974397354828437E-5
7.129265062596415E-5
7.287717221608394E-5
7.449891721307066E-5
7.615945078586653E-5
7.786052555582038E-5
7.960405359544586E-5
8.13920402848585E-5
8.322647477638083E-5
8.510917956817262E-5
8.704163284490703E-5
8.902478975834205E-5
9.105893920794591E-5
9.314363663247993E-5
9.527774702409936E-5
9.745961426090102E-5
9.968734514223968E-5
1.0195916568833033E-4
1.0427378281606547E-4
1.0663067585629373E-4
1.0903025496277641E-4
1.114738555760929E-4
1.1396358040157121E-4
1.1650203882646817E-4
1.1909205524075907E-4
1.2173641586215519E-4
1.2443770124909468E-4
1.27198219421107E-4
1.3002002548361967E-4
1.3290499730354355E-4
1.35854935313702E-4
1.3887166346040724E-4
1.419571201340068E-4
1.4511343627589523E-4
1.4834299995246513E-4
1.516485033103154E-4
1.550329618333154E-4
1.5849969056468897E-4
1.6205222040568514E-4
1.6569414200524578E-4
1.6942887629925387E-4
1.7325938891984784E-4
1.7718788750278606E-4
1.812155607102088E-4
1.853424280439705E-4
1.8956736304816298E-4
1.9388832548692197E-4
1.983027930738911E-4
2.028083304639776E-4
2.0740318849533866E-4
2.1208680691703908E-4
2.16860109796548E-4
2.217255332646943E-4
2.2668679554699406E-4
2.317484857863979E-4
2.3691558926477603E-4
2.4219306573517954E-4
2.4758556265956877E-4
2.530972919879343E-4
2.5873204992562176E-4
2.644933305016636E-4
2.703844801996948E-4
2.7640885544942344E-4
2.8256996489889514E-4
2.8887159321328276E-4
2.9531790763713745E-4
3.0191354362849336E-4
3.0866365593647726E-4
3.1557391185252804E-4
3.2265039879949767E-4
3.2989942273346806E-4
3.373271893833619E-4
3.449393870358502E-4
3.527407235014047E-4
3.607345027653855E-4
3.68922346942297E-4
3.7730416462071926E-4
3.8587843027693846E-4
3.9464277345852114E-4
4.035947952436918E-4
4.1273295730605893E-4
4.2205735241955625E-4
4.315701827109159E-4
4.412758436989236E-4
4.5118061729971924E-4
4.6129213727522014E-4
4.716187315545848E-4
4.8216881891860084E-4
4.929504881866012E-4
5.039713089999944E-4
5.152383483680625E-4
5.267583223172409E-4
5.385378051375758E-4
5.505834399624156E-4
5.629021250339269E-4
5.755011733179117E-4
5.883884510729427E-4
6.015724944182394E-4
6.150625880490997E-4
6.288687746018017E-4
6.430017537224522E-4
6.574726324132651E-4
6.722925067535624E-4
6.874718904437158E-4
7.03020053343281E-4
7.189443822723969E-4
7.352499103515707E-4
7.519391623871034E-4
7.69012420268405E-4
7.864684250274845E-4
8.043054193503528E-4
8.225223291414073E-4
8.411198234188368E-4
8.601010062665941E-4
8.794715861840949E-4
8.992420498888091E-4
9.194265490061213E-4
9.400416369837305E-4
9.611050958687178E-4
9.82635030306759E-4
0.0010046493002085835
0.001027165260534658
0.001050199713409972
0.001073768966533022
0.00109788892005365
0.0011225751464368613
0.001147842961172612
0.0011737074948709645
0.0012001837697524103
0.001227286763525645
0.0012550314208932746
0.0012834325565488985
0.00131250459143553
0.0013422610824005332
0.0013727140467237418
0.001403873143239885
0.00143574483811489
0.0014683317349950323
0.0015016322624953095
0.0015356408689290325
0.0015703487726208608
0.001605745176071293
0.0016418187141562567
0.0016785588196244403
0.0017159566919026756
0.0017541181095832661
0.0017931379886092196
0.0018331004398309944
0.0018740785294599966
0.0019161340382530478
0.0019593174473468713
0.0020036682524942565
0.002049215581460388
0.002095979008619244
0.002143969443650169
0.0021931900039487465
0.0022436368324480205
0.002295299865263584
0.0023481635716958577
0.0024022076820371823
0.002457407894606665
0.002513736523348425
0.002571163021609203
0.0026296543059998153
0.0026891748151036824
0.0027496862765582484
0.0028111472210545873
0.0028735123611504016
0.00293673202404395
0.0030007518624169623
0.0030655130418053757
0.003130953008117874
0.0031970067910402785
0.0032636086394406145
0.003330693668600209
0.003403178697226269
0.0034805540917090547
0.0035623386543542595
0.0036480778670633304
0.003737341854788699
0.003829723374453272
0.003924836073418431
0.004022313134024974
0.004121806287661625
0.0042229850944519405
0.00432553636354152
0.004429163621714546
0.0045335865936826395
0.004638540705542969
0.004743776646402674
0.004849060019442131
0.0049541710891478664
0.005058904595378142
0.0051630695669128025
0.005266489037418962
0.005368999556577752
0.005470450408723002
0.005570702505570865
0.005669627002903709
0.005767103784840015
0.005863020034357856
0.005957269133502653
0.006049750089932708
0.0061403675693339575
0.006229032454907307
0.006536161491929024
0.006826240702706728
0.00709988222354933
0.0073576803015505746
0.007600211705718701
0.007828035878232642
0.008041694962871288
0.008241713850705108
0.008428600335251642
0.008602845400831262
0.008764923612975276
0.008915293559263786
0.009054398303392825
0.009182665849617638
0.009300509649535861
0.009408329203686543
0.009506510809699291
0.0095954284859569
0.009675445057874928
0.009746913339096422
0.00981017728269506
0.009865572933406846
0.009913428999271981
0.00995406689535833
0.009987800198677715
0.010014933580622432
0.010035761421676923
0.010050566420818727
0.010059618547663877
0.010063174625300979
0.01982545878204297
0.019377640626378576
0.0189400169556314
0.018512340933886574
0.01809437059499826
0.017685870960664284
0.01728661520844061
0.01689638488563173
0.0165149693893887
0.016142165034600187
0.015777774011619405
0.015421603441965824
0.01507346463175595
0.014733172544200455
0.014400545479539943
0.014075404953496393
0.01375757578186406
0.013446886388298347
0.013143169341712363
0.01284626209553407
0.012556007848517788
0.0122722563881466
0.011994864730722456
0.011723697357093454
0.011458625876336845
0.011199528037876714
0.010946286145222554
0.010698785073250817
0.010456910214026293
0.010220545730865116
