3.8385202200669E-7
7.742652561593181E-7
1.1713518537443904E-6
1.5752258832619229E-6
1.986003363207145E-6
2.4038022954106023E-6
2.8287426989449345E-6
3.2609466446062806E-6
3.7005382899781747E-6
4.147643915085839E-6
4.602391958649019E-6
5.064913054942197E-6
5.5353400712716455E-6
6.0138081460800264E-6
6.50045472769024E-6
6.995419613701918E-6
7.498844991054996E-6
8.010875476776402E-6
8.531658159426942E-6
9.06134264126617E-6
9.600081081153511E-6
1.0148028238203695E-5
1.0705341516213931E-5
1.127218100887906E-5
1.1848709545809658E-5
1.2435092739365829E-5
1.30314990323185E-5
1.363809974634757E-5
1.4255069131386066E-5
1.4882584415818172E-5
1.552082585753953E-5
1.616997679588826E-5
1.683022370445718E-5
1.7501756244798087E-5
1.818476732103148E-5
1.887945313537585E-5
1.9586013244612027E-5
2.0304650617498503E-5
2.1035571693153132E-5
2.1778986440416242E-5
2.21512563962022E-5
2.2529889580740628E-5
2.291499476695044E-5
2.3306682587797856E-5
2.370506556798705E-5
2.4110258156155322E-5
2.4522376757579385E-5
2.4941539767401616E-5
2.536786760438704E-5
2.580148274522447E-5
2.6242509759387283E-5
2.669107534457184E-5
2.7147308362734804E-5
2.7611339876751553E-5
2.808330318772195E-5
2.8563333872949447E-5
2.9051569824622953E-5
2.9548151289229658E-5
3.0053220907728157E-5
3.056692375650978E-5
3.108940738917398E-5
3.162082187914021E-5
3.216131986311541E-5
3.271105658543051E-5
3.327018994325445E-5
3.383888053268791E-5
3.4417291695733525E-5
3.500558956813367E-5
3.560394312806211E-5
3.621252424565186E-5
3.683150773333907E-5
3.7461071396999985E-5
3.810139608785673E-5
3.8752665755128405E-5
3.9415067499400215E-5
4.0088791626685515E-5
4.077403170315212E-5
4.147098461048189E-5
4.217985060182995E-5
4.290083335834357E-5
4.3634140046250044E-5
4.437998137455793E-5
4.513857165344576E-5
4.591012885343333E-5
4.669487466544594E-5
4.7493034561889836E-5
4.8304837858863436E-5
4.913051777962781E-5
4.997031151945856E-5
5.082446031199472E-5
5.169320949719281E-5
5.25768085909838E-5
5.347551135671969E-5
5.438957587848286E-5
5.5319264636316634E-5
5.626484458342183E-5
5.722658722534578E-5
5.8204768701175074E-5
5.919966986672402E-5
6.0211576379692404E-5
6.124077878674607E-5
6.228757261245307E-5
6.335225844998561E-5
6.443514205347528E-5
6.553653443188662E-5
6.665675194424985E-5
6.77961163960713E-5
6.895495513671874E-5
7.013360115755928E-5
7.133239319060905E-5
7.255167580744237E-5
7.379179951809356E-5
7.505312086967892E-5
7.633600254445886E-5
7.764081345705917E-5
7.896792885056618E-5
8.031773039121185E-5
8.169060626136222E-5
8.308695125052418E-5
8.450716684408E-5
8.595166131254637E-5
8.742084980367686E-5
8.891515443928968E-5
9.043500441830346E-5
9.198083612710303E-5
9.3553093258025E-5
9.515222693646059E-5
9.677869585680332E-5
9.843296642723547E-5
1.0011551292313619E-4
1.0182681764870952E-4
1.0356737110627182E-4
1.0533767217249498E-4
1.0713822828079005E-4
1.0896955560890889E-4
1.108321792707638E-4
1.1272663351139717E-4
1.1465346190397881E-4
1.1661321754767131E-4
1.1860646326517329E-4
1.2063377179873341E-4
1.226957260034157E-4
1.247929190363962E-4
1.269259545410733E-4
1.290954468247817E-4
1.3130202102891683E-4
1.3354631329029305E-4
1.3582897089258353E-4
1.381506524067187E-4
1.405120278191564E-4
1.4291377864697404E-4
1.453565980387836E-4
1.478411908605219E-4
1.5036827376522412E-4
1.529385752459549E-4
1.5555283567113637E-4
1.582118073015779E-4
1.609162542885844E-4
1.6366695265258724E-4
1.664646902418044E-4
1.6931026685170495E-4
1.722044944802175E-4
1.7514819769557069E-4
1.7814221409549364E-4
1.8118739483823684E-4
1.8428460522751055E-4
1.874347253349759E-4
1.9063865064537831E-4
1.938972927107779E-4
1.9721157980162165E-4
2.0058245754360802E-4
2.0401088953044054E-4
2.0749785790363212E-4
2.1104436389152539E-4
2.1465142830063866E-4
2.183200919533274E-4
2.2205141606657076E-4
2.2584648256747196E-4
2.2970639434176734E-4
2.336322754123149E-4
2.3762527104514771E-4
2.4168654778125364E-4
2.458172933927653E-4
2.500187167627384E-4
2.5429204768813196E-4
2.586385366060144E-4
2.6305945424338824E-4
2.675560911913554E-4
2.7212975740465437E-4
2.7678178162787075E-4
2.8151351074987387E-4
2.863263090882566E-4
2.9122155760576596E-4
2.962006530608943E-4
3.012650070949797E-4
3.064160452583117E-4
3.116552059778833E-4
3.1698393946955E-4
3.224037065974622E-4
3.2791597768372946E-4
3.3352224190929836E-4
3.392240154027554E-4
3.4502284810658594E-4
3.5092032950603585E-4
3.5691809330149176E-4
3.63017821101244E-4
3.6922124520761174E-4
3.7553015056566747E-4
3.819463759402338E-4
3.884718143833911E-4
3.9510841305145163E-4
4.0185817242721536E-4
4.087231450003153E-4
4.157054334555801E-4
4.228071884165873E-4
4.300306057889488E-4
4.373779237453531E-4
4.4485141939197787E-4
4.524534051535912E-4
4.601862249124522E-4
4.6805224993403505E-4
4.760538746105765E-4
4.8419351205154483E-4
4.924735895482766E-4
5.008965439382921E-4
5.094648168931117E-4
5.18180850151799E-4
5.270470807209236E-4
5.360659360601742E-4
5.452398292714634E-4
5.545711543080295E-4
5.640622812187881E-4
5.737155514419862E-4
5.835332731610759E-4
5.935177167346624E-4
6.036711102113669E-4
6.139956349394908E-4
6.244934212804726E-4
6.351665444342812E-4
6.460170203840789E-4
6.57047426498024E-4
6.682608339037294E-4
6.796607438048301E-4
6.912510275713311E-4
7.030358704414043E-4
7.150197186781205E-4
7.272072300302002E-4
7.396032273513326E-4
7.522126552378575E-4
7.650405395497127E-4
7.780919496844782E-4
7.913719634791332E-4
8.04885634618766E-4
8.186379624359556E-4
8.326338639888889E-4
8.468781483104682E-4
8.613754927247262E-4
8.761304211308067E-4
8.911472841585684E-4
9.06430241103547E-4
9.2198324355257E-4
9.378100206147695E-4
9.539140656760486E-4
9.702986245982867E-4
9.869666852876633E-4
0.0010039209685594663
0.0010211639202296686
0.0010386977043663104
0.0010565241976364377
0.0010746449846869251
0.00109306135450003
0.0011117742976669111
0.001130784504524709
0.001150092364105026
0.0011696979638438159
0.0011896010900048358
0.0012098012287708234
0.0012302975679585682
0.0012510889993159636
0.0012721741213609376
0.001293587907582895
0.0013153619227369896
0.0013375244866552568
0.0013601008321144944
0.0013831132569451492
0.0014065812705603051
0.0014305217350788458
0.0014549490012119675
0.0014798750390774315
0.0015053095641012946
0.001531260158162332
0.0015577323861299553
0.001584729907942139
0.0016122545863656776
0.0016403065905770849
0.001668884495698415
0.001697985378418509
0.0017276049088264143
0.0017577374385800257
0.001788376085529564
0.0018195128149119425
0.0018511385172288036
0.00188324308291769
0.00191581547392268
0.0019488437922676812
0.001982315345732591
0.002016216710729595
0.002050533792473996
0.002085251882541219
0.002120355713898862
0.00215582951350008
0.002191657052521971
0.002227821694330143
0.002264306440248157
0.002301093973208283
0.002338166699357522
0.00237550678769082
0.0024130962077810393
0.0024509167656733195
0.0024889501380092704
0.0025293304177075944
0.0025718924587751018
0.00261647732350592
0.0026629320973822652
0.0027111097088461044
0.0027608687538233133
0.002812073324884588
0.0028645928449301116
0.0029183019052875345
0.0029730801081153547
0.0030288119130063127
0.0030853864876877915
0.003142697562718646
0.0032006432900841273
0.003259126105592965
0.0033180525949827924
0.0033773333636422935
0.0034368829098606656
0.003496619501516964
0.003556465056123999
0.0036163450241434645
0.0036761882754908367
0.0037359269891506356
0.0037954965458243317
0.003854835423535169
0.0039138850961158815
0.003972589934506991
0.004030897110795195
0.0040887565049229175
0.004146120614001765
0.004202944464164244
0.004259185524889596
0.0043148036257411575
0.004369760875454125
0.004424021583313972
0.004477552182767348
0.004530321157208395
0.00458229896788503
0.004633457983870847
0.004683772414049739
0.004859587562727546
0.005028054260691736
0.005189371836687467
0.00534373496100475
0.005491333746344687
0.005632353846601094
0.005766976553599313
0.005895378891833103
0.006017733711239739
0.006134209778052678
0.006244971863770415
0.00635018083227925
0.006449993725167218
0.006544563845265398
0.006634040838452353
0.0067185707737566075
0.00679829622179144
0.0068733563315555345
0.006943886905632428
0.0070100204738209795
0.007071886365228432
0.007129610778857144
0.007183316852715149
0.007233124731480476
0.0072791516327482325
0.007321511911889153
0.007360317125547589
0.007395676093806423
0.0074276949610459254
0.007456477255523032
0.007482123947696948
0.007504733507326656
0.007524401959365268
0.007541222938675732
0.00755528774359201
0.007566685388349142
0.007575502654405407
0.007581824140679061
0.007585732312721832
0.007587307550850765
0.015005493266945927
0.014749897027994329
0.01449865449083093
0.014251691496582822
0.014008935149559172
0.013770313795736924
0.013535757001612617
0.013305195533414006
0.01307856133666538
0.01285578751610052
0.012636808315917474
0.012421559100369451
0.012209976334686068
0.012001997566319632
0.011797561406510846
0.011596607512168606
0.011399076568058693
0.011204910269295966
0.011014051304135105
0.010826443337054511
0.010642030992128607
0.010460759836683403
0.010282576365230448
0.010107427983674356
0.009935262993789105
0.009766030577958563
0.009599680784176565
0.009436164511302018
0.009275433494564946
0.009117440291318842
0.008962138267035494
0.008809481581538057
0.00865942517546845
0.008511924756985374
0.008366936788688826
0.00822441847476771
0.008084327748366631
0.00794662325916835
0.0078112643611881975
0.007678211100776834
