7.737488384107765E-6
7.73748081755628E-6
7.737473222145674E-6
7.737465597874714E-6
7.737457944742152E-6
7.737450262746755E-6
7.737442551887288E-6
7.737434812162513E-6
7.737427043571196E-6
7.737419246112098E-6
7.737411419783992E-6
7.737403564585626E-6
7.737395680515797E-6
7.737387767573253E-6
7.737379825756763E-6
7.737371855065095E-6
7.737363855497036E-6
7.737355827051333E-6
7.737347769726769E-6
1.547466307910476E-5
0.05301118275918755
0.04777513170009374
0.04274677264975321
0.0380883447216715
0.03392597422399501
0.030343626814768612
0.027381206534241996
0.025036065917094938
0.023267235696657423
0.022001808609151345
0.021143005460389313
0.020579445822873632
0.020195038391246915
0.01987875254684619
0.01953341820503924
0.019082704225896027
0.018475587823448894
0.01768793700932851
0.016721225038525207
0.015598791778351564
1.9366274594904436E-5
1.9366028019890198E-5
1.9365781378064918E-5
1.936553466943147E-5
1.936528789399272E-5
1.936504105175153E-5
1.9364794142710762E-5
1.9364547166873313E-5
1.936430012424205E-5
1.9364053014819832E-5
1.9363805838609553E-5
1.9363558595614097E-5
1.9363311285836315E-5
1.936306390927914E-5
1.93628164659454E-5
1.9362568955838028E-5
1.93623213789599E-5
1.9362073735313908E-5
1.9361826024902927E-5
3.872266067408845E-5
0.0035413734008455772
0.006521756358456552
0.008974909757650777
0.010985594649964974
0.012677346646453444
0.014196223250715286
0.01569233445866014
0.017300974045232453
0.01912523217899109
0.021222035572031735
0.02359348333001753
0.0261849672840274
0.028890806560571754
0.03156704931489822
0.034049904142880984
0.03617724720312417
0.03781008169503582
0.038850865341782524
0.0392562590421124
0.03904290654385923
6.468853336016704E-5
6.470185239844256E-5
6.471514425356963E-5
6.472840845640593E-5
6.474164453789873E-5
6.475485202910073E-5
6.476803046118489E-5
6.478117936545993E-5
6.479429827338582E-5
6.4807386716589E-5
6.482044422687789E-5
6.483347033625822E-5
6.484646457694852E-5
6.485942648139546E-5
6.487235558228924E-5
6.48852514125795E-5
6.489811350549008E-5
6.491094139453511E-5
6.492373461353423E-5
6.493649269662806E-5
