2.531024453512799E-7
2.5310303123792625E-7
2.531036171259289E-7
2.531042030152877E-7
2.5310478890600276E-7
2.5310537479807404E-7
2.531059606915016E-7
2.531065465862853E-7
2.5310713248242544E-7
2.5310771837992175E-7
2.53108304278774E-7
2.5310889017898284E-7
2.5310947608054794E-7
2.531100619834691E-7
2.5311064788774663E-7
2.5311123379338045E-7
2.531118197003704E-7
2.53112405608717E-7
2.5311299151841933E-7
2.5311357742947834E-7
2.5311416334189355E-7
2.531147492556647E-7
2.5311533517079265E-7
2.531159210872764E-7
2.5311650700511694E-7
2.531170929243133E-7
2.531176788448663E-7
2.531182647667756E-7
2.5311885069004083E-7
2.5311943661466274E-7
2.5312002254064075E-7
2.531206084679751E-7
2.53121194396666E-7
2.531217803267131E-7
2.531223662581161E-7
2.531229521908759E-7
2.5312353812499226E-7
2.5312412406046403E-7
2.53124709997293E-7
2.5312529593547814E-7
2.531258818750194E-7
2.5312646781591707E-7
2.5312705375817114E-7
2.531276397017815E-7
2.531282256467485E-7
2.5312881159307137E-7
2.53129397540751E-7
2.5312998348978683E-7
2.5313056944017887E-7
2.5313115539192775E-7
2.5313174134503247E-7
2.531323272994939E-7
2.531329132553117E-7
2.5313349921248566E-7
2.531340851710162E-7
2.5313467113090306E-7
2.5313525709214596E-7
2.531358430547459E-7
2.531364290187017E-7
2.531370149840143E-7
2.5313760095068345E-7
2.5313818691870854E-7
2.5313877288809E-7
2.531393588588283E-7
2.531399448309227E-7
2.5314053080437374E-7
2.5314111677918114E-7
2.531417027553448E-7
2.53142288732865E-7
2.531428747117415E-7
2.531434606919748E-7
2.5314404667356406E-7
2.531446326565101E-7
2.531452186408125E-7
2.5314580462647154E-7
2.53146390613487E-7
2.5314697660185836E-7
2.5314756259158677E-7
2.5314814858267123E-7
2.531487345751124E-7
2.5314932056891024E-7
2.531499065640643E-7
2.531504925605747E-7
2.5315107855844173E-7
2.531516645576654E-7
2.5315225055824524E-7
2.5315283656018167E-7
2.5315342256347473E-7
2.5315400856812426E-7
2.5315459457413016E-7
2.531551805814927E-7
2.531557665902116E-7
2.5315635260028714E-7
2.5315693861171913E-7
2.531575246245074E-7
2.5315811063865246E-7
2.5315869665415397E-7
2.531592826710121E-7
2.531598686892266E-7
2.531604547087975E-7
2.531610407297254E-7
2.531616267520091E-7
2.531622127756502E-7
2.531627988006474E-7
2.5316338482700095E-7
2.5316397085471133E-7
2.5316455688377817E-7
2.5316514291420164E-7
2.531657289459818E-7
2.5316631497911795E-7
2.5316690101361125E-7
2.531674870494607E-7
2.53168073086667E-7
2.5316865912522995E-7
2.5316924516514935E-7
2.531698312064251E-7
2.5317041724905793E-7
2.53171003293047E-7
2.5317158933839234E-7
2.5317217538509446E-7
2.531727614331535E-7
2.531733474825691E-7
2.531739335333412E-7
2.5317451958546977E-7
2.5317510563895494E-7
2.531756916937968E-7
2.531762777499953E-7
2.531768638075502E-7
2.5317744986646214E-7
2.531780359267305E-7
2.531786219883554E-7
2.53179208051337E-7
2.5317979411567557E-7
2.5318038018136976E-7
2.531809662484213E-7
2.5318155231682983E-7
2.531821383865948E-7
2.53182724457716E-7
2.5318331053019396E-7
2.531838966040289E-7
2.5318448267922016E-7
2.5318506875576833E-7
2.531856548336727E-7
2.5318624091293425E-7
2.531868269935525E-7
2.53187413075527E-7
2.531879991588585E-7
2.531885852435464E-7
2.531891713295913E-7
2.5318975741699265E-7
2.531903435057509E-7
2.53190929595865E-7
2.53191515687337E-7
2.531921017801653E-7
2.5319268787435025E-7
2.5319327396989187E-7
2.5319386006678996E-7
2.531944461650451E-7
2.531950322646569E-7
2.5319561836562516E-7
2.531962044679505E-7
2.5319679057163217E-7
2.5319737667667083E-7
2.5319796278306617E-7
2.531985488908183E-7
2.53199134999927E-7
2.531997211103925E-7
2.5320030722221477E-7
2.532008933353936E-7
2.532014794499297E-7
2.5320206556582165E-7
2.532026516830708E-7
2.5320323780167736E-7
2.5320382392163994E-7
2.532044100429597E-7
2.5320499616563585E-7
2.5320558228966885E-7
2.532061684150588E-7
2.532067545418054E-7
2.5320734066990874E-7
2.532079267993691E-7
2.5320851293018604E-7
2.5320909906235967E-7
2.532096851958902E-7
2.532102713307776E-7
2.5321085746702185E-7
2.532114436046228E-7
2.5321202974358056E-7
2.5321261588389496E-7
2.5321320202556647E-7
2.532137881685942E-7
2.5321437431297964E-7
2.532149604587216E-7
2.532155466058197E-7
2.532161327542751E-7
2.532167189040872E-7
2.532173050552563E-7
2.5321789120778254E-7
2.5321847736166546E-7
2.53219063516905E-7
2.532196496735013E-7
2.5322023583145484E-7
2.532208219907649E-7
2.532214081514318E-7
2.5322199431345573E-7
2.5322258047683643E-7
2.5322316664157387E-7
2.532237528076684E-7
2.532243389751198E-7
2.5322492514392806E-7
2.5322551131409297E-7
2.532260974856151E-7
2.5322668365849367E-7
2.532272698327297E-7
2.53227856008322E-7
2.532284421852718E-7
2.532290283635782E-7
2.53229614543241E-7
2.5323020072426154E-7
2.5323078690663875E-7
2.5323137309037244E-7
2.532319592754633E-7
2.5323254546191133E-7
2.5323313164971607E-7
2.5323371783887775E-7
2.5323430402939606E-7
2.532348902212719E-7
2.5323547641450437E-7
2.532360626090936E-7
2.5323664880503994E-7
2.5323723500234314E-7
2.5323782120100356E-7
2.5323840740102044E-7
2.5323899360239444E-7
2.5323957980512553E-7
2.5324016600921337E-7
2.532407522146587E-7
2.5324133842146045E-7
2.53241924629619E-7
2.53242510839135E-7
2.53243097050008E-7
2.5324368326223746E-7
2.5324426947582455E-7
2.532448556907678E-7
2.532454419070684E-7
2.532460281247266E-7
2.532466143437411E-7
2.5324720056411285E-7
2.532477867858416E-7
2.532483730089273E-7
2.532489592333702E-7
2.5324954545916953E-7
2.5325013168632636E-7
2.532507179148399E-7
2.5325130414471054E-7
2.532518903759382E-7
2.532524766085231E-7
2.5325306284246486E-7
2.532536490777636E-7
2.532542353144192E-7
2.532548215524323E-7
2.53255407791802E-7
2.53255994032529E-7
2.5325658027461307E-7
2.532571665180538E-7
2.5325775276285177E-7
2.532583390090071E-7
2.5325892525651916E-7
2.5325951150538867E-7
2.532600977556148E-7
2.532606840071981E-7
2.532612702601387E-7
2.5326185651443587E-7
2.5326244277009054E-7
2.5326302902710226E-7
2.532636152854708E-7
2.532642015451967E-7
2.532647878062797E-7
2.532653740687193E-7
2.5326596033251665E-7
2.5326654659767106E-7
2.53267132864182E-7
2.5326771913205003E-7
2.532683054012755E-7
2.5326889167185837E-7
2.532694779437978E-7
2.532700642170944E-7
2.5327065049174854E-7
2.5327123676775974E-7
2.532718230451279E-7
2.5327240932385293E-7
2.5327299560393555E-7
2.5327358188537496E-7
2.532741681681717E-7
2.532747544523255E-7
2.532753407378365E-7
2.5327592702470467E-7
2.532765133129299E-7
2.5327709960251207E-7
5.065565443742112E-7
0.001477575135152089
0.001469973185292226
0.0014624018872030275
0.0014548611078528948
0.0014473507147833974
0.0014398705761067114
0.0014324205605032007
0.001425000537219059
0.001417610376064443
0.001410249947414161
0.0014029191222200053
0.0013956177720717356
0.0013883457694436048
0.00138110298859194
0.0013738893085661974
0.0013667046225970623
0.0013595488654433686
0.0013524220881075103
0.0013453246499181535
0.0013382576844849206
0.0013312241687683578
0.0013242312477170235
0.0013172950330364614
0.001310450020636652
0.0013037666791983187
0.0012973827354638536
0.0012915561914469578
0.001286750913819115
0.0012837681755321752
0.0012839388459661982
0.0012893896694257823
0.001303391653690917
0.0013307875196191456
0.0013784775683522573
0.0014559195847484965
0.0015755707321666581
0.0017531721832092994
0.0020077568426575265
0.0023612544865153893
0.0028375841695958185
0.0034611657560038264
0.00425485150512816
0.005237369583086855
0.006420472694026234
0.0078060800512884205
0.009383770317763726
0.011129008756947766
0.01300246080945157
0.014950652783771915
0.016908095543977347
0.01880080714060866
0.020550981758934873
0.022082385373668984
0.023325941348139118
0.024224922626196847
0.024739200208972318
0.024848105899947105
0.024551633902764134
0.02386990463771935
0.022841014800212646
0.021517571280263194
0.019962330431375273
0.018243425259786727
0.016429659200245368
0.014586284066507171
0.012771576825671344
0.011034404366256585
0.009412837079456306
0.00793375773767009
0.006613323817294939
0.005458085237912876
0.004466536038938566
0.0036308838238253145
0.0029388479476439963
0.0023753381983095513
0.0019239121091483885
0.0015679542986115522
0.0012915605027364004
0.0010801394364244813
9.207663435382416E-4
8.023335853024903E-4
7.155473459753091E-4
6.528174566656521E-4
6.080814814065673E-4
5.765963952032803E-4
5.547228623012801E-4
5.397193167205949E-4
5.295563702969104E-4
5.227567994769149E-4
5.182625121527706E-4
5.153273281982079E-4
5.134328947479401E-4
5.122243457112755E-4
5.114621637295119E-4
5.109869066562519E-4
5.10693859382499E-4
5.105151499586682E-4
5.104073503085695E-4
5.103430215853224E-4
5.103050406218286E-4
5.10282850759746E-4
5.102700208572707E-4
5.102626787064142E-4
5.102585195608479E-4
5.102561871011012E-4
5.102548920094292E-4
5.102541799617379E-4
5.102537922716913E-4
5.102535832117208E-4
5.102534715484242E-4
5.102534124678083E-4
5.102533814996557E-4
5.102533654168794E-4
5.102533571408649E-4
5.102533529206532E-4
5.10253350787916E-4
5.102533497196814E-4
5.10253349189339E-4
5.102533489283389E-4
5.102533488009992E-4
5.102533487394053E-4
5.102533487098615E-4
5.102533486958128E-4
5.102533486891889E-4
5.102533486860877E-4
5.102533486846498E-4
5.102533486839887E-4
5.10253348683689E-4
5.102533486835512E-4
5.102533486834905E-4
5.102533486834615E-4
5.102533486834468E-4
5.102533486834401E-4
5.10253348683437E-4
5.102533486834356E-4
5.102533486834352E-4
5.102533486834352E-4
5.102533486834352E-4
5.102533486834352E-4
5.102533486834352E-4
5.102533486834352E-4
5.102533486834352E-4
5.102533486834352E-4
5.102533486834352E-4
5.102533486834352E-4
5.102533486834352E-4
5.102533486834352E-4
5.102533486834352E-4
5.102533486834352E-4
5.102533486834352E-4
5.102533486834352E-4
5.102533486834352E-4
5.102533486834352E-4
5.102533486834352E-4
5.102533486834352E-4
5.102533486834352E-4
5.102533486834352E-4
5.102533486834352E-4
5.102533486834352E-4
5.102533486834352E-4
5.102533486834352E-4
5.102533486834352E-4
5.102533486834352E-4
5.102533486834352E-4
5.102533486834352E-4
5.102533486834352E-4
5.102533486834352E-4
5.102533486834352E-4
5.102533486834352E-4
5.102533486834352E-4
5.102533486834352E-4
5.102533486834352E-4
5.102533486834352E-4
5.102533486834352E-4
5.102533486834352E-4
5.102533486834352E-4
5.102533486834352E-4
5.102533486834352E-4
5.102533486834352E-4
5.102533486834352E-4
5.102533486834352E-4
5.102533486834352E-4
5.102533486834352E-4
5.102533486834352E-4
5.102533486834352E-4
5.102533486834352E-4
5.102533486834352E-4
5.102533486834352E-4
5.102533486834352E-4
5.102533486834352E-4
5.102533486834352E-4
5.102533486834352E-4
5.102533486834352E-4
5.102533486834352E-4
5.102533486834352E-4
5.102533486834352E-4
5.102533486834352E-4
5.102533486834352E-4
5.102533486834352E-4
5.102533486834352E-4
5.102533486834352E-4
5.102533486834352E-4
5.102533486834352E-4
5.102533486834352E-4
5.102533486834352E-4
5.102533486834352E-4
5.102533486834352E-4
5.102533486834352E-4
5.102533486834352E-4
5.102533486834352E-4
5.102533486834352E-4
5.102533486834352E-4
5.102533486834352E-4
5.102533486834352E-4
5.102533486834352E-4
5.102533486834352E-4
5.102533486834352E-4
5.102533486834352E-4
5.102533486834352E-4
5.102533486834352E-4
5.102533486834352E-4
5.102533486834352E-4
5.102533486834352E-4
5.102533486834352E-4
5.102533486834352E-4
5.102533486834352E-4
5.102533486834352E-4
5.102533486834352E-4
5.102533486834352E-4
5.102533486834352E-4
5.102533486834352E-4
5.102533486834352E-4
5.102533486834352E-4
5.102533486834352E-4
5.102533486834352E-4
5.102533486834352E-4
5.102533486834352E-4
5.102533486834352E-4
5.102533486834352E-4
5.102533486834352E-4
5.102533486834352E-4
5.102533486834352E-4
5.102533486834352E-4
5.102533486834352E-4
5.102533486834352E-4
5.102533486834352E-4
5.102533486834352E-4
5.102533486834352E-4
5.102533486834352E-4
5.102533486834352E-4
5.102533486834352E-4
5.102533486834352E-4
5.102533486834352E-4
5.102533486834352E-4
5.102533486834352E-4
5.102533486834352E-4
5.102533486834352E-4
5.102533486834352E-4
5.102533486834352E-4
5.102533486834352E-4
5.102533486834352E-4
5.102533486834352E-4
5.102533486834352E-4
5.102533486834352E-4
5.102533486834352E-4
5.102533486834352E-4
5.102533486834352E-4
5.102533486834352E-4
5.102533486834352E-4
5.102533486834352E-4
5.102533486834352E-4
5.102533486834352E-4
5.102533486834352E-4
5.102533486834352E-4
5.102533486834352E-4
5.102533486834352E-4
5.102533486834352E-4
5.102533486834352E-4
5.102533486834352E-4
5.102533486834352E-4
5.102533486834352E-4
5.102533486834352E-4
5.102533486834352E-4
5.102533486834352E-4
5.102533486834352E-4
5.102533486834352E-4
5.102533486834352E-4
5.102533486834352E-4
5.102533486834352E-4
5.102533486834352E-4
5.102533486834352E-4
5.102533486834352E-4
5.102533486834352E-4
5.102533486834352E-4
5.102533486834352E-4
5.102533486834352E-4
5.102533486834352E-4
5.102533486834352E-4
5.102533486834352E-4
5.102533486834352E-4
3.974016551716431E-7
3.9740117149723223E-7
3.974006878213407E-7
3.9740020414396844E-7
3.973997204651156E-7
3.973992367847823E-7
3.973987531029681E-7
3.973982694196734E-7
3.9739778573489797E-7
3.9739730204864204E-7
3.973968183609053E-7
3.9739633467168796E-7
3.9739585098099E-7
3.9739536728881116E-7
3.97394883595152E-7
3.973943999000121E-7
3.9739391620339125E-7
3.9739343250529E-7
3.97392948805708E-7
3.9739246510464513E-7
3.9739198140210176E-7
3.973914976980778E-7
3.9739101399257286E-7
3.9739053028558764E-7
3.973900465771211E-7
3.9738956286717437E-7
3.973890791557467E-7
3.973885954428384E-7
3.9738811172844946E-7
3.973876280125797E-7
3.973871442952291E-7
3.9738666057639803E-7
3.9738617685608613E-7
3.9738569313429345E-7
3.9738520941102E-7
3.973847256862659E-7
3.9738424196003086E-7
3.9738375823231525E-7
3.9738327450311914E-7
3.973827907724417E-7
3.9738230704028386E-7
3.9738182330664533E-7
3.9738133957152586E-7
3.973808558349255E-7
3.973803720968445E-7
3.97379888357283E-7
3.973794046162403E-7
3.973789208737169E-7
3.973784371297132E-7
3.97377953384228E-7
3.973774696372624E-7
3.9737698588881597E-7
3.973765021388887E-7
3.9737601838748055E-7
3.9737553463459176E-7
3.97375050880222E-7
3.9737456712437156E-7
3.9737408336704035E-7
3.9737359960822836E-7
3.9737311584793497E-7
3.9737263208616134E-7
3.973721483229068E-7
3.973716645581711E-7
3.9737118079195475E-7
3.9737069702425776E-7
3.973702132550796E-7
3.973697294844209E-7
3.973692457122812E-7
3.9736876193866044E-7
3.9736827816355917E-7
3.973677943869768E-7
3.9736731060891356E-7
3.973668268293696E-7
3.973663430483447E-7
3.9736585926583883E-7
3.973653754818523E-7
3.973648916963847E-7
3.973644079094361E-7
3.9736392412100744E-7
3.973634403310965E-7
3.973629565397056E-7
3.9736247274683353E-7
3.973619889524808E-7
3.9736150515664716E-7
3.9736102135933224E-7
3.9736053756053644E-7
3.973600537602598E-7
3.973595699585023E-7
3.973590861552639E-7
3.973586023505449E-7
3.973581185443442E-7
3.973576347366631E-7
3.9735715092750064E-7
3.9735666711685787E-7
3.9735618330473363E-7
3.9735569949112836E-7
3.9735521567604284E-7
3.9735473185947555E-7
3.973542480414278E-7
3.9735376422189896E-7
3.9735328040088935E-7
3.973527965783984E-7
3.9735231275442643E-7
3.973518289289737E-7
3.9735134510204E-7
3.9735086127362494E-7
3.973503774437295E-7
3.973498936123526E-7
3.973494097794951E-7
3.973489259451564E-7
3.973484421093367E-7
3.973479582720361E-7
3.97347474433254E-7
3.9734699059299134E-7
3.9734650675124763E-7
3.97346022908023E-7
3.9734553906331694E-7
3.9734505521712996E-7
3.973445713694623E-7
3.9734408752031327E-7
3.9734360366968344E-7
3.9734311981757226E-7
3.9734263596398026E-7
3.973421521089071E-7
3.97341668252353E-7
3.9734118439431776E-7
3.973407005348016E-7
3.973402166738043E-7
3.9733973281132576E-7
3.973392489473663E-7
3.9733876508192577E-7
3.973382812150039E-7
3.973377973466015E-7
3.9733731347671785E-7
3.9733682960535266E-7
3.973363457325068E-7
3.973358618581798E-7
3.973353779823715E-7
3.973348941050822E-7
3.973344102263119E-7
3.9733392634606026E-7
3.973334424643276E-7
3.97332958581114E-7
3.9733247469641884E-7
3.97331990810243E-7
3.973315069225861E-7
3.973310230334476E-7
3.973305391428282E-7
3.9733005525072796E-7
3.9732957135714615E-7
3.9732908746208336E-7
3.973286035655395E-7
3.9732811966751435E-7
3.9732763576800824E-7
3.9732715186702077E-7
3.9732666796455194E-7
3.9732618406060224E-7
3.973257001551713E-7
3.9732521624825936E-7
3.9732473233986617E-7
3.973242484299916E-7
3.9732376451863627E-7
3.973232806057991E-7
3.973227966914813E-7
3.9732231277568195E-7
3.973218288584017E-7
3.973213449396398E-7
3.9732086101939733E-7
3.9732037709767296E-7
3.973198931744678E-7
3.973194092497813E-7
3.9731892532361373E-7
3.97318441395965E-7
3.973179574668348E-7
3.9731747353622364E-7
3.973169896041309E-7
3.973165056705571E-7
3.973160217355018E-7
3.973155377989657E-7
3.9731505386094807E-7
3.9731456992144935E-7
3.9731408598046943E-7
3.97313602038008E-7
3.9731311809406543E-7
3.973126341486415E-7
3.9731215020173643E-7
3.9731166625335016E-7
3.973111823034823E-7
3.9731069835213324E-7
3.973102143993032E-7
3.973097304449918E-7
3.973092464891989E-7
3.973087625319247E-7
3.9730827857316936E-7
3.973077946129327E-7
3.973073106512146E-7
3.973068266880153E-7
3.9730634272333476E-7
3.9730585875717277E-7
3.973053747895294E-7
3.973048908204049E-7
3.9730440684979924E-7
3.9730392287771166E-7
3.973034389041432E-7
3.9730295492909335E-7
3.9730247095256214E-7
3.973019869745497E-7
3.9730150299505565E-7
3.9730101901408037E-7
3.9730053503162374E-7
3.9730005104768564E-7
3.972995670622663E-7
3.972990830753657E-7
3.972985990869837E-7
3.972981150971203E-7
3.972976311057754E-7
3.9729714711294906E-7
3.972966631186417E-7
3.9729617912285265E-7
3.9729569512558237E-7
3.972952111268308E-7
3.9729472712659757E-7
3.9729424312488306E-7
3.972937591216871E-7
3.972932751170097E-7
3.972927911108508E-7
3.972923071032109E-7
3.9729182309408924E-7
3.9729133908348634E-7
3.97290855071402E-7
3.9729037105783573E-7
3.9728988704278876E-7
3.9728940302626E-7
3.972889190082498E-7
3.972884349887583E-7
3.9728795096778523E-7
3.9728746694533054E-7
3.9728698292139465E-7
3.972864988959775E-7
3.972860148690784E-7
3.9728553084069806E-7
3.972850468108365E-7
3.9728456277949303E-7
3.972840787466683E-7
3.9728359471236205E-7
3.972831106765741E-7
3.9728262663930533E-7
3.972821426005544E-7
3.972816585603226E-7
3.9728117451860883E-7
3.972806904754136E-7
3.9728020643073735E-7
3.9727972238457865E-7
3.9727923833693913E-7
3.972787542878181E-7
3.9727827023721543E-7
3.972777861851312E-7
3.9727730213156563E-7
3.9727681807651817E-7
3.972763340199896E-7
3.9727584996197923E-7
3.9727536590248697E-7
3.9727488184151403E-7
3.9727439777905884E-7
3.9727391371512283E-7
3.9727342964970445E-7
3.972729455828047E-7
3.972724615144237E-7
3.972719774445606E-7
3.972714933732171E-7
3.972710093003907E-7
3.9727052522608374E-7
3.972700411502945E-7
3.97269557073024E-7
3.972690729942718E-7
3.97268588914038E-7
3.9726810483232286E-7
3.9726762074912595E-7
3.9726713666444737E-7
3.972666525782872E-7
3.972661684906455E-7
3.9726568440152233E-7
3.972652003109172E-7
3.972647162188307E-7
3.972642321252627E-7
3.972637480302128E-7
3.972632639336814E-7
3.9726277983566843E-7
3.9726229573617387E-7
3.9726181163519753E-7
3.9726132753273967E-7
3.972608434288002E-7
3.972603593233789E-7
3.9725987521647586E-7
3.9725939110809137E-7
3.9725890699822536E-7
3.972584228868773E-7
3.972579387740476E-7
3.972574546597367E-7
7.945129728503757E-7
6.888301385923498E-6
1.373404129110108E-5
2.053732602918163E-5
2.7298261033929883E-5
3.4016950860824595E-5
4.0693499188639004E-5
4.732800882100672E-5
5.392058168799248E-5
6.04713188477821E-5
6.698032048906264E-5
7.344768593664524E-5
7.987351367070681E-5
8.625790139813727E-5
9.260094630704196E-5
9.890274591688613E-5
1.0516340072917689E-4
1.1138302195847052E-4
1.1756175269041128E-4
1.2369982237971354E-4
1.29797679321586E-4
1.3585629524684039E-4
1.418778291588525E-4
1.478670009932391E-4
1.538337942271735E-4
1.5979851697793608E-4
1.658008299777111E-4
1.7191509222367514E-4
1.7827521545716877E-4
1.8511299823461893E-4
1.9281435288786262E-4
2.0199754927583143E-4
2.136161052089176E-4
2.2908580003875567E-4
2.504301899607263E-4
2.804320329002445E-4
3.2276979541720924E-4
3.8211016484898316E-4
4.641210862781348E-4
5.753675256758803E-4
7.230561179724636E-4
9.146066535134031E-4
0.001157048312206595
0.0014562652836546978
0.0018161466477136811
0.0022377242576065853
0.0027184041153601505
0.003251405833388167
0.003825517199399285
0.004425245172185506
0.005031402685024567
0.0056221175765375
0.006174193551056549
0.006664702288589271
0.007072649233598189
0.007380539628930828
0.007575679061080112
0.00765107317583297
0.007605839541323535
0.007445103265167863
0.007179407925349343
0.006823725942754502
0.006396190767980996
0.00591669304326334
0.005405483326388296
0.004881907140567252
0.004363368454198803
0.003864580881790699
0.003397127795843287
0.00296931824470901
0.0025862987564046294
0.002250363727049885
0.0019613994235890804
0.0017173975828938118
0.0015149821615465105
0.0013499045677979671
0.0012174763052431468
0.0011129213521017913
0.0010316423151359845
9.694035631542556E-4
9.224408480961915E-4
8.875104878893175E-4
8.61892434177748E-4
8.433610487194345E-4
8.301357629171068E-4
8.20821536786594E-4
8.143466008453173E-4
8.099026654271261E-4
8.068908043978299E-4
8.048746501482079E-4
8.035413843233159E-4
8.026702348870574E-4
8.021077293176649E-4
8.017487317876587E-4
8.015222381965762E-4
8.013809561657927E-4
8.012938098960488E-4
8.012406476156527E-4
8.012085693184068E-4
8.011894210301947E-4
8.011781122498997E-4
8.011715034400199E-4
8.011676813109572E-4
8.011654934815946E-4
8.011642538360014E-4
8.011635584814966E-4
8.0116317230396E-4
8.01162959937513E-4
8.01162844286899E-4
8.011627819109647E-4
8.011627485885806E-4
8.011627309547427E-4
8.011627217100985E-4
8.011627169082719E-4
8.011627144369212E-4
8.011627131765105E-4
8.011627125394537E-4
8.011627122203231E-4
8.011627120618659E-4
8.011627119838716E-4
8.011627119458133E-4
8.011627119274022E-4
8.011627119185711E-4
8.011627119143684E-4
8.011627119123864E-4
8.011627119114584E-4
8.011627119110289E-4
8.011627119108299E-4
8.011627119107386E-4
8.011627119106951E-4
8.011627119106766E-4
8.011627119106677E-4
8.011627119106628E-4
8.011627119106615E-4
8.011627119106606E-4
8.011627119106602E-4
8.011627119106601E-4
8.011627119106601E-4
8.011627119106601E-4
8.011627119106601E-4
8.011627119106601E-4
8.011627119106601E-4
8.011627119106601E-4
8.011627119106601E-4
8.011627119106601E-4
8.011627119106601E-4
8.011627119106601E-4
8.011627119106601E-4
8.011627119106601E-4
8.011627119106601E-4
8.011627119106601E-4
8.011627119106601E-4
8.011627119106601E-4
8.011627119106601E-4
8.011627119106601E-4
8.011627119106601E-4
8.011627119106601E-4
8.011627119106601E-4
8.011627119106601E-4
8.011627119106601E-4
8.011627119106601E-4
8.011627119106601E-4
8.011627119106601E-4
8.011627119106601E-4
8.011627119106601E-4
8.011627119106601E-4
8.011627119106601E-4
8.011627119106601E-4
8.011627119106601E-4
8.011627119106601E-4
8.011627119106601E-4
8.011627119106601E-4
8.011627119106601E-4
8.011627119106601E-4
8.011627119106601E-4
8.011627119106601E-4
8.011627119106601E-4
8.011627119106601E-4
8.011627119106601E-4
8.011627119106601E-4
8.011627119106601E-4
8.011627119106601E-4
8.011627119106601E-4
8.011627119106601E-4
8.011627119106601E-4
8.011627119106601E-4
8.011627119106601E-4
8.011627119106601E-4
8.011627119106601E-4
8.011627119106601E-4
8.011627119106601E-4
8.011627119106601E-4
8.011627119106601E-4
8.011627119106601E-4
8.011627119106601E-4
8.011627119106601E-4
8.011627119106601E-4
8.011627119106601E-4
8.011627119106601E-4
8.011627119106601E-4
8.011627119106601E-4
8.011627119106601E-4
8.011627119106601E-4
8.011627119106601E-4
8.011627119106601E-4
8.011627119106601E-4
8.011627119106601E-4
8.011627119106601E-4
8.011627119106601E-4
8.011627119106601E-4
8.011627119106601E-4
8.011627119106601E-4
8.011627119106601E-4
8.011627119106601E-4
8.011627119106601E-4
8.011627119106601E-4
8.011627119106601E-4
8.011627119106601E-4
8.011627119106601E-4
8.011627119106601E-4
8.011627119106601E-4
8.011627119106601E-4
8.011627119106601E-4
8.011627119106601E-4
8.011627119106601E-4
8.011627119106601E-4
8.011627119106601E-4
8.011627119106601E-4
8.011627119106601E-4
8.011627119106601E-4
8.011627119106601E-4
8.011627119106601E-4
8.011627119106601E-4
8.011627119106601E-4
8.011627119106601E-4
8.011627119106601E-4
8.011627119106601E-4
8.011627119106601E-4
8.011627119106601E-4
8.011627119106601E-4
8.011627119106601E-4
8.011627119106601E-4
8.011627119106601E-4
8.011627119106601E-4
8.011627119106601E-4
8.011627119106601E-4
8.011627119106601E-4
8.011627119106601E-4
8.011627119106601E-4
8.011627119106601E-4
8.011627119106601E-4
8.011627119106601E-4
8.011627119106601E-4
8.011627119106601E-4
8.011627119106601E-4
8.011627119106601E-4
8.011627119106601E-4
8.011627119106601E-4
8.011627119106601E-4
8.011627119106601E-4
8.011627119106601E-4
8.011627119106601E-4
8.011627119106601E-4
8.011627119106601E-4
8.011627119106601E-4
8.011627119106601E-4
8.011627119106601E-4
8.011627119106601E-4
8.011627119106601E-4
8.011627119106601E-4
8.011627119106601E-4
8.011627119106601E-4
8.011627119106601E-4
8.011627119106601E-4
8.011627119106601E-4
8.011627119106601E-4
8.011627119106601E-4
8.011627119106601E-4
8.011627119106601E-4
8.011627119106601E-4
8.011627119106601E-4
8.011627119106601E-4
8.011627119106601E-4
8.011627119106601E-4
8.011627119106601E-4
8.011627119106601E-4
8.011627119106601E-4
8.011627119106601E-4
8.011627119106601E-4
8.011627119106601E-4
8.011627119106601E-4
8.011627119106601E-4
8.011627119106601E-4
8.011627119106601E-4
8.011627119106601E-4
8.011627119106601E-4
8.011627119106601E-4
8.011627119106601E-4
8.011627119106601E-4
8.011627119106601E-4
8.011627119106601E-4
6.37799932864416E-11
1.909453071802052E-10
3.811022435607372E-10
6.338580706843422E-10
9.488210150170154E-10
1.3256002530816505E-9
1.7638059033194895E-9
2.2630490179658534E-9
2.822941574941302E-9
3.4430964697646924E-9
4.123127507518731E-9
4.862649394996361E-9
5.6612777335189965E-9
6.5186290141526644E-9
7.434320620935159E-9
8.407970859081745E-9
9.439199056043478E-9
1.0527625861945169E-8
1.1672874063569946E-8
1.2874570646632769E-8
1.4132351728229352E-8
1.544587374445167E-8
1.6814837581384102E-8
1.823903817100397E-8
1.971846177327959E-8
2.125346831839744E-8
2.2845118328638756E-8
2.4495733999161743E-8
2.6209821416174525E-8
2.7995522450893006E-8
2.986680368888669E-8
3.1846614484392913E-8
3.397124123262675E-8
3.629603191113284E-8
3.890254621681108E-8
4.1906990316137593E-8
4.5469521223446715E-8
4.98036715410967E-8
5.518478925608143E-8
6.195606864235508E-8
7.053054092133422E-8
8.138737407127332E-8
9.506106383365045E-8
1.1212261552708372E-7
1.331526057718578E-7
1.5870700747222118E-7
1.8927774118074822E-7
2.2525092404421742E-7
2.668665532125017E-7
3.141837306887191E-7
3.670554065459175E-7
4.2511595569349274E-7
4.877837632067625E-7
5.542795085142802E-7
6.236592039780647E-7
6.948594816591677E-7
7.667513471920951E-7
8.381978005582236E-7
9.081104572114455E-7
9.755006017894512E-7
1.0395209007865071E-6
1.0994951549361338E-6
1.1549348126068868E-6
1.2055423097154868E-6
1.2512024869398552E-6
1.2919642404265632E-6
1.3280151203975232E-6
1.3596517910185706E-6
1.387249140574043E-6
1.4112304539810827E-6
1.432040518956196E-6
1.4501229242961719E-6
1.4659022050315832E-6
1.479770957041095E-6
1.4920816226902526E-6
1.503142356309701E-6
1.5132162118994133E-6
1.522522839476339E-6
1.531241906916176E-6
1.5395175539696955E-6
1.5474633085493844E-6
1.5551670305337718E-6
1.562695578744766E-6
1.570099011580287E-6
1.5774142252964907E-6
1.5846680044909954E-6
1.5918795082083506E-6
1.5990622453073976E-6
1.6062256081421704E-6
1.6133760381544196E-6
1.620517894227503E-6
1.6276540875608412E-6
1.634786537643858E-6
1.6419164942218276E-6
1.6490447609640361E-6
1.6561718484283474E-6
1.6632980771011657E-6
1.6704236457978297E-6
1.6775486764275719E-6
1.6846732428879883E-6
1.6917973894661267E-6
1.6989211424040449E-6
1.7060445170753585E-6
1.7131675223827796E-6
1.7202901634198627E-6
1.727412443062796E-6
1.7345343629111311E-6
1.7416559238373466E-6
1.7487771263042296E-6
1.7558979705461432E-6
1.7630184566714063E-6
1.7701385847194948E-6
1.7772583546926678E-6
1.7843777665732575E-6
1.7914968203330381E-6
1.7986155159382367E-6
1.8057338533521967E-6
1.8128518325367777E-6
1.819969453453077E-6
1.827086716061806E-6
1.8342036203234833E-6
1.8413201661985265E-6
1.8484363536473051E-6
1.8555521826301623E-6
1.8626676531074244E-6
1.8697827650394117E-6
1.8768975183864368E-6
1.88401191310881E-6
1.8911259491668358E-6
1.8982396265208133E-6
1.9053529451310407E-6
1.9124659049578133E-6
1.9195785059614185E-6
1.9266907481021454E-6
1.9338026313402764E-6
1.940914155636091E-6
1.948025320949866E-6
1.9551361272418745E-6
1.9622465744723824E-6
1.9693566626016592E-6
1.976466391589967E-6
1.983575761397563E-6
1.990684771984702E-6
1.997793423311636E-6
2.004901715338615E-6
2.012009648025884E-6
2.0191172213336814E-6
2.026224435222248E-6
2.033331289651813E-6
2.0404377845826115E-6
2.04754391997487E-6
2.0546496957888127E-6
2.0617551119846587E-6
2.068860168522627E-6
2.075964865362929E-6
2.0830692024657727E-6
2.090173179791369E-6
2.097276797299917E-6
2.1043800549516165E-6
2.1114829527066635E-6
2.1185854905252515E-6
2.1256876683675665E-6
2.1327894861937964E-6
2.139890943964121E-6
2.1469920416387194E-6
2.1540927791777677E-6
2.161193156541436E-6
2.168293173689893E-6
2.1753928305832982E-6
2.182492127181817E-6
2.1895910634456055E-6
2.1966896393348167E-6
2.2037878548096027E-6
2.2108857098301076E-6
2.2179832043564753E-6
2.225080338348846E-6
2.2321771117673577E-6
2.2392735245721402E-6
2.2463695767233246E-6
2.2534652681810333E-6
2.2605605989053927E-6
2.2676555688565202E-6
2.2747501779945287E-6
2.2818444262795297E-6
2.2889383136716346E-6
2.296031840130944E-6
2.303125005617563E-6
2.310217810091588E-6
2.31731025351311E-6
2.324402335842222E-6
2.3314940570390113E-6
2.338585417063561E-6
2.34567641587595E-6
2.352767053436259E-6
2.3598573297045554E-6
2.3669472446409113E-6
2.374036798205393E-6
2.3811259903580624E-6
2.3882148210589786E-6
2.3953032902681965E-6
2.4023913979457674E-6
2.4094791440517416E-6
2.416566528546162E-6
2.4236535513890722E-6
2.4307402125405083E-6
2.437826511960506E-6
2.444912449609094E-6
2.451998025446298E-6
2.4590832394321483E-6
2.466168091526659E-6
2.4732525816898502E-6
2.4803367098817324E-6
2.4874204760623165E-6
2.49450388019161E-6
2.501586922229613E-6
2.508669602136326E-6
2.5157519198717463E-6
2.5228338753958646E-6
2.5299154686686685E-6
2.536996699650143E-6
2.544077568300269E-6
2.5511580745790296E-6
2.5582382184463934E-6
2.565317999862334E-6
2.572397418786819E-6
2.579476475179812E-6
2.5865551690012717E-6
2.5936335002111573E-6
2.600711468769422E-6
2.6077890746360135E-6
2.6148663177708807E-6
2.621943198133966E-6
2.6290197156852054E-6
2.6360958703845382E-6
2.6431716621918956E-6
2.6502470910672043E-6
2.6573221569703943E-6
2.664396859861384E-6
2.6714711997000918E-6
2.678545176446432E-6
2.685618790060314E-6
2.6926920405016476E-6
2.6997649277303363E-6
2.7068374517062807E-6
2.7139096123893786E-6
2.7209814097395217E-6
2.7280528437166E-6
2.7351239142805005E-6
2.742194621391105E-6
2.7492649650082945E-6
2.7563349450919435E-6
2.7634045616019258E-6
2.7704738144981097E-6
2.7775427037403577E-6
2.7846112292885345E-6
2.7916793911024984E-6
2.7987471891421007E-6
2.8058146233671944E-6
2.812881693737628E-6
2.8199484002132445E-6
2.8270147427538836E-6
2.8340807213193856E-6
2.8411463358695787E-6
2.848211586364294E-6
2.855276472763361E-6
2.8623409950265992E-6
2.86940515311383E-6
2.8764689469848707E-6
2.8835323765995284E-6
2.8905954419176134E-6
2.897658142898931E-6
2.9047204795032873E-6
2.9117824516904744E-6
2.9188440594202865E-6
2.925905302652518E-6
2.932966181346955E-6
2.9400266954633814E-6
2.94708684496158E-6
2.9541466298013252E-6
2.9612060499423893E-6
2.968265105344545E-6
2.9753237959675557E-6
2.9823821217711835E-6
2.98944008271519E-6
2.996497678759329E-6
3.0035549098633546E-6
3.010611775987012E-6
3.017668277090048E-6
3.0247244131322057E-6
3.0317801840732205E-6
3.0388355898728254E-6
3.0458906304907536E-6
3.0529453058867363E-6
3.059999616020488E-6
3.0670535608517347E-6
3.0741071403401926E-6
3.081160354445572E-6
3.0882132031275865E-6
3.0952656863459393E-6
3.1023178040603334E-6
