2.6586256569383903E-6
2.658555320228847E-6
2.658484996918395E-6
2.6584146870075435E-6
2.658344390496807E-6
2.658274107386695E-6
2.6582038376777204E-6
2.658133581370393E-6
2.6580633384652254E-6
2.65799310896273E-6
2.6579228928634163E-6
2.6578526901677952E-6
2.6577825008763787E-6
2.6577123249896786E-6
2.6576421625082033E-6
2.657572013432467E-6
2.6575018777629763E-6
2.657431755500247E-6
2.657361646644786E-6
2.6572915511971057E-6
2.6572214691577154E-6
2.657151400527128E-6
2.6570813453058512E-6
2.657011303494398E-6
2.656941275093274E-6
2.6568712601029952E-6
2.656801258524068E-6
2.656731270357004E-6
2.6566612956023126E-6
5.313042799493E-6
0.020508531754608324
0.019918873373064746
0.019740626353257965
0.01992452277261201
0.020412459133803955
0.02113571028075997
0.022014828705163525
0.022961643053455175
0.023883356112338598
0.02468832127963958
0.025292729876027268
0.025627238458752612
0.02564254468669223
0.02531308258800466
0.02463831546584239
0.023641491162971637
0.022366112205284682
0.0208706908549335
0.019222555785479704
0.017491531785560385
0.015744235323652676
0.014039549213201833
0.012425604221767764
0.010938350986653331
0.009601590829138177
0.008428174368586538
0.007421983023432121
0.006580279164167788
0.005896036572754395
0.005359931150205768
6.8738679065166645E-6
6.873817553138846E-6
6.873767239845339E-6
6.873716966637352E-6
6.873666733516091E-6
6.873616540482759E-6
6.873566387538564E-6
6.873516274684716E-6
6.873466201922412E-6
6.873416169252866E-6
6.873366176677277E-6
6.873316224196859E-6
6.873266311812811E-6
6.873216439526342E-6
6.873166607338653E-6
6.873116815250957E-6
6.873067063264455E-6
6.8730173513803475E-6
6.872967679599852E-6
6.87291804792416E-6
6.872868456354486E-6
6.872818904892033E-6
6.872769393538004E-6
6.872719922293609E-6
6.872670491160043E-6
6.872621100138525E-6
6.872571749230248E-6
6.872522438436423E-6
6.872473167758249E-6
1.3744749573748329E-5
9.694323609622641E-4
0.0019650959901927447
0.0030446627271069845
0.004257701507441408
0.0056414760131965535
0.007216299395682423
0.008981343003814883
0.01091192196157059
0.012959165437001844
0.015052631356295131
0.017105911185913206
0.019024702037219218
0.020716329520922828
0.022099398152905955
0.023112194639662853
0.023718680482190512
0.023911331910167134
0.02371062191373934
0.023161478587131523
0.022327493811238736
0.02128392555052847
0.02011060653819146
0.018885753121459868
0.01768140206311752
0.016560847887854436
0.015578069940486812
0.01477878246100262
0.014202459708632176
0.013884519360736517
0.013857819292754819
4.227316211286403E-5
4.225815106502552E-5
4.224312052330078E-5
4.2228070643807986E-5
4.221300158299656E-5
4.219791349764752E-5
4.218280654487327E-5
4.21676808821177E-5
4.2152536667156155E-5
4.213737405809552E-5
4.212219321337421E-5
4.210699429176221E-5
4.209177745236109E-5
4.207654285460416E-5
4.2061290658256404E-5
4.204602102341456E-5
4.203073411050715E-5
4.201543008029469E-5
4.200010909386963E-5
4.1984771312656455E-5
4.1969416898411766E-5
4.1954046013224445E-5
4.1938658819515575E-5
4.1923255480038714E-5
4.190783615787987E-5
4.189240101645769E-5
4.187695021952352E-5
4.186148393116152E-5
4.18460023157888E-5
4.183050553815555E-5
