4.945669226793673E-6
4.94576793666896E-6
4.945866630313692E-6
4.9459653077260565E-6
4.946063968904237E-6
4.946162613846421E-6
4.946261242550788E-6
4.946359855015537E-6
4.946458451238842E-6
4.946557031218898E-6
4.946655594953887E-6
4.9467541424419976E-6
4.9468526736814174E-6
4.946951188670329E-6
4.947049687406929E-6
4.947148169889394E-6
4.94724663611592E-6
4.947345086084686E-6
4.94744351979389E-6
4.947541937241716E-6
4.947640338426344E-6
4.9477387233459715E-6
4.94783709199879E-6
4.947935444382972E-6
4.948033780496726E-6
4.948132100338228E-6
4.948230403905668E-6
4.948328691197238E-6
4.94842696221113E-6
4.948525216945525E-6
4.9486234553986234E-6
4.948721677568598E-6
4.948819883453658E-6
4.94891807305198E-6
4.949016246361765E-6
4.949114403381187E-6
4.949212544108456E-6
4.949310668541743E-6
4.9494087766792595E-6
4.949506868519173E-6
4.9496049440596965E-6
4.949703003299003E-6
4.949801046235292E-6
4.949899072866763E-6
4.949997083191587E-6
4.950095077207977E-6
4.950193054914109E-6
4.9502910163081805E-6
4.950388961388392E-6
9.901169572557738E-6
0.039450780125108574
0.038117609042930045
0.03630977609236425
0.034116896796931015
0.031641801736868376
0.028991997346859675
0.026271723217401486
0.023575331489712043
0.020982454730552023
0.018555149816165108
0.016336950586187973
0.014353563163388542
0.012614811666482309
0.011117390667896587
0.009847994488789017
0.008786455174128798
0.007908610809317538
0.00718872486064049
0.006601370342751628
0.0061227698096264415
0.005731638564223544
0.005409613581278678
0.005141367002660679
0.004914504907577334
0.004719343952374749
0.004548644371137234
0.004397360489037372
0.004262450745509734
0.004142768601249725
0.004039033496917024
0.003953857478292255
0.003891779586448564
0.0038592396672944363
0.0038644105051178104
0.003916807540151094
0.004026613594560319
0.0042036941212196845
0.004456334319727662
0.0047897956545924275
0.005204853760834984
0.005696527651267543
0.006253227400958099
0.006856524380872256
0.00748168263880113
0.008098989491081933
0.008675803756800854
0.00917912297315519
0.00957837903803551
0.009848123581981437
0.009970270129390323
1.4345478193744894E-5
1.4345597546119021E-5
1.434571684505255E-5
1.4345836090542675E-5
1.4345955282586593E-5
1.4346074421181489E-5
1.434619350632457E-5
1.4346312538013034E-5
1.4346431516244067E-5
1.434655044101487E-5
1.4346669312322648E-5
1.4346788130164593E-5
1.4346906894537909E-5
1.4347025605439798E-5
1.4347144262867448E-5
1.4347262866818084E-5
1.4347381417288876E-5
1.4347499914277057E-5
1.4347618357779821E-5
1.434773674779437E-5
1.43478550843179E-5
1.4347973367347645E-5
1.4348091596880778E-5
1.4348209772914526E-5
1.43483278954461E-5
1.434844596447269E-5
1.4348563979991511E-5
1.4348681941999794E-5
1.4348799850494725E-5
1.434891770547352E-5
1.4349035506933405E-5
1.4349153254871573E-5
1.4349270949285248E-5
1.4349388590171642E-5
1.4349506177527969E-5
1.4349623711351458E-5
1.4349741191639298E-5
1.4349858618388727E-5
1.4349975991596944E-5
1.43500933112612E-5
1.4350210577378673E-5
1.4350327789946604E-5
1.4350444948962213E-5
1.4350562054422725E-5
1.4350679106325346E-5
1.4350796104667301E-5
1.435091304944584E-5
1.4351029940658157E-5
1.4351146778301458E-5
2.8702760478579927E-5
0.0010932026613496293
0.0021069341187751477
0.003003328452985302
0.0037554066135912028
0.004348478657409216
0.004780102400674623
0.005058782966761002
0.005201742245758769
0.0052321605131264845
0.005176294289495661
0.005060817522416191
0.004910637720395454
0.00474732756280888
0.004588206222794035
0.004446018153284909
0.004329098535297137
0.004241885574168222
0.004185636889268041
0.0041592238659671965
0.004159906485752085
0.004184024857886642
0.0042275770387010855
0.004286682212412544
0.004357952010711643
0.004438809736274215
0.004527806792910282
0.004624986529407806
0.004732336118584376
0.004854344893904074
0.004998651463332083
0.005176713067313385
0.005404374281543607
0.005702158561392326
0.0060950701109784905
0.006611692080361637
0.007282414895347477
0.00813673278856297
0.009199702055830164
0.010487840909724199
0.012004934008457003
0.013738342780014226
0.015656474932334977
0.017708004737763728
0.0198232531414966
0.021917853249013915
0.0238984868561724
0.025670142460549192
0.0271440791166056
0.028245536882210355
0.028920243316472884
6.07252282691069E-8
1.7772137780116542E-7
3.444055536525488E-7
5.526794351056441E-7
7.936214134536167E-7
1.058176293708291E-6
1.3377715627784238E-6
1.6248077967508344E-6
1.912993480171061E-6
2.197517310135287E-6
2.475070636620616E-6
2.7437468783210696E-6
3.0028526679949347E-6
3.2526673967759424E-6
3.494184862362937E-6
3.7288644597338875E-6
3.958411453171195E-6
4.184597806927014E-6
4.409127932792835E-6
4.63354821417133E-6
4.8591955727088315E-6
5.087178634723101E-6
5.3183850109904765E-6
5.553509497757094E-6
5.793100259535057E-6
6.037622844336916E-6
6.287544721648425E-6
6.5434453297933475E-6
6.806157659429981E-6
7.07694639779919E-6
7.357723893322243E-6
7.65129824771929E-6
7.961637859661375E-6
8.294124725321146E-6
8.655756700492255E-6
9.055249533424204E-6
9.502985980278332E-6
1.0010764610705767E-5
1.0591316745622177E-5
1.125758616382706E-5
1.2021800212988306E-5
1.289439791166353E-5
1.3882914080283979E-5
1.4990941662176688E-5
1.6217301482077656E-5
1.7555536551442074E-5
1.8993816933438488E-5
2.0515295039083045E-5
2.2098896967547313E-5
2.372048174462635E-5
