1.0067281400162648E-6
1.0066653266460668E-6
1.0066025222926491E-6
1.00653972695548E-6
1.0064769406340296E-6
1.006414163327766E-6
1.0063513950361588E-6
1.006288635758677E-6
1.0062258854947888E-6
1.0061631442439621E-6
1.0061004120056675E-6
1.0060376887793714E-6
1.0059749745645448E-6
1.0059122693606526E-6
1.0058495731671657E-6
1.005786885983551E-6
1.0057242078092773E-6
1.005661538643812E-6
1.0055988784866241E-6
1.00553622733718E-6
1.005473585194949E-6
1.0054109520593978E-6
1.0053483279299941E-6
1.0052857128062057E-6
1.0052231066874999E-6
1.0051605095733434E-6
1.0050979214632054E-6
1.0050353423565503E-6
1.0049727722528474E-6
1.0049102111515632E-6
1.0048476590521644E-6
1.0047851159541185E-6
1.0047225818568915E-6
1.00466005675995E-6
1.0045975406627618E-6
1.004535033564793E-6
1.0044725354655089E-6
1.0044100463643774E-6
1.0043475662608635E-6
1.0042850951544362E-6
1.0042226330445587E-6
1.0041601799306969E-6
1.0040977358123192E-6
1.0040353006888902E-6
1.0039728745598743E-6
1.0039104574247406E-6
1.003848049282951E-6
1.0037856501339744E-6
1.003723259977276E-6
1.0036608788123173E-6
1.003598506638568E-6
1.0035361434554923E-6
1.0034737892625539E-6
1.0034114440592195E-6
1.0033491078449545E-6
1.0032867806192212E-6
1.0032244623814865E-6
1.0031621531312156E-6
1.0030998528678728E-6
2.005950576569227E-6
0.008897927268229716
0.00828262337027461
0.007796225271700063
0.007407587344963188
0.007091739314331095
0.006829232239049212
0.0066053119501530855
0.00640905467840188
0.006232553015300221
0.006070201662398657
0.005918103402237839
0.00577359612223305
0.005634890176084386
0.005500800110612224
0.005370554156390599
0.005243667599305555
0.0051198713852948115
0.004999094518712294
0.004881507365471079
0.0047676416082420535
0.004658608896086894
0.00455644033815675
0.004464558063110775
0.004388363647611971
0.004335884593168807
0.004318362969725792
0.004350611116611382
0.004450916546379633
0.004640274615344261
0.0049407831838756315
0.005373157396172665
0.005953505334149721
0.006689715493070662
0.007577995848468923
0.008600216122421487
0.009722693365668262
0.010896905019344679
0.012062327657352588
0.013151234177692232
0.014094913404695899
0.014830486554590929
0.015307352215599718
0.015492329549021711
0.015372780476126394
0.014957328720265733
0.01427418384815153
0.013367442185944036
0.012292006336086144
0.011107900155261178
0.00987474806779018
0.008647057834621295
0.007470736238767011
0.006381027578895564
0.005401841622053697
0.0045462645934158784
0.0038179412540656796
0.0032129794548258293
0.002722049689536049
0.002332412943261037
0.002029690580206008
3.101937086750864E-6
3.101811885433853E-6
3.1016867019914163E-6
3.101561536421956E-6
3.1014363887238743E-6
3.101311258895573E-6
3.101186146935452E-6
3.1010610528419143E-6
3.1009359766133606E-6
3.1008109182481947E-6
3.1006858777448153E-6
3.1005608551016228E-6
3.1004358503170235E-6
3.100310863389413E-6
3.100185894317197E-6
3.100060943098773E-6
3.099936009732543E-6
3.0998110942169092E-6
3.099686196550271E-6
3.0995613167310316E-6
3.0994364547575886E-6
3.0993116106283457E-6
3.0991867843417E-6
3.0990619758960566E-6
3.09893718528981E-6
3.0988124125213674E-6
3.098687657589126E-6
3.098562920491483E-6
3.0984382012268446E-6
3.0983134997936076E-6
3.0981888161901732E-6
3.09806415041494E-6
3.0979395024663102E-6
3.0978148723426832E-6
3.097690260042456E-6
3.097565665564032E-6
3.0974410889058113E-6
3.0973165300661876E-6
3.0971919890435708E-6
3.0970674658363514E-6
3.0969429604429338E-6
3.0968184728617144E-6
3.0966940030910966E-6
3.096569551129477E-6
3.096445116975254E-6
3.0963207006268294E-6
3.0961963020825993E-6
3.0960719213409667E-6
3.095947558400326E-6
3.0958232132590806E-6
3.09569888591563E-6
3.0955745763683663E-6
3.095450284615696E-6
3.095326010656011E-6
3.095201754487717E-6
3.095077516109208E-6
3.0949532955188823E-6
3.0948290927151445E-6
3.094704907696384E-6
6.188913217571961E-6
1.971100601074087E-4
3.7487058254900103E-4
5.398301317591673E-4
6.963200500371788E-4
8.470392570959031E-4
9.935478908201063E-4
0.0011366560272037139
0.001276711453317286
0.0014138004052792878
0.001547879177770953
0.0016788545582571302
0.0018066289116366102
0.0019311228509779023
0.0020522858504619925
0.0021701037391380043
0.0022846125118925436
0.0023959309905802954
0.002504331000087626
0.002610372618962257
0.002715142022658845
0.002820636583630738
0.0029303398612680986
0.003050009794248767
0.0031886592446572757
0.0033596358992461876
0.0035816142090038167
0.003879213647504635
0.004282885402331049
0.004827700838441161
0.005550762923846471
0.006487161752426218
0.007664692701226928
0.009097900589743921
0.010782325987462982
0.012690019500168006
0.014767379760048037
0.016936124761326773
0.01909774571628356
0.021141198465119092
0.02295298280054635
0.02442827981687318
0.025481572770147967
0.026055225781712894
0.02612482675807585
0.025700641872582638
0.024825161577850224
0.023567312891432896
0.0220143591878188
0.020262738842026153
0.018409092117253265
0.016542524502269125
0.01473882095687115
0.013056939800244544
0.011537752456195134
0.010204711538444091
0.00906595398821547
0.008117281324912103
0.007345488462172344
0.00673160712461268
0.0062537576087832
2.5494292524677346E-5
2.549199367083093E-5
2.5489686338906653E-5
2.548737056314788E-5
2.548504637768864E-5
2.5482713816553417E-5
2.5480372913656965E-5
2.5478023702804075E-5
2.5475666217689457E-5
2.5473300491897544E-5
2.5470926558902244E-5
2.5468544452066846E-5
2.546615420464381E-5
2.546375584977464E-5
2.5461349420489653E-5
2.5458934949707924E-5
2.545651247023703E-5
2.5454082014772998E-5
2.5451643615900095E-5
2.544919730609069E-5
2.5446743117705168E-5
2.5444281082991784E-5
2.5441811234086518E-5
2.543933360301292E-5
2.543684822168205E-5
2.543435512189239E-5
2.5431854335329638E-5
2.5429345893566685E-5
2.5426829828063456E-5
2.5424306170166882E-5
2.5421774951110704E-5
2.5419236202015512E-5
2.541668995388853E-5
2.5414136237623638E-5
2.5411575084001237E-5
2.540900652368821E-5
2.54064305872378E-5
2.54038473050896E-5
2.540125670756946E-5
2.5398658824889456E-5
2.5396053687147805E-5
2.5393441324328826E-5
2.5390821766302903E-5
2.5388195042826438E-5
2.538556118354181E-5
2.538292021797731E-5
2.538027217554721E-5
2.5377617085551597E-5
2.5374954977176464E-5
2.5372285879493608E-5
2.5369609821460656E-5
2.536692683192107E-5
2.5364236939604096E-5
2.5361540173124793E-5
2.5358836560984006E-5
2.5356126131568358E-5
2.5353408913150295E-5
2.5350684933888065E-5
2.534795422182574E-5
2.5345216804893234E-5
