1.9815720292902464E-5
1.981546233167323E-5
1.9815204373255135E-5
1.9814946417694713E-5
1.981468846503852E-5
1.9814430515333124E-5
3.962782925619681E-5
0.12162863786271622
0.10305350544752533
0.08713359122650793
0.07287229174249982
0.060064730094515864
0.04898725735590875
0.03994901216590295
4.6786838248403275E-5
4.678700918055647E-5
4.678718034363437E-5
4.678735173769638E-5
4.6787523362801906E-5
4.67876952190103E-5
9.357607971262638E-5
0.024248858902160043
0.04448372060266138
0.06051014923790655
0.07232808835123977
0.08086025767576414
0.08773532636815089
0.09432192177498452
1.8430595824312963E-4
1.8429119098434192E-4
1.8427646584361242E-4
1.8426178743620808E-4
1.84247160432999E-4
1.842325895600896E-4
1.8421807959843132E-4
