4.1390948898474674E-8
8.281959221641194E-8
1.242858858624825E-7
1.6578978565141068E-7
2.0733124730420803E-7
2.489102264484082E-7
2.9052667861830167E-7
3.3218055925517346E-7
3.738718237075392E-7
4.1560042723139135E-7
4.573663249904352E-7
4.991694720563321E-7
5.410098234089467E-7
5.828873339365941E-7
6.24801958436277E-7
6.667536516139491E-7
7.087423680847548E-7
7.507680623732876E-7
7.92830688913841E-7
8.349302020506525E-7
8.770665560381857E-7
9.192397050413603E-7
9.614496031358277E-7
1.0036962043082317E-6
1.0459794624564617E-6
1.0882993313899132E-6
1.1306557648297813E-6
1.1730487164092915E-6
1.2154781396739962E-6
1.2579439880820186E-6
1.3004462150043481E-6
1.3429847737251026E-6
1.3855596174417995E-6
1.4281706992656376E-6
1.470817972221779E-6
1.5135013892496185E-6
1.5562209032030634E-6
1.598976466850833E-6
1.641768032876717E-6
1.6845955538798836E-6
1.7274589823751526E-6
1.7703582707932964E-6
1.8132933714813155E-6
1.8562642367027457E-6
1.8992708186379223E-6
1.9423130693843233E-6
1.9853909409568315E-6
2.0285043852880334E-6
2.0716533542285333E-6
2.1148377995472456E-6
2.1580576729317014E-6
2.2013129259883576E-6
2.244603510242886E-6
2.287929377140508E-6
2.3312904780462815E-6
2.374686764245425E-6
2.4181181869436247E-6
2.4615846972673627E-6
2.5050862462642055E-6
2.5486227849031587E-6
2.592194264074958E-6
2.6358006345923854E-6
2.679441847190638E-6
2.7231178525276064E-6
2.766828601184219E-6
2.8105740436647805E-6
2.8543541303972745E-6
2.898168811733725E-6
2.9420180379505116E-6
2.985901759248719E-6
3.0298199257544696E-6
3.073772487519227E-6
3.117759394520213E-6
3.161780596660691E-6
3.2058360437703213E-6
3.2499256856055094E-6
3.2940494718497622E-6
3.3382073521140365E-6
3.3823992759370777E-6
3.4266251927857944E-6
3.4708850520555883E-6
3.515178803070723E-6
3.5595063950846978E-6
3.603867777280601E-6
3.6482628987714447E-6
3.6926917086005623E-6
3.7371541557419697E-6
3.7816501891007035E-6
3.82617975751325E-6
3.870742809747869E-6
3.9153392945049765E-6
3.959969160417535E-6
4.00463235605141E-6
4.04932882990577E-6
4.094058530413463E-6
4.138821405941399E-6
4.18361740479091E-6
4.228446475198207E-6
4.273308565334685E-6
4.318203623307372E-6
4.363131597159274E-6
4.408092434869843E-6
4.453086084355316E-6
4.498112493469127E-6
4.543171610002301E-6
4.588263381683882E-6
4.6333877561813434E-6
4.678544681100917E-6
4.72373410398814E-6
4.768955972328123E-6
4.8142102335460616E-6
4.859496835007611E-6
4.9048157240192995E-6
4.950166847828989E-6
4.995550153626277E-6
5.040965588542856E-6
5.086413099653093E-6
5.131892633974248E-6
5.177404138467063E-6
5.222947560036216E-6
5.2685228455306155E-6
5.314129941743907E-6
5.359768795414946E-6
5.405439353228214E-6
5.451141561814234E-6
5.496875367750036E-6
5.542640717559619E-6
5.588437557714428E-6
5.634265834633704E-6
5.680125494685022E-6
5.726016484184761E-6
5.7719387493984464E-6
5.817892236541397E-6
5.8638768917790315E-6
5.909892661227351E-6
5.955939490953526E-6
6.002017326976218E-6
6.0481261152661425E-6
6.0942658017465335E-6
6.14043633229357E-6
6.186637652736863E-6
6.232869708860067E-6
6.279132446401191E-6
6.325425811053136E-6
6.371749748464241E-6
6.4181042042387235E-6
6.464489123937192E-6
6.510904453077113E-6
6.557350137133308E-6
6.603826121538531E-6
6.650332351683897E-6
6.696868772919351E-6
6.743435330554316E-6
6.790031969858043E-6
6.8366586360602465E-6
6.883315274351533E-6
6.93000182988397E-6
6.976718247771564E-6
7.023464473090849E-6
7.070240450881337E-6
7.117046126146094E-6
7.163881443852236E-6
7.210746348931464E-6
7.257640786280669E-6
7.304564700762345E-6
7.351518037205224E-6
7.398500740404819E-6
7.44551275512387E-6
7.492554026093003E-6
7.5396244980112E-6
7.5867241155463905E-6
7.633852823336083E-6
7.681010565987746E-6
7.728197288079456E-6
7.775412934160489E-6
7.822657448751895E-6
7.869930776346993E-6
7.917232861411986E-6
7.96456364838652E-6
8.011923081684254E-6
8.05931110569348E-6
8.10672766477764E-6
8.154172703275971E-6
8.201646165503997E-6
8.249147995754261E-6
8.296678138296797E-6
8.34423653737974E-6
8.391823137230004E-6
8.439437882053726E-6
8.487080716037016E-6
8.534751583346528E-6
8.58245042813003E-6
8.63017719451697E-6
8.677931826619215E-6
8.725714268531576E-6
8.773524464332436E-6
8.82136235808438E-6
8.869227893834838E-6
8.917121015616688E-6
8.965041667448825E-6
9.012989793336945E-6
9.060965337274048E-6
9.10896824324113E-6
9.15699845520777E-6
9.205055917132838E-6
9.253140572965116E-6
9.30125236664393E-6
9.349391242099793E-6
9.397557143255129E-6
9.445750014024789E-6
9.493969798316909E-6
9.542216440033405E-6
9.590489883070658E-6
9.638790071320251E-6
9.68711694866962E-6
9.735470459002683E-6
9.783850546200568E-6
9.832257154142225E-6
9.88069022670523E-6
9.929149707766269E-6
9.977635541202044E-6
1.0026147670889822E-5
1.0074686040708219E-5
1.0123250594537767E-5
1.0171841276261744E-5
1.0220458029766786E-5
1.0269100798943691E-5
1.0317769527688018E-5
1.0366464159900824E-5
1.0415184639489385E-5
1.0463930910368076E-5
1.0512702916458735E-5
1.0561500601691872E-5
1.0610323910007165E-5
1.0659172785355125E-5
1.0708047171699486E-5
1.0756947013024149E-5
1.0805872253352745E-5
1.085482283680698E-5
1.0903798707779564E-5
1.0952799811438634E-5
1.1001826095168632E-5
1.1050877512597868E-5
1.10999540345961E-5
1.1149055678585499E-5
1.1198182584726249E-5
1.1247335208845293E-5
1.1296514797939893E-5
1.1345724529457767E-5
1.1394972161315733E-5
1.1444276006936401E-5
1.1493677970624685E-5
1.1543271005261033E-5
1.1593254807922552E-5
1.1644044252539247E-5
1.169647113934974E-5
1.1752140835202504E-5
1.1814026196881733E-5
1.1887387051902339E-5
1.1981063038834658E-5
1.210897397374488E-5
1.2291597932101767E-5
1.255634949859315E-5
1.2934834716892186E-5
1.3454143982624997E-5
1.4118195883863433E-5
1.487583879228705E-5
1.558233287224215E-5
1.6010483361299988E-5
1.607638441539387E-5
1.6142327551643705E-5
1.620831270932638E-5
1.6274339827703473E-5
1.634040884602163E-5
1.640651970351353E-5
1.6431281390499906E-5
1.6456047100666184E-5
1.648081681729832E-5
1.6505590523764835E-5
1.653036820351731E-5
1.6555149840091E-5
1.6579935417105287E-5
1.6604724918264104E-5
1.662951832735645E-5
1.665431562825675E-5
1.6679116804925636E-5
1.6703921841410168E-5
1.672873072184435E-5
1.6753543430449752E-5
1.677835995153594E-5
1.6803180269500738E-5
1.682800436883118E-5
1.6852832234103576E-5
1.6877663849984306E-5
1.6902499201230166E-5
1.6927338272688688E-5
1.695218104929914E-5
1.697702751609252E-5
1.7001877658192303E-5
1.7026731460815013E-5
1.7051588909270463E-5
1.7076449988962373E-5
1.7101314685389157E-5
1.7126182984143956E-5
1.7151054870915583E-5
1.7175930331488605E-5
1.720080935174424E-5
1.722569191766067E-5
1.725057801531359E-5
1.7275467630876716E-5
1.7300360750622426E-5
1.7325257360922098E-5
1.7350157448246618E-5
1.737506099916727E-5
1.739996800035565E-5
1.742487843858478E-5
1.7449792300729268E-5
1.7474709573766016E-5
1.749963024477466E-5
1.7524554300938178E-5
1.7549481729543203E-5
1.7574412517980985E-5
1.7599346653747573E-5
1.7624284124444488E-5
1.76492249177792E-5
1.767416902156577E-5
1.7699116423725296E-5
1.7724067112286596E-5
1.7749021075386498E-5
1.777397830127076E-5
1.7798938778294262E-5
1.7823902494921872E-5
1.7848869439728687E-5
1.7873839601401014E-5
1.789881296873637E-5
1.792378953064466E-5
1.7948769276148247E-5
1.797375219438269E-5
1.7998738274597465E-5
1.802372750615635E-5
1.804871987853806E-5
1.807371538133685E-5
1.8098714004262997E-5
1.81237157371435E-5
1.814872056992257E-5
1.8173728492662333E-5
1.8198739495543306E-5
1.8223753568864886E-5
1.824877070304629E-5
1.827379088862689E-5
1.8298814116266754E-5
1.8323840376747382E-5
1.8348869660972306E-5
1.837390195996767E-5
1.8398937264882777E-5
1.8423975566990804E-5
1.844901685768928E-5
1.8474061128500793E-5
1.8499108371073617E-5
1.8524158577182395E-5
1.8549211738728454E-5
1.8574267847740758E-5
1.859932689637648E-5
1.86243888769213E-5
1.8649453781790617E-5
1.8674521603529745E-5
1.869959233481458E-5
1.8724665968452496E-5
1.874974249738259E-5
1.87748219146768E-5
1.8799904213540073E-5
1.882498938731151E-5
1.885007742946443E-5
1.8875168333607658E-5
1.8900262093485643E-5
1.8925358702979482E-5
1.8950458156107247E-5
1.897556044702512E-5
1.9000665570027617E-5
1.9025773519548522E-5
1.9050884290161297E-5
1.9075997876580042E-5
1.9101114273660215E-5
1.912623347639878E-5
1.9151355479935693E-5
1.917648027955379E-5
1.920160787068008E-5
1.922673824888608E-5
1.925187140988865E-5
1.9277007349550793E-5
1.9302146063882173E-5
1.9327287549039748E-5
1.935243180132892E-5
1.9377578817203685E-5
1.9402728593267392E-5
1.942788112627432E-5
1.945303641312918E-5
1.9478194450888495E-5
1.950335523676136E-5
1.9528518768109955E-5
1.9553685042450216E-5
1.95788540574529E-5
1.9604025810943966E-5
1.9629200300905614E-5
1.965437752547679E-5
1.967955748295389E-5
1.9704740171791872E-5
1.972992559060439E-5
1.9755113738165373E-5
1.9780304613409038E-5
1.980549821543086E-5
1.9830694543488675E-5
1.985589359700292E-5
1.9881095375557703E-5
1.990629987890169E-5
1.9931507106948477E-5
1.995671705977749E-5
1.9981929737635293E-5
2.0007145140935576E-5
2.003236327026036E-5
2.0057584126360696E-5
2.0082807710157545E-5
2.0108034022742585E-5
2.0133263065378676E-5
2.0158494839500938E-5
2.018372934671762E-5
2.0208966588810826E-5
2.0234206567736996E-5
2.0259449285628372E-5
2.0284694744793176E-5
2.030994294771679E-5
2.0335193897062344E-5
2.0360447595671798E-5
2.0385704046566468E-5
2.041096325294808E-5
2.0436225218199486E-5
2.046148994588557E-5
2.0486757439753893E-5
2.0512027703735684E-5
2.0537300741946873E-5
2.0562576558688342E-5
2.0587855158447396E-5
2.06131365458983E-5
2.0638420725903106E-5
2.0663707703512595E-5
2.0688997483967006E-5
2.0714290072696974E-5
2.07395854753247E-5
2.076488369766426E-5
2.0790184745722537E-5
2.0815488625700505E-5
2.084079534399379E-5
2.08661049071936E-5
2.089141732208758E-5
2.0916732595660694E-5
2.0942050735096023E-5
2.0967371747775854E-5
2.0992695641282318E-5
2.1018022423398514E-5
2.1043352102109006E-5
2.1068684685601336E-5
2.109402018226625E-5
2.1119358600698932E-5
2.1144699949700115E-5
2.117004423827629E-5
2.1195391475641234E-5
2.1220741671216748E-5
2.1246094834633605E-5
2.1271450975732036E-5
2.129681010456321E-5
2.1322172231389856E-5
2.1347537366687224E-5
2.1372905521143923E-5
2.1398276705662924E-5
2.142365093136256E-5
2.1449028209577172E-5
2.147440855185819E-5
2.1499791969975327E-5
2.1525178475916962E-5
2.1550568081891463E-5
2.157596080032793E-5
2.1601356643877247E-5
2.16267556254129E-5
2.165215775803206E-5
2.1677563055056324E-5
2.1702971530032675E-5
2.1728383196734773E-5
2.1753798069163404E-5
2.1779216161547652E-5
2.180463748834577E-5
2.183006206424643E-5
2.1855489904169112E-5
2.1880921023265596E-5
2.1906355436920432E-5
2.1931793160752528E-5
2.195723421061514E-5
2.1982678602597882E-5
2.200812635302698E-5
2.2033577478466505E-5
2.205903199571912E-5
2.2084489921827405E-5
2.2109951274074335E-5
2.2135416069984805E-5
2.216088432732606E-5
2.2186356064108923E-5
2.221183129858862E-5
2.2237310049266206E-5
2.2262792334888758E-5
2.228827817445115E-5
2.231376758719652E-5
2.233926059261802E-5
2.236475721046092E-5
2.2390257460727553E-5
2.2415761363691343E-5
2.2441268939937968E-5
2.2466780210490024E-5
2.2492295197177376E-5
2.25178139237216E-5
2.254333641884223E-5
2.2568862724959517E-5
2.2594392922013523E-5
2.2619927191091403E-5
2.2645465980180922E-5
2.2671010424847665E-5
2.2696563387307327E-5
2.2722131951231622E-5
2.274773323652378E-5
2.2773407535157605E-5
2.279924702014514E-5
2.2825456316573282E-5
2.2852475540471785E-5
2.288122012331145E-5
2.291352741419667E-5
2.2952946512530723E-5
2.3006053453023478E-5
2.308455741384458E-5
2.320790614426841E-5
2.3406783262552767E-5
2.3726454650005462E-5
2.422717314476426E-5
2.497790067547783E-5
2.603589179024599E-5
2.7396905677202864E-5
2.8878919388331495E-5
2.9931598814857145E-5
2.996610800738627E-5
3.000062303856705E-5
3.003514392200579E-5
3.0069670671550247E-5
3.0104203301290067E-5
3.0138741825558137E-5
3.0173286258930613E-5
3.020783661622864E-5
3.0242392912518655E-5
3.027695516311369E-5
3.0311523383573533E-5
3.034609758970626E-5
3.0380677797568902E-5
3.041526402346839E-5
3.0449856283961952E-5
3.0484454595858442E-5
3.051905897621938E-5
3.055366944235938E-5
3.0588286011847235E-5
3.062290870250671E-5
3.065753753241779E-5
3.069217251991683E-5
3.072681368359848E-5
3.076146104231575E-5
3.079611461518126E-5
3.083077442156828E-5
3.08654404811112E-5
3.0900112813707146E-5
3.093479143951619E-5
3.096947637896288E-5
3.100416765273703E-5
3.103886528179448E-5
3.107356928735793E-5
3.110827969091869E-5
3.114299651423704E-5
3.117771977934309E-5
3.121244950853818E-5
3.124718572439584E-5
3.1281928449762466E-5
3.131667770775872E-5
3.135143352178045E-5
3.138619591549955E-5
3.142096491286544E-5
3.1455740538105415E-5
3.149052281572657E-5
3.1525311770515946E-5
3.156010742754261E-5
3.1594909812157886E-5
3.1629718949997055E-5
3.1664534866979985E-5
3.169935758931271E-5
3.173418714348806E-5
3.17690235562872E-5
3.1803866854780855E-5
3.183871706633009E-5
3.187357421858741E-5
3.19084383394987E-5
3.19433094573033E-5
3.197818760053642E-5
3.201307279802895E-5
3.2047965078910063E-5
3.208286447260762E-5
3.211777100884938E-5
3.21526847176646E-5
3.218760562938538E-5
3.222253377464717E-5
3.2257469184390944E-5
3.2292411889864035E-5
3.232736192262121E-5
3.23623193145265E-5
3.2397284097754147E-5
3.243225630479E-5
3.2467235968433066E-5
3.250222312179624E-5
3.253721779830824E-5
3.257222003171497E-5
3.260722985608041E-5
3.264224730578846E-5
3.267727241554388E-5
3.2712305220373974E-5
3.2747345755630415E-5
3.2782394056989505E-5
3.281745016045457E-5
3.285251410235725E-5
3.2887585919358427E-5
3.292266564845028E-5
3.295775332695732E-5
3.299284899253823E-5
3.302795268318658E-5
3.306306443723337E-5
3.309818429334785E-5
3.313331229053904E-5
3.316844846815723E-5
3.3203592865895856E-5
3.323874552379238E-5
3.327390648223056E-5
3.330907578194151E-5
3.334425346400513E-5
3.337943956985225E-5
3.34146341412652E-5
3.344983722038077E-5
3.3485048849690035E-5
3.352026907204193E-5
3.355549793064274E-5
3.359073546905955E-5
3.362598173122048E-5
3.3661236761417284E-5
3.369650060430585E-5
3.373177330490912E-5
3.376705490861784E-5
3.380234546119226E-5
3.3837645008764114E-5
3.387295359783786E-5
3.390827127529294E-5
3.3943598088384276E-5
3.397893408474561E-5
3.4014279312389356E-5
3.40496338197098E-5
3.4084997655483604E-5
3.412037086887204E-5
3.41557535094231E-5
3.419114562707223E-5
3.422654727214441E-5
3.426195849535645E-5
3.4297379347817895E-5
3.4332809881032344E-5
3.436825014690102E-5
3.440370019772247E-5
3.443916008619507E-5
3.447462986541923E-5
3.451010958889814E-5
3.4545599310540155E-5
3.458109908466045E-5
3.4616608965982345E-5
3.465212900963986E-5
3.468765927117855E-5
3.472319980655765E-5
3.475875067215193E-5
3.4794311924752947E-5
3.482988362157165E-5
3.486546582023927E-5
3.4901058578809396E-5
3.493666195576E-5
3.497227600999452E-5
3.500790080084425E-5
3.504353638807001E-5
3.507918283186344E-5
3.511484019284892E-5
3.5150508532086E-5
3.518618791107023E-5
3.52218783917353E-5
3.525758003645483E-5
3.5293292908044054E-5
3.5329017069761864E-5
3.536475258531201E-5
3.5400499518844995E-5
3.5436257934960294E-5
3.547202789870779E-5
3.550780947558918E-5
3.554360273156065E-5
3.55794077330334E-5
3.561522454687662E-5
3.565105324041809E-5
3.5686893881447E-5
3.572274653821471E-5
3.575861127943722E-5
3.579448817429677E-5
3.583037729244295E-5
3.586627870399558E-5
3.590219247954512E-5
3.5938118690155774E-5
3.5974057407365894E-5
3.601000870319044E-5
3.6045972650123066E-5
3.60819493211367E-5
3.6117938789686315E-5
3.615394112970987E-5
3.618995641563047E-5
3.622598472235832E-5
3.6262026125291925E-5
3.629808070031931E-5
3.6334148523821024E-5
3.637022967267075E-5
3.6406324224237576E-5
3.644243225638723E-5
3.64785538474841E-5
3.651468907639255E-5
3.6550838022479E-5
3.658700076561322E-5
3.662317738617005E-5
3.665936796503127E-5
3.6695572583586956E-5
3.67317913237374E-5
3.676802426789402E-5
3.68042714989823E-5
3.684053310044188E-5
3.687680915622931E-5
3.691309975081893E-5
3.6949404969205476E-5
3.6985724896903645E-5
3.7022059619952014E-5
3.705840922491327E-5
3.709477379887612E-5
3.713115342945651E-5
3.716754820479966E-5
3.7203958213581435E-5
3.724038354500972E-5
3.7276824288825795E-5
3.731328053530673E-5
3.7349752375265745E-5
3.738623990005461E-5
3.742274320156428E-5
3.745926237222727E-5
3.7495797505018315E-5
3.7532348693456724E-5
3.756891603160689E-5
3.760549961408022E-5
3.764209953603676E-5
3.7678715893186326E-5
3.7715348781789725E-5
3.7751998298660634E-5
3.778866454116689E-5
3.782534760723157E-5
3.786204759533451E-5
3.7898764604513725E-5
3.79354987343673E-5
3.7972250085053254E-5
3.8009018757292596E-5
3.804580485236959E-5
3.8082608472133585E-5
3.811942971899951E-5
3.815626869595042E-5
3.819312550653773E-5
3.823000025488307E-5
3.8266893045679164E-5
3.8303803984191284E-5
3.834073317625844E-5
3.837768072829494E-5
3.841464674729074E-5
3.845163134081377E-5
3.848863461701023E-5
3.8525656684606454E-5
3.856269765291048E-5
3.859975763181507E-5
3.863683673180568E-5
3.867393506398093E-5
3.871105274012005E-5
3.874818987288464E-5
3.878534657643622E-5
3.88225229682678E-5
3.8859719174541E-5
3.8896935345274176E-5
3.893417169655613E-5
3.897142862503402E-5
3.900870701061593E-5
3.904600899598099E-5
3.908333993959503E-5
3.912071317070614E-5
3.915816122412218E-5
3.9195761560074314E-5
3.923369351081649E-5
3.9272359959192776E-5
3.931263757578703E-5
3.93563704821788E-5
3.940730042958282E-5
3.947273096029416E-5
3.9566537159663796E-5
3.971300713795408E-5
3.995311052450062E-5
4.035265635544928E-5
4.100908824146544E-5
4.2053026409044E-5
4.3632941393938767E-5
4.5848012566437E-5
4.851061401978399E-5
5.059154935386356E-5
5.0639847214380405E-5
5.068816517609326E-5
5.073650334065422E-5
5.078486181024542E-5
5.083324068757819E-5
5.0881640075895474E-5
5.093006007897068E-5
5.097850080111078E-5
5.102696234715599E-5
5.107544482248258E-5
5.112394833300257E-5
5.117247298516687E-5
5.122101888596648E-5
5.126958614293481E-5
5.131817486414831E-5
5.136678515822998E-5
5.141541713435178E-5
5.1464070902235554E-5
5.151274657215706E-5
5.15614442549471E-5
5.1610164061995653E-5
5.1658906105252996E-5
5.170767049723439E-5
5.175645735102166E-5
5.180526678026696E-5
5.185409889919577E-5
5.190295382260964E-5
5.195183166589064E-5
5.200073254500346E-5
5.204965657649993E-5
5.2098603877522275E-5
5.2147574565806385E-5
5.2196568759685406E-5
5.2245586578094615E-5
5.229462814057462E-5
5.234369356727468E-5
5.239278297895714E-5
5.244189649700215E-5
5.2491034243410756E-5
5.254019634080891E-5
5.2589382912453014E-5
5.2638594082232714E-5
5.26878299746762E-5
5.273709071495331E-5
5.2786376428882035E-5
5.283568724293019E-5
5.288502328422203E-5
5.293438468054198E-5
5.298377156033907E-5
5.3033184052731625E-5
5.308262228751188E-5
5.313208639515039E-5
5.318157650680092E-5
5.323109275430544E-5
5.3280635270197895E-5
5.3330204187709614E-5
5.337979964077419E-5
5.342942176403143E-5
5.347907069283344E-5
5.3528746563247474E-5
5.3578449512062726E-5
5.362817967679427E-5
5.367793719568742E-5
5.372772220772303E-5
5.377753485262339E-5
5.3827375270854185E-5
5.387724360363271E-5
5.392713999293049E-5
5.397706458147877E-5
5.402701751277346E-5
5.4076998931079905E-5
5.4127008981437324E-5
5.417704780966469E-5
5.4227115562364434E-5
5.427721238692723E-5
5.432733843153812E-5
5.4377493845179985E-5
5.442767877763855E-5
5.4477893379507776E-5
5.4528137802193413E-5
5.45784121979197E-5
5.462871671973189E-5
5.467905152150209E-5
5.4729416757934035E-5
5.477981258456713E-5
5.483023915778187E-5
5.4880696634803435E-5
5.493118517370723E-5
5.4981704933422536E-5
5.503225607373838E-5
5.508283875530658E-5
5.5133453139646644E-5
5.5184099389150934E-5
5.523477766708817E-5
5.5285488137608165E-5
5.5336230965746305E-5
5.538700631742775E-5
5.5437814359471734E-5
5.548865525959565E-5
5.5539529186418994E-5
5.559043630946914E-5
5.564137679918235E-5
5.569235082691207E-5
5.574335856492826E-5
5.579440018642583E-5
5.584547586552539E-5
5.58965857772791E-5
5.5947730097672936E-5
5.59989090036324E-5
5.6050122673025025E-5
5.6101371284664184E-5
5.615265501831373E-5
5.620397405469032E-5
5.625532857546831E-5
5.630671876328199E-5
5.6358144801730913E-5
5.64096068753812E-5
5.646110516977114E-5
5.651263987141276E-5
5.656421116779563E-5
5.661581924739143E-5
5.666746429965552E-5
5.671914651503033E-5
5.67708660849499E-5
5.682262320184134E-5
5.687441805912757E-5
5.692625085123287E-5
5.697812177358308E-5
5.703003102260916E-5
5.708197879575079E-5
5.7133965291458335E-5
5.7185990709195876E-5
5.72380552494435E-5
5.729015911369979E-5
5.734230250448574E-5
5.7394485625345004E-5
5.744670868084787E-5
5.7498971876593225E-5
5.755127541920993E-5
5.7603619516361046E-5
5.76560043767441E-5
5.7708430210093885E-5
5.776089722718489E-5
5.7813405639832525E-5
5.786595566089531E-5
5.7918547504277684E-5
5.797118138493022E-5
5.802385751885202E-5
5.8076576123093315E-5
5.8129337415755857E-5
5.818214161599447E-5
5.823498894402008E-5
5.828787962109862E-5
5.83408138695557E-5
5.839379191277462E-5
5.8446813975199305E-5
5.849988028233551E-5
5.8552991060752295E-5
5.8606146538081393E-5
5.8659346943020105E-5
5.8712592505331314E-5
5.876588345584458E-5
5.88192200264567E-5
5.8872602450132886E-5
5.892603096090717E-5
5.897950579388294E-5
5.9033027185233945E-5
5.908659537220401E-5
5.9140210593108754E-5
5.919387308733448E-5
5.9247583095339655E-5
5.930134085865457E-5
5.93551466198813E-5
5.940900062269487E-5
5.946290311184217E-5
5.9516854333142456E-5
5.957085453348723E-5
5.962490396084003E-5
5.967900286423657E-5
5.9733151493784794E-5
5.9787350100662445E-5
5.9841598937119544E-5
5.989589825647624E-5
5.995024831312252E-5
6.000464936251836E-5
6.005910166119233E-5
6.0113605466740396E-5
6.016816103782708E-5
6.02227686341827E-5
6.0277428516603555E-5
6.033214094695027E-5
6.038690618814798E-5
6.044172450418392E-5
6.049659616010607E-5
6.0551521422024885E-5
6.060650055710781E-5
6.06615338335808E-5
6.071662152072666E-5
6.077176388888306E-5
6.082696120944001E-5
6.088221375484063E-5
6.0937521798577785E-5
6.0992885615193574E-5
6.104830548027636E-5
6.110378167045929E-5
6.115931446341953E-5
6.12149041378753E-5
6.127055097358334E-5
6.1326255251339E-5
6.138201725297177E-5
6.143783726134514E-5
6.149371556035232E-5
6.154965243491586E-5
6.160564817098401E-5
6.16617030555293E-5
6.171781737654552E-5
6.177399142304497E-5
6.183022548505692E-5
6.188651985362407E-5
6.19428748207998E-5
6.199929067964617E-5
6.205576772423086E-5
6.211230624962399E-5
6.21689065518953E-5
6.222556892811157E-5
6.22822936763341E-5
6.233908109561328E-5
6.239593148598858E-5
6.245284514848333E-5
6.250982238510245E-5
6.25668634988279E-5
6.262396879361753E-5
6.268113857439938E-5
6.273837314707018E-5
6.27956728184899E-5
6.285303789648008E-5
6.29104686898187E-5
6.296796550823836E-5
6.30255286624198E-5
6.30831584639918E-5
6.314085522552367E-5
6.319861926052376E-5
6.325645088343553E-5
6.331435040963341E-5
6.337231815542354E-5
6.343035443804695E-5
6.348845957570965E-5
6.354663388767964E-5
6.360487769461115E-5
6.366319131954953E-5
6.372157509098953E-5
6.378002935193918E-5
6.383855448615672E-5
6.389715099226322E-5
6.395581968795904E-5
6.401456225842233E-5
6.407338269017425E-5
6.413229091746671E-5
6.419131183048106E-5
6.425050686468356E-5
6.431002411789687E-5
6.43702108309792E-5
6.443185692579694E-5
6.449670234053226E-5
6.456845050632931E-5
6.465470138929679E-5
6.477087162047072E-5
6.494516458161914E-5
6.522803548091894E-5
6.570667030052564E-5
6.652130750707957E-5
6.788090734983976E-5
7.006282620268155E-5
7.333438845347869E-5
7.755215840999536E-5
8.105487442112076E-5
8.112619672239015E-5
8.119758691923899E-5
8.12690453022733E-5
8.134057216277226E-5
8.141216779274855E-5
8.148383248500901E-5
8.155556653321199E-5
8.162737023192695E-5
8.169924387668827E-5
8.177118776405332E-5
8.184320219165313E-5
8.191528745824707E-5
8.198744386377385E-5
8.205967170940367E-5
8.213197129758317E-5
8.220434293208776E-5
8.227678691806754E-5
8.23493035620919E-5
8.242189317219583E-5
8.249455605792263E-5
8.256729253036783E-5
8.26401029022186E-5
8.271298748779758E-5
8.278594660309943E-5
8.285898056583132E-5
8.293208969544917E-5
8.300527431319481E-5
8.307853474213208E-5
8.315187130717973E-5
8.322528433514727E-5
8.329877415476587E-5
8.337234109672088E-5
8.344598549368111E-5
8.351970768033208E-5
8.35935079934024E-5
8.366738677169128E-5
8.374134435609725E-5
8.381538108964489E-5
8.388949731750881E-5
8.396369338703782E-5
8.403796964778121E-5
8.411232645150923E-5
8.418676415223671E-5
8.426128310624212E-5
8.433588367209201E-5
8.441056621065554E-5
8.448533108512802E-5
8.456017866104604E-5
8.463510930630587E-5
8.471012339118034E-5
8.478522128833391E-5
8.48604033728378E-5
8.493567002218483E-5
8.50110216163032E-5
8.508645853756883E-5
8.516198117081747E-5
8.523758990335722E-5
8.531328512497763E-5
8.538906722796272E-5
8.546493660709628E-5
8.554089365967482E-5
8.561693878551378E-5
8.569307238695467E-5
8.57692948688727E-5
8.584560663868457E-5
8.592200810634954E-5
8.599849968437996E-5
8.607508178784255E-5
8.615175483436263E-5
8.622851924412791E-5
8.630537543989076E-5
8.63823238469703E-5
8.64593648932555E-5
8.653649900920348E-5
8.661372662784166E-5
8.669104818476794E-5
8.676846411814896E-5
8.684597486872031E-5
8.692358087978337E-5
8.700128259720374E-5
8.707908046940991E-5
8.715697494738802E-5
8.723496648467893E-5
8.73130555373749E-5
8.739124256411393E-5
8.74695280260758E-5
8.754791238697497E-5
8.762639611305616E-5
8.770497967308654E-5
8.778366353835093E-5
8.786244818264178E-5
8.794133408225325E-5
8.802032171597272E-5
8.809941156507222E-5
8.817860411329893E-5
8.82578998468662E-5
8.833729925444465E-5
8.841680282715004E-5
8.849641105853477E-5
8.857612444457488E-5
8.865594348366147E-5
8.873586867658535E-5
8.881590052653024E-5
8.88960395390533E-5
8.89762862220802E-5
8.905664108588579E-5
8.913710464308467E-5
8.92176774086141E-5
8.929835989972402E-5
8.937915263595922E-5
8.946005613914584E-5
8.954107093337762E-5
8.962219754499782E-5
8.970343650258633E-5
8.978478833694196E-5
8.986625358106821E-5
8.994783277015397E-5
9.002952644155981E-5
9.01113351347988E-5
9.019325939151938E-5
9.027529975549035E-5
9.035745677257979E-5
9.043973099073811E-5
9.05221229599816E-5
9.060463323237134E-5
9.0687262361994E-5
9.077001090494729E-5
9.085287941931602E-5
9.093586846515404E-5
9.101897860446512E-5
9.110221040118332E-5
9.118556442115267E-5
9.126904123210494E-5
9.135264140364137E-5
9.143636550721294E-5
9.152021411609552E-5
9.160418780537264E-5
9.168828715191235E-5
9.17725127343453E-5
9.185686513304533E-5
9.194134493010543E-5
9.202595270931658E-5
9.211068905614604E-5
9.219555455771445E-5
9.22805498027729E-5
9.236567538168289E-5
9.24509318863896E-5
9.253631991040215E-5
9.262184004876962E-5
9.270749289805767E-5
9.279327905632459E-5
9.287919912309989E-5
9.296525369935805E-5
9.305144338749797E-5
9.31377687913161E-5
9.322423051598381E-5
9.331082916802364E-5
9.339756535528606E-5
9.348443968692226E-5
9.357145277336266E-5
9.365860522629137E-5
9.374589765862143E-5
9.38333306844709E-5
9.392090491913701E-5
9.400862097907284E-5
9.409647948186078E-5
9.418448104618919E-5
9.427262629182539E-5
9.436091583959315E-5
9.444935031134508E-5
9.453793032993892E-5
9.462665651921073E-5
9.471552950395139E-5
9.480454990987971E-5
9.489371836361739E-5
9.498303549266338E-5
9.50725019253684E-5
9.51621182909091E-5
9.525188521926302E-5
9.534180334118256E-5
9.543187328816719E-5
9.552209569244138E-5
9.56124711869256E-5
9.570300040521196E-5
9.579368398153835E-5
9.588452255076201E-5
9.597551674833259E-5
9.606666721026863E-5
9.6157974573129E-5
9.62494394739887E-5
9.634106255041201E-5
9.643284444042712E-5
9.652478578249829E-5
9.661688721550116E-5
9.670914937869854E-5
9.680157291170942E-5
9.689415845448777E-5
9.698690664729359E-5
9.707981813066907E-5
9.717289354540857E-5
9.72661335325375E-5
9.73595387332828E-5
9.745310978904921E-5
9.754684734139039E-5
9.764075203198541E-5
9.773482450261174E-5
9.782906539512045E-5
9.792347535140667E-5
9.801805501338921E-5
9.811280502298017E-5
9.820772602206044E-5
9.830281865245473E-5
9.839808355590433E-5
9.849352137404173E-5
9.858913274836589E-5
9.868491832021552E-5
9.878087873074274E-5
9.88770146208898E-5
9.897332663136094E-5
9.906981540259753E-5
9.916648157475393E-5
9.926332578767028E-5
9.936034868084812E-5
9.945755089342378E-5
9.955493306414491E-5
9.965249583134442E-5
9.975023983291337E-5
9.984816570627918E-5
9.994627408837803E-5
1.0004456561563098E-4
1.0014304092391745E-4
1.0024170064855318E-4
1.0034054542426189E-4
1.0043957588515343E-4
1.0053879266469655E-4
1.0063819639569655E-4
1.0073778771026818E-4
1.0083756723981431E-4
1.0093753561499712E-4
1.0103769346571872E-4
1.0113804142109218E-4
1.0123858010941997E-4
1.0133931015816995E-4
1.0144023219394908E-4
1.015413468424851E-4
1.0164265472860133E-4
1.0174415647621193E-4
1.0184585270834367E-4
1.0194774404727702E-4
1.0204983111504018E-4
1.0215211453502397E-4
1.0225459493701572E-4
1.0235727297241055E-4
1.024601493590312E-4
1.0256322500993229E-4
1.0266650139424925E-4
1.0276998152211524E-4
1.0287367256119915E-4
1.0297759259521059E-4
1.0308178757682595E-4
1.0318637256701126E-4
1.0329162886705293E-4
1.0339822512068212E-4
1.0350770265207579E-4
1.036235000509455E-4
1.0375302635543408E-4
1.0391238825887952E-4
1.0413211046440524E-4
1.0446977715419719E-4
1.0503171699253424E-4
1.0600133563574078E-4
1.0767523991664246E-4
1.1048993173590483E-4
1.1494456764400643E-4
1.2100687932669094E-4
1.262734101846294E-4
1.2639010634215762E-4
1.2650698863429896E-4
1.2662405756946215E-4
1.2674131368086496E-4
1.2685875752609834E-4
1.269763896866923E-4
1.2709421076768617E-4
1.272122213972055E-4
1.273304222260395E-4
1.274488139272249E-4
1.2756739719563173E-4
1.2768617274755453E-4
1.278051413203059E-4
1.2792430367181747E-4
1.280436605802363E-4
1.2816321284353562E-4
1.2828296127912319E-4
1.28402906723452E-4
1.2852305003164028E-4
1.2864339207708787E-4
1.2876393375110506E-4
1.2888467596253414E-4
1.2900561963738742E-4
1.2912676571847606E-4
1.292481151650511E-4
1.2936966895244482E-4
1.2949142807171428E-4
1.2961339352929234E-4
1.297355663466364E-4
1.2985794755988785E-4
1.2998053821952686E-4
1.3010333939003673E-4
1.3022635214956656E-4
1.303495775896043E-4
1.304730168146456E-4
1.30596670941868E-4
1.3072054110081104E-4
1.3084462843305936E-4
1.3096893409192398E-4
1.31093459242131E-4
1.3121820505951513E-4
1.3134317273071135E-4
1.314683634528537E-4
1.315937784332717E-4
1.317194188892011E-4
1.318452860474819E-4
1.3197138114427417E-4
1.3209770542476577E-4
1.322242601428911E-4
1.3235104656104742E-4
1.3247806594981584E-4
1.3260531958768587E-4
1.3273280876078248E-4
1.3286053476259637E-4
1.3298849889371386E-4
1.3311670246155582E-4
1.332451467801132E-4
1.333738331696888E-4
1.3350276295664287E-4
1.3363193747313408E-4
1.3376135805687493E-4
1.338910260508799E-4
1.3402094280322066E-4
1.3415110966678251E-4
1.3428152799902762E-4
1.3441219916175023E-4
1.3454312452084957E-4
1.3467430544609218E-4
1.348057433108829E-4
1.349374394920398E-4
1.350693953695656E-4
1.3520161232642694E-4
1.3533409174833674E-4
1.3546683502353282E-4
1.355998435425645E-4
1.3573311869808104E-4
1.3586666188461925E-4
1.3600047449839804E-4
1.3613455793711087E-4
1.362689135997228E-4
1.3640354288627256E-4
1.3653844719766934E-4
1.3667362793550004E-4
1.3680908650183542E-4
1.3694482429903532E-4
1.37080842729563E-4
1.3721714319579582E-4
1.373537270998408E-4
1.3749059584335102E-4
1.3762775082734667E-4
1.3776519345203586E-4
1.379029251166367E-4
1.3804094721920555E-4
1.3817926115646464E-4
1.3831786832362974E-4
1.3845677011424485E-4
1.3859596792001555E-4
1.387354631306442E-4
1.388752571336705E-4
1.3901535131430798E-4
1.391557470552916E-4
1.3929644573671486E-4
1.3943744873588467E-4
1.3957875742716072E-4
1.3972037318181192E-4
1.3986229736786602E-4
1.4000453134996297E-4
1.4014707648921055E-4
1.4028993414304526E-4
1.4043310566508768E-4
1.405765924050053E-4
1.407203957083778E-4
1.4086451691655886E-4
1.410089573665445E-4
1.4115371839084202E-4
1.4129880131734032E-4
1.4144420746918073E-4
1.415899381646332E-4
1.417359947169689E-4
1.4188237843434023E-4
1.4202909061965908E-4
1.4217613257047786E-4
1.4232350557886946E-4
1.4247121093131546E-4
1.4261924990858875E-4
1.4276762378564046E-4
1.4291633383149298E-4
1.4306538130912647E-4
1.432147674753717E-4
1.4336449358080578E-4
1.4351456086964554E-4
1.4366497057964655E-4
1.43815723941998E-4
1.4396682218122537E-4
1.4411826651509322E-4
1.442700581545041E-4
1.4442219830340642E-4
1.445746881586996E-4
1.447275289101397E-4
1.4488072174025164E-4
1.450342678242364E-4
1.4518816832988506E-4
1.453424244174902E-4
1.4549703723976202E-4
1.4565200794174223E-4
1.458073376607264E-4
1.4596302752617482E-4
1.4611907865964006E-4
1.4627549217468397E-4
1.464322691768024E-4
1.465894107633489E-4
1.4674691802345975E-4
1.469047920379805E-4
1.470630338793979E-4
1.4722164461176122E-4
1.4738062529062078E-4
1.4753997696295444E-4
1.476997006671062E-4
1.4785979743271342E-4
1.480202682806484E-4
1.4818111422295298E-4
1.483423362627755E-4
1.4850393539431205E-4
1.4866591260274546E-4
1.4882826886418796E-4
1.4899100514562217E-4
1.491541224048461E-4
1.4931762159041916E-4
1.49481503641606E-4
1.4964576948832645E-4
1.4981042005110157E-4
1.4997545624100388E-4
1.5014087895960965E-4
1.503066890989476E-4
1.5047288754145414E-4
1.5063947515992548E-4
1.5080645281747386E-4
1.509738213674817E-4
1.5114158165356294E-4
1.5130973450951465E-4
1.5147828075927924E-4
1.516472212169075E-4
1.5181655668651284E-4
1.5198628796223875E-4
1.5215641582822122E-4
1.5232694105855014E-4
1.524978644172352E-4
1.52669186658173E-4
1.5284090852511265E-4
1.530130307516248E-4
1.5318555406106777E-4
1.5335847916656166E-4
1.5353180677095247E-4
1.5370553756678863E-4
1.5387967223629402E-4
1.5405421145133497E-4
1.5422915587340018E-4
1.5440450615357472E-4
1.5458026293251373E-4
1.5475642684041897E-4
1.5493299849702008E-4
1.5510997851154778E-4
1.5528736748271865E-4
1.5546516599870922E-4
1.5564337463714036E-4
1.5582199396505772E-4
1.5600102453891732E-4
1.5618046690456063E-4
1.5636032159720929E-4
1.565405891414407E-4
1.5672127005117851E-4
1.569023648296775E-4
1.5708387396951064E-4
1.5726579795255504E-4
1.5744813724998403E-4
1.5763089232225514E-4
1.5781406361909634E-4
1.5799765157950313E-4
1.581816566317239E-4
1.5836607919325531E-4
1.585509196708344E-4
1.5873617846043212E-4
1.5892185594724658E-4
1.5910795250569765E-4
1.59294468499425E-4
1.5948140428128138E-4
1.5966876019332915E-4
1.5985653656683997E-4
1.6004473372229223E-4
1.6023335196936698E-4
1.604223916069507E-4
1.6061185292313358E-4
1.6080173619521023E-4
1.6099204168968127E-4
1.6118276966225266E-4
1.613739203578421E-4
1.6156549401057723E-4
1.6175749084380435E-4
1.619499110700864E-4
1.6214275489121371E-4
1.6233602249820405E-4
1.6252971407131086E-4
1.6272382978002999E-4
1.629183697831035E-4
1.631133342285339E-4
1.6330872325358455E-4
1.6350453698480287E-4
1.6370077553804388E-4
1.6389743901856023E-4
1.640945275212561E-4
1.6429204113151233E-4
1.6448997992782083E-4
1.6468834399003076E-4
1.6488713342462354E-4
1.6508634844046978E-4
1.6528598957026141E-4
1.6548605830165163E-4
1.6568655882928784E-4
1.6588750278716494E-4
1.6608892167235264E-4
1.6629089850613842E-4
1.664936460492055E-4
1.6669769380126567E-4
1.6690431986793818E-4
1.6711651219746305E-4
1.673410248033826E-4
1.6759369447203826E-4
1.6790529384077995E-4
1.6833674356621765E-4
1.6900775343232574E-4
1.7013789274067544E-4
1.7210727434246827E-4
1.7552090977764992E-4
1.8114963746125465E-4
1.8913992655370386E-4
1.9633555361137022E-4
1.9654712229228254E-4
1.9675907075195555E-4
1.969714092557953E-4
1.9718414792059503E-4
1.9739729671567092E-4
1.9761086546398553E-4
1.9782486384326998E-4
1.9803930138713498E-4
1.9825418748618158E-4
1.9846953138910074E-4
1.98685342203765E-4
1.9890162889832006E-4
1.9911840030226226E-4
1.9933566510751778E-4
1.99553431869506E-4
1.9977170900820545E-4
1.999905048092112E-4
2.002098274247793E-4
2.0042968487487596E-4
2.0065008504820893E-4
2.0087103570326585E-4
2.0109254446933034E-4
2.0131461884751177E-4
2.0153726621174753E-4
2.0176049380981687E-4
2.0198430876434026E-4
2.0220871807377107E-4
2.0243372861338918E-4
2.0265934713627865E-4
2.0288558027431285E-4
2.031124345391159E-4
2.0333991632303665E-4
2.035680319001E-4
2.0379678742697037E-4
2.0402618894389403E-4
2.042562423756403E-4
2.044869535324396E-4
2.0471832811091997E-4
2.049503716950249E-4
2.0518308975693605E-4
2.0541648765798855E-4
2.0565057064958077E-4
2.0588534387407448E-4
2.0612081236569293E-4
2.0635698105141772E-4
2.065938547518698E-4
2.0683143818219684E-4
2.070697359529433E-4
2.073087525709257E-4
2.0754849244009835E-4
2.0778895986241092E-4
2.0803015903866443E-4
2.082720940693613E-4
2.085147689555527E-4
2.087581875996715E-4
2.0900235380637392E-4
2.0924727128336174E-4
2.0949294364221258E-4
2.0973937439919504E-4
2.0998656697608292E-4
2.1023452470096652E-4
2.104832508090526E-4
2.107327484434684E-4
2.1098302065605107E-4
2.112340704081405E-4
2.1148590057135878E-4
2.1173851392839655E-4
2.1199191317378043E-4
2.1224610091464643E-4
2.1250107967150616E-4
2.127568518790031E-4
2.1301341988666926E-4
2.1327078595968085E-4
2.135289522795959E-4
2.1378792094510203E-4
2.140476939727512E-4
2.14308273297691E-4
2.1456966077439292E-4
2.1483185817737553E-4
2.1509486720192207E-4
2.1535868946479618E-4
2.1562332650494962E-4
2.1588877978422584E-4
2.161550506880652E-4
2.1642214052619517E-4
2.166900505333267E-4
2.1695878186983892E-4
2.1722833562246363E-4
2.174987128049614E-4
2.1776991435879943E-4
2.180419411538183E-4
2.183147939888992E-4
2.1858847359262427E-4
2.1886298062393734E-4
2.1913831567279114E-4
2.1941447926080216E-4
2.1969147184189083E-4
2.1996929380292495E-4
2.2024794546435518E-4
2.2052742708084604E-4
2.2080773884190793E-4
2.21088880872516E-4
2.2137085323373717E-4
2.216536559233394E-4
2.2193728887640965E-4
2.2222175196595886E-4
2.2250704500352783E-4
2.227931677397838E-4
2.2308011986512579E-4
2.2336790101026936E-4
2.2365651074683626E-4
2.2394594858794476E-4
2.2423621398878324E-4
2.24527306347194E-4
2.2481922500424382E-4
2.2511196924479486E-4
2.2540553829806931E-4
2.256999313382135E-4
2.2599514748485502E-4
2.2629118580365864E-4
2.265880453068805E-4
2.2688572495391024E-4
2.2718422365181686E-4
2.2748354025589458E-4
2.2778367357019364E-4
2.2808462234805187E-4
2.2838638529263543E-4
2.2868896105745305E-4
2.2899234824688553E-4
2.2929654541670264E-4
2.2960155107458143E-4
2.2990736368061766E-4
2.3021398164783154E-4
2.305214033426781E-4
2.3082962708554768E-4
2.3113865115126407E-4
2.3144847376958038E-4
2.3175909312567276E-4
2.3207050736062649E-4
2.3238271457192387E-4
2.3269571281392574E-4
2.330095000983507E-4
2.3332407439475032E-4
2.3363943363098174E-4
2.339555756936772E-4
2.3427249842871355E-4
2.3459019964166717E-4
2.3490867709828305E-4
2.3522792852492474E-4
2.3554795160903228E-4
2.3586874399956763E-4
2.3619030330746847E-4
2.3651262710608722E-4
2.3683571293163822E-4
2.3715955828362706E-4
2.374841606252933E-4
2.3780951738403987E-4
2.3813562595186407E-4
2.3846248368577985E-4
2.3879008790824623E-4
2.3911843590758317E-4
2.3944752493839207E-4
2.397773522219688E-4
2.4010791494671687E-4
2.4043921026855344E-4
2.4077123531131669E-4
2.4110398716717081E-4
2.414374628970038E-4
2.417716595308243E-4
2.4210657406815956E-4
2.4244220347844456E-4
2.427785447014111E-4
2.4311559464747549E-4
2.4345335019812145E-4
2.4379180820628178E-4
2.441309654967153E-4
2.444708188663816E-4
2.448113650848167E-4
2.4515260089450424E-4
2.454945230112364E-4
2.4583712812448335E-4
2.4618041289775877E-4
2.4652437396897127E-4
2.4686900795078883E-4
2.472143114309909E-4
2.475602809728199E-4
2.479069131153298E-4
2.4825420437373495E-4
2.4860215123975325E-4
2.489507501819493E-4
2.4929999764607277E-4
2.496498900553958E-4
2.500004238110471E-4
2.5035159529234277E-4
2.5070340085712187E-4
2.510558368420634E-4
2.5140889956302065E-4
2.517625853153399E-4
2.521168903741795E-4
2.5247181099482657E-4
2.528273434130181E-4
2.531834838452471E-4
2.5354022848907994E-4
2.538975735234576E-4
2.5425551510900536E-4
2.54614049388339E-4
2.5497317248636414E-4
2.5533288051056993E-4
2.556931695513398E-4
2.5605403568223204E-4
2.5641547496028087E-4
2.5677748342628275E-4
2.5714005710508807E-4
2.5750319200588257E-4
2.5786688412247617E-4
2.582311294335842E-4
2.5859592390309907E-4
2.589612634803807E-4
2.593271441005212E-4
2.596935616846222E-4
2.6006051214006625E-4
2.604279913607865E-4
2.6079599522753154E-4
2.6116451960812804E-4
2.615335603577543E-4
2.619031133191882E-4
2.622731743230716E-4
2.626437391881694E-4
2.630148037216218E-4
2.633863637191959E-4
2.6375841496553937E-4
2.6413095323442836E-4
2.6450397428901256E-4
2.6487747388206543E-4
2.6525144775621853E-4
2.656258916442131E-4
2.6600080126913076E-4
2.6637617234463685E-4
2.6675200057520957E-4
2.671282816563824E-4
2.6750501127496774E-4
2.678821851092907E-4
2.682597988294154E-4
2.686378480973741E-4
2.6901632856739E-4
2.6939523588609914E-4
2.697745656927768E-4
2.7015431361956016E-4
2.705344752917051E-4
2.7091504632790434E-4
2.7129602234087733E-4
2.716773989388431E-4
2.7205917172985365E-4
2.7244133633520264E-4
2.728238884309621E-4
2.732068238743312E-4
2.7359013907954046E-4
2.7397383210824017E-4
2.743579057495448E-4
2.7474237598219386E-4
2.7512729456029267E-4
2.755128074988455E-4
2.758993017903808E-4
2.7628776134761864E-4
2.766806004311002E-4
2.7708354242649127E-4
2.7751118374535073E-4
2.779922508629714E-4
2.7858612905158907E-4
2.7941657803803676E-4
2.807232946639298E-4
2.8294597375615226E-4
2.8682974928434475E-4
2.934000703593946E-4
3.0301898897855563E-4
3.119366694017851E-4
3.1232057451362563E-4
3.1270890733715287E-4
3.1310161909777834E-4
3.134986613150478E-4
3.138999858012223E-4
3.143055446598601E-4
3.147152902844161E-4
3.151291753568356E-4
3.1554715284615994E-4
3.159691760071435E-4
3.163951983788586E-4
3.1682517378333003E-4
3.172590563241558E-4
3.1769680038514685E-4
3.1813836062896244E-4
3.185836919957572E-4
3.190327497018398E-4
3.194854892383171E-4
3.1994186636977347E-4
3.2040183713292466E-4
3.208653578353038E-4
3.213323850539331E-4
3.218028756340204E-4
3.222767866876386E-4
3.2275407559243305E-4
3.2323469999031944E-4
3.2371861778619066E-4
3.2420578714663785E-4
3.2469616649865966E-4
3.2518971452840035E-4
3.2568639017986314E-4
3.261861526536653E-4
3.266889614057616E-4
3.2719477614620617E-4
3.277035568378947E-4
3.282152636953254E-4
3.287298571833601E-4
3.2924729801599666E-4
3.2976754715513865E-4
3.3029056580937435E-4
3.3081631543276183E-4
3.313447577236199E-4
3.31875854623318E-4
3.324095683150803E-4
3.3294586122278955E-4
3.334846960097935E-4
3.340260355777272E-4
3.3456984306532697E-4
3.3511608184725656E-4
3.3566471553294285E-4
3.362157079654053E-4
3.3676902322009956E-4
3.373246256037614E-4
3.3788247965326146E-4
3.384425501344544E-4
3.3900480204104546E-4
3.3956920059344974E-4
3.4013571123767133E-4
3.407042996441707E-4
3.412749317067469E-4
3.41847573541426E-4
3.424221914853454E-4
3.429987520956551E-4
3.4357722214841123E-4
3.4415756863748594E-4
3.4473975877346956E-4
3.453237599825933E-4
3.459095399056373E-4
3.464970663968646E-4
3.470863075229431E-4
3.4767723156187705E-4
3.4826980700194846E-4
3.488640025406571E-4
3.4945978708366717E-4
3.50057129743759E-4
3.50655999839784E-4
3.512563668956248E-4
3.5185820063916113E-4
3.524614710012392E-4
3.530661481146435E-4
3.5367220231308157E-4
3.542796041301564E-4
3.54888324298362E-4
3.554983337480758E-4
3.5610960360654573E-4
3.567221051969016E-4
3.5733581003715407E-4
3.579506898392065E-4
3.5856671650786546E-4
3.591838621398628E-4
3.5980209902287415E-4
3.604213996345504E-4
3.610417366415416E-4
3.616630828985402E-4
3.622854114473141E-4
3.629086955157552E-4
3.6353290851692317E-4
3.6415802404810086E-4
3.647840158898463E-4
3.6541085800505973E-4
3.6603852453804197E-4
3.666669898135651E-4
3.67296228335949E-4
3.6792621478813105E-4
3.6855692403075455E-4
3.6918833110124836E-4
3.698204112129203E-4
3.7045313975404257E-4
3.710864922869621E-4
3.7172044454718967E-4
3.7235497244251094E-4
3.7299005205209274E-4
3.7362565962559865E-4
3.7426177158230567E-4
3.748983645102237E-4
3.7553541516521934E-4
3.761729004701507E-4
3.768107975139925E-4
3.774490835509762E-4
3.7808773599972876E-4
3.787267324424229E-4
3.7936605062391534E-4
3.8000566845090204E-4
3.806455639910813E-4
3.8128571547230264E-4
3.81926101281731E-4
3.8256669996502364E-4
3.832074902254881E-4
3.838484509232627E-4
3.844895610744945E-4
3.851307998505189E-4
3.8577214657704937E-4
3.864135807333575E-4
3.870550819514715E-4
3.8769663001537676E-4
3.883382048602052E-4
3.8897978657144526E-4
3.896213553841488E-4
3.9026289168213964E-4
3.909043759972256E-4
3.9154578900842184E-4
3.921871115411683E-4
3.9282832456655117E-4
3.934694092005355E-4
3.9411034670319706E-4
3.947511184779558E-4
3.9539170607081063E-4
3.960320911695896E-4
3.966722556031864E-4
3.973121813408132E-4
3.979518504912536E-4
3.985912453021168E-4
3.9923034815909426E-4
3.9986914158522956E-4
4.005076082401708E-4
4.0114573091944985E-4
4.017834925537536E-4
4.0242087620819445E-4
4.030578650815916E-4
4.036944425057546E-4
4.043305919447669E-4
4.049662969942714E-4
4.056015413807684E-4
4.0623630896090686E-4
4.068705837207802E-4
4.0750434977523096E-4
4.0813759136715656E-4
4.0877029286681135E-4
4.0940243877112204E-4
4.1003401370300074E-4
4.1066500241066195E-4
4.1129538976693764E-4
4.119251607686111E-4
4.1255430053573257E-4
4.1318279431095545E-4
4.138106274588665E-4
4.1443778546531603E-4
4.15064253936768E-4
4.1569001859963385E-4
4.163150652996153E-4
4.169393800010556E-4
4.175629487862932E-4
4.1818575785500516E-4
4.188077935235736E-4
4.194290422244418E-4
4.2004949050547405E-4
4.2066912502932205E-4
4.2128793257279856E-4
4.219059000262365E-4
4.2252301439287687E-4
4.231392627882356E-4
4.237546324394901E-4
4.2436911068485165E-4
4.2498268497296297E-4
4.255953428622822E-4
4.262070720204665E-4
4.268178602237765E-4
4.274276953564695E-4
4.28036565410196E-4
4.2864445848340255E-4
4.2925136278074133E-4
4.298572666124724E-4
4.304621583938773E-4
4.310660266446725E-4
4.3166885998841925E-4
4.32270647151952E-4
4.3287137696479524E-4
4.334710383585808E-4
4.340696203664877E-4
4.346671121226622E-4
4.352635028616489E-4
4.3585878191783334E-4
4.364529387248697E-4
4.370459628151269E-4
4.376378438191299E-4
4.38228571465008E-4
4.3881813557792996E-4
4.3940652607956927E-4
4.399937329875501E-4
4.405797464148993E-4
4.41164556569512E-4
4.41748153753607E-4
4.4233052836318984E-4
4.4291167088751626E-4
4.434915719085698E-4
4.440702221005209E-4
4.4464761222920196E-4
4.452237331515892E-4
4.457985758152735E-4
4.463721312579429E-4
4.4694439060686907E-4
4.4751534507838346E-4
4.4808498597737447E-4
4.4865330469677235E-4
4.4922029271704067E-4
4.497859416056752E-4
4.503502430166969E-4
4.509131886901534E-4
4.5147477045162E-4
4.520349802117054E-4
4.525938099655547E-4
4.5315125179236387E-4
4.537072978548848E-4
4.54261940398943E-4
4.548151717529525E-4
4.5536698432742997E-4
4.5591737061452563E-4
4.564663231875351E-4
4.570138347004514E-4
4.5755989788752644E-4
4.581045055629608E-4
4.5864765062099145E-4
4.5918932603732966E-4
4.59729524875033E-4
4.6026824030481246E-4
4.6080546567072567E-4
4.6134119469561693E-4
4.61875422105015E-4
4.6240814547052835E-4
4.629393705070433E-4
4.63469125863943E-4
4.6399750321060275E-4
4.6452476252707296E-4
4.6505159971554146E-4
4.655798034970395E-4
4.661138091081303E-4
4.6666599164024106E-4
4.672606886738777E-4
4.6795010994359315E-4
4.6884909335227754E-4
4.7019069156510726E-4
4.7242347046550794E-4
4.7634638686298305E-4
4.8312288095686545E-4
4.932920355262432E-4
5.046312118710491E-4
5.06792749502066E-4
5.089393395272554E-4
5.110710472878277E-4
5.131879378783832E-4
5.152900761477758E-4
5.173775266999656E-4
5.194503538948746E-4
5.215086218492407E-4
5.235523944374629E-4
5.25581735292454E-4
5.275967078064746E-4
5.29597375131982E-4
5.315838001824668E-4
5.335560456332816E-4
5.355141739224844E-4
5.37458247251655E-4
5.393883275867348E-4
5.413044766588414E-4
5.432067559650956E-4
5.450952267694386E-4
5.469699501034447E-4
5.488309867671399E-4
5.506783973298089E-4
5.525122421308044E-4
5.543325812803536E-4
5.561394746603586E-4
5.579329819251924E-4
5.597131625025114E-4
5.614800755940272E-4
5.632337801763207E-4
5.649743350016181E-4
5.667017985985799E-4
5.684162292730874E-4
5.701176851090236E-4
5.718062239690555E-4
5.734819034954019E-4
5.751447811106123E-4
5.767949140183435E-4
5.784323592041187E-4
5.800571734360971E-4
5.816694132658435E-4
5.8326913502908E-4
5.848563948464489E-4
5.864312486242721E-4
5.879937520552993E-4
5.895439606194577E-4
5.910819295846122E-4
5.926077140072941E-4
5.94121368733461E-4
5.95622948399225E-4
5.971125074316001E-4
5.985901000492376E-4
6.000557802631508E-4
6.015096018774603E-4
6.029516184901123E-4
6.043818834936086E-4
6.058004500757273E-4
6.072073712202568E-4
6.086026997076985E-4
6.099864881159912E-4
6.113587888212301E-4
6.127196539983679E-4
6.140691356219371E-4
6.154072854667457E-4
6.167341551085949E-4
6.180497959249649E-4
6.193542590957344E-4
6.206475956038608E-4
6.219298562360901E-4
6.232010915836415E-4
6.244613520429014E-4
6.257106878161113E-4
6.269491489120553E-4
6.281767851467457E-4
6.293936461441001E-4
6.305997813366258E-4
6.317952399660938E-4
6.329800710842154E-4
6.341543235533159E-4
6.353180460470022E-4
6.364712870508374E-4
6.37614094862997E-4
6.387465175949399E-4
6.39868603172074E-4
6.409803993344004E-4
6.420819536371868E-4
6.431733134516163E-4
6.442545259654378E-4
6.453256381836209E-4
6.463866969290017E-4
6.474377488429271E-4
6.484788403859076E-4
6.495100178382487E-4
6.505313273006992E-4
6.515428146950815E-4
6.525445257649349E-4
6.53536506076142E-4
6.545188010175675E-4
6.554914558016788E-4
6.564545154651814E-4
6.574080248696348E-4
6.583520287020892E-4
6.592865714756908E-4
6.602116975303095E-4
6.611274510331564E-4
6.620338759793929E-4
6.629310161927504E-4
6.638189153261274E-4
6.646976168622202E-4
6.655671641141074E-4
6.66427600225866E-4
6.672789681731732E-4
6.681213107639E-4
6.689546706387204E-4
6.697790902716965E-4
6.70594611970877E-4
6.714012778788993E-4
6.72199129973561E-4
6.729882100684255E-4
6.737685598133947E-4
6.745402206953055E-4
6.753032340385055E-4
6.760576410054294E-4
6.76803482597193E-4
6.775407996541532E-4
6.782696328564853E-4
6.789900227247726E-4
6.797020096205491E-4
6.804056337468957E-4
6.81100935148986E-4
6.817879537146658E-4
6.824667291750118E-4
6.831373011048873E-4
6.837997089235074E-4
6.844539918949987E-4
6.851001891289507E-4
6.857383395809647E-4
6.863684820532189E-4
6.869906551950096E-4
6.876048975032957E-4
6.882112473232553E-4
6.888097428488262E-4
6.89400422123239E-4
6.899833230395734E-4
6.905584833412887E-4
6.911259406227636E-4
6.916857323298261E-4
6.922378957602972E-4
6.927824680645111E-4
6.93319486245853E-4
6.938489871612856E-4
6.943710075218756E-4
6.948855838933142E-4
6.953927526964518E-4
6.958925502077996E-4
6.963850125600688E-4
6.968701757426723E-4
6.97348075602258E-4
6.978187478432017E-4
6.982822280281352E-4
6.987385515784547E-4
6.991877537748186E-4
6.996298697576725E-4
7.000649345277413E-4
7.004929829465341E-4
7.00914049736853E-4
7.013281694832897E-4
7.01735376632716E-4
7.021357054947993E-4
7.025291902424826E-4
7.029158649124815E-4
7.032957634057752E-4
7.036689194881056E-4
7.040353667904535E-4
7.043951388095324E-4
7.047482689082743E-4
7.050947903163064E-4
7.054347361304459E-4
7.057681393151668E-4
7.06095032703086E-4
7.064154489954388E-4
7.067294207625559E-4
7.070369804443345E-4
7.0733816035071E-4
7.076329926621352E-4
7.079215094300343E-4
7.082037425772856E-4
7.084797238986767E-4
7.087494850613717E-4
7.090130576053814E-4
7.092704729440109E-4
7.095217623643302E-4
7.097669570276274E-4
7.100060879698632E-4
7.102391861021358E-4
7.104662822111198E-4
7.106874069595264E-4
7.109025908865573E-4
7.111118644083464E-4
7.113152578184052E-4
7.115128012880807E-4
7.117045248669843E-4
7.118904584834457E-4
7.120706319449495E-4
7.12245074938575E-4
7.124138170314345E-4
7.125768876711103E-4
7.127343161860926E-4
7.128861317862052E-4
7.130323635630498E-4
7.131730404904233E-4
7.133081914247579E-4
7.134378451055447E-4
7.135620301557572E-4
7.136807750822798E-4
7.137941082763368E-4
7.13902058013901E-4
7.14004652456119E-4
7.141019196497417E-4
7.141938875275271E-4
7.142805839086634E-4
7.143620364991849E-4
7.144382728923827E-4
7.145093205692106E-4
7.145752068987165E-4
7.146359591384267E-4
7.14691604434766E-4
7.147421698234707E-4
7.147876822299717E-4
7.148281684698246E-4
7.148636552490962E-4
7.148941691647655E-4
7.149197367051273E-4
7.149403842501928E-4
7.149561380720802E-4
7.149670243354103E-4
7.149730690977094E-4
7.149742983097933E-4
7.149707378161558E-4
7.149624133553724E-4
7.149493505604743E-4
7.149315749593443E-4
7.14909111975102E-4
7.148819869264848E-4
7.148502250282335E-4
7.148138513914759E-4
7.147728910241081E-4
7.14727368831167E-4
7.146773096152241E-4
7.146227380767753E-4
7.145636788146691E-4
7.145001563267078E-4
7.144321950108015E-4
7.143598191680574E-4
7.142830530124473E-4
7.142019207020132E-4
7.141164464393091E-4
7.140266547879653E-4
7.139325716461069E-4
7.138342271594363E-4
7.137316641935524E-4
7.136249622484161E-4
7.13514302876327E-4
7.134001428242856E-4
7.132836565761157E-4
7.131678262161581E-4
7.130616703111996E-4
7.129826853757011E-4
7.129694642383529E-4
7.131108084503E-4
7.135936445064727E-4
7.14791226996947E-4
7.173932880288631E-4
7.224445493502933E-4
0.0014088028491609688
0.0014130065895321385
0.001409268511101562
0.0014055405012942702
0.0014018225327182162
0.0013981145780559308
0.0013944166100643299
0.001390728601574514
0.0013870505254915577
0.0013833823547943216
0.0013797240625352414
0.0013760756218401458
0.001372437005908033
0.0013688081880108998
0.001365189141493526
0.0013615798397732858
0.0013579802563399475
0.0013543903647554784
0.001350810138653857
0.001347239551740866
0.0013436785777939087
0.00134012719066181
0.0013365853642646243
0.001333053072593439
0.0013295302897101955
0.0013260169897474782
0.0013225131469083422
0.0013190187354661126
0.001315533729764192
0.0013120581042158832
0.0013085918333041822
0.0013051348915816066
0.0013016872536700036
0.0012982488942603497
0.0012948197881125828
0.0012913999100554
0.001287989234986084
0.0012845877378703087
0.0012811953937419563
0.001277812177702935
0.0012744380649229944
0.0012710730306395364
0.0012677170501574433
0.001264370098848886
0.0012610321521531456
0.0012577031855764277
0.0012543831746916906
0.0012510720951384492
0.0012477699226226171
0.0012444766329162997
0.0012411922018576427
0.0012379166053506309
0.0012346498193649236
0.0012313918199356702
0.0012281425831633366
0.0012249020852135271
0.0012216703023168046
0.0012184472107685238
0.0012152327869286426
0.001212027007221564
0.0012088298481359443
0.0012056412862245282
0.0012024612981039796
0.0011992898604546924
0.001196126950020642
0.0011929725436091877
0.001189826618090921
0.0011866891503994833
0.0011835601175313975
0.0011804394965458994
0.0011773272645647663
0.0011742233987721497
0.0011711278764144014
0.0011680406747999106
0.0011649617712989363
0.0011618911433434313
0.001158828768426886
0.0011557746241041519
0.0011527286879912826
0.0011496909377653648
0.0011466613511643545
0.0011436399059869089
0.0011406265800922256
0.0011376213513998761
0.0011346241978896412
0.0011316350976013564
0.0011286540286347341
0.0011256809691492103
0.001122715897363791
0.0011197587915568723
0.0011168096300660936
0.001113868391288169
0.001110935053678733
0.0011080095957521807
0.001105091996081499
0.0011021822332981212
0.0010992802860917581
0.0010963861332102473
0.0010934997534593907
0.0010906211257027984
0.0010877502288617344
0.001084887041914953
0.001082031543898557
0.0010791837139058277
0.0010763435310870784
0.0010735109746494913
0.0010706860238569762
0.0010678686580300053
0.0010650588565454683
0.0010622565988365037
0.0010594618643923691
0.0010566746327582753
0.0010538948835352316
0.0010511225963799019
0.0010483577510044537
0.0010456003271764032
0.0010428503047184643
0.0010401076635083999
0.001037372383478886
0.0010346444446173366
0.0010319238269657796
0.0010292105106206894
0.0010265044757328569
0.001023805702507227
0.0010211141712027604
0.0010184298621322841
0.001015752755662348
0.0010130828322130693
0.0010104200722580049
0.0010077644563239883
0.0010051159649909977
0.0010024745788920016
9.998402787128203E-4
9.972130451919928E-4
9.945928591206092E-4
9.91979701342188E-4
9.893735527525252E-4
9.867743942995623E-4
9.841822069832275E-4
9.815969718553062E-4
9.790186700193084E-4
9.764472826303008E-4
9.738827908947993E-4
9.713251760706115E-4
9.687744194666892E-4
9.662305024430079E-4
9.636934064104261E-4
9.611631128305333E-4
9.586396032155212E-4
9.561228591280506E-4
9.53612862181104E-4
9.511095940378578E-4
9.486130364115401E-4
9.461231710652979E-4
9.43639979812058E-4
9.411634445144008E-4
9.386935470844113E-4
9.362302694835575E-4
9.337735937225457E-4
9.313235018611999E-4
9.288799760083134E-4
9.264429983215245E-4
9.240125510071829E-4
9.215886163202132E-4
9.191711765639933E-4
9.167602140902067E-4
9.143557112987284E-4
9.119576506374761E-4
9.095660146023011E-4
9.071807857368304E-4
9.048019466323677E-4
9.024294799277393E-4
9.000633683091779E-4
8.97703594510189E-4
8.95350141311422E-4
8.930029915405412E-4
8.906621280721096E-4
8.883275338274417E-4
8.859991917744918E-4
8.836770849277203E-4
8.813611963479717E-4
8.790515091423385E-4
8.76748006464052E-4
8.744506715123419E-4
8.721594875323175E-4
8.698744378148439E-4
8.675955056964135E-4
8.653226745590265E-4
8.630559278300635E-4
8.607952489821667E-4
8.58540621533105E-4
8.562920290456691E-4
8.540494551275384E-4
8.518128834311568E-4
8.495822976536142E-4
8.473576815365298E-4
8.451390188659229E-4
8.429262934720971E-4
8.407194892295118E-4
8.385185900566788E-4
8.363235799160306E-4
8.341344428137936E-4
8.319511627998895E-4
8.297737239677965E-4
8.276021104544409E-4
8.254363064400783E-4
8.232762961481743E-4
8.211220638452866E-4
8.189735938409468E-4
8.168308704875477E-4
8.146938781802222E-4
8.12562601356726E-4
8.104370244973291E-4
8.083171321246912E-4
8.062029088037492E-4
8.040943391416062E-4
8.019914077874127E-4
7.998940994322543E-4
7.97802398809033E-4
7.957162906923561E-4
7.936357598984284E-4
7.915607912849285E-4
7.894913697509045E-4
7.874274802366556E-4
7.853691077236233E-4
7.833162372342763E-4
7.812688538320031E-4
7.792269426209981E-4
7.771904887461478E-4
7.751594773929268E-4
7.731338937872778E-4
7.711137231955098E-4
7.690989509241883E-4
7.670895623200149E-4
7.65085542769731E-4
7.630868777000023E-4
7.610935525773123E-4
7.591055529078453E-4
7.571228642373943E-4
7.551454721512422E-4
7.531733622740508E-4
7.512065202697678E-4
7.492449318415018E-4
7.472885827314317E-4
7.453374587206901E-4
7.433915456292622E-4
7.414508293158767E-4
7.395152956778983E-4
7.375849306512334E-4
7.356597202102147E-4
7.33739650367496E-4
7.318247071739631E-4
7.299148767186411E-4
7.280101451286486E-4
7.261104985693488E-4
7.242159232451033E-4
7.223264054022452E-4
7.204419313394916E-4
7.185624874431594E-4
7.16688060302284E-4
7.148186370747122E-4
7.129542066182582E-4
7.110947628848137E-4
7.092403147984865E-4
7.073909141018565E-4
7.05546731267337E-4
7.037082552427004E-4
7.018767996395844E-4
7.000566770140927E-4
6.9825613004824E-4
6.964937117472148E-4
6.948135675300307E-4
6.933109641121986E-4
6.921808125617693E-4
6.917918943907892E-4
0.27049704735826763
