5.246337517957745E-8
1.0498941431736192E-7
1.5757806085998034E-7
2.1022925811387996E-7
2.629429492462069E-7
3.1571907728569004E-7
3.6855758512352974E-7
4.2145841551429065E-7
4.744215110768084E-7
5.274468142950915E-7
5.805342675192365E-7
6.336838129663504E-7
6.868953927214661E-7
7.401689487384838E-7
7.935044228411018E-7
8.469017567237618E-7
9.003608919526052E-7
9.538817699664071E-7
1.007464332077565E-6
1.061108519473043E-6
1.1148142732153656E-6
1.1685815342435817E-6
1.2224102433742576E-6
1.2763003413024721E-6
1.3302517686028036E-6
1.3842644657303558E-6
1.438338373021746E-6
1.492473430696135E-6
1.5466695788562537E-6
1.6009267574894213E-6
1.6552449064685906E-6
1.7096239655533998E-6
1.7640638743911905E-6
1.8185645725181073E-6
1.8731259993601219E-6
1.927748094234125E-6
1.9824307963489883E-6
2.0371740448066617E-6
2.0919777786032464E-6
2.1468419366300905E-6
2.2017664576749053E-6
2.2567512804228723E-6
2.3117963434577345E-6
2.366901585262936E-6
2.422066944222774E-6
2.4772923586234777E-6
2.5325777666543958E-6
2.5879231064091364E-6
2.6433283158867152E-6
2.698793332992724E-6
2.7543180955404953E-6
2.8099025412522813E-6
2.8655466077604443E-6
2.9212502326086438E-6
2.9770133532530177E-6
3.0328359070634075E-6
3.0887178313245662E-6
3.144659063237373E-6
3.2006595399200726E-6
3.2567191984094757E-6
3.3128379756622392E-6
3.369015808556086E-6
3.425252633891073E-6
3.481548388390858E-6
3.5379030087039597E-6
3.594316431405024E-6
3.6507885929961484E-6
3.7073194299081325E-6
3.7639088785017797E-6
3.8205568750692465E-6
3.87726335583531E-6
3.934028256958719E-6
3.990851514533507E-6
4.047733064590353E-6
4.104672843097882E-6
4.1616707859640824E-6
4.218726829037615E-6
4.275840908109164E-6
4.333012958912932E-6
4.390242917127865E-6
4.44753071837915E-6
4.504876298239589E-6
4.562279592231005E-6
4.619740535825655E-6
4.677259064447634E-6
4.7348351134743865E-6
4.792468618238038E-6
4.850159514026933E-6
4.907907736087049E-6
4.9657132196234505E-6
5.023575899801826E-6
5.081495711749888E-6
5.139472590558912E-6
5.197506471285244E-6
5.255597288951793E-6
5.3137449785495E-6
5.371949475038972E-6
5.430210713351903E-6
5.488528628392683E-6
5.5469031550399155E-6
5.60533422814803E-6
5.663821782548746E-6
5.72236575305276E-6
5.780966074451281E-6
5.839622681517609E-6
5.8983355090087675E-6
5.957104491667114E-6
6.015929564221944E-6
6.074810661391129E-6
6.133747717882763E-6
6.192740668396803E-6
6.25178944762672E-6
6.310893990261204E-6
6.3700542309857596E-6
6.429270104484477E-6
6.488541545441694E-6
6.547868488543672E-6
6.607250868480329E-6
6.666688619947004E-6
6.726181677646124E-6
6.7857299762889776E-6
6.845333450597462E-6
6.904992035305842E-6
6.9647056651625195E-6
7.024474274931801E-6
7.084297799395737E-6
7.144176173355825E-6
7.204109331634944E-6
7.26409720907903E-6
7.324139740559082E-6
7.384236860972786E-6
7.444388505246576E-6
7.504594608337296E-6
7.564855105234269E-6
7.625169930960978E-6
7.685539020577088E-6
7.745962309180325E-6
7.806439731908293E-6
7.866971223940529E-6
7.927556720500323E-6
7.988196156856688E-6
8.048889468326383E-6
8.109636590275724E-6
8.170437458122703E-6
8.231292007338866E-6
8.292200173451358E-6
8.353161892044874E-6
8.414177098763742E-6
8.47524572931388E-6
8.536367719464859E-6
8.597543005051897E-6
8.658771521978024E-6
8.720053206216052E-6
8.781387993810679E-6
8.842775820880532E-6
8.904216623620305E-6
8.965710338302903E-6
9.027256901281484E-6
9.08885624899164E-6
9.15050831795349E-6
9.212213044773848E-6
9.273970366148461E-6
9.335780218864049E-6
9.397642539800507E-6
9.459557265933267E-6
9.521524334335255E-6
9.583543682179297E-6
9.64561524674025E-6
9.707738965397297E-6
9.769914775636094E-6
9.832142615051187E-6
9.89442242134814E-6
9.956754132345922E-6
1.001913768597906E-5
1.0081573020300139E-5
1.0144060073481949E-5
1.020659878381992E-5
1.0269189089734348E-5
1.0331830929772905E-5
1.0394524242612799E-5
1.0457268967063404E-5
1.0520065042068483E-5
1.0582912406708766E-5
1.0645811000204844E-5
1.0708760761920899E-5
1.0771761631371328E-5
1.0834813548236028E-5
1.0897916452401098E-5
1.0961070284073125E-5
1.1024274984102266E-5
1.1087530494884507E-5
1.115083676283636E-5
1.121419374503922E-5
1.127760142668533E-5
1.1341059865821897E-5
1.1404569305348597E-5
1.1468130446349234E-5
1.153174509783553E-5
1.1595417679415102E-5
1.1659158597940878E-5
1.1722991608810552E-5
1.1786969357598404E-5
1.1851205089308792E-5
1.1915935005185832E-5
1.198163606348952E-5
1.2049238834574286E-5
1.2120493164753535E-5
1.2198560175692081E-5
1.2288902944653194E-5
1.2400500975023518E-5
1.2547186868704828E-5
1.2748907407447185E-5
1.3031859954691144E-5
1.3425596377398479E-5
1.3954561673519302E-5
1.4620456181965635E-5
1.5372470351153887E-5
1.6071673972874633E-5
1.6502317426212487E-5
1.658667011011444E-5
1.667109978364969E-5
1.675560638185985E-5
1.6840189839887145E-5
1.6924850092976765E-5
1.7009587076479277E-5
1.7041937350673556E-5
1.70743015623496E-5
1.7106679703742175E-5
1.7139071767341547E-5
1.7171477745894845E-5
1.7203897632407865E-5
1.7236331420146666E-5
1.7268779102639162E-5
1.7301240673676588E-5
1.7333716127315476E-5
1.7366205457878978E-5
1.739870865995865E-5
1.74312257284162E-5
1.746375665838476E-5
1.7496301445271007E-5
1.7528860084756497E-5
1.7561432572799476E-5
1.759401890563667E-5
1.7626619079784517E-5
1.765923309204143E-5
1.7691860939488995E-5
1.7724502619494024E-5
1.775715812971007E-5
1.7789827468079095E-5
1.78225106328334E-5
1.785520762249699E-5
1.7887918435887733E-5
1.7920643072118764E-5
1.7953381530600264E-5
1.7986133811041383E-5
1.801889991345176E-5
1.8051679838143433E-5
1.8084473585732623E-5
1.8117281157141263E-5
1.8150102553599135E-5
1.818293777664531E-5
1.821578682813023E-5
1.8248649710217225E-5
1.8281526425384563E-5
1.831441697642715E-5
1.834732136645825E-5
1.8380239598911492E-5
1.8413171677542748E-5
1.844611760643165E-5
1.8479077389983657E-5
1.8512051032932127E-5
1.8545038540339698E-5
1.85780399176005E-5
1.861105517044198E-5
1.864408430492676E-5
1.8677127327454523E-5
1.8710184244763955E-5
1.874325506393457E-5
1.877633979238884E-5
1.8809438437893906E-5
1.884255100856355E-5
1.8875677512860262E-5
1.890881795959715E-5
1.8941972357939806E-5
1.897514071740856E-5
1.9008323047880044E-5
1.9041519359589605E-5
1.9074729663132945E-5
1.9107953969468486E-5
1.914119228991915E-5
1.917444463617451E-5
1.920771102029269E-5
1.9240991454702644E-5
1.927428595220606E-5
1.930759452597937E-5
1.934091718957605E-5
1.9374253956928584E-5
1.9407604842350533E-5
1.9440969860538665E-5
1.9474349026575277E-5
1.950774235592997E-5
1.95411498644621E-5
1.9574571568422857E-5
1.9608007484457162E-5
1.9641457629606455E-5
1.9674922021310228E-5
1.9708400677408504E-5
1.9741893616144196E-5
1.9775400856165132E-5
1.9808922416526303E-5
1.984245831669207E-5
1.987600857653854E-5
1.9909573216355853E-5
1.994315225685025E-5
1.997674571914654E-5
2.0010353624790234E-5
2.0043975995750264E-5
2.007761285442062E-5
2.0111264223623298E-5
2.0144930126610293E-5
2.0178610587066217E-5
2.0212305629110228E-5
2.0246015277299048E-5
2.0279739556628716E-5
2.0313478492537364E-5
2.0347232110907524E-5
2.0381000438068574E-5
2.041478350079912E-5
2.044858132632933E-5
2.048239394234382E-5
2.0516221376983596E-5
2.0550063658848803E-5
2.058392081700127E-5
2.061779288096675E-5
2.065167988073783E-5
2.068558184677595E-5
2.0719498810014438E-5
2.075343080186072E-5
2.0787377854199006E-5
2.0821339999392795E-5
2.0855317270287563E-5
2.0889309700213313E-5
2.0923317322987032E-5
2.095734017291546E-5
2.099137828479774E-5
2.1025431693928003E-5
2.1059500436097878E-5
2.1093584547599476E-5
2.1127684065227656E-5
2.116179902628302E-5
2.119592946857439E-5
2.12300754304218E-5
2.126423695065872E-5
2.1298414068635402E-5
2.133260682422093E-5
2.1366815257806717E-5
2.1401039410308452E-5
2.1435279323169616E-5
2.1469535038363614E-5
2.1503806598397178E-5
2.1538094046312533E-5
2.1572397425690674E-5
2.160671678065403E-5
2.164105215586918E-5
2.1675403596549923E-5
2.170977114845981E-5
2.174415485791524E-5
2.1778554771788472E-5
2.181297093750989E-5
2.1847403403071587E-5
2.1881852217029933E-5
2.1916317428508414E-5
2.1950799087200613E-5
2.1985297243373135E-5
2.201981194786873E-5
2.2054343252108848E-5
2.2088891208096825E-5
2.2123455868420844E-5
2.215803728625697E-5
2.2192635515371844E-5
2.2227250610125885E-5
2.22618826254762E-5
2.2296531616979738E-5
2.2331197640796002E-5
2.236588075369036E-5
2.2400581013036936E-5
2.2435298476821426E-5
2.2470033203644773E-5
2.250478525272539E-5
2.253955468390273E-5
2.2574341557640357E-5
2.260914593502878E-5
2.264396787778854E-5
2.2678807448273573E-5
2.271366470947398E-5
2.2748539725019285E-5
2.2783432559181428E-5
2.2818343276878047E-5
2.2853271943675474E-5
2.288821862579164E-5
2.2923183390099704E-5
2.2958166304130626E-5
2.2993167436076907E-5
2.3028186854794984E-5
2.306322462980915E-5
2.309828083131408E-5
2.313335553017833E-5
2.3168448797947637E-5
2.3203560706847653E-5
2.3238691329788043E-5
2.327384074036628E-5
2.3309009012874035E-5
2.334419622231028E-5
2.3379402444414037E-5
2.341462775575605E-5
2.3449872234000296E-5
2.3485135958645058E-5
2.3520419013096737E-5
2.3555721490347623E-5
2.35910435082045E-5
2.3626385249212963E-5
2.3661747062907463E-5
2.3697129721376416E-5
2.3732535042092993E-5
2.376796736636337E-5
2.3803436973677168E-5
2.3838967742935705E-5
2.387461382913828E-5
2.391049481591195E-5
2.3946867312627232E-5
2.398426548330174E-5
2.4023765954599843E-5
2.4067465286099107E-5
2.411929776571956E-5
2.4186354454190315E-5
2.4280942786174692E-5
2.442296189316736E-5
2.464305352582119E-5
2.4985433259282213E-5
2.550759358362794E-5
2.6273565486555643E-5
2.7333913288138194E-5
2.8678498252611267E-5
3.0127672800007484E-5
3.115369599499185E-5
3.120051099077628E-5
3.1247350174134936E-5
3.1294213613553274E-5
3.1341101378207604E-5
3.138801353796875E-5
3.143495016340405E-5
3.1481911325780816E-5
3.1528897097068994E-5
3.1575907549943815E-5
3.162294275778933E-5
3.1670002794700635E-5
3.171708773548739E-5
3.176419765567601E-5
3.1811332631513477E-5
3.185849273996973E-5
3.1905678058740395E-5
3.195288866625078E-5
3.200012464165769E-5
3.204738606485348E-5
3.209467301646801E-5
3.2141985577873026E-5
3.218932383118414E-5
3.223668785926433E-5
3.2284077745727605E-5
3.2331493574941083E-5
3.23789354320293E-5
3.24264034028766E-5
3.247389757413089E-5
3.2521418033207045E-5
3.2568964868289376E-5
3.2616538168336224E-5
3.266413802308204E-5
3.271176452304191E-5
3.275941775951456E-5
3.280709782458544E-5
3.2854804811131036E-5
3.2902538812821655E-5
3.2950299924125806E-5
3.299808824031302E-5
3.304590385745798E-5
3.309374687244441E-5
3.314161738296801E-5
3.318951548754145E-5
3.323744128549675E-5
3.3285394876990444E-5
3.333337636300676E-5
3.338138584536133E-5
3.342942342670598E-5
3.347748921053225E-5
3.352558330117511E-5
3.3573705803817645E-5
3.362185682449492E-5
3.3670036470098095E-5
3.371824484837862E-5
3.376648206795273E-5
3.381474823830515E-5
3.3863043469794344E-5
3.3911367873655686E-5
3.3959721562007E-5
3.400810464785216E-5
3.405651724508623E-5
3.4104959468499094E-5
3.415343143378085E-5
3.420193325752597E-5
3.4250465057238046E-5
3.429902695133458E-5
3.434761905915125E-5
3.439624150094705E-5
3.444489439790861E-5
3.4493577872155926E-5
3.454229204674584E-5
3.459103704567824E-5
3.4639812993900044E-5
3.4688620017310473E-5
3.47374582427661E-5
3.478632779808577E-5
3.483522881205536E-5
3.4884161414433686E-5
3.4933125735956293E-5
3.4982121908342014E-5
3.5031150064297215E-5
3.5080210337520875E-5
3.512930286271079E-5
3.517842777556781E-5
3.522758521280136E-5
3.527677531213542E-5
3.5325998212312855E-5
3.5375254053101255E-5
3.5424542975298646E-5
3.54738651207384E-5
3.552322063229482E-5
3.557260965388877E-5
3.562203233049258E-5
3.567148880813652E-5
3.5720979233913564E-5
3.577050375598522E-5
3.582006252358675E-5
3.586965568703377E-5
3.59192833977263E-5
3.596894580815586E-5
3.601864307191013E-5
3.606837534367935E-5
3.6118142779261154E-5
3.616794553556715E-5
3.6217783770628045E-5
3.6267657643599656E-5
3.631756731476824E-5
3.6367512945556804E-5
3.641749469853074E-5
3.6467512737402756E-5
3.651756722704029E-5
3.656765833346974E-5
3.661778622388299E-5
3.66679510666434E-5
3.671815303129095E-5
3.6768392288548716E-5
3.6818669010328404E-5
3.686898336973623E-5
3.6919335541078555E-5
3.696972569986823E-5
3.70201540228298E-5
3.707062068790592E-5
3.712112587426285E-5
3.717166976229637E-5
3.722225253363765E-5
3.72728743711592E-5
3.732353545898063E-5
3.737423598247416E-5
3.742497612827127E-5
3.747575608426773E-5
3.7526576039629665E-5
3.757743618479945E-5
3.762833671150175E-5
3.767927781274863E-5
3.773025968284627E-5
3.778128251739984E-5
3.783234651332018E-5
3.788345186882841E-5
3.793459878346321E-5
3.798578745808495E-5
3.803701809488274E-5
3.8088290897379175E-5
3.8139606070436705E-5
3.819096382026293E-5
3.8242364354416386E-5
3.8293807881812345E-5
3.834529461272801E-5
3.839682475880864E-5
3.8448398533072885E-5
3.850001614991828E-5
3.855167782512698E-5
3.860338377587123E-5
3.865513422071903E-5
3.87069293796389E-5
3.875876947400638E-5
3.881065472660893E-5
3.8862585361651025E-5
3.891456160476025E-5
3.8966583682992075E-5
3.9018651824835635E-5
3.907076626021861E-5
3.912292722051264E-5
3.9175134938538706E-5
3.922738964857231E-5
3.9279691586348446E-5
3.933204098906704E-5
3.938443809539792E-5
3.943688314548534E-5
3.948937638095456E-5
3.954191804491529E-5
3.959450838196712E-5
3.9647147638204825E-5
3.9699836061223244E-5
3.975257390012142E-5
3.980536140550857E-5
3.985819882950766E-5
3.991108642576132E-5
3.996402444943561E-5
4.001701315722514E-5
4.007005280735787E-5
4.012314365959915E-5
4.0176285975256716E-5
4.0229480017184974E-5
4.028272604978979E-5
4.033602433903233E-5
4.038937515243409E-5
4.044277875908055E-5
4.049623542962592E-5
4.054974543629742E-5
4.0603309052899155E-5
4.0656926554816655E-5
4.071059821902136E-5
4.0764324324076226E-5
4.0818105150144825E-5
4.087194097901109E-5
4.092583209413161E-5
4.0979778780787514E-5
4.103378132652304E-5
4.108784002241762E-5
4.1141955166688844E-5
4.119612707471032E-5
4.1250356106253785E-5
4.130464273789986E-5
4.135898775098312E-5
4.141339270757358E-5
4.1467861125499935E-5
4.1522401302951495E-5
4.1577032922560374E-5
4.163180204940451E-5
4.1686814164198516E-5
4.1742304596448156E-5
4.1798783591825156E-5
4.185732416437506E-5
4.192011051269084E-5
4.1991436791537555E-5
4.2079435279026644E-5
4.219913720569297E-5
4.2376074217109274E-5
4.265216502551926E-5
4.309316098336771E-5
4.3794065407875074E-5
4.487905057105196E-5
4.648495590063649E-5
4.869580729855929E-5
5.1317717534738396E-5
5.3353754977246074E-5
5.3422725816002994E-5
5.349175701085598E-5
5.356084883781467E-5
5.363000157437953E-5
5.36992154995457E-5
5.376849089380329E-5
5.3837828039142644E-5
5.3907227219057735E-5
5.397668871854984E-5
5.404621282413411E-5
5.411579982384444E-5
5.4185450007239755E-5
5.4255163665410375E-5
5.432494109098575E-5
5.439478257814226E-5
5.4464688422610055E-5
5.453465892168365E-5
5.460469437422931E-5
5.467479508069508E-5
5.474496134312048E-5
5.481519346514735E-5
5.4885491752029275E-5
5.495585651064334E-5
5.5026288049502095E-5
5.509678667876331E-5
5.5167352710243955E-5
5.5237986457430863E-5
5.530868823549416E-5
5.537945836130067E-5
5.545029715342538E-5
5.552120493216632E-5
5.559218201955693E-5
5.56632287393815E-5
5.573434541718773E-5
5.580553238030177E-5
5.58767899578425E-5
5.5948118480735775E-5
5.6019518281730826E-5
5.609098969541306E-5
5.6162533058220274E-5
5.6234148708458935E-5
5.630583698631781E-5
5.6377598233884636E-5
5.644943279516147E-5
5.652134101608044E-5
5.659332324451998E-5
5.666537983031969E-5
5.673751112529799E-5
5.6809717483267376E-5
5.688199926004974E-5
5.695435681349409E-5
5.7026790503491854E-5
5.709930069199349E-5
5.717188774302446E-5
5.7244552022701946E-5
5.731729389925059E-5
5.739011374302024E-5
5.7463011926499775E-5
5.753598882433574E-5
5.760904481334773E-5
5.768218027254443E-5
5.7755395583139696E-5
5.7828691128569626E-5
5.7902067294507405E-5
5.797552446888049E-5
5.804906304188637E-5
5.812268340600744E-5
5.819638595602837E-5
5.827017108905042E-5
5.834403920450888E-5
5.8417990704186494E-5
5.8492025992230674E-5
5.856614547516822E-5
5.864034956192033E-5
5.871463866381834E-5
5.8789013194617866E-5
5.8863473570514755E-5
5.8938020210159484E-5
5.901265353467065E-5
5.9087373967651705E-5
5.916218193520341E-5
5.923707786593815E-5
5.931206219099563E-5
5.9387135344054675E-5
5.946229776134777E-5
5.953754988167554E-5
5.961289214641855E-5
5.968832499955083E-5
5.976384888765435E-5
5.983946425992978E-5
5.991517156821077E-5
5.9990971266975437E-5
6.006686381335844E-5
6.014284966716433E-5
6.021892929087837E-5
6.0295103149678114E-5
6.037137171144518E-5
6.044773544677696E-5
6.052419482899654E-5
6.060075033416477E-5
6.0677402441089183E-5
6.0754151631336666E-5
6.083099838924126E-5
6.090794320191599E-5
6.098498655926105E-5
6.106212895397453E-5
6.113937088156057E-5
6.12167128403389E-5
6.129415533145419E-5
6.13716988588827E-5
6.144934392944309E-5
6.152709105280246E-5
6.160494074148486E-5
6.168289351087905E-5
6.1760949879245E-5
6.183911036772233E-5
6.191737550033582E-5
6.199574580400227E-5
6.207422180853732E-5
6.215280404666085E-5
6.223149305400312E-5
6.231028936911005E-5
6.238919353344882E-5
6.246820609141256E-5
6.254732759032536E-5
6.262655858044648E-5
6.270589961497472E-5
6.278535125005223E-5
6.286491404476903E-5
6.294458856116495E-5
6.302437536423398E-5
6.310427502192664E-5
6.318428810515335E-5
6.326441518778514E-5
6.334465684665809E-5
6.342501366157266E-5
6.350548621529776E-5
6.358607509356977E-5
6.36667808850954E-5
6.3747604181551E-5
6.382854557758437E-5
6.390960567081357E-5
6.399078506182829E-5
6.407208435418867E-5
6.415350415442487E-5
6.423504507203638E-5
6.431670771949054E-5
6.439849271222177E-5
6.448040066862975E-5
6.456243221007667E-5
6.464458796088634E-5
6.47268685483409E-5
6.48092746026783E-5
6.489180675708912E-5
6.497446564771343E-5
6.505725191363845E-5
6.51401661968922E-5
6.522320914244175E-5
6.530638139818804E-5
6.538968361496107E-5
6.547311644651611E-5
6.555668054952668E-5
6.564037658358123E-5
6.572420521117666E-5
6.580816709771212E-5
6.589226291148338E-5
6.597649332367642E-5
6.606085900836E-5
6.61453606424807E-5
6.622999890585314E-5
6.631477448115438E-5
6.639968805391579E-5
6.648474031251537E-5
6.656993194816887E-5
6.665526365492204E-5
6.674073612964186E-5
6.682635007200772E-5
6.691210618450136E-5
6.69980051723989E-5
6.708404774376003E-5
6.717023460941933E-5
6.7256566482974E-5
6.734304408077594E-5
6.742966812191998E-5
6.751643932823305E-5
6.760335842426292E-5
6.76904261372674E-5
6.777764319720216E-5
6.78650103367098E-5
6.795252829110738E-5
6.804019779837346E-5
6.812801959913778E-5
6.821599443666707E-5
6.830412305685627E-5
6.839240620822242E-5
6.848084464191665E-5
6.856943911179013E-5
6.865819037462106E-5
6.874709919083237E-5
6.883616632662725E-5
6.892539256017972E-5
6.901477869913585E-5
6.910432562894034E-5
6.919403444315345E-5
6.928390678650447E-5
6.937394573568322E-5
6.946415800309761E-5
6.955455930446994E-5
6.964518707082163E-5
6.973612968206992E-5
6.982759164707056E-5
6.992003424737515E-5
7.001446859491618E-5
7.011304373106415E-5
7.022017939898704E-5
7.034465101106141E-5
7.050373300871126E-5
7.072799736834988E-5
7.107051719747764E-5
7.162062559306957E-5
7.251819773482226E-5
7.396612961418563E-5
7.622599473074631E-5
7.953805159095403E-5
8.373615047926358E-5
8.719186384050833E-5
8.729950108488012E-5
8.740729995726986E-5
8.75152611710567E-5
8.762338544152998E-5
8.77316734860985E-5
8.784012602448756E-5
8.794874377894024E-5
8.805752747440702E-5
8.816647783873148E-5
8.827559560283393E-5
8.838488150088787E-5
8.84943362704908E-5
8.860396065283265E-5
8.871375539285787E-5
8.882372123942399E-5
8.893385894545419E-5
8.904416926808736E-5
8.915465296882217E-5
8.926531081365625E-5
8.937614357322357E-5
8.948715202292546E-5
8.959833694305768E-5
8.970969911893355E-5
8.982123934100466E-5
8.993295840497343E-5
9.00448571119072E-5
9.015693626834249E-5
9.026919668639075E-5
9.03816391838375E-5
9.049426458423743E-5
9.0607073717007E-5
9.072006741751227E-5
9.083324652715591E-5
9.094661189345572E-5
9.106016437012484E-5
9.117390481714476E-5
9.128783410083625E-5
9.140195309392968E-5
9.151626267562539E-5
9.163076373165706E-5
9.174545715435124E-5
9.186034384267863E-5
9.197542470230791E-5
9.209070064565535E-5
9.220617259192742E-5
9.232184146716685E-5
9.243770820428926E-5
9.255377374312311E-5
9.267003903044208E-5
9.278650501999555E-5
9.290317267253885E-5
9.302004295585852E-5
9.313711684479537E-5
9.325439532126464E-5
9.337187937427496E-5
9.348956999994206E-5
9.36074682015055E-5
9.37255749893336E-5
9.384389138093651E-5
9.396241840096965E-5
9.408115708123761E-5
9.420010846069385E-5
9.431927358544307E-5
9.44386535087331E-5
9.455824929095379E-5
9.467806199962674E-5
9.479809270939545E-5
9.491834250201515E-5
9.503881246633681E-5
9.51595036982933E-5
9.528041730087948E-5
9.540155438413379E-5
9.552291606511669E-5
9.564450346788516E-5
9.576631772347E-5
9.58883599698466E-5
9.601063135190633E-5
9.613313302142724E-5
9.625586613703909E-5
9.63788318641924E-5
9.65020313751202E-5
9.662546584880135E-5
9.674913647092323E-5
9.687304443383891E-5
9.699719093652655E-5
9.712157718454652E-5
9.724620438999566E-5
9.737107377145978E-5
9.749618655396905E-5
9.762154396894654E-5
9.774714725415845E-5
9.787299765366258E-5
9.799909641775439E-5
9.812544480291477E-5
9.825204407175248E-5
9.837889549294852E-5
9.850600034119774E-5
9.863335989715017E-5
9.876097544735086E-5
9.888884828417884E-5
9.901697970578284E-5
9.914537101602174E-5
9.927402352439603E-5
9.940293854598578E-5
9.953211740138116E-5
9.966156141661836E-5
9.979127192310744E-5
9.992125025756694E-5
1.0005149776195163E-4
1.0018201578338116E-4
1.0031280567407066E-4
1.0044386879125538E-4
1.0057520649711858E-4
1.0070682015871734E-4
1.0083871114790685E-4
1.0097088084126682E-4
1.0110333062002186E-4
1.0123606186996682E-4
1.0136907598138839E-4
1.0150237434898622E-4
1.0163595837179391E-4
1.017698294530999E-4
1.0190398900036669E-4
1.0203843842515019E-4
1.0217317914301829E-4
1.023082125734684E-4
1.0244354013984565E-4
1.0257916326925949E-4
1.0271508339250104E-4
1.0285130194395734E-4
1.0298782036152873E-4
1.0312464008654274E-4
1.0326176256367056E-4
1.0339918924083888E-4
1.0353692156914606E-4
1.0367496100277386E-4
1.0381330899890362E-4
1.0395196701762503E-4
1.0409093652185208E-4
1.0423021897723402E-4
1.0436981585206696E-4
1.0450972861720642E-4
1.0464995874597833E-4
1.0479050771409056E-4
1.0493137699954287E-4
1.050725680825391E-4
1.0521408244539624E-4
1.0535592157245622E-4
1.054980869499955E-4
1.0564058006613377E-4
1.057834024107464E-4
1.0592655547537189E-4
1.0607004075312285E-4
1.0621385973859398E-4
1.0635801392777307E-4
1.065025048179505E-4
1.0664733390762572E-4
1.067925026964197E-4
1.0693801268498208E-4
1.0708386537490047E-4
1.0723006226861095E-4
1.0737660486930431E-4
1.0752349468083772E-4
1.0767073320764245E-4
1.0781832195463312E-4
1.0796626242711697E-4
1.0811455613070288E-4
1.0826320457120954E-4
1.0841220925457705E-4
1.0856157168677345E-4
1.087112933737056E-4
1.0886137582112902E-4
1.0901182053455557E-4
1.091626290191657E-4
1.0931380277971543E-4
1.0946534332044839E-4
1.0961725214500502E-4
1.0976953075633237E-4
1.0992218065659493E-4
1.100752033470852E-4
1.102286003281345E-4
1.103823730990218E-4
1.1053652315788778E-4
1.1069105200164443E-4
1.108459611258863E-4
1.1100125202480256E-4
1.1115692619108827E-4
1.1131298511585702E-4
1.114694302885535E-4
1.1162626319686527E-4
1.1178348532663485E-4
1.1194109816177572E-4
1.1209910318418217E-4
1.1225750187364684E-4
1.1241629570777716E-4
1.1257548616192114E-4
1.1273507470912285E-4
1.1289506282016116E-4
1.1305545196386169E-4
1.1321624360821832E-4
1.1337743922391979E-4
1.1353904029485641E-4
1.1370104834838916E-4
1.1386346504030052E-4
1.1402629238742289E-4
1.14189533389064E-4
1.1435319364555216E-4
1.1451728546494105E-4
1.1468183800330212E-4
1.1484692160274135E-4
1.1501270449508543E-4
1.1517958084294837E-4
1.1534845044415417E-4
1.1552130852678749E-4
1.1570244296545556E-4
1.1590076566114107E-4
1.1613500515226906E-4
1.1643941757532995E-4
1.1687651062670334E-4
1.1755835604670071E-4
1.1867252448369955E-4
1.2051342679338289E-4
1.2350107490409577E-4
1.2809594399730348E-4
1.3421860875342275E-4
1.3947944070504453E-4
1.396633044174269E-4
1.398475648520298E-4
1.4003222323414187E-4
1.4021728085784223E-4
1.4040273908452305E-4
1.405885993414193E-4
1.407748631201653E-4
1.4096153197536344E-4
1.4114860752316373E-4
1.4133609143986893E-4
1.4152398546054808E-4
1.417122913776694E-4
1.4190101103974358E-4
1.4209014634999228E-4
1.4227969926502038E-4
1.4246967179351098E-4
1.4266006599493436E-4
1.4285088397826876E-4
1.4304212790073651E-4
1.4323379996655894E-4
1.4342590242572126E-4
1.4361843757275316E-4
1.4381140774552374E-4
1.440048153240517E-4
1.4419866272932658E-4
1.4439295242214722E-4
1.445876869019724E-4
1.4478286870578343E-4
1.4497850040696557E-4
1.4517458461419454E-4
1.4537112397034515E-4
1.455681211514067E-4
1.4576557886541457E-4
1.459634998513943E-4
1.4616188687831776E-4
1.4636074274407116E-4
1.4656007027443843E-4
1.4675987232209717E-4
1.4696015176562103E-4
1.4716091150850165E-4
1.473621544781819E-4
1.4756388362509364E-4
1.477661019217171E-4
1.4796881236164874E-4
1.4817201795867572E-4
1.4837572174587153E-4
1.4857992677469272E-4
1.4878463611409825E-4
1.4898985284967056E-4
1.4919558008275158E-4
1.494018209295917E-4
1.4960857852050694E-4
1.498158559990496E-4
1.500236565211859E-4
1.5023198325448943E-4
1.504408393773388E-4
1.5065022807813686E-4
1.5086015255452525E-4
1.5107061601262077E-4
1.5128162166626053E-4
1.5149317273625238E-4
1.51705272449637E-4
1.5191792403896755E-4
1.5213113074158603E-4
1.5234489579892105E-4
1.525592224557882E-4
1.527741139597037E-4
1.5298957356020746E-4
1.5320560450819115E-4
1.5342221005524466E-4
1.536393934530002E-4
1.538571579524968E-4
1.5407550680354647E-4
1.542944432541109E-4
1.5451397054969083E-4
1.5473409193271932E-4
1.549548106419654E-4
1.5517612991195083E-4
1.553980529723658E-4
1.556205830475053E-4
1.558437233557028E-4
1.560674771087784E-4
1.5629184751149723E-4
1.5651683776102788E-4
1.5674245104641715E-4
1.5696869054807082E-4
1.5719555943723837E-4
1.5742306087550905E-4
1.5765119801431805E-4
1.5787997399445566E-4
1.581093919455861E-4
1.5833945498577523E-4
1.5857016622102292E-4
1.5880152874480708E-4
1.5903354563763075E-4
1.5926621996657924E-4
1.5949955478488382E-4
1.5973355313149204E-4
1.599682180306464E-4
1.6020355249146895E-4
1.6043955950755217E-4
1.606762420565607E-4
1.6091360309983466E-4
1.611516455820034E-4
1.6139037243060269E-4
1.6162978655570538E-4
1.6186989084954735E-4
1.621106881861725E-4
1.6235218142107507E-4
1.6259437339085134E-4
1.628372669128608E-4
1.6308086478488697E-4
1.6332516978480947E-4
1.635701846702817E-4
1.6381591217841222E-4
1.6406235502545766E-4
1.6430951590651E-4
1.6455739749520506E-4
1.648060024434251E-4
1.6505533338101206E-4
1.6530539291548436E-4
1.6555618363176455E-4
1.6580770809190436E-4
1.6605996883482167E-4
1.6631296837604223E-4
1.6656670920744138E-4
1.6682119379700006E-4
1.6707642458855827E-4
1.6733240400157906E-4
1.6758913443091263E-4
1.6784661824657224E-4
1.681048577935068E-4
1.6836385539138998E-4
1.6862361333440048E-4
1.6888413389101853E-4
1.6914541930382101E-4
1.6940747178928654E-4
1.6967029353759895E-4
1.6993388671245985E-4
1.7019825345090627E-4
1.7046339586312926E-4
1.7072931603230108E-4
1.7099601601440546E-4
1.7126349783807036E-4
1.7153176350440807E-4
1.71800814986859E-4
1.7207065423103778E-4
1.7234128315458686E-4
1.7261270364703283E-4
1.728849175696449E-4
1.731579267553016E-4
1.7343173300835788E-4
1.7370633810452014E-4
1.7398174379071982E-4
1.7425795178499685E-4
1.7453496377638382E-4
1.7481278142479384E-4
1.750914063609128E-4
1.7537084018609767E-4
1.7565108447227258E-4
1.759321407618379E-4
1.7621401056757278E-4
1.764966953725492E-4
1.767801966300442E-4
1.7706451576346142E-4
1.773496541662489E-4
1.7763561320182703E-4
1.7792239420351606E-4
1.7820999847446842E-4
1.7849842728760376E-4
1.78787681885546E-4
1.790777634805709E-4
1.7936867325454183E-4
1.796604123588686E-4
1.7995298191444977E-4
1.802463830116334E-4
1.8054061671017205E-4
1.8083568403918422E-4
1.8113158599711675E-4
1.8142832355171434E-4
1.817258976399872E-4
1.8202430916818173E-4
1.8232355901176057E-4
1.8262364801537815E-4
1.8292457699286058E-4
1.8322634672719216E-4
1.8352895797049817E-4
1.8383241144403966E-4
1.8413670783819932E-4
1.844418478124806E-4
1.8474783199550084E-4
1.8505466098499507E-4
1.853623353478142E-4
1.8567085561993377E-4
1.8598022230646035E-4
1.8629043588164727E-4
1.8660149678892637E-4
1.8691340544098038E-4
1.8722616221996237E-4
1.875397674781501E-4
1.8785422153993244E-4
1.881695247078368E-4
1.884856772804296E-4
1.8880267960439857E-4
1.8912053222275462E-4
1.8943923628663857E-4
1.897587946718677E-4
1.9007921493016964E-4
1.9040051688617193E-4
1.9072275166230433E-4
1.9104604797195787E-4
1.913707214194941E-4
1.9169752449491433E-4
1.9202819943843187E-4
1.923666576958712E-4
1.927214002471112E-4
1.9311158100795362E-4
1.9357309020320932E-4
1.9417442341170162E-4
1.95045749080995E-4
1.9641783501659214E-4
1.9867690988772973E-4
2.0241685680384884E-4
2.083629744386149E-4
2.1658526710339017E-4
2.2389436052193827E-4
2.2423440301030882E-4
2.2457522296218064E-4
2.249168437654806E-4
2.2525928839562117E-4
2.256025794193122E-4
2.259467389983308E-4
2.2629178889327833E-4
2.266377504673076E-4
2.2698464468981353E-4
2.273324921401152E-4
2.2768131301109337E-4
2.280311271128176E-4
2.2838195387613264E-4
2.2873381235623367E-4
2.2908672123620537E-4
2.294406988305389E-4
2.297957630886281E-4
2.3015193159823245E-4
2.3050922158891773E-4
2.3086764993547946E-4
2.3122723316132906E-4
2.3158798744186672E-4
2.3194992860782097E-4
2.3231307214857333E-4
2.3267743321544825E-4
2.3304302662498905E-4
2.3340986686220394E-4
2.337779680837895E-4
2.3414734412133574E-4
2.3451800848449787E-4
2.3488997436415398E-4
2.3526325463553685E-4
2.3563786186134005E-4
2.360138082948071E-4
2.3639110588279165E-4
2.3676976626879872E-4
2.3714980079600403E-4
2.3753122051025226E-4
2.3791403616302512E-4
2.3829825821439994E-4
2.386838968359785E-4
2.3907096191379238E-4
2.394594630511951E-4
2.3984940957172852E-4
2.402408105219611E-4
2.4063367467432064E-4
2.4102801052988923E-4
2.4142382632119072E-4
2.418211300149505E-4
2.4221992931483416E-4
2.4262023166417087E-4
2.4302204424865093E-4
2.434253739990083E-4
2.4383022759367706E-4
2.442366114614338E-4
2.4464453178401637E-4
2.450539944987264E-4
2.454650053010061E-4
2.4587756964700424E-4
2.4629169275611527E-4
2.4670737961350375E-4
2.471246349726048E-4
2.475434633576159E-4
2.479638690659555E-4
2.483858561707169E-4
2.488094285230912E-4
2.492345897547812E-4
2.496613432803943E-4
2.500896922998118E-4
2.505196398005506E-4
2.5095118856009464E-4
2.5138434114822E-4
2.518190999292942E-4
2.522554670645594E-4
2.526934445144028E-4
2.531330340406043E-4
2.535742372085657E-4
2.540170553895313E-4
2.544614897627797E-4
2.549075413178104E-4
2.5535521085650296E-4
2.5580449899526497E-4
2.562554061671661E-4
2.567079326240469E-4
2.57162078438619E-4
2.5761784350654827E-4
2.5807522754851494E-4
2.585342301122639E-4
2.589948505746404E-4
2.594570881436044E-4
2.599209418602294E-4
2.6038641060069465E-4
2.6085349307824416E-4
2.613221878451509E-4
2.6179249329465074E-4
2.622644076628654E-4
2.627379290307107E-4
2.632130553257943E-4
2.6368978432428586E-4
2.64168113652786E-4
2.646480407901717E-4
2.651295630694319E-4
2.6561267767948396E-4
2.6609738166698114E-4
2.665836719380974E-4
2.6707154526031137E-4
2.675609982641572E-4
2.680520274449797E-4
2.6854462916466477E-4
2.6903879965335735E-4
2.6953453501116887E-4
2.7003183120986705E-4
2.7053068409455347E-4
2.710310893853285E-4
2.7153304267894124E-4
2.7203653945043053E-4
2.7254157505473875E-4
2.7304814472833486E-4
2.735562435908032E-4
2.740658666464309E-4
2.7457700878577595E-4
2.7508966478723455E-4
2.7560382931857396E-4
2.7611949693847444E-4
2.766366620980486E-4
2.7715531914234304E-4
2.7767546231184073E-4
2.7819708574393847E-4
2.787201834744218E-4
2.7924474943891804E-4
2.79770777474347E-4
2.8029826132034894E-4
2.808271946207166E-4
2.813575709247937E-4
2.8188938368888075E-4
2.8242262627761603E-4
2.829572919653574E-4
2.834933739375401E-4
2.84030865292027E-4
2.8456975904045406E-4
2.85110048109556E-4
2.856517253424819E-4
2.8619478350010744E-4
2.8673921526232434E-4
2.872850132293249E-4
2.878321699228796E-4
2.883806777875951E-4
2.8893052919216693E-4
2.8948171643061976E-4
2.9003423172353743E-4
2.905880672192827E-4
2.911432149952053E-4
2.9169966705884043E-4
2.9225741534909673E-4
2.9281645173743245E-4
2.9337676802902534E-4
2.939383559639279E-4
2.9450120721821336E-4
2.9506531340511556E-4
2.956306660761507E-4
2.9619725672224274E-4
2.96765076774819E-4
2.9733411760691976E-4
2.979043705342746E-4
2.984758268163899E-4
2.990484776576092E-4
2.9962231420817905E-4
3.001973275652919E-4
3.007735087741321E-4
3.013508488289026E-4
3.019293386738456E-4
3.025089692042607E-4
3.0308973126749955E-4
3.036716156639686E-4
3.042546131481061E-4
3.048387144293646E-4
3.0542391017317466E-4
3.0601019100190386E-4
3.0659754749580724E-4
3.071859701939662E-4
3.0777544959522535E-4
3.083659761591096E-4
3.0895754030674526E-4
3.095501324217649E-4
3.101437428512044E-4
3.107383619063947E-4
3.1133397986383987E-4
3.1193058696609886E-4
3.1252817342264144E-4
3.131267294107123E-4
3.1372624507617605E-4
3.143267105343614E-4
3.149281158708923E-4
3.155304511425141E-4
3.1613370637791446E-4
3.1673787157853107E-4
3.1734293671936746E-4
3.17948891749807E-4
3.185557265945015E-4
3.191634311544621E-4
3.1977199530882554E-4
3.203814089188015E-4
3.2099166183826195E-4
3.2160274394428317E-4
3.2221464522611595E-4
3.228273560411345E-4
3.2344086783613865E-4
3.2405517513232706E-4
3.2467028085019157E-4
3.252862102165572E-4
3.25903046082419E-4
3.26521016022585E-4
3.271407006180627E-4
3.277635155658869E-4
3.283927896176962E-4
3.290360867407548E-4
3.2971177420910026E-4
3.3045476987339246E-4
3.313344278055094E-4
3.3248983481453195E-4
3.341802139124494E-4
3.368632146368172E-4
3.4128491468261206E-4
3.4842713385269466E-4
3.5854839725448694E-4
3.677930584971914E-4
3.684134581051656E-4
3.69042184084335E-4
3.6967912559286194E-4
3.7032417259658237E-4
3.709772158642902E-4
3.716381469630291E-4
3.723068582534235E-4
3.7298324288503036E-4
3.7366719479170945E-4
3.743586086870251E-4
3.7505738005966287E-4
3.7576340516888514E-4
3.764765810399902E-4
3.7719680545981164E-4
3.779239769722314E-4
3.786579948737223E-4
3.7939875920891327E-4
3.801461707661678E-4
3.809001310731992E-4
3.81660542392702E-4
3.824273077180044E-4
3.832003307687496E-4
3.839795159865893E-4
3.8476476853091545E-4
3.8555599427459586E-4
3.8635309979974635E-4
3.8715599239352025E-4
3.8796458004391505E-4
3.8877877143561173E-4
3.8959847594582475E-4
3.904236036401799E-4
3.912540652686147E-4
3.9208977226129385E-4
3.9293063672455496E-4
3.937765714368677E-4
3.946274898448164E-4
3.9548330605910934E-4
3.9634393485060243E-4
3.9720929164634E-4
3.9807929252563124E-4
3.989538542161325E-4
3.9983289408995634E-4
4.007163301598007E-4
4.0160408107510167E-4
4.0249606611819633E-4
4.033922052005214E-4
4.0429241885881335E-4
4.051966282513461E-4
4.061047551541775E-4
4.0701672195742083E-4
4.0793245166153E-4
4.0885186787361364E-4
4.097748948037604E-4
4.10701457261388E-4
4.116314806516092E-4
4.125648909716185E-4
4.1350161480710007E-4
4.1444157932865025E-4
4.1538471228821954E-4
4.1633094201557966E-4
4.172801974148016E-4
4.1823240796075013E-4
4.1918750369561686E-4
4.201454152254408E-4
4.211060737166772E-4
4.220694108927605E-4
4.230353590307023E-4
4.2400385095770323E-4
4.2497482004777274E-4
4.2594820021838413E-4
4.2692392592713114E-4
4.27901932168419E-4
4.288821544701525E-4
4.2986452889046025E-4
4.3084899201442927E-4
4.318354809508548E-4
4.328239333290086E-4
4.338142872954295E-4
4.348064815107225E-4
4.3580045514638707E-4
4.367961478816459E-4
4.377934999003046E-4
4.387924518876277E-4
4.397929450272184E-4
4.407949209979275E-4
4.4179832197078323E-4
4.4280309060591445E-4
4.4380917004951714E-4
4.448165039308215E-4
4.458250363590811E-4
4.4683471192057323E-4
4.478454756756269E-4
4.488572731556449E-4
4.498700503601692E-4
4.5088375375394263E-4
4.518983302639919E-4
4.529137272767288E-4
4.539298926350674E-4
4.549467746355478E-4
4.559643220254883E-4
4.569824840001475E-4
4.5800121019989545E-4
4.5902045070740925E-4
4.6004015604488295E-4
4.6106027717124457E-4
4.6208076547940113E-4
4.6310157279348105E-4
4.6412265136611136E-4
4.651439538756948E-4
4.661654334237077E-4
4.671870435320134E-4
4.6820873814018636E-4
4.6923047160285324E-4
4.702521986870507E-4
4.7127387456959277E-4
4.7229545483445836E-4
4.7331689547018194E-4
4.7433815286727633E-4
4.753591838156527E-4
4.7637994550206426E-4
4.774003955075543E-4
4.7842049180493983E-4
4.7944019275627706E-4
4.8045945711036565E-4
4.8147824400026555E-4
4.8249651294080253E-4
4.835142238261241E-4
4.8453133692723943E-4
4.855478128895864E-4
4.8656361273060906E-4
4.875786978373494E-4
4.885930299640454E-4
4.896065712297606E-4
4.906192841160032E-4
4.916311314643709E-4
4.926420764742111E-4
4.936520827002901E-4
4.946611140504734E-4
4.956691347834171E-4
4.966761095062832E-4
4.976820031724525E-4
4.986867810792628E-4
4.996904088657507E-4
5.006928525104126E-4
5.016940783289684E-4
5.02694052972155E-4
5.036927434235106E-4
5.046901169971884E-4
5.056861413357696E-4
5.066807844081037E-4
5.076740145071446E-4
5.086658002478061E-4
5.096561105648325E-4
5.10644914710679E-4
5.116321822533943E-4
5.12617883074536E-4
5.136019873670706E-4
5.145844656333121E-4
5.155652886828512E-4
5.165444276305067E-4
5.17521853894291E-4
5.184975391933704E-4
5.194714555460632E-4
5.204435752678158E-4
5.214138709692323E-4
5.22382315554066E-4
5.233488822172647E-4
5.243135444430045E-4
5.2527627600274E-4
5.262370509532584E-4
5.271958436347671E-4
5.281526286689624E-4
5.291073809571237E-4
5.300600756782297E-4
5.310106882870579E-4
5.319591945123197E-4
5.32905570354795E-4
5.33849792085476E-4
5.34791836243725E-4
5.357316796354431E-4
5.366692993312479E-4
5.376046726646599E-4
5.38537777230299E-4
5.394685908821017E-4
5.403970917315283E-4
5.413232581457992E-4
5.422470687461255E-4
5.431685024059747E-4
5.440875382493032E-4
5.450041556488542E-4
5.459183342244085E-4
5.468300538410951E-4
5.477392946076709E-4
5.486460368748431E-4
5.495502612335784E-4
5.504519485134305E-4
5.513510797808874E-4
5.522476363377149E-4
5.531415997193645E-4
5.54032951693479E-4
5.549216742587346E-4
5.558077496447793E-4
5.566911603156534E-4
5.575718889839905E-4
5.584499186581413E-4
5.593252327871883E-4
5.601978156901567E-4
5.61067653789304E-4
5.619347390586291E-4
5.627990784079484E-4
5.63660718515405E-4
5.645198096580059E-4
5.653767648637194E-4
5.662326441975044E-4
5.670900515692615E-4
5.679551526719272E-4
5.688441079722203E-4
5.697877679445446E-4
5.708495098383464E-4
5.721626774826373E-4
5.739864250563715E-4
5.767985111576415E-4
5.81413839850375E-4
5.88963390291646E-4
5.99868622109472E-4
6.126311583699569E-4
6.159819791195085E-4
6.193050467188925E-4
6.226005077562987E-4
6.258685081488692E-4
6.291091931455672E-4
6.32322707330004E-4
6.355091946232689E-4
6.386687982867543E-4
6.418016609249542E-4
6.449079244882646E-4
6.479877302757556E-4
6.510412189379637E-4
6.540685304796337E-4
6.570698042624771E-4
6.600451790079097E-4
6.629947927997774E-4
6.659187830870796E-4
6.688172866866645E-4
6.716904397859283E-4
6.745383779455035E-4
6.77361236101925E-4
6.801591485702948E-4
6.829322490469351E-4
6.85680670612023E-4
6.884045457322313E-4
6.91104006263333E-4
6.937791834528242E-4
6.964302079425108E-4
6.990572097711037E-4
7.01660318376792E-4
7.042396625998113E-4
7.067953706849963E-4
7.093275702843339E-4
7.118363884594894E-4
7.143219516843387E-4
7.167843858474809E-4
7.192238162547387E-4
7.216403676316689E-4
7.240341641260178E-4
7.264053293102305E-4
7.287539861838858E-4
7.310802571761636E-4
7.333842641482932E-4
7.356661283959783E-4
7.379259706518223E-4
7.401639110877559E-4
7.423800693174232E-4
7.4457456439859E-4
7.467475148355215E-4
7.488990385813648E-4
7.510292530405086E-4
7.531382750709437E-4
7.552262209866071E-4
7.572932065597201E-4
7.593393470231172E-4
7.613647570725608E-4
7.633695508690531E-4
7.653538420411373E-4
7.67317743687181E-4
7.692613683776607E-4
7.711848281574373E-4
7.730882345480092E-4
7.749716985497721E-4
7.768353306442578E-4
7.786792407963777E-4
7.805035384566342E-4
7.82308332563346E-4
7.840937315448617E-4
7.858598433217424E-4
7.876067753089613E-4
7.893346344180803E-4
7.910435270594273E-4
7.927335591442464E-4
7.944048360868706E-4
7.960574628068467E-4
7.976915437310856E-4
7.993071827959817E-4
8.009044834495372E-4
8.024835486534675E-4
8.040444808853072E-4
8.055873821405001E-4
8.071123539344806E-4
8.086194973047596E-4
8.101089128129814E-4
8.115807005469803E-4
8.130349601228537E-4
8.144717906869689E-4
8.158912909180258E-4
8.172935590290702E-4
8.186786927695105E-4
8.200467894271293E-4
8.213979458300858E-4
8.227322583488977E-4
8.24049822898441E-4
8.253507349399134E-4
8.266350894828077E-4
8.279029810868719E-4
8.291545038640602E-4
8.303897514804729E-4
8.316088171582982E-4
8.328117936777409E-4
8.339987733789341E-4
8.351698481638567E-4
8.363251094982409E-4
8.374646484134604E-4
8.38588555508429E-4
8.396969209514698E-4
8.407898344821994E-4
8.418673854133868E-4
8.429296626328127E-4
8.439767546051204E-4
8.450087493736569E-4
8.460257345623098E-4
8.470277973773294E-4
8.480150246091601E-4
8.48987502634239E-4
8.499453174168082E-4
8.508885545107143E-4
8.518172990611934E-4
8.527316358066559E-4
8.536316490804578E-4
8.545174228126821E-4
8.553890405318822E-4
8.562465853668421E-4
8.570901400483366E-4
8.579197869108386E-4
8.587356078942864E-4
8.59537684545784E-4
8.603260980213297E-4
8.611009290875218E-4
8.618622581232682E-4
8.626101651214711E-4
8.633447296907326E-4
8.640660310570264E-4
8.647741480653717E-4
8.654691591815075E-4
8.661511424935554E-4
8.668201757136717E-4
8.6747633617969E-4
8.681197008567741E-4
8.687503463390417E-4
8.693683488511965E-4
8.699737842501539E-4
8.705667280266454E-4
8.711472553068284E-4
8.717154408538997E-4
8.722713590696706E-4
8.728150839961682E-4
8.733466893172092E-4
8.738662483599807E-4
8.743738340966013E-4
8.748695191456873E-4
8.753533757739065E-4
8.758254758975283E-4
8.762858910839626E-4
8.767346925532968E-4
8.771719511798259E-4
8.775977374935777E-4
8.780121216818258E-4
8.784151735905974E-4
8.788069627261887E-4
8.791875582566519E-4
8.795570290132907E-4
8.799154434921432E-4
8.80262869855471E-4
8.805993759332187E-4
8.809250292244883E-4
8.812398968990044E-4
8.815440457985566E-4
8.818375424384612E-4
8.821204530089995E-4
8.823928433768501E-4
8.826547790865238E-4
8.829063253617916E-4
8.831475471070956E-4
8.833785089089716E-4
8.835992750374489E-4
8.838099094474545E-4
8.840104757802071E-4
8.842010373646111E-4
8.843816572186333E-4
8.845523980506857E-4
8.847133222610036E-4
8.848644919429953E-4
8.850059688846229E-4
8.851378145697451E-4
8.852600901794647E-4
8.853728565934887E-4
8.854761743914446E-4
8.855701038542356E-4
8.856547049653447E-4
8.857300374121818E-4
8.857961605873734E-4
8.858531335900964E-4
8.859010152273704E-4
8.859398640153565E-4
8.859697381806636E-4
8.859906956616334E-4
8.86002794109637E-4
8.86006090890423E-4
8.860006430855817E-4
8.859865074944978E-4
8.859637406379179E-4
8.859323987667053E-4
8.858925378871114E-4
8.858442138369886E-4
8.85787482515625E-4
8.857224005646825E-4
8.856490273390964E-4
8.855674304649371E-4
8.854777010850041E-4
8.853799944803131E-4
8.852746350480461E-4
8.851623789926311E-4
8.850450495840235E-4
8.849270183014123E-4
8.848204569486236E-4
8.847484346046401E-4
8.847595061511074E-4
8.849598217884855E-4
8.855623386546202E-4
8.86972453551774E-4
8.899044731616768E-4
8.953859880188436E-4
0.001753707058786338
0.0017562877426607088
0.0017506523613361716
0.0017450353901656977
0.0017394367682773719
0.0017338564350014244
0.0017282943298695685
0.0017227503926143313
0.0017172245631683772
0.0017117167816638659
0.0017062269884317745
0.00170075512400125
0.0016953011290989468
0.0016898649446483824
0.001684446511769271
0.0016790457717768895
0.0016736626661814184
0.0016682971366873004
0.0016629491251926062
0.001657618573788377
0.0016523054247579972
0.0016470096205765529
0.0016417311039102031
0.0016364698176155345
0.0016312257047389495
0.0016259987085160174
0.0016207887723708654
0.0016155958399155386
0.0016104198549493954
0.001605260761458471
0.0016001185036148642
0.001594993025776128
0.0015898842724846483
0.0015847921884670274
0.0015797167186334911
0.001574657808077256
0.0015696154020739478
0.0015645894460809772
0.001559579885736949
0.0015545866668610637
0.0015496097354525068
0.0015446490376898672
0.0015397045199305288
0.0015347761287100889
0.0015298638107417643
0.0015249675129158043
0.001520087182298892
0.0015152227661335838
0.0015103742118377033
0.001505541467003771
0.001500724479398429
0.001495923196961849
0.00149113756780718
0.0014863675402199507
0.0014816130626575162
0.0014768740837484814
0.00147215055229213
0.001467442417257868
0.0014627496277846493
0.0014580721331804206
0.0014534098829215622
0.0014487628266523207
0.0014441309141842652
0.0014395140954957175
0.0014349123207312187
0.0014303255402009565
0.001425753704380231
0.001421196763908904
0.001416654669590847
0.0014121273723934065
0.0014076148234468595
0.0014031169740438658
0.0013986337756389364
0.0013941651798478989
0.0013897111384473543
0.0013852716033741523
0.0013808465267248547
0.001376435860755205
0.0013720395578796032
0.0013676575706705815
0.001363289851858274
0.0013589363543298968
0.0013545970311292265
0.0013502718354560838
0.0013459607206658094
0.001341663640268758
0.0013373805479297667
0.0013331113974676667
0.0013288561428547528
0.0013246147382162798
0.0013203871378299542
0.0013161732961254383
0.0013119731676838285
0.001307786707237168
0.0013036138696679315
0.0012994546100085498
0.00129530888344088
0.0012911766452957326
0.001287057851052374
0.0012829524563380266
0.001278860416927381
0.0012747816887421096
0.0012707162278503777
0.0012666639904663508
0.0012626249329497157
0.0012585990118052024
0.0012545861836820895
0.001250586405373738
0.0012465996338171
0.0012426258260922545
0.001238664939421924
0.0012347169311710024
0.0012307817588460865
0.001226859380094999
0.0012229497527063283
0.0012190528346089481
0.0012151685838715691
0.001211296958702258
0.0012074379174479865
0.0012035914185941602
0.0011997574207641725
0.001195935882718931
0.0011921267633564039
0.0011883300217111828
0.0011845456169539993
0.0011807735083912935
0.0011770136554647686
0.001173266017750909
0.0011695305549605758
0.0011658072269385281
0.0011620959936629912
0.001158396815245211
0.0011547096519290135
0.001151034464090363
0.0011473712122369222
0.0011437198570076158
0.0011400803591721978
0.0011364526796308074
0.0011328367794135469
0.0011292326196800438
0.0011256401617190186
0.0011220593669478618
0.0011184901969122005
0.0011149326132854744
0.0011113865778685159
0.0011078520525891228
0.0011043289995016224
0.0011008173807864855
0.0010973171587498722
0.001093828295823229
0.0010903507545628765
0.0010868844976495862
0.0010834294878881718
0.0010799856882070715
0.0010765530616579457
0.0010731315714152588
0.0010697211807758785
0.0010663218531586582
0.0010629335521040438
0.001059556241273662
0.0010561898844499232
0.001052834445535608
0.001049489888553481
0.001046156177645885
0.0010428332770743471
0.0010395211512191727
0.0010362197645790638
0.0010329290817707173
0.00102964906752843
0.0010263796867037232
0.0010231209042649285
0.0010198726852968208
0.0010166349950002226
0.0010134077986916146
0.0010101910618027568
0.001006984749880302
0.0010037888285854178
0.0010006032636933966
9.974280210932912E-4
9.942630667875182E-4
9.91108366891496E-4
9.879638876332609E-4
9.848295953530939E-4
9.81705456503148E-4
9.785914376470779E-4
9.754875054596682E-4
9.723936267264583E-4
9.693097683433834E-4
9.662358973163972E-4
9.631719807611174E-4
9.601179859024469E-4
9.570738800742268E-4
9.540396307188547E-4
9.510152053869419E-4
9.480005717369391E-4
9.449956975347907E-4
9.420005506535638E-4
9.390150990730987E-4
9.360393108796594E-4
9.330731542655693E-4
9.301165975288665E-4
9.271696090729779E-4
9.242321574064258E-4
9.213042111426993E-4
9.183857390007004E-4
9.154767098070003E-4
9.125770925041424E-4
9.096868561780253E-4
9.068059701445776E-4
9.039344042154011E-4
9.010721294896575E-4
8.982191206496004E-4
8.95375362427737E-4
8.925408672936017E-4
8.897157223450114E-4
8.869002096270222E-4
8.840951043546173E-4
8.813023872910009E-4
8.785279830656468E-4
8.757830590565035E-4
8.730915692217211E-4
8.7050738805991E-4
8.68140916369583E-4
8.662067079731534E-4
8.650905054240978E-4
0.277595096345332
