1.8203436784056733E-6
3.6736094811739825E-6
5.560865944381275E-6
7.4837769129953945E-6
9.445033313003157E-6
1.1448968341719555E-5
1.3502307427431824E-5
1.56149060580218E-5
1.7800193909112636E-5
2.007492717630952E-5
2.245782885278544E-5
2.496685585097558E-5
2.7615225987572418E-5
3.040693004310808E-5
3.333306797954378E-5
3.637066713952049E-5
3.948530531002043E-5
4.263769487279435E-5
4.5792655001812925E-5
4.8927413514531184E-5
5.203595540698658E-5
5.5127680723334644E-5
5.822132937678078E-5
6.133737486080373E-5
6.44924007454399E-5
6.587689433495801E-5
6.728467322929186E-5
6.871928863314365E-5
7.01844477674354E-5
7.168561531307297E-5
7.323127240092529E-5
7.483415251620543E-5
7.651240778803461E-5
7.82903226532978E-5
8.01979738192714E-5
8.226915490665751E-5
8.453703223333388E-5
8.702747812207002E-5
8.97508563552078E-5
9.269407031242345E-5
9.581558174699208E-5
9.904633449375442E-5
1.0229851573330916E-4
1.0548163791444401E-4
1.0852210078691042E-4
1.1137973649485301E-4
1.1405477829267364E-4
1.165821769122402E-4
1.190159326588813E-4
1.2141080462382104E-4
1.2380924750262422E-4
1.262373957784125E-4
1.2870845389633954E-4
1.3122888395958313E-4
1.3380365534359308E-4
1.364395712252304E-4
1.3914757444895152E-4
1.4194505116457248E-4
1.4485836069740233E-4
1.4792505434023457E-4
1.5119470735356662E-4
1.5472694809476692E-4
1.5858530067988712E-4
1.6282613167920143E-4
1.674834495334194E-4
1.725524051436169E-4
1.7797650796920619E-4
1.8364474241965226E-4
1.8940362574495158E-4
1.9508493605746065E-4
2.0054306385600652E-4
2.0568964746716541E-4
2.1051159719546976E-4
2.150644980828726E-4
2.1944480413497793E-4
2.237545743480429E-4
2.2807474100153494E-4
2.3245557209586456E-4
2.3692196615940304E-4
2.4148471404485312E-4
2.461501389766879E-4
2.509259171183351E-4
2.558247960990957E-4
2.6086835760570447E-4
2.6609155679809817E-4
2.715473622300173E-4
2.773097898876717E-4
2.834728525054864E-4
2.901427219427244E-4
2.9742125351079626E-4
3.0538130521127625E-4
3.140379037524901E-4
3.2332340249559554E-4
3.330775348337461E-4
3.430622218298998E-4
3.53004245737391E-4
3.6265719018469206E-4
3.718622577863076E-4
3.805834009677979E-4
3.889011091871171E-4
3.9696864752240894E-4
4.049532069373674E-4
4.1298959310776933E-4
4.211623371944518E-4
4.295131699260873E-4
4.3805908459070047E-4
4.468078984875716E-4
4.55767317006793E-4
4.6495034328652095E-4
4.743808175043388E-4
4.841006309398385E-4
4.94177880386403E-4
5.047135156653287E-4
5.15842614374534E-4
5.277257314995268E-4
5.405267024671872E-4
5.543765155103205E-4
5.693284399970707E-4
5.853163365081183E-4
6.021332233131066E-4
6.194466988078438E-4
6.36858279732406E-4
6.539956621384837E-4
6.706076233159183E-4
6.86623031853181E-4
7.021477775042862E-4
7.174026934206521E-4
7.326354961281216E-4
7.480493139933258E-4
7.637734046409331E-4
7.798726046400418E-4
7.963734176576698E-4
8.132866030649382E-4
8.306198703608809E-4
8.483849129318928E-4
8.666047105582215E-4
8.853238282820388E-4
9.046211137981749E-4
9.246216333115197E-4
9.455023918170792E-4
9.674849550974115E-4
9.90808866412831E-4
0.0010156838775645133
0.001042226771625722
0.0010703985370299385
0.0010999660558734256
0.0011305133604544186
0.0011615153989204818
0.0011924621001679339
0.0012229921321787734
0.0012529877206862857
0.001282577921056969
0.001312058356132196
0.0013417711907494595
0.0013720045859772572
0.0014029488056547575
0.0014347058808821663
0.0014673229905563581
0.0015008215593876795
0.0015352128354642334
0.0015705056313333008
0.0016067146146119785
0.0016438734205671312
0.001682052486841908
0.0017213780457556946
0.0017620453602087917
0.0018043167813874836
0.0018484953730083429
0.0018948694053391578
0.0019436326927631496
0.001994799109454097
0.0020481419843437583
0.0021031925719310744
0.0021593185022861497
0.0022158717617053476
0.0022725787151788666
0.002329410846723686
0.002386606373101415
0.00244458495474082
0.002503806749450985
0.0025646497286338586
0.00262735402521542
0.002692032133890427
0.0027587091947396964
0.0028273585396792556
0.0028979204959925795
0.00297031123278523
0.0030444323311578413
0.003120187169443061
0.003197505169973942
0.0032763707920728906
0.0033568497220419348
0.0034391007432462923
0.0035233605114058735
0.0036098922647324495
0.003698899810485121
0.003790424035203363
0.0038842557887876464
0.003979907009769035
0.004076671000053295
0.004181951522229163
0.004294196774560376
0.004412185903886604
0.004535066508562665
0.004662274110796133
0.004793383869553288
0.004927973699955824
0.00506555435166128
0.005205568996452484
0.00534742618563423
0.005490529110889667
0.00563428761820978
0.005778119800272308
0.005921455035954096
0.006063746375343825
0.006204495453743002
0.006343288836463958
0.006479839309105475
0.006614019675639552
0.006745872549034438
0.006875580471379027
0.0070033891355619155
0.007129493033128684
0.0072539136871531355
0.007376416231479732
0.007799920799536748
0.008195579663564071
0.008564245577220962
0.008906829269654403
0.009224371897034943
0.009518033734591647
0.009789018064181615
0.010038482372231719
0.010267483236464075
0.010476966522072506
0.010667782942525088
0.010840703222306968
0.010996421822135968
0.011135553767064182
0.011258634720154323
0.011366133110058041
0.011458480294068917
0.011536120917987287
0.011599579308066725
0.011649529282308911
0.011686846747563219
0.011712620734322566
0.011728103314244134
0.011734594684145646
0.011733284613662116
0.022978183757478177
0.022350608474246428
0.021743834519853168
0.02115671735030543
0.02058783706415912
0.020035782221391126
0.019499357062108803
0.018977657070478736
0.01847002956444312
0.01797598067457961
0.01749508742441824
0.017026940977350833
0.01657111713910821
0.016127160652990455
0.015694575724119406
0.015272823667111255
0.014861332932589061
0.014459526983569648
0.014066872537919885
0.013682944778629198
0.01330749810494203
0.012940523173713712
0.012582266869578704
0.01223319518659182
0.01189389211037618
