7.494311986300952E-7
1.5048455112111384E-6
2.2662622352495466E-6
3.0337078789192343E-6
3.807209474440663E-6
4.586794181469663E-6
5.372489623401041E-6
6.1643240793879235E-6
6.962326691164381E-6
7.766527899408813E-6
8.576960410105845E-6
9.393661275337885E-6
1.0216676216321618E-5
1.1046068254400073E-5
1.1881934224380002E-5
1.272443497426298E-5
1.3573848006390701E-5
1.4430654624942748E-5
1.5295676309625766E-5
1.6170275089618388E-5
1.705662718812248E-5
1.7958064592896742E-5
1.8879452556199282E-5
1.982753220081399E-5
2.081111180905136E-5
2.184095121518862E-5
2.2929172063572727E-5
2.4088067237768888E-5
2.532829440650939E-5
2.6656621013876296E-5
2.8073608785472626E-5
2.9571816184232E-5
3.11351645019196E-5
3.273997370706557E-5
3.435780027769718E-5
3.595967111607917E-5
3.752077964084967E-5
3.902442016461504E-5
4.046406256200319E-5
4.18430272398043E-5
4.317201634268067E-5
4.446545371406729E-5
4.573787225218443E-5
4.700135507150541E-5
4.826444668032548E-5
4.878289788565092E-5
4.930285001901576E-5
4.9825482086362046E-5
5.03512336534026E-5
5.088025585620501E-5
5.141261234422334E-5
5.194834792327843E-5
5.2487505715215466E-5
5.303013025009653E-5
5.3576268443191114E-5
5.412597121173108E-5
5.467929683077842E-5
5.523631769831247E-5
5.5797133534499906E-5
5.636189623908326E-5
5.69308549584759E-5
5.750443452344189E-5
5.8083366061234127E-5
5.866889419667651E-5
5.926308844172465E-5
5.986928300723361E-5
6.0492653577212664E-5
6.11409052372127E-5
6.182498848361164E-5
6.255968207144474E-5
6.33637956106746E-5
6.4259679255785E-5
6.527172407051934E-5
6.642364054848011E-5
6.773454589352937E-5
6.921426518673209E-5
7.085868764271003E-5
7.264637880118196E-5
7.453775170936104E-5
7.647778421458E-5
7.84024851607936E-5
8.024820074053861E-5
8.196176308201627E-5
8.350888035431365E-5
8.487842641229855E-5
8.608146285680511E-5
8.714553327170766E-5
8.810630208502224E-5
8.899928353738615E-5
8.98539436901429E-5
9.069116830290527E-5
9.152367805527834E-5
9.23581083792214E-5
9.319740449659767E-5
9.404268367338092E-5
9.489433487394517E-5
9.575252197593237E-5
9.661735912098127E-5
9.748895495701779E-5
9.836742000157973E-5
9.925286756942493E-5
1.001454146249828E-4
1.0104518381685233E-4
1.0195230816256495E-4
1.0286694137782784E-4
1.0378927962052491E-4
1.0471960512333017E-4
1.0565836952785936E-4
1.0660634507194353E-4
1.0756488441657642E-4
1.0853634196863075E-4
1.0952471480397575E-4
1.1053654932638044E-4
1.1158211691349956E-4
1.1267677476527672E-4
1.1384229174765228E-4
1.1510774658087071E-4
1.1650943944359584E-4
1.1808917240686678E-4
1.1989034464410607E-4
1.219516604994124E-4
1.2429888815041027E-4
1.2693594686011712E-4
1.2983741145647075E-4
1.329449556382013E-4
1.361699501304562E-4
1.394031901972801E-4
1.4253070244602843E-4
1.4545236376704824E-4
1.4809855742719516E-4
1.5044013373780583E-4
1.5248882826258777E-4
1.5428844491059687E-4
1.5590022421498883E-4
1.5738747074717338E-4
1.5880398846999417E-4
1.6018859632605873E-4
1.6156527581802759E-4
1.62946693265222E-4
1.6433854406855137E-4
1.657430296994479E-4
1.6716094679724146E-4
1.6859265469884715E-4
1.7003841551280473E-4
1.7149848027192552E-4
1.729731027833616E-4
1.74462540138108E-4
1.7596705164865775E-4
1.774868973592048E-4
1.7902233664532003E-4
1.80573628773659E-4
1.821410403232382E-4
1.8372487035605217E-4
1.8532551480885109E-4
1.869436082980985E-4
1.8858030469585916E-4
1.9023778457458895E-4
1.9192009931174662E-4
1.9363446167754568E-4
1.9539304651031408E-4
1.9721524495552948E-4
1.9913010301647892E-4
2.011783790457425E-4
2.0341333323910637E-4
2.0589913376991583E-4
2.0870579655689415E-4
2.1190003809623984E-4
2.155324006710618E-4
2.1962241252320314E-4
2.2414502599904718E-4
2.290225539377891E-4
2.3412614159106697E-4
2.392890308864737E-4
2.4433062295090875E-4
2.4908651902636267E-4
2.534368312805129E-4
2.5732463298566135E-4
2.6075915303243764E-4
2.638034342233661E-4
2.665515383301908E-4
2.691035245475208E-4
2.715459487002823E-4
2.739420614509691E-4
2.763313463827567E-4
2.7873486647637084E-4
2.811622141144358E-4
2.836171878962125E-4
2.8610124379883743E-4
2.886151063196668E-4
2.911593380740755E-4
2.93734484596011E-4
2.963410972108064E-4
2.9897973260294906E-4
3.0165094814742634E-4
3.043552934852989E-4
3.0709329663378056E-4
3.098654434284867E-4
3.126721516061797E-4
3.1551374746501616E-4
3.1839046685111077E-4
3.2130252672173056E-4
3.2425035108261E-4
3.272350837848419E-4
3.3025956980713866E-4
3.3333001213443545E-4
3.3645847391895674E-4
3.3966624656914766E-4
3.429878030710825E-4
3.464745996609588E-4
3.5019744964418306E-4
3.5424574224867875E-4
3.587216794150263E-4
3.637282423156009E-4
3.693509630716947E-4
3.756356869937494E-4
3.825668929762669E-4
3.9005292322005146E-4
3.9792460407894455E-4
4.059514286893128E-4
4.138747524757896E-4
4.214515575568014E-4
4.284975482624844E-4
4.3491709644850136E-4
4.4071114736683834E-4
4.459616793734424E-4
4.5079956556145573E-4
4.5536786367942115E-4
4.597923410055344E-4
4.6416597688891194E-4
4.685473886148268E-4
4.7296818133273023E-4
4.77442989297364E-4
4.819778259108665E-4
4.86575211204466E-4
4.912365814054895E-4
4.959631445349357E-4
5.007560979361998E-4
5.056166612805803E-4
5.105460731039186E-4
5.155455787170445E-4
5.206164083799041E-4
5.257597398739773E-4
5.30976638120701E-4
5.362679650089814E-4
5.416342582816188E-4
5.470755942299427E-4
5.525914815523731E-4
5.581808889526386E-4
5.638425876967016E-4
5.695760810020748E-4
5.753834630296786E-4
5.812725444320206E-4
5.872614221821493E-4
5.933842853916991E-4
5.996976095571894E-4
6.062850757471272E-4
6.132587840135635E-4
6.20753985535419E-4
6.289150759363997E-4
6.378723026154078E-4
6.47711520967115E-4
6.584428050729943E-4
6.69976589319527E-4
6.821167578577936E-4
6.945774516815466E-4
7.070241576338859E-4
7.191314062899895E-4
7.306422463664485E-4
7.414121265728402E-4
7.514239922738932E-4
7.607716429102207E-4
7.696188811589231E-4
7.781507375704807E-4
7.865330725033577E-4
7.948903775770748E-4
8.033023757372972E-4
8.118130419598208E-4
8.20443680814947E-4
8.292040136003664E-4
8.380990519533123E-4
8.471323406007231E-4
8.563071030762974E-4
8.656265214365044E-4
8.750937647879052E-4
8.84711967738278E-4
8.944841953731059E-4
9.044133905093435E-4
9.145022904133141E-4
9.24753294933486E-4
9.351682640652637E-4
9.457482246579418E-4
9.564929808126131E-4
9.674006611374381E-4
9.784673098805403E-4
9.896867443955491E-4
0.0010010510494220344
0.001012552222155259
0.0010241855459774169
0.0010359551450295956
0.0010478817386358134
0.0010600118054673799
0.0010724262427772747
0.001085245428459159
0.001098626845385562
0.0011127517218988553
0.0011277990021871715
0.0011439084946371675
0.0011611396392584175
0.001179436531092126
0.0011986116172188132
0.00121835803116107
0.0012382932972057777
0.0012580267568751506
0.0012772333523512936
0.001295711997305018
0.0013134323557204104
0.0013304974495256569
0.0013470985924331675
0.0013634579850936046
0.0013797792079289488
0.0013962185929492423
0.0014128792568636585
0.0014298206892327905
0.0014470738910398059
0.001464654567602305
0.0014825714515632944
0.0015008303038606535
0.0015194353829562437
0.0015383898578002933
0.0015576959096893583
0.0015773547675221903
0.0015973667191820902
0.001617731089747587
0.0016384461634937919
0.0016595090151916752
0.0016809152040973446
0.0017026582765364304
0.0017247290303429165
0.0017471145324297827
0.0017697969688733872
0.0017927525611932255
0.001815951002493157
0.0018393561172522011
0.0018629286410637236
0.0018866320080773553
0.001910441651130324
0.001934357426427716
0.001958417374624346
0.0019827093731927133
0.0020073758697006254
0.002032606587902927
0.0020586156299934625
0.002085603115400322
0.0021137069292904817
0.002142955773371157
0.002173238140664725
0.0022043006620030034
0.0022357823278712705
0.0022672796571352005
0.0022984259778468237
0.0023303854984084954
0.0023629555867553907
0.0023960800898141714
0.0024298094838364143
0.002464243628114546
0.0024994789790814
0.002535575540664045
0.002572547150273998
0.002610368761831462
0.0026489905732116014
0.002688350952826921
0.0027283847504467897
0.0027690272895872763
0.0028102157733093697
0.002851889597825683
0.0028939903422860805
0.0029364616878234076
0.0029792493067668743
0.003022300704928078
0.0030655649798246327
0.0031089924369492056
0.003152533980849309
0.0031961401734443497
0.0032397598412443273
0.0032833381376236362
0.003326814056106019
0.0033701175774924997
0.0034131669355521297
0.003455866882541327
0.0034981092408024666
0.003539777271360762
0.003580755238236734
0.0036209437589664975
0.0036602799851219578
0.0036987594926217145
0.0037364544970206427
0.0037735215265372463
0.0038101920280367626
0.0038467423344556322
0.0038834449839782862
0.003920510340254504
0.00395803339723382
0.003995962603169278
0.004034103341565564
0.0040721584993127485
0.004203735012042581
0.00433024975886692
0.004451694297929465
0.004568149260025211
0.004679771165584614
0.004786760183525638
0.004889324305704731
0.004987653100315659
0.005081906554498908
0.005172216638210096
0.005258695175150879
0.005341442108332652
0.005420551188454224
0.005496112856266102
0.005568215337170453
0.00563694495095471
0.005702386178488638
0.005764621665943651
0.005823732189193232
0.005879796551340381
0.00593289136058859
0.0059830906037788775
0.006030464888981905
0.00607508018364493
0.00611699583710948
0.006156261675149647
0.006192914031539563
0.006226970789133922
0.006258425885332401
0.00628724430200115
0.006313359239046122
0.006336673782608227
0.006357069623195253
0.006374424888530899
0.00638864162256358
0.006399680806454903
0.006407599460433749
0.0064125812027272695
0.006414950007352753
0.006415158154634964
0.006413744261466618
0.006411265305003579
0.006408215602899569
0.006404952418981896
0.0064016488022163014
0.012594967137174356
0.012399466763624072
0.012209448973499583
0.012024246058197833
0.011843186894853268
0.01166569492438239
0.011491335593516536
0.011319816688260688
0.011150958856316458
0.010984656775149234
0.010820845770974826
0.010659479848489606
0.010500520216524298
0.010343930541496535
0.01018967542910949
0.01003772006274552
0.009888030134939874
0.009740571819053835
0.009595311726812548
0.009452216830421536
0.009311254318117626
0.009172391330061341
0.009035594489146592
0.008900829098243336
0.00876805782592757
0.008637238659873616
0.008508321896623873
0.008381245999255696
0.00825593234260156
0.008132279228182644
0.008010156106193324
0.00788939963867008
0.007769813918291663
0.007651177541586887
0.007533259959698753
0.00741584825436807
0.007298783070157806
0.007181999126821842
0.007065562303849845
0.006949692958756004
0.006834765289266812
0.006721276157989541
0.006609783816311764
0.006500825881201346
0.006394833874446167
