3.4788631347029386E-7
6.968689701176991E-7
1.046945736757466E-6
1.3981143744784316E-6
1.750372637443956E-6
2.103718273371024E-6
2.458149023928492E-6
2.81366262509514E-6
3.1702568075179523E-6
3.527929296874749E-6
3.886677814241173E-6
4.246500076462123E-6
4.607393796527565E-6
4.969356683952853E-6
5.332386445163544E-6
5.696480783884704E-6
6.0616374015348074E-6
6.427853997624199E-6
6.795128270158214E-6
7.163457916044944E-6
7.532840631507798E-6
7.903274112503009E-6
8.274756055142538E-6
8.647284156123545E-6
9.020856113167383E-6
9.395469625475588E-6
9.771122394221548E-6
1.0147812123123345E-5
1.0525536519206902E-5
1.0904293294013577E-5
1.1284080165833464E-5
1.1664894864258864E-5
1.2046735139873966E-5
1.2429598785051125E-5
1.2813483678186393E-5
1.3198387876167272E-5
1.3584309803530224E-5
1.3971248630273068E-5
1.4359205007555029E-5
1.474818246271959E-5
1.5138189972256093E-5
1.5529246572310343E-5
1.5921389374798045E-5
1.6314687070243063E-5
1.6709261924428814E-5
1.710532435723596E-5
1.7503225253806525E-5
1.790353184978945E-5
1.8307132780993387E-5
1.8715375898029405E-5
1.9130237794262713E-5
1.9554515863351814E-5
1.9992021785151365E-5
2.0447740383449305E-5
2.0927902159410556E-5
2.14399057641403E-5
2.199202421754989E-5
2.2592842404606134E-5
2.3250408410293017E-5
2.3971138434534016E-5
2.475858815303365E-5
2.561227774756497E-5
2.6526811447262092E-5
2.7491540927576503E-5
2.8490966665880903E-5
2.9505948761486522E-5
3.051562707290045E-5
3.149977017939181E-5
3.244113715762728E-5
3.332739501083829E-5
3.415221341077744E-5
3.491534463436629E-5
3.562173876217E-5
3.627996793822187E-5
3.6900368912154726E-5
3.749332247500328E-5
3.8067980746764223E-5
3.86315784212E-5
3.918928929645949E-5
3.974447038450326E-5
4.0299096401566866E-5
4.0854216617876955E-5
4.14103314127239E-5
4.196765274554672E-5
4.252625892347616E-5
4.2738287795615386E-5
4.295053457463585E-5
4.316300114930671E-5
4.337568807071273E-5
4.3588595661268374E-5
4.380172424298802E-5
4.4015074172701284E-5
4.4228645846034704E-5
4.4442439698073896E-5
4.4656456203854127E-5
4.487069587885461E-5
4.5085159279495984E-5
4.5299847003641643E-5
4.551475969110218E-5
4.572989802414363E-5
4.5945262727999405E-5
4.616085457138548E-5
4.637667436701967E-5
4.659272297214402E-5
4.680900128905181E-5
4.702551026561734E-5
4.7242250895831E-5
4.7459224220338E-5
4.7676431326984E-5
4.789387335136984E-5
4.811155147742517E-5
4.832946693802258E-5
4.8547621015685146E-5
4.876601504351205E-5
4.8984650406615166E-5
4.920352854472779E-5
4.942265095746282E-5
4.9642019215438245E-5
4.9861634984121744E-5
5.0081500074646525E-5
5.030161655051693E-5
5.0521986947403834E-5
5.07426147161699E-5
5.09635050953382E-5
5.118466678782054E-5
5.140611510210509E-5
5.16278776823599E-5
5.18500046743653E-5
5.207258624258441E-5
5.2295781840440825E-5
5.2519867551500646E-5
5.274531003642434E-5
5.297287776901618E-5
5.320380159221093E-5
5.34399959829593E-5
5.3684348139510556E-5
5.394107218667792E-5
5.4216108743037135E-5
5.4517525164400126E-5
5.485584048996155E-5
5.524416630721426E-5
5.5698029275442836E-5
5.6234735372421963E-5
5.6872163955423315E-5
5.762695254363167E-5
5.8512153260992356E-5
5.953459698303493E-5
6.069236129630336E-5
6.197285739156302E-5
6.335207667384024E-5
6.479542839329281E-5
6.626034365932485E-5
6.770045356672702E-5
6.90707531344197E-5
7.033285321450192E-5
7.145931051218082E-5
7.243617505308408E-5
7.326328737661558E-5
7.395238978732064E-5
7.452362570339393E-5
7.500132882752937E-5
7.541005450889315E-5
7.577158658925742E-5
7.610326716511905E-5
7.64175941997272E-5
7.672274460529961E-5
7.702357190030494E-5
7.732268135576353E-5
7.762133111536269E-5
7.792006426660137E-5
7.821908918891667E-5
7.851847729920702E-5
7.88182516771954E-5
7.911842099322911E-5
7.941899042591061E-5
7.971996454297766E-5
8.002134790167512E-5
8.032314514212283E-5
8.062536099761751E-5
8.092800029600226E-5
8.123106796056652E-5
8.153456901095249E-5
8.183850856406762E-5
8.214289183500377E-5
8.244772413796379E-5
8.275301088719406E-5
8.305875759792571E-5
8.336496988732312E-5
8.367165347544038E-5
8.397881418618626E-5
8.428645794829823E-5
8.459459079632387E-5
8.49032188716137E-5
8.521234842332061E-5
8.552198580941073E-5
8.583213749768055E-5
8.614281006678393E-5
8.645401020726588E-5
8.676574472260502E-5
8.707802053027934E-5
8.739084466290834E-5
8.77042242696413E-5
8.801816661828045E-5
8.833267909945132E-5
8.86477692361264E-5
8.896344470645992E-5
8.927971339826243E-5
8.959658353567417E-5
8.991406396439167E-5
9.02321647725511E-5
9.05508985971423E-5
9.087028328152445E-5
9.119034710205703E-5
9.151113870477035E-5
9.183274535827102E-5
9.215532532488015E-5
9.247916322474423E-5
9.280476120959784E-5
9.313298323293343E-5
9.346527378885116E-5
9.380397445815713E-5
9.415275873580849E-5
9.45171943452428E-5
9.490541874183644E-5
9.532887496560681E-5
9.58030016377694E-5
9.634770834662887E-5
9.698740905335369E-5
9.775035254053655E-5
9.86670068260292E-5
9.976734921955724E-5
1.0107709904883773E-4
1.0261319599473581E-4
1.0437913022434492E-4
1.0636099386223726E-4
1.085252485442491E-4
1.1081909976301206E-4
1.1317398953078287E-4
1.1551209886336799E-4
1.1775501992038433E-4
1.1983311785332567E-4
1.2169377349976106E-4
1.2330683229873604E-4
1.2466619426171062E-4
1.2578740851615453E-4
1.2670210057549408E-4
1.2745075251796632E-4
1.2807556426028662E-4
1.286148195474265E-4
1.2909952292932054E-4
1.2955233335377471E-4
1.299882532585186E-4
1.3041628133304693E-4
1.308412943316752E-4
1.3126566941896637E-4
1.316904435372585E-4
1.3211602082298786E-4
1.3254254450043167E-4
1.3297006510029706E-4
1.333986053657727E-4
1.3382818128143236E-4
1.3425880765536327E-4
1.3469049928847515E-4
1.3512327115702922E-4
1.3555713843269108E-4
1.3599211648505688E-4
1.364282208832822E-4
1.3686546739774975E-4
1.3730387200178021E-4
1.377434508733855E-4
1.3818422039706514E-4
1.3862619716564626E-4
1.3906939798216748E-4
1.395138398618077E-4
1.399595400338567E-4
1.404065159437312E-4
1.4085478525503191E-4
1.4130436585164103E-4
1.417552758398631E-4
1.4220753355059803E-4
1.4266115754155026E-4
1.4311616659945522E-4
1.4357257974230601E-4
1.4403041622152712E-4
1.444896955239817E-4
1.449504373735872E-4
1.4541266173205363E-4
1.458763887978034E-4
1.4634163900127185E-4
1.4680843299336334E-4
1.472767916216281E-4
1.4774673588589864E-4
1.4821828686269577E-4
1.4869146558932746E-4
1.491662929132502E-4
1.4964278936017834E-4
1.5012097519616005E-4
1.5060087112962964E-4
1.5108250064800347E-4
1.5156589601251382E-4
1.5205111173513612E-4
1.5253825229999084E-4
1.5302752534976954E-4
1.5351933777910812E-4
1.5401445999258163E-4
1.5451429200568907E-4
1.5502127179089175E-4
1.5553946725852934E-4
1.5607538266285698E-4
1.5663898103998884E-4
1.572448701891177E-4
1.5791351820158996E-4
1.586722611567999E-4
1.595557580519729E-4
1.606054683117514E-4
1.6186771912111669E-4
1.6339003961758603E-4
1.652156988681865E-4
1.6737679167082097E-4
1.6988671402437983E-4
1.7273334219549828E-4
1.7587451531988409E-4
1.7923735958384185E-4
1.8272248149833455E-4
1.8621312198286013E-4
1.8958818379764472E-4
1.927369409742311E-4
1.9557257785996014E-4
1.9804176947604152E-4
2.001283709700171E-4
2.018507208127151E-4
2.0325364013297465E-4
2.0439741796791813E-4
2.0534653042342696E-4
2.0616045961139345E-4
2.0688798018981484E-4
2.0756509255068093E-4
2.0821583076451443E-4
2.0885471559030992E-4
2.094896692571419E-4
2.1012458002471734E-4
2.107611587157726E-4
2.1140008220285944E-4
2.1204159897381572E-4
2.126858046956877E-4
2.1333274907848996E-4
2.1398247064985666E-4
2.1463500602283492E-4
2.1529039184610752E-4
2.159486651121224E-4
2.16609863194193E-4
2.1727402385445492E-4
2.1794118525047485E-4
2.1861138594205494E-4
2.1928466489819324E-4
2.199610615041729E-4
2.2064061556874707E-4
2.213233673313907E-4
2.2200935746959164E-4
2.2269862710615386E-4
2.2339121781648813E-4
2.2408717163586374E-4
2.2478653106659956E-4
2.254893390851712E-4
2.2619563914921096E-4
2.269054752043776E-4
2.2761889169106443E-4
2.2833593355090642E-4
2.2905664623300526E-4
2.297810756997259E-4
2.3050926843173506E-4
2.3124127143159219E-4
2.3197713222442766E-4
2.3271689885266791E-4
2.334606198587016E-4
2.342083442435745E-4
2.349601213793298E-4
2.357160008346102E-4
2.364760320440444E-4
2.372402637085801E-4
2.3800874275653797E-4
2.3878151263442095E-4
2.3955861066652927E-4
2.403400643032216E-4
2.411258864283059E-4
2.419160707972067E-4
2.4271059057274927E-4
2.4350940643717958E-4
2.4431249663611835E-4
2.451199302431367E-4
2.459320171694395E-4
2.4674958315475766E-4
2.475744324262414E-4
2.4841006940944945E-4
2.492627451292255E-4
2.50142862452175E-4
2.5106670553481675E-4
2.520583454959509E-4
2.531514200491887E-4
2.5439031122703764E-4
2.5583009673619725E-4
2.575345922410971E-4
2.5957190827936426E-4
2.620072759591213E-4
2.6489346216223203E-4
2.682598312471208E-4
2.7210185632036587E-4
2.7637340298073825E-4
2.8098414824347123E-4
2.8580387825916754E-4
2.9067412602255783E-4
2.9542589726498804E-4
2.999005409824853E-4
3.0396970203716757E-4
3.075502010672342E-4
3.10610775581148E-4
3.1316962745047897E-4
3.152840379080966E-4
3.1703517344610987E-4
3.1851201962536423E-4
3.197979581568137E-4
3.209621310851307E-4
3.220560195608202E-4
3.231142415220347E-4
3.2415784414303937E-4
3.2519837845886116E-4
3.2624155020543596E-4
3.2728989241096997E-4
3.2834442463100587E-4
3.2940553703785674E-4
3.3047339473889047E-4
3.3154809524506783E-4
3.3262971992300194E-4
3.337183477797023E-4
3.3481405840071624E-4
3.3591693244338093E-4
3.370270517215585E-4
3.3814449924225964E-4
3.3926935923583987E-4
3.4040171718226913E-4
3.4154165983361044E-4
3.4268927523284235E-4
3.4384465272915485E-4
3.450078829898556E-4
3.4617905800900115E-4
3.4735827111288846E-4
3.4854561696251365E-4
3.497411915531239E-4
3.5094509221097477E-4
3.5215741758740007E-4
3.5337826765029977E-4
3.546077436731489E-4
3.55845948221601E-4
3.570929851377476E-4
3.5834895952200507E-4
3.5961397771244475E-4
3.6088814726103574E-4
3.6217157690546405E-4
3.634643765335666E-4
3.647666571339828E-4
3.660785307198183E-4
3.674001101988745E-4
3.687315091392728E-4
3.7007284133479333E-4
3.7142421999766345E-4
3.727857562812123E-4
3.74157556642112E-4
3.755397182784163E-4
3.769323215341361E-4
3.7833541780693536E-4
3.7974901130326044E-4
3.811730333075136E-4
3.826073090901992E-4
3.8405152113212454E-4
3.8550517926798117E-4
3.869676200619327E-4
3.884380752641935E-4
3.89915872346427E-4
3.914008561143465E-4
3.928941424851909E-4
3.9439932186665006E-4
3.959242035382856E-4
3.974831152582197E-4
3.990996291860766E-4
4.008093746731178E-4
4.026623434278192E-4
4.0472384889909404E-4
4.070731586289407E-4
4.0979888434208823E-4
4.129905860171881E-4
4.1672676166486016E-4
4.2106038754846555E-4
4.2600424483894795E-4
4.3151910121260416E-4
4.3750804812516084E-4
4.4381964551084814E-4
4.5026093759171506E-4
4.5661914151743515E-4
4.6268845679653495E-4
4.682967498728662E-4
4.733264934413937E-4
4.777255638794481E-4
4.815060473816158E-4
4.8473228909815593E-4
4.875020197388418E-4
4.899256665873456E-4
4.921085822155449E-4
4.941392256245578E-4
4.960840867012739E-4
4.979882161087515E-4
4.998791917277143E-4
5.017722517150385E-4
5.036749871828983E-4
5.05590818515136E-4
5.075211712433582E-4
5.094666423675836E-4
5.114275360506192E-4
5.134040727242991E-4
5.153964572399956E-4
5.174048967496953E-4
5.194296040781924E-4
5.214707978315205E-4
5.235287019753641E-4
5.256035453681453E-4
5.276955613045639E-4
5.298049870724993E-4
5.31932063522993E-4
5.340770346530539E-4
5.362401472010209E-4
5.384216502542281E-4
5.406217948687156E-4
5.428408337007411E-4
5.450790206498476E-4
5.473366105132381E-4
5.496138586512386E-4
5.519110206635894E-4
5.542283520763579E-4
5.56566108039209E-4
5.589245430327937E-4
5.613039105859497E-4
5.63704463002284E-4
5.661264510954436E-4
5.685701239317552E-4
5.710357285775089E-4
5.735235098452098E-4
5.760337100269168E-4
5.785665685902256E-4
5.811223217877888E-4
5.837012020843025E-4
5.863034372186382E-4
5.889292485662578E-4
5.915788482085087E-4
5.942524336979015E-4
5.969501788718703E-4
5.996722181637183E-4
6.024186206953001E-4
6.051893491503137E-4
6.079841974098151E-4
6.10802700978623E-4
6.136440166995514E-4
6.165067751331542E-4
6.193889227495438E-4
6.222875941338123E-4
6.251990879064395E-4
6.281190620967791E-4
6.310431080288357E-4
6.339678917488466E-4
6.368930460724771E-4
6.39823926537844E-4
6.427751849141641E-4
6.457748527169306E-4
6.488682826645864E-4
6.521209304318945E-4
6.5561868324089E-4
6.594644015329297E-4
6.637696783205054E-4
6.686416194204267E-4
6.741656610108637E-4
6.803868502698686E-4
6.872932347208687E-4
6.94805564808177E-4
7.027770082499708E-4
7.110048541598059E-4
7.192534996741137E-4
7.272850311850965E-4
7.348913662280193E-4
7.41921083864872E-4
7.482951903774263E-4
7.540089177120902E-4
7.591203458819364E-4
7.637299389165829E-4
7.67956897104459E-4
7.719180686929049E-4
7.757133274483045E-4
7.794187022156756E-4
7.830878142871781E-4
7.86754242539574E-4
7.904372056095307E-4
7.941469085812759E-4
7.978885696467048E-4
8.016649691558292E-4
8.05477828096432E-4
8.09328446375632E-4
8.132179544806989E-4
8.171473971805812E-4
8.211177569981699E-4
8.251299601989345E-4
8.291848788027021E-4
8.332833319153795E-4
8.374260869675328E-4
8.416138609281279E-4
8.458473214975974E-4
8.501270882805208E-4
8.544537339382177E-4
8.588277853215404E-4
8.632497245841577E-4
8.677199902766015E-4
8.722389784213621E-4
8.768070435693076E-4
8.814244998376899E-4
8.860916219300107E-4
8.908086461380082E-4
8.955757713260135E-4
9.003931598979105E-4
9.052609387469034E-4
9.101792001882026E-4
9.151480028745476E-4
9.20167372694039E-4
9.252373036487487E-4
9.303577587103327E-4
9.355286706440968E-4
9.407499427828881E-4
9.460214497116227E-4
9.513430377824769E-4
9.567145253022404E-4
9.621357020870183E-4
9.67606327816278E-4
9.731261281624299E-4
9.786947869154833E-4
9.843119311249969E-4
9.899771044903857E-4
9.956897217298245E-4
0.0010014489934728785
0.0010072538076933224
0.0010131025507319155
0.001018992850316422
0.001024921227523432
0.0010308826582884369
0.0010368700723693424
0.0010428738623342894
0.0010488815377393602
0.00105487773428294
0.0010608448585280148
0.0010667646878635877
0.0010726212142285903
0.001078404877081609
0.0010841180460498037
0.0010897811887210355
0.0010954386497219243
0.001101162494926101
0.0011070526181936966
0.0011132314654442022
0.0011198324506609216
0.001126982435198802
0.0011347803260416973
0.0011432755109887004
0.0011524509314979304
0.001162215557080516
0.0011724095688379263
0.0011828228212980862
0.001193223775075973
0.0012033930949446122
0.0012131545448401258
0.001222396352879577
0.0012310788167137943
0.0012392277469891453
0.0012469170905154744
0.0012542464656106894
0.001261319687185042
0.0012682288071386187
0.0012752467596420444
0.0012824170702921615
0.0012897644560540382
0.0012972998599641726
0.0013050254869603605
0.0013129387190933556
0.0013210346442552529
0.0013293074423995355
0.0013377510329711313
0.001346359330658887
0.0013551263291488142
0.0013640461227052319
0.0013731129096117352
0.0013823209914945631
0.001391664771971804
0.0014011387552441991
0.0014107375446989756
0.001420455841530646
0.0014302884433785585
0.00144023024298102
0.0014502762268457947
0.0014604214739368244
0.0014706611543769564
0.0014809905281665055
0.0014914049439174947
0.0015018998376033644
0.0015124707313240102
0.001523113232085931
0.00153382303059736
0.0015445959000781034
0.0015554276950839228
0.0015663143503450428
0.0015772518796181789
0.001588236374550799
0.0015992640035549048
0.0016103310106843616
0.0016214337145027764
0.0016325685069141186
0.0016437318518976668
0.001654920284027692
0.0016661304065393226
0.0016773588884776152
0.001688602460057536
0.001699857904641499
0.0017111220445191373
0.0017223917156890824
0.0017336637237699826
0.0017449347686718211
0.0017562013195173624
0.0017674594136465555
0.001778704345213173
0.0017899302019523534
0.0018011292069398765
0.0018122908313889963
0.001823400672315267
0.0018344391432672412
0.0018453801129222486
0.001856189744018121
0.0018668259203747796
0.001877238772034118
0.0018873728685813004
0.0018971715860958134
0.0019065839034716075
0.0019155734156290733
0.0019241286885085913
0.0019322733308677884
0.001940073517042356
0.0019476404201309448
0.0019551253556806545
0.001962706532530267
0.001970568089473634
0.0019788742226889014
0.001987743098003773
0.0019972262163644072
0.0020072984228148567
0.00201786167450661
0.002028762417899242
0.0020398188847841146
0.0020508519513199076
0.0020617123669657415
0.00207229849313538
0.0020825617344910827
0.002092500491430246
0.002102146412880787
0.002111548047338047
0.002145617811463704
0.00217895007017698
0.0022115878843682875
0.002243561759199961
0.002274892536082948
0.0023055946682098887
0.0023356789233163824
0.0023651541955671406
0.0023940285259020813
0.002422309589161938
0.0024500048907595464
0.002477121833237895
0.002503667735051745
0.0025296498352190256
0.0025550752947148874
0.002579951197309958
0.0026042845503407566
0.0026280822854695633
0.0026513512594370744
0.002674098254807921
0.00269632998070914
0.002718053073561628
0.002739274097804656
0.002759999546613522
0.0027802358426103732
0.002799989338568292
0.002819266318108705
0.002838072996392127
0.0028564155208023784
0.0028742999716242445
0.0028917323627146246
0.0029087186421671465
0.0029252646929700385
0.002941376333656696
0.0029570593189476107
0.002972319340380316
0.0029871620269199205
0.003001592945533355
0.0030156176016910125
0.003029241439718468
0.003042469842838924
0.0030553081325854752
0.0030677615669551118
0.0030798353361090373
0.0030915345534113935
0.0031028642378548845
0.0031138292810350527
0.0031244343872594135
0.0031346839684762264
0.0031445819658883424
0.0031541315571237314
0.0031633346922416783
0.0031721913857950456
0.0031806986802064984
0.003188849195627972
0.0031966292044689386
0.0032040162285976483
0.003210976267031625
0.0032174609289275027
0.003223404964225532
0.003228724923324836
0.00323331987990582
0.0032370752318690702
0.003239870453697031
0.003241591221430862
0.003242145534130131
0.0032414823752570433
0.0032396102826733626
0.0032366122372727174
0.003232652913317239
0.0032279748896469193
0.0032228820467872367
0.0032177109086134405
0.0032127936110658414
0.0032084187019580245
0.0032047972462253883
0.003202041129379589
0.0032001579469945183
0.0031990630217528433
0.0031986050120448957
0.003198598537638059
0.0031988561977685207
0.0031992135377900558
0.0031995433684691814
0.003199759236705202
0.006272555639913461
0.006223527637041031
0.0061749806314606685
0.006126858223948857
0.006079130212595635
0.00603178115136814
0.005984803005985665
0.00593819104643877
0.0058919418434729785
0.0058460524208595694
0.005800519947591919
0.0057553416435531515
0.005710514755656677
0.0056660365529661
0.005621904325833041
0.005578115385664237
0.005534667064754544
0.00549155671612448
0.005448781713359073
0.005406339450447939
0.005364227341626599
0.005322442821219073
0.0052809833434816515
0.00523984638244792
0.0051990294317749795
0.005158530004590868
0.005118345633343155
0.005078473869648768
0.00503891228414489
0.004999658466341111
0.004960710024472667
0.004922064585354714
0.004883719794237643
0.004845673314663063
0.004807922828319883
0.004770466034899089
0.004733300651943835
0.00469642441468736
0.004659835075862036
0.00462353040544332
0.0045875081902519875
0.004551766233256174
0.004516302352254163
0.004481114377312087
0.004446200145762799
0.004411557492554068
0.004377184231972539
0.004343078123833464
0.004309236812533926
0.004275657720213044
0.00424233786493748
0.004209273560890261
0.004176459940291146
0.004143890218005333
0.004111554603709256
0.004079438760631499
0.004047521725686945
0.004015773257961352
0.003984150686455731
0.00395259549493443
0.003921030110729545
0.0038893556330996965
0.003857451493344531
0.0038251781995484995
0.00379238427654869
0.003758918160034303
0.003724645075504959
0.0036894678471964177
0.00365334928382107
0.0036163325592299487
0.003578555230328164
0.0035402526041107486
0.0035017473456979927
0.0034634245061136437
0.003425694180055049
0.003388947078603661
0.003353510537028099
0.0033196130828283777
0.003287364269711826
0.0032567532542574235
0.0032276653863791594
0.0031999121148453494
0.0031732669487776204
0.003147499764363425
0.0031224033668374217
