3.8386189432057157E-7
7.742850695955041E-7
1.171381665134832E-6
1.575265741925684E-6
1.986053315116264E-6
2.4038623871133224E-6
2.828812981380202E-6
3.261027176988E-6
3.700629143935313E-6
4.147745179216067E-6
4.602503743582416E-6
5.065035498922129E-6
5.5354733461489044E-6
6.0139524634908755E-6
6.500610345059499E-6
6.995586839590323E-6
7.499024189271405E-6
8.011067068615832E-6
8.531862623392249E-6
9.061560509698407E-6
9.600312933342943E-6
1.0148274689780162E-5
1.0705603204911462E-5
1.1272458577112845E-5
1.1849003620859303E-5
1.243540391228582E-5
1.3031827836948737E-5
1.3638446639932642E-5
1.4255434478300256E-5
1.488296847572007E-5
1.5521228778953822E-5
1.6170398615762813E-5
1.683066435372045E-5
1.750221555941002E-5
1.818524505754507E-5
1.8879948989669064E-5
1.9586526872253127E-5
2.0305181654193603E-5
2.103611977388702E-5
2.1779551216206295E-5
2.2151827675478168E-5
2.2530467015570075E-5
2.291557806882862E-5
2.3307271527973424E-5
2.3705659976368783E-5
2.4110857919689257E-5
2.4522981818917037E-5
2.4942150124533433E-5
2.5368483311715748E-5
2.580210391631924E-5
2.6243136571413476E-5
2.6691708044145256E-5
2.7147947272714553E-5
2.76119854032739E-5
2.8083955826595358E-5
2.856399421439492E-5
2.90522385552656E-5
2.954882919024852E-5
3.005390884816744E-5
3.0567622680961345E-5
3.109011829936378E-5
3.1621545809385516E-5
3.216205785014095E-5
3.271180963360297E-5
3.3270958986860684E-5
3.38396663973776E-5
3.441809506160222E-5
3.5006410937077115E-5
3.5604782797939953E-5
3.6213382293442766E-5
3.683238400886172E-5
3.74619655279692E-5
3.810230749611962E-5
3.8753593682984094E-5
3.94160110440651E-5
4.00897497803174E-5
4.077500339547692E-5
4.1471968751013344E-5
4.2180846118933204E-5
4.290183923292839E-5
4.363515533860284E-5
4.4381005243642666E-5
4.513960336881136E-5
4.5911167800569746E-5
4.6695920345961286E-5
4.749408659020001E-5
4.830589595718459E-5
4.913158177296304E-5
4.997138133200992E-5
5.082553596606061E-5
5.169429111517331E-5
5.25778964006535E-5
5.3476605699469754E-5
5.4390677219799606E-5
5.532037357737175E-5
5.6265961872308444E-5
5.7227713766229084E-5
5.8205905559452995E-5
5.9200818268249805E-5
6.021273770222341E-5
6.12419545420842E-5
6.228876441824917E-5
6.335346799088766E-5
6.443637103218287E-5
6.553778451166511E-5
6.665802468547175E-5
6.779741319027303E-5
6.895627714236516E-5
7.013494924207983E-5
7.133376788321871E-5
7.255307726674035E-5
7.379322751745673E-5
7.505457480211326E-5
7.633748144697155E-5
7.764231605294898E-5
7.896945360649663E-5
8.03192755847163E-5
8.169217005368639E-5
8.308853175951765E-5
8.450876221222188E-5
8.59532697660561E-5
8.74224696998925E-5
8.891678430091707E-5
9.043664295456603E-5
9.198248224308339E-5
9.355474605446053E-5
9.515388570285557E-5
9.678036006094424E-5
9.843463570406495E-5
1.0011718706553098E-4
1.0182849660210159E-4
1.0356905496832981E-4
1.0533936119832505E-4
1.0713992289336097E-4
1.0897125641370171E-4
1.1083388707300445E-4
1.127283493336732E-4
1.1465518700158928E-4
1.16614953418748E-4
1.1860821165248319E-4
1.2063553468018178E-4
1.2269750556866536E-4
1.2479471764773913E-4
1.2692777467773362E-4
1.290972910111692E-4
1.3130389174889254E-4
1.335482128911184E-4
1.3583090148373286E-4
1.3815261575993442E-4
1.4051402527683076E-4
1.4291581104599886E-4
1.453586656563238E-4
1.4784329338674826E-4
1.5037041030599324E-4
1.5294074435594698E-4
1.5555503541533035E-4
1.582140353404798E-4
1.609185079806258E-4
1.636692291658238E-4
1.6646698666662713E-4
1.6931258030675075E-4
1.7220682220494028E-4
1.751505371248105E-4
1.7814456291358725E-4
1.811897510124569E-4
1.8428696702262807E-4
1.8743709131230796E-4
1.9064101965068E-4
1.9389966385574266E-4
1.9721395244360352E-4
2.005848312675973E-4
2.0401326413642274E-4
2.0750023340139468E-4
2.110467405038436E-4
2.1465380647466448E-4
2.1832247237895956E-4
2.2205379969964642E-4
2.2584887065478805E-4
2.2970878844425665E-4
2.336346774222001E-4
2.3762768319263657E-4
2.4168897262640028E-4
2.458197337985838E-4
2.5002117584657283E-4
2.5429452874968104E-4
2.5864104303225494E-4
2.630619893928073E-4
2.675586582622286E-4
2.721323592943289E-4
2.7678442079184947E-4
2.8151618907066764E-4
2.863290277642369E-4
2.9122431706945557E-4
2.9620345293426836E-4
3.012678461865404E-4
3.0641892160322503E-4
3.116581169187059E-4
3.1698688177148423E-4
3.224066765891168E-4
3.279189714123659E-4
3.33525255298787E-4
3.3922704440299153E-4
3.4502588882482586E-4
3.5092337831319246E-4
3.569211469095384E-4
3.630208766110696E-4
3.692243001295648E-4
3.755332028173133E-4
3.819494238273391E-4
3.8847485657080016E-4
3.951114485303861E-4
4.0186120048477233E-4
4.087261651957396E-4
4.157084456064513E-4
4.228101925965394E-4
4.3003360233705975E-4
4.373809132859473E-4
4.448544028623338E-4
4.524563838359322E-4
4.601892004656603E-4
4.6805522441978824E-4
4.7605685050817E-4
4.841964922555892E-4
4.924765773439024E-4
5.008995429495047E-4
5.094678310015965E-4
5.181838833857364E-4
5.270501371161229E-4
5.360690194988556E-4
5.45242943306984E-4
5.545743019863987E-4
5.640654649095679E-4
5.737187726917924E-4
5.835365325821423E-4
5.935210139387818E-4
6.036744437960792E-4
6.13999002529011E-4
6.244968196190119E-4
6.35169969524689E-4
6.460204676607666E-4
6.570508910196248E-4
6.68264310551225E-4
6.796642274705584E-4
6.912545133262828E-4
7.030393536714116E-4
7.15023195183451E-4
7.27210696087181E-4
7.396066797383758E-4
7.522160912312868E-4
7.650439568967935E-4
7.780953465620138E-4
7.913753384459287E-4
8.048889865694149E-4
8.186412905619802E-4
8.326371677515705E-4
8.468814274278628E-4
8.613787471736301E-4
8.761336511627824E-4
8.911504903276683E-4
9.064334243020526E-4
9.219864050499148E-4
9.378131620938274E-4
9.539171892603175E-4
9.703017328631585E-4
9.8696978124921E-4
0.0010039240556350424
0.001021167002166229
0.0010387007851347095
0.0010565272812929738
0.001074648075206821
0.0010930644555910403
0.001111777412574407
0.0011307876358419631
0.0011500955136035573
0.0011697011323382831
0.0011896042772649607
0.0012098044334892825
0.0012303007877790253
0.0012510922309199998
0.001272177360607215
0.0012935911496459872
0.0013153651623162375
0.0013375277181932026
0.0013601040500082376
0.001383116455735855
0.0014065844450894733
0.0014305248806042064
0.0014549521134805047
0.0014798781143572973
0.0015053125991779613
0.0015312631503067362
0.0015577353330476801
0.0015847328077127985
0.0016122574373809608
0.0016403093914844743
0.0016688872453559686
0.001697988075864259
0.001727607553264209
0.0017577400293821127
0.0017883786222547338
0.0018195152973368121
0.0018511409453885927
0.001883245457151739
0.0019158177949190156
0.0019488460611001637
0.001982317563883896
0.0020162188800934436
0.0020505359153309695
0.0020852539615041736
0.0021203577518263722
0.0021558315133793885
0.0021916590173262996
0.0022278236268585484
0.0022643083429590297
0.002301095848059436
0.0023381685476665352
0.0023755086100283444
0.002413098003907386
0.0024509185345248626
0.0024889518777365064
0.0025293321233576054
0.0025718941249563915
0.002616478944557417
0.002662933667554516
0.0027111112224789957
0.0027608702055060995
0.002812074709586995
0.0028645941580970396
0.002918303142894084
0.0029730812666828414
0.0030288129895832193
0.003085387479801999
0.003142698468308557
0.003200644107416738
0.0032591268331765132
0.00331805323148077
0.0033773339077945576
0.003436883360416245
0.0034966198571822157
0.003556465315528904
0.003616345185828037
0.003676188337912957
0.003735926950715564
0.0037954964049351308
0.0038548351786618536
0.0039138847458795225
0.003972589477773417
0.004030896546771403
0.004088755833248188
0.0041461198348250235
0.004202943578199499
0.004259184533442592
0.00431480253070251
0.004369759679257227
0.004424020288859321
0.004477550793318361
0.004530319676266924
0.004582297399056921
0.004633456330733001
0.004683770680029802
0.004859585610651117
0.00502805209907667
0.005189369474064651
0.0053437324058657545
0.005491331007092994
0.005632350931508902
0.005766973470770369
0.005895375649170434
0.006017730316416107
0.0061342062384809135
0.0062449681865705845
0.006350177024240114
0.006449989792699896
0.006544559794348306
0.006634036674567421
0.0067185665018181465
0.006798291846070199
0.0068733518556018365
0.00694388233220359
0.0070100158048192855
0.00707188160165708
0.007129605920801922
0.0071833118993599515
0.007233119681163785
0.007279146483066312
0.007321506659849048
0.0073603117677695585
0.0073956706267712495
0.007427689381377967
0.0074564715602952894
0.007482118134740539
0.007504727575524354
0.007524395908907772
0.007541216771260325
0.007555281462546555
0.007566678998669547
0.0075754961627014705
0.007581817555031249
0.007585725642459188
0.007587300806266774
0.015005478275045687
0.01474988220946286
0.01449863986236086
0.014251677073993406
0.014008920947218234
0.013770299826126927
0.013535743275049065
0.013305182057910248
0.013078548117926426
0.012855774557619963
0.01263679561914719
0.012421546664931036
0.012209964158595545
0.012001985646201805
0.011797549737786097
0.011596596089201947
0.01139906538426733
0.011204899317217909
0.011014040575465681
0.010826432822661821
0.010642020682060781
0.010460749720182063
0.010282566430764589
0.010107418219007808
0.009935253386092727
0.00976602111397461
0.009599671450438859
0.0094361552944102
0.00927542438150525
0.009117431269818439
0.008962129325931899
0.008809472711141015
0.008659416367889252
0.008511916006408084
0.008366928091560573
0.00822440982988947
0.008084319156873326
0.00794661472439541
0.007811255888430977
0.007678202696958584
