8.812678080972073E-6
1.8204181240527425E-5
2.821252716794568E-5
3.8878230398787826E-5
5.0244466281103025E-5
6.235724583583902E-5
7.526560226583268E-5
8.902178983398953E-5
1.0368149572874473E-4
1.1930406535421276E-4
1.271400637235822E-4
1.3549073950068494E-4
1.4438989509609086E-4
1.5387355113357008E-4
1.6398009351922558E-4
1.747504313422435E-4
1.8622816557202647E-4
1.984597677520763E-4
2.1149476703010637E-4
2.2538594296275428E-4
2.4018952902278326E-4
2.55965433862363E-4
2.7277748613088645E-4
2.9069370548331534E-4
3.097865984123354E-4
3.301334734400648E-4
3.5181676650581414E-4
3.7492436438249857E-4
3.995499117932467E-4
4.2579308662000375E-4
4.5375995638648105E-4
4.8356345414759665E-4
5.153239619752153E-4
5.491699594833314E-4
5.852386784988094E-4
6.236766992086843E-4
6.646404248321845E-4
7.082963786475242E-4
7.548212771485645E-4
8.044018447422707E-4
8.572363411263154E-4
9.13536757136296E-4
9.735309475381752E-4
0.0010374642155821017
0.001105600055540822
0.0011782199056536422
0.001255621873138935
0.0013381184722001025
0.00142603347109933
0.0015196979803176918
0.0016194766885829542
0.0017257797000795286
0.0018390637531028678
0.0019598258902538716
0.00208859204938725
0.002225902538240187
0.002372295931090166
0.002528292571628575
0.002694378572592798
0.002870990960908163
0.0030589788591464774
0.0032594075918024714
0.0034734067068641263
0.003702054738247898
0.003946294511405725
0.004206873653148098
0.004484305720585669
0.004778848024838135
0.0050904928033239805
0.005418968899432993
0.005771070704469393
0.006150982678127929
0.006560760934318987
0.007000748057569173
0.007469929044985063
0.007966235426418777
0.008486803856628526
0.009028194790095813
0.009586576234655603
0.0101578770277521
0.010850825838140689
0.011631953751043016
0.012472611338893335
0.013348420199655127
0.014238779515181852
0.015126422531401727
0.015997018309326528
0.016838814505361063
0.01764231731424263
0.01840000505102883
0.020847963925350467
0.022901247500269454
0.024600736825242834
0.025983671362701844
0.0270839493195537
0.027932404343602644
0.02855706038715047
0.028983366405870244
0.029234412436615075
0.02933112848239841
0.05616454541596991
0.052523868212790134
0.04911918562366951
0.04593520008949097
0.0429576056672341
0.04017302375170809
0.03756894296290384
0.03513366292938998
0.03285624171576992
0.03072644665848257
