2.1865609223032135E-7
4.3721251519942147E-7
6.556687376815766E-7
8.740242295317361E-7
1.0922784616859519E-6
1.3104309061617815E-6
1.5284810360587022E-6
1.746428325558519E-6
1.9642722499257435E-6
2.182012285507986E-6
2.3996479097363273E-6
2.617178601125709E-6
2.834603839275275E-6
3.0519231048687393E-6
3.2691358796747333E-6
3.4862416465471514E-6
3.703239889425485E-6
3.9201300933351495E-6
4.136911744387801E-6
4.35358432978166E-6
4.570147337801807E-6
4.7866002578204975E-6
5.002942580297451E-6
5.21917379678012E-6
5.435293399903988E-6
5.6513008833928415E-6
5.86719574205903E-6
6.082977471803709E-6
6.298645569617131E-6
6.514199533578843E-6
6.7296388628579695E-6
6.944963057713403E-6
7.1601716194940685E-6
7.375264050639096E-6
7.590239854678071E-6
7.80509853623121E-6
8.019839601009608E-6
8.234462555815334E-6
8.448966908541714E-6
8.663352168173451E-6
8.877617844786825E-6
9.091763449549837E-6
9.305788494722373E-6
9.519692493656354E-6
9.733474960795889E-6
9.947135411677395E-6
1.016067336292976E-5
1.0374088332274427E-5
1.058737983852554E-5
1.080054740159006E-5
1.1013590542467833E-5
1.1226508783251746E-5
1.1439301647127764E-5
1.1651968658375087E-5
1.1864509342366117E-5
1.207692322556666E-5
1.228920983553591E-5
1.2501368700926507E-5
1.271339935148467E-5
1.2925301318050158E-5
1.3137074132556364E-5
1.3348717328030354E-5
1.356023043859283E-5
1.3771612999458234E-5
1.3982864546934718E-5
1.4193984618424218E-5
1.4404972752422347E-5
1.461582848851851E-5
1.4826551367395827E-5
1.5037140930831135E-5
1.5247596721694994E-5
1.5457918283951643E-5
1.566810516265895E-5
1.587815690396838E-5
1.608807305512505E-5
1.6297853164467506E-5
1.6507496781427782E-5
1.6717003456531362E-5
1.6926372741397037E-5
1.7135604188736806E-5
1.7344697352355977E-5
1.7553651787152895E-5
1.7762467049118896E-5
1.797114269533828E-5
1.8179678283988115E-5
1.8388073374338287E-5
1.8596327526751136E-5
1.880444030268158E-5
1.9012411264676876E-5
1.9220239976376477E-5
1.9427926002511946E-5
1.963546890890681E-5
1.9842868262476342E-5
2.005012363122756E-5
2.0257234584258857E-5
2.046420069176008E-5
2.0671021525012152E-5
2.0877696656386984E-5
2.10842256593473E-5
2.129060810844648E-5
2.1496843579328267E-5
2.1702931648726685E-5
2.1908871894465854E-5
2.21146638954595E-5
2.2320307231711212E-5
2.2525801484313774E-5
2.2731146235449283E-5
2.2936341068388727E-5
2.314138556749173E-5
2.334627931820648E-5
2.355102190706932E-5
2.37556129217046E-5
2.3960051950824374E-5
2.4164338584228188E-5
2.4368472412802736E-5
2.457245302852161E-5
2.4776280024445124E-5
2.497995299471989E-5
2.5183471534578655E-5
2.5386835240339908E-5
2.559004370940756E-5
2.579309654027088E-5
2.5995993332503885E-5
2.6198733686765156E-5
2.640131720479767E-5
2.660374348942814E-5
2.6806012144567033E-5
2.700812277520804E-5
2.7210074987427772E-5
2.741186838838546E-5
2.761350258632253E-5
2.7814977190562407E-5
2.8016291811509934E-5
2.8217446060651243E-5
2.8418439550553203E-5
2.861927189486318E-5
2.8819942708308554E-5
2.9020451606696422E-5
2.9220798206913226E-5
2.9420982126924258E-5
2.9621002985773358E-5
2.9820860403582466E-5
3.002055400155123E-5
3.022008340195663E-5
3.0419448228152512E-5
3.061864810456927E-5
3.081768265671327E-5
3.1016551511166504E-5
3.1215254295586153E-5
3.141379063870423E-5
3.161216017032694E-5
3.181036252133446E-5
3.2008397323680395E-5
3.220626421039121E-5
3.240396281556597E-5
3.260149277437572E-5
3.279885372306312E-5
3.299604529894192E-5
3.319306714039652E-5
3.33899188868814E-5
3.3586600178920695E-5
3.378311065810781E-5
3.3979449967104715E-5
3.417561774964162E-5
3.437161365051631E-5
3.456743731559385E-5
3.476308839180589E-5
3.495856652715023E-5
3.5153871370690305E-5
3.534900257255458E-5
3.5543959783936174E-5
3.5738742657092076E-5
3.5933350845342914E-5
3.6127784003072256E-5
3.6322041785726E-5
3.651612384981191E-5
3.6710029852899096E-5
3.690375945361744E-5
3.709731231165692E-5
3.7290688087767066E-5
3.748388644375666E-5
3.767690704249279E-5
3.786974954790046E-5
3.8062413624962036E-5
3.8254898939716614E-5
3.8447205159259284E-5
3.86393319517409E-5
3.88312789863671E-5
3.902304593339783E-5
3.921463246414691E-5
3.940603825098109E-5
3.959726296731989E-5
3.978830628763446E-5
3.997916788744742E-5
4.0169847443331906E-5
4.036034463291112E-5
4.0550659134857605E-5
4.074079062889275E-5
4.093073879578594E-5
4.112050331735414E-5
4.131008387646099E-5
4.1499480157016344E-5
4.168869184397555E-5
4.187771862333892E-5
4.2066560182150856E-5
4.225521620849924E-5
4.24436863915148E-5
4.2631970421370565E-5
4.2820067989280885E-5
4.300797878750119E-5
4.319570250932674E-5
4.338323884909242E-5
4.3570587502171794E-5
4.375774816497647E-5
4.394472053495562E-5
4.413150431059468E-5
4.431809919141555E-5
4.450450487797485E-5
4.469072107186406E-5
4.4876747475708433E-5
4.506258379316622E-5
4.52482297289281E-5
4.543368498871637E-5
4.561894927928434E-5
4.580402230841537E-5
4.598890378492242E-5
4.617359341864694E-5
4.63580909204585E-5
4.654239600225395E-5
4.672650837695641E-5
4.691042775851491E-5
4.7094153861903375E-5
4.7277686403119925E-5
4.74610250991861E-5
4.7644169668146076E-5
4.7827119829066044E-5
4.800987530203319E-5
4.819243580815526E-5
4.837480106955939E-5
4.855697080939158E-5
4.873894475181593E-5
4.89207226220136E-5
4.910230414618242E-5
4.92836890515359E-5
4.94648770663029E-5
4.964586791972811E-5
4.98266613420748E-5
5.000725706463644E-5
5.0187654819772264E-5
5.0367854341017576E-5
5.0547855363409465E-5
5.072765762442406E-5
5.090726086661032E-5
5.10866648448063E-5
5.1265869345423724E-5
5.1444874236668874E-5
5.1623679595902926E-5
5.180228602390754E-5
5.198069539870422E-5
5.215891263143872E-5
5.2336949633566785E-5
5.251483399968519E-5
5.26926273893776E-5
5.2870463104370106E-5
5.304862011683992E-5
5.3227663278877464E-5
5.340869789075339E-5
5.359381117487227E-5
5.378680012755105E-5
5.3994305125226204E-5
5.4227462687293224E-5
5.4504129542841046E-5
5.4851577718534944E-5
5.530928806342649E-5
5.5931081930743355E-5
5.6785399966264514E-5
5.795223168988931E-5
5.9515279058117667E-5
6.154867959169106E-5
6.409916467623113E-5
6.716669983006754E-5
7.06887890638536E-5
7.453466620569926E-5
7.851446753317297E-5
8.24047354269635E-5
8.598602111381884E-5
8.908303016144753E-5
9.159534757120831E-5
9.350909037134944E-5
9.488647219103687E-5
9.583840622103439E-5
9.6491010033933E-5
9.695748240386357E-5
9.732245501737588E-5
9.763944605832284E-5
9.793705139650037E-5
9.822803006965111E-5
9.851703045653147E-5
9.88053852183852E-5
9.909337690914208E-5
9.938104484000916E-5
9.966839151575681E-5
9.99554167043814E-5
1.0024212017557588E-4
1.005285017007258E-4
1.0081456105290585E-4
1.0110029800687694E-4
1.01385712339082E-4
1.0167080382764317E-4
1.0195557225235761E-4
1.0224001739469491E-4
1.0252413903779264E-4
1.0280793696645357E-4
1.0309141096714236E-4
1.0337456082798113E-4
1.0365738633874711E-4
1.0393988729086843E-4
1.0422206347742094E-4
1.0450391469312487E-4
1.0478544073434117E-4
1.0506664139906808E-4
1.0534751648693772E-4
1.0562806579921272E-4
1.0590828913878261E-4
1.061881863101605E-4
1.0646775711947956E-4
1.0674700137448954E-4
1.0702591888455364E-4
1.0730450946064469E-4
1.0758277291534176E-4
1.0786070906282678E-4
1.0813831771888133E-4
1.0841559870088306E-4
1.0869255182780193E-4
1.089691769201974E-4
1.0924547380021433E-4
1.095214422915803E-4
1.0979708221960144E-4
1.1007239341115967E-4
1.1034737569470864E-4
1.106220289002708E-4
1.1089635285943404E-4
1.1117034740534778E-4
1.1144401237271995E-4
1.117173475978137E-4
1.1199035291844344E-4
1.1226302817397195E-4
1.1253537320530675E-4
1.1280738785489701E-4
1.1307907196672962E-4
1.1335042538632602E-4
1.136214479607392E-4
1.1389213953854988E-4
1.1416249996986296E-4
1.1443252910630481E-4
1.1470222680101924E-4
1.1497159290866426E-4
1.152406272854091E-4
1.1550932978893021E-4
1.1577770027840858E-4
1.1604573861452587E-4
1.1631344465946082E-4
1.1658081827688675E-4
1.1684785933196744E-4
1.1711456769135408E-4
1.1738094322318184E-4
1.1764698579706646E-4
1.1791269528410102E-4
1.1817807155685265E-4
1.1844311448935889E-4
1.187078239571245E-4
1.189721998371182E-4
1.1923624200776945E-4
1.1949995034896452E-4
1.1976332474204398E-4
1.2002636506979868E-4
1.2028907121646686E-4
1.2055144306773036E-4
1.20813480510712E-4
1.2107518343397164E-4
1.2133655172750283E-4
1.2159758528273028E-4
1.2185828399250535E-4
1.2211864775110395E-4
1.2237867645422252E-4
1.2263836999897455E-4
1.22897728283888E-4
1.2315675120890142E-4
1.23415438675361E-4
1.2367379058601664E-4
1.239318068450196E-4
1.2418948735791878E-4
1.244468320316569E-4
1.2470384077456836E-4
1.249605134963744E-4
1.252168501081817E-4
1.2547285052247795E-4
1.2572851465312803E-4
1.259838424153721E-4
1.2623883372582187E-4
1.2627483241022647E-4
1.263105941494219E-4
1.2634611939533994E-4
1.2638140860019007E-4
1.2641646221645542E-4
1.2645128069689054E-4
1.2648586449451535E-4
1.2652021406261342E-4
1.2655432985472808E-4
1.2658821232465811E-4
1.2662186192645455E-4
1.2665527911441657E-4
1.2668846434308912E-4
1.2672141806725822E-4
1.267541407419475E-4
1.2678663282241528E-4
1.268188947641503E-4
1.2685092702286886E-4
1.2688273005451067E-4
1.2691430431523566E-4
1.269456502614204E-4
1.2697676834965452E-4
1.2700765903673726E-4
1.2703832277967468E-4
1.2706876003567468E-4
1.270989712621448E-4
1.2712895691668855E-4
1.2715871745710161E-4
1.2718825334136872E-4
1.272175650276598E-4
1.272466529743273E-4
1.2727551763990237E-4
1.2730415948309135E-4
1.2733257896277263E-4
1.2736077653799287E-4
1.273887526679646E-4
1.2741650781206138E-4
1.2744404242981657E-4
1.2747135698091728E-4
1.2749845192520386E-4
1.2752532772266422E-4
1.2755198483343225E-4
1.275784237177835E-4
1.2760464483613267E-4
1.276306486490295E-4
1.2765643561715614E-4
1.276820062013237E-4
1.27707360862469E-4
1.2773250006165165E-4
1.2775742426005E-4
1.277821339189589E-4
1.2780662949978599E-4
1.2783091146404874E-4
1.2785498027337056E-4
1.2787883638947924E-4
1.2790248027420197E-4
1.2792591238946317E-4
1.279491331972814E-4
1.2797214315976555E-4
1.2799494273911256E-4
1.280175323976039E-4
1.280399125976022E-4
1.280620838015493E-4
1.2808404647196103E-4
1.2810580107142623E-4
1.2812734806260282E-4
1.2814868790821506E-4
1.2816982107104958E-4
1.2819074801395403E-4
1.2821146919983188E-4
1.2823198509164153E-4
1.282522961523921E-4
1.2827240284514073E-4
1.282923056329895E-4
1.2831200497908241E-4
1.2833150134660315E-4
1.2835079519877087E-4
1.283698869988381E-4
1.2838877721008785E-4
1.2840746629583027E-4
1.284259547193996E-4
1.2844424294415242E-4
1.284623314334635E-4
1.2848022065072286E-4
1.2849791105933367E-4
1.2851540312270945E-4
1.2853269730427058E-4
1.2854979406744176E-4
1.2856669387564858E-4
1.2858339719231619E-4
1.285999044808647E-4
1.2861621620470758E-4
1.286323328272482E-4
1.2864825481187766E-4
1.286639826219715E-4
1.2867951672088665E-4
1.286948575719599E-4
1.2871000563850353E-4
1.2872496138380387E-4
1.2873972527111793E-4
1.2875429776367038E-4
1.2876867932465173E-4
1.2878287041721544E-4
1.287968715044742E-4
1.2881068304949802E-4
1.2882430551531206E-4
1.2883773936489277E-4
1.2885098506116636E-4
1.2886404306700514E-4
1.2887691384522594E-4
1.2888959785858618E-4
1.2890209556978244E-4
1.2891440744144703E-4
1.2892653393614624E-4
1.2893847551637684E-4
1.2895023264456384E-4
1.2896180578305774E-4
1.2897319539413317E-4
1.2898440193998372E-4
1.2899542588272228E-4
1.2900626768437665E-4
1.290169278068876E-4
1.290274067121061E-4
1.290377048617911E-4
1.290478227176074E-4
1.2905776074112187E-4
1.2906751939380232E-4
1.290770991370143E-4
1.2908650043201865E-4
1.2909572373996894E-4
1.2910476952190974E-4
1.2911363823877366E-4
1.2912233035137819E-4
1.291308463204251E-4
1.2913918660649573E-4
1.2914735167005067E-4
1.2915534197142635E-4
1.2916315797083206E-4
1.2917080012834895E-4
1.2917826890392701E-4
1.2918556475738206E-4
1.2919268814839466E-4
1.291996395365066E-4
1.2920641938111898E-4
1.2921302814149045E-4
1.2921946627673386E-4
1.292257342458153E-4
1.2923183250754995E-4
1.292377615206011E-4
1.2924352174347795E-4
1.292491136345325E-4
1.2925453765195763E-4
1.2925979425378552E-4
1.292648838978842E-4
1.292698070419561E-4
1.2927456414353573E-4
1.2927915565998742E-4
1.2928358204850252E-4
1.2928784376609807E-4
1.2929194126961435E-4
1.292958750157121E-4
1.2929964546087104E-4
1.2930325306138727E-4
1.2930669827337156E-4
1.2930998155274664E-4
1.2931310335524536E-4
1.2931606413640813E-4
1.2931886435158218E-4
1.293215044559174E-4
1.293239849043654E-4
1.293263061516773E-4
1.293284686524016E-4
1.2933047286088192E-4
1.293323192312552E-4
1.2933400821744945E-4
1.2933554027318124E-4
1.293369158519545E-4
1.2933813540705777E-4
1.2933919939156304E-4
1.2934010825832218E-4
1.2934086245996646E-4
1.2934146244890352E-4
1.2934190867731617E-4
1.2934220159715955E-4
1.2934234166015992E-4
1.293423293178117E-4
1.293421650213771E-4
1.2934184922188234E-4
1.293413823701164E-4
1.2934076491662936E-4
1.293399973117308E-4
1.29339080005486E-4
1.2933801344771674E-4
1.2933679808799722E-4
1.2933543437565302E-4
1.293339227597588E-4
1.2933226368913708E-4
1.2933045761235544E-4
1.2932850497772587E-4
1.2932640623330126E-4
1.29324161826875E-4
1.2932177220597836E-4
1.2931923781787908E-4
1.293165591095786E-4
1.2931373652781155E-4
1.2931077051904312E-4
1.293076615294671E-4
1.2930441000500467E-4
1.2930101639130218E-4
1.2929748113372933E-4
1.2929380467737795E-4
1.2928998746705934E-4
1.2928602994730318E-4
1.292819325623552E-4
1.2927769575617613E-4
1.292733199724395E-4
1.2926880565452948E-4
1.2926415324554042E-4
1.2925936318827349E-4
1.2925443592523708E-4
1.2924937189864261E-4
1.292441715504042E-4
1.2923883532213744E-4
1.292333636551563E-4
1.2922775699047292E-4
1.2922201576879473E-4
1.2921614043052396E-4
1.2921013141575433E-4
1.292039891642709E-4
1.2919771411554833E-4
1.2919130670874845E-4
1.2918476738271885E-4
1.2917809657599162E-4
1.2917129472678166E-4
1.2916436227298453E-4
1.2915729965217595E-4
1.2915010730160884E-4
1.291427856582128E-4
1.2913533515859242E-4
1.2912775623902495E-4
1.2912004933545966E-4
1.2911221488351557E-4
1.2910425331848048E-4
1.2909616507530942E-4
1.290879505886222E-4
1.2907961029270414E-4
1.2907114462150368E-4
1.2906255400863692E-4
1.2905383888739855E-4
1.2904499969080286E-4
1.2903603685171403E-4
1.2902695080324085E-4
1.2901774197990055E-4
1.2900841082096734E-4
1.289989577798495E-4
1.2898938334969344E-4
1.2897968813145892E-4
1.2896987301009587E-4
1.2895993959799847E-4
1.2894989131971503E-4
1.2893973598792472E-4
1.289294917363837E-4
1.289192002565354E-4
1.2890895536442183E-4
1.2889896254480315E-4
1.2888965859602017E-4
1.288819428714812E-4
1.2887760601127123E-4
1.2888008991962288E-4
1.2889577024045312E-4
1.2893600490490752E-4
1.290202066770362E-4
1.2918011811338074E-4
1.2946521834251304E-4
1.2994869845440294E-4
1.307326810956647E-4
1.319504268335493E-4
1.3376245780507057E-4
1.363433501847242E-4
1.3985703070745905E-4
1.444212248599923E-4
1.5006611981389426E-4
1.5669721457305984E-4
1.6407560602012695E-4
1.718280901549902E-4
1.7949286409105883E-4
1.8659513789971266E-4
1.927345210446786E-4
1.9765850275153902E-4
2.0129859416582652E-4
2.0375834715853568E-4
2.0526043224016784E-4
2.0607463016381392E-4
2.064527424702627E-4
2.0658876145495425E-4
2.0660853721814255E-4
2.0658087907574372E-4
2.0653715243141316E-4
2.0648901885372405E-4
2.0643988818453785E-4
2.063904982011609E-4
2.0634095465747257E-4
2.0629126574075307E-4
2.0624143223721536E-4
2.0619145493146318E-4
2.061413346064913E-4
2.0609107204368668E-4
2.060406680228286E-4
2.0599012332208952E-4
2.0593943871803579E-4
2.0588861498562768E-4
2.0583765289821992E-4
2.0578655322756308E-4
2.0573531674380368E-4
2.0568394421548468E-4
2.0563243640954676E-4
2.0558079409132806E-4
2.0552901802456538E-4
2.0547710897139538E-4
2.054250676923536E-4
2.0537289494637715E-4
2.0532059149080378E-4
2.052681580813739E-4
2.0521559547222998E-4
2.051629044159185E-4
2.0511008566338984E-4
2.0505713996399924E-4
2.0500406806550804E-4
2.049508707140833E-4
2.048975486543003E-4
2.0484410262914168E-4
2.0479053337999907E-4
2.047368416466737E-4
2.0468302816737695E-4
2.0462909367873204E-4
2.0457503891577368E-4
2.0452086461194958E-4
2.0446657149912156E-4
2.0441216030756565E-4
2.0435763176597372E-4
2.0430298660145373E-4
2.0424822553953068E-4
2.0419334930414786E-4
2.0413835861766798E-4
2.040832542008729E-4
2.0402803677296608E-4
2.0397270705157226E-4
2.039172657527393E-4
2.0386171359093827E-4
2.0380605127906488E-4
2.0375027952844048E-4
2.0369439904881304E-4
2.036384105483582E-4
2.0358231473367963E-4
2.035261123098106E-4
2.0346980398021548E-4
2.0341339044678916E-4
2.0335687240985955E-4
2.0330025056818795E-4
2.0324352561897042E-4
2.031866982578384E-4
2.0312976917886025E-4
2.0307273907454185E-4
2.0301560863582747E-4
2.0295837855210198E-4
2.0290104951119082E-4
2.028436221993612E-4
2.0278609730132392E-4
2.0272847550023362E-4
2.026707574776905E-4
2.026129439137409E-4
2.0255503548687897E-4
2.0249703287404747E-4
2.0243893675063893E-4
2.0238074779049692E-4
2.023224666659176E-4
2.0226409404764994E-4
2.022056306048968E-4
2.0214707700531796E-4
2.020884339150293E-4
2.020297019986048E-4
2.019708819190777E-4
2.019119743379414E-4
2.018529799151514E-4
2.0179389930912578E-4
2.0173473317674687E-4
2.016754821733618E-4
2.016161469527852E-4
2.0155672816729874E-4
2.014972264676532E-4
2.014376425030701E-4
2.0137797692124172E-4
2.0131823036833414E-4
2.0125840348898675E-4
2.011984969263151E-4
2.011385113219108E-4
2.0107844731584397E-4
2.0101830554666346E-4
2.0095808665139935E-4
2.0089779126556288E-4
2.0083742002314966E-4
2.0077697355663874E-4
2.0071645249699594E-4
2.0065585747367363E-4
2.0059518911461335E-4
2.0053444804624647E-4
2.0047363489349555E-4
2.004127502797756E-4
2.003517948269966E-4
2.0029076915556305E-4
2.0022967388437648E-4
2.0016850963083707E-4
2.0010727701084383E-4
2.0004597663879773E-4
1.9998460912760133E-4
1.9992317508866158E-4
1.9986167513189065E-4
1.998001098657067E-4
1.997384798970369E-4
1.9967678583131745E-4
1.9961502827249594E-4
1.9955320782303162E-4
1.9949132508389813E-4
1.9942938065458453E-4
1.9936737513309708E-4
1.9930530911595906E-4
1.9924318319821467E-4
1.9918099797342875E-4
1.9911875403368906E-4
1.9905645196960765E-4
1.9899409237032176E-4
1.9893167582349622E-4
1.9886920291532472E-4
1.988066742305311E-4
1.987440903523703E-4
1.986814518626311E-4
1.9861875934163695E-4
1.9855601336824752E-4
1.9849321451986042E-4
1.9843036337241238E-4
1.9836746050038126E-4
1.9830450647678714E-4
1.982415018731949E-4
1.9817844725971377E-4
1.9811534320500086E-4
1.9805219027626192E-4
1.9798898903925313E-4
1.9792574005828226E-4
1.9786244389621057E-4
1.9779910111445394E-4
1.9773571227298592E-4
1.9767227793033725E-4
1.9760879864359892E-4
1.975452749684236E-4
1.9748170745902629E-4
1.9741809666818709E-4
1.9735444314725235E-4
1.9729074744613626E-4
1.972270101133226E-4
1.9716323169586617E-4
1.9709941273939448E-4
1.9703555378810958E-4
1.9697165538478946E-4
1.9690771807079E-4
1.968437423860462E-4
1.967797288690741E-4
1.9671567805697255E-4
1.9665159048542493E-4
1.9658746668869989E-4
1.9652330719965484E-4
1.9645911254973538E-4
1.9639488326897902E-4
1.9633061988601544E-4
1.9626632292806925E-4
1.9620199292096045E-4
1.9613763038910743E-4
1.960732358555279E-4
1.9600880984184017E-4
1.9594435286826665E-4
1.9587986545363339E-4
1.9581534811537285E-4
1.9575080136952598E-4
1.9568622573074314E-4
1.956216217122861E-4
1.955569898260299E-4
1.9549233058246496E-4
1.9542764449069768E-4
1.953629320584533E-4
1.9529819379207708E-4
1.952334301965361E-4
1.951686417754212E-4
1.9510382903094884E-4
1.950389924639622E-4
1.9497413257393354E-4
1.9490924985896555E-4
1.9484434481579412E-4
1.9477941793978848E-4
1.9471446972495454E-4
1.9464950066393536E-4
1.9458451124801387E-4
1.9451950196711415E-4
1.9445447330980345E-4
1.943894257632941E-4
1.9432435981344475E-4
1.9425927594476285E-4
1.941941746404057E-4
1.9412905638218313E-4
1.9406392165055838E-4
1.9399877092465102E-4
1.9393360468223723E-4
1.9386842339975298E-4
1.9380322755229546E-4
1.9373801761362477E-4
1.936727940561653E-4
1.936075573510082E-4
1.9354230796791308E-4
1.9347704637530987E-4
1.9341177304030066E-4
1.9334648842866115E-4
1.9328119300484264E-4
1.9321588723197417E-4
1.9315057157186452E-4
1.93085246485003E-4
1.9301991243056234E-4
1.929545698664003E-4
1.9288921924906117E-4
1.9282386103377814E-4
1.927584956744748E-4
1.9269312362376744E-4
1.926277453329661E-4
1.925623612520768E-4
1.9249697182980368E-4
1.9243157751355107E-4
1.923661787494243E-4
1.9230077598223288E-4
1.9223536965549184E-4
1.9216996021142245E-4
1.9210454809095626E-4
1.9203913373373567E-4
1.9197371757811576E-4
1.9190830006116628E-4
1.9184288161867464E-4
1.9177746268514602E-4
1.917120436938063E-4
1.9164662507660418E-4
1.9158120726421205E-4
1.9151579068602892E-4
1.914503757701819E-4
1.9138496294352807E-4
1.9131955263165622E-4
1.9125414525888944E-4
1.9118874124828615E-4
1.9112334102164231E-4
1.9105794499949387E-4
1.909925536011181E-4
1.9092716724453565E-4
1.9086178634651282E-4
1.907964113225622E-4
1.907310425869468E-4
1.906656805526797E-4
1.9060032563152776E-4
1.9053497823401236E-4
1.9046963876941193E-4
1.9040430764576314E-4
1.9033898526986417E-4
1.9027367204727563E-4
1.9020836838232275E-4
1.9014307467809697E-4
1.9007779133645896E-4
1.9001251875803927E-4
1.8994725734224088E-4
1.8988200748724124E-4
1.8981676958999366E-4
1.8975154404623023E-4
1.8968633125046315E-4
1.8962113159598645E-4
1.8955594547487845E-4
1.8949077327800362E-4
1.8942561539501393E-4
1.8936047221435157E-4
1.89295344123251E-4
1.8923023150773998E-4
1.8916513475264208E-4
1.891000542415794E-4
1.890349903569728E-4
1.8896994348004578E-4
1.8890491399082483E-4
1.8883990226814233E-4
1.8877490868963862E-4
1.8870993363176292E-4
1.8864497746977671E-4
1.885800405777548E-4
1.8851512332858724E-4
1.8845022609398145E-4
1.8838534924446536E-4
1.8832049314938706E-4
1.8825565817691915E-4
1.8819084469405862E-4
1.881260530666305E-4
1.8806128365928915E-4
1.8799653683552E-4
1.8793181295764203E-4
1.8786711238680945E-4
1.878024354830141E-4
1.8773778260508666E-4
1.8767315411069934E-4
1.8760855035636755E-4
1.8754397169745173E-4
1.8747941848816003E-4
1.8741489108155016E-4
1.8735038982952974E-4
1.8728591508286095E-4
1.8722146719116084E-4
1.871570465029033E-4
1.870926533654223E-4
1.8702828812491176E-4
1.8696395112642968E-4
1.8689964271389935E-4
1.8683536323011105E-4
1.8677111301672395E-4
1.8670689241426957E-4
1.866427017621513E-4
1.8657854139864856E-4
1.8651441166091823E-4
1.8645031288499534E-4
1.863862454057973E-4
1.863222095571246E-4
1.862582056716621E-4
1.8619423408098294E-4
1.8613029511554914E-4
1.8606638910471397E-4
1.8600251637672426E-4
1.8593867725872162E-4
1.8587487207674604E-4
1.8581110115573545E-4
1.8574736481952972E-4
1.8568366339087255E-4
1.856199971914124E-4
1.8555636654170565E-4
1.8549277176121734E-4
1.8542921316832436E-4
1.8536569108031718E-4
1.8530220581340132E-4
1.8523875768270003E-4
1.851753470022561E-4
1.8511197408503283E-4
1.8504863924291774E-4
1.8498534278672227E-4
1.8492208502618316E-4
1.8485886626996075E-4
1.847956868256368E-4
1.8473254699971268E-4
1.8466944709763787E-4
1.846063874239837E-4
1.8454336828317754E-4
1.8448038998216852E-4
1.844174528392007E-4
1.843545572107408E-4
1.842917035695869E-4
1.8422889272069585E-4
1.841661263718479E-4
1.8410340858154698E-4
1.8404074928986828E-4
1.8397817260061398E-4
1.8391573547109103E-4
1.8385356827260618E-4
1.8379195937098016E-4
1.837315243715643E-4
1.836735304618788E-4
1.8362049015319582E-4
1.8357719585312455E-4
1.835524274974877E-4
1.8356160428384914E-4
1.8363061950493577E-4
1.8380092096182318E-4
1.8413549364852734E-4
1.8472470975942052E-4
1.856900749986482E-4
1.8718294491906583E-4
1.893747757289231E-4
1.9243606531648132E-4
1.9650344266814357E-4
2.0163851806632744E-4
2.0778730585294296E-4
2.147533099463697E-4
2.221980270412023E-4
2.296774959173477E-4
2.3671261296908085E-4
2.4287754685170987E-4
2.478806940756272E-4
2.5161211482116144E-4
2.541423366035423E-4
2.556757667592396E-4
2.5647894066980364E-4
2.5681087779928015E-4
2.5687696569260304E-4
2.5681357966828483E-4
2.5669678954604985E-4
2.565618949519041E-4
2.5642223586785055E-4
2.562817719359481E-4
2.561413715092928E-4
2.5600116001152346E-4
2.5586114647895036E-4
2.5572133099744114E-4
2.5558171365139623E-4
2.5544229452375324E-4
2.553030736959964E-4
2.5516405124815866E-4
2.550252272588298E-4
2.548866018051632E-4
2.5474817496287867E-4
2.5460994680627194E-4
2.544719174082169E-4
2.5433408684017475E-4
2.5419645517219886E-4
2.540590224729389E-4
2.5392178880964987E-4
2.537847542481943E-4
2.536479188530507E-4
2.5351128268731794E-4
2.533748458127223E-4
2.5323860828962134E-4
2.531025701770124E-4
2.5296673153253445E-4
2.52831092412478E-4
2.5269565287178684E-4
2.525604129640662E-4
2.524253727415888E-4
2.522905322552981E-4
2.5215589155481587E-4
2.520214506884466E-4
2.5188720970318435E-4
2.517531686447174E-4
2.516193275574332E-4
2.5148568648442575E-4
2.513522454674994E-4
2.5121900454717493E-4
2.510859637626954E-4
2.5095312315203034E-4
2.5082048275188357E-4
2.506880425976959E-4
2.505558027236527E-4
2.504237631626877E-4
2.502919239464897E-4
2.5016028510550683E-4
2.5002884666895317E-4
2.4989760866481257E-4
2.497665711198448E-4
2.496357340595908E-4
2.495050975083776E-4
2.493746614893253E-4
2.492444260243488E-4
2.4911439113416725E-4
2.489845568383064E-4
2.4885492315510353E-4
2.4872549010171625E-4
2.485962576941231E-4
2.4846722594713073E-4
2.483383948743796E-4
2.4820976448835006E-4
2.4808133480036363E-4
2.479531058205925E-4
2.478250775580614E-4
2.476972500206538E-4
2.475696232151181E-4
2.474421971470708E-4
2.4731497182100263E-4
2.4718794724028274E-4
2.4706112340716613E-4
2.469345003227948E-4
2.468080779872049E-4
2.466818563993326E-4
2.465558355570171E-4
2.464300154570069E-4
2.463043960949636E-4
2.461789774654673E-4
2.4605375956202226E-4
2.459287423770608E-4
2.4580392590194827E-4
2.456793101269882E-4
2.4555489504142676E-4
2.454306806334585E-4
2.453066668902291E-4
2.45182853797843E-4
2.45059241341366E-4
2.4493582950483044E-4
2.4481261827124E-4
2.446896076225755E-4
2.445667975397984E-4
2.4444418800285587E-4
2.4432177899068525E-4
2.4419957048121843E-4
2.4407756245138773E-4
2.4395575487712965E-4
2.4383414773338966E-4
2.4371274099412664E-4
2.4359153463231797E-4
2.43470528619963E-4
2.4334972292808962E-4
2.4322911752675688E-4
2.4310871238506044E-4
2.4298850747113692E-4
2.4286850275216873E-4
2.4274869819438798E-4
2.426290937630816E-4
2.425096894225953E-4
2.423904851363386E-4
2.4227148086678876E-4
2.421526765754947E-4
2.4203407222308363E-4
2.419156677692629E-4
2.4179746317282602E-4
2.4167945839165633E-4
2.4156165338273144E-4
2.4144404810212813E-4
2.4132664250502608E-4
2.4120943654571238E-4
2.4109243017758606E-4
2.4097562335316175E-4
2.4085901602407584E-4
2.4074260814108792E-4
2.406263996540871E-4
2.4051039051209614E-4
2.4039458066327484E-4
2.4027897005492513E-4
2.4016355863349403E-4
2.4004834634457997E-4
2.3993333313293512E-4
2.398185189424701E-4
2.3970390371625864E-4
2.3958948739654138E-4
2.394752699247296E-4
2.393612512414105E-4
2.3924743128634986E-4
2.3913380999849733E-4
2.3902038731599088E-4
2.3890716317615838E-4
2.3879413751552484E-4
2.3868131026981486E-4
2.3856868137395697E-4
2.3845625076208707E-4
2.3834401836755366E-4
2.3823198412292106E-4
2.3812014795997365E-4
2.380085098097193E-4
2.3789706960239475E-4
2.377858272674677E-4
2.3767478273364293E-4
2.3756393592886454E-4
2.3745328678032035E-4
2.373428352144457E-4
2.3723258115692836E-4
2.3712252453271122E-4
2.3701266526599693E-4
2.3690300328025135E-4
2.3679353849820757E-4
2.3668427084186998E-4
2.36575200232518E-4
2.364663265907093E-4
2.3635764983628504E-4
2.3624916988837258E-4
2.3614088666538898E-4
2.3603280008504637E-4
2.359249100643542E-4
2.3581721651962345E-4
2.3570971936647062E-4
2.356024185198217E-4
2.3549531389391534E-4
2.3538840540230673E-4
2.3528169295787188E-4
2.3517517647281025E-4
2.3506885585864956E-4
2.3496273102624894E-4
2.3485680188580245E-4
2.3475106834684379E-4
2.3464553031824796E-4
2.3454018770823704E-4
2.3443504042438223E-4
2.343300883736086E-4
2.3422533146219858E-4
2.3412076959579404E-4
2.340164026794022E-4
2.3391223061739778E-4
2.3380825331352704E-4
2.3370447067091066E-4
2.3360088259204826E-4
2.3349748897882178E-4
2.333942897324986E-4
2.332912847537349E-4
2.3318847394257993E-4
2.3308585719847893E-4
2.3298343442027685E-4
2.328812055062218E-4
2.3277917035396836E-4
2.3267732886058173E-4
2.3257568092253965E-4
2.3247422643573817E-4
2.3237296529549263E-4
2.3227189739654305E-4
2.321710226330561E-4
2.3207034089862985E-4
2.3196985208629573E-4
2.3186955608852294E-4
2.3176945279722205E-4
2.3166954210374709E-4
2.3156982389890008E-4
2.3147029807293412E-4
2.313709645155562E-4
2.3127182311593128E-4
2.3117287376268506E-4
2.3107411634390766E-4
2.3097555074715634E-4
2.308771768594603E-4
2.3077899456732157E-4
2.306810037567204E-4
2.3058320431311766E-4
2.304855961214579E-4
2.3038817906617328E-4
2.3029095303118597E-4
2.3019391789991171E-4
2.3009707355526392E-4
2.3000041987965522E-4
2.2990395675500196E-4
2.2980768406272718E-4
2.2971160168376307E-4
2.2961570949855527E-4
2.295200073870649E-4
2.2942449522877294E-4
2.2932917290268212E-4
2.2923404028732071E-4
2.2913909726074642E-4
2.290443437005471E-4
2.2894977948384663E-4
2.2885540448730685E-4
2.2876121858712996E-4
2.2866722165906334E-4
2.2857341357840062E-4
2.2847979421998594E-4
2.283863634582171E-4
2.2829312116704812E-4
2.2820006721999223E-4
2.281072014901256E-4
2.280145238500898E-4
2.279220341720948E-4
2.2782973232792178E-4
2.277376181889272E-4
2.2764569162604483E-4
2.275539525097885E-4
2.274624007102561E-4
2.2737103609713188E-4
2.2727985853968888E-4
2.271888679067934E-4
2.2709806406690658E-4
2.270074468880879E-4
2.2691701623799837E-4
2.268267719839025E-4
2.2673671399267226E-4
2.266468421307893E-4
2.265571562643484E-4
2.264676562590594E-4
2.2637834198025155E-4
2.2628921329287502E-4
2.2620027006150397E-4
2.2611151215034056E-4
2.2602293942321645E-4
2.2593455174359602E-4
2.2584634897457974E-4
2.257583309789062E-4
2.2567049761895545E-4
2.255828487567518E-4
2.254953842539663E-4
2.254081039719192E-4
2.2532100777158425E-4
2.252340955135896E-4
2.251473670582218E-4
2.250608222654281E-4
2.249744609948195E-4
2.2488828310567274E-4
2.2480228845693414E-4
2.2471647690722104E-4
2.2463084831482626E-4
2.2454540253771883E-4
2.244601394335479E-4
2.2437505885964523E-4
2.2429016067302792E-4
2.2420544473040105E-4
2.241209108881603E-4
2.24036559002394E-4
2.2395238892888733E-4
2.238684005231235E-4
2.2378459364028687E-4
2.2370096813526587E-4
2.2361752386265533E-4
2.23534260676759E-4
2.2345117843159328E-4
2.233682769808876E-4
2.2328555617808881E-4
2.2320301587636348E-4
2.2312065592860003E-4
2.2303847618741147E-4
2.229564765051383E-4
2.2287465673385056E-4
2.227930167253509E-4
2.2271155633117663E-4
2.226302754026026E-4
2.2254917379064358E-4
2.2246825134605698E-4
2.2238750791934468E-4
2.223069433607568E-4
2.2222655752029323E-4
2.2214635024770608E-4
2.220663213925025E-4
2.2198647080394748E-4
2.2190679833106593E-4
2.2182730382264517E-4
2.2174798712723637E-4
2.216688480931596E-4
2.2158988656850398E-4
2.215111024011308E-4
2.2143249543867606E-4
2.213540655285529E-4
2.2127581251795388E-4
2.2119773625385374E-4
2.2111983658301123E-4
2.210421133519716E-4
2.209645664070697E-4
2.2088719559443156E-4
2.2081000075997685E-4
2.207329817494219E-4
2.206561384082816E-4
2.2057947058187123E-4
2.205029781153101E-4
2.204266608535227E-4
2.2035051864124173E-4
2.2027455132300958E-4
2.2019875874318193E-4
2.201231407459291E-4
2.2004769717523883E-4
2.1997242787491787E-4
2.1989733268859562E-4
2.198224114597248E-4
2.1974766403158494E-4
2.19673090247284E-4
2.1959868994976095E-4
2.1952446298178778E-4
2.1945040918597072E-4
2.1937652840475113E-4
2.1930282048040212E-4
2.1922928525501583E-4
2.1915592257046353E-4
2.190827322682848E-4
2.1900971418939403E-4
2.189368681733379E-4
2.1886419405648118E-4
2.1879169166774145E-4
2.1871936081897846E-4
2.186472012843249E-4
2.1857521275808807E-4
2.1850339477459067E-4
2.184317465686922E-4
2.183602668648834E-4
2.1828895363927616E-4
2.1821780408276027E-4
2.1814681547692563E-4
2.1807598881269923E-4
2.1800533933397537E-4
2.1793492274441604E-4
2.178648939695486E-4
2.1779562880720846E-4
2.1772795897232548E-4
2.1766359790001787E-4
2.1760586444175256E-4
2.1756083357803743E-4
2.1753903649406509E-4
2.1755776419837743E-4
2.1764385964882405E-4
2.178365819658034E-4
2.1818970003060993E-4
2.1877150744073265E-4
2.1966114361261492E-4
2.209397565027291E-4
2.2267596271657148E-4
2.2490688566099268E-4
2.276185016577983E-4
2.3073125358667786E-4
2.340976278632048E-4
2.3751646616468545E-4
2.407639520561681E-4
2.4363479379355251E-4
2.45981878927562E-4
2.4774160681796827E-4
2.48936612573385E-4
2.4965615481747694E-4
2.500229820230672E-4
2.501596551446635E-4
2.5016519274844313E-4
2.5010632426881205E-4
2.500207442994668E-4
2.499261418209033E-4
2.498292699214109E-4
2.4973215168925806E-4
2.496352342147488E-4
2.4953858203950936E-4
2.494421992242578E-4
2.493460851406669E-4
2.492502391618689E-4
2.4915466066245564E-4
2.490593490184725E-4
2.4896430360741857E-4
2.488695238082433E-4
2.487750090013439E-4
2.486807585685616E-4
2.485867718931804E-4
2.4849304835992383E-4
2.483995873549516E-4
2.4830638826585854E-4
2.482134504816709E-4
2.481207733928436E-4
2.480283563912586E-4
2.4793619887022127E-4
2.478443002244573E-4
2.477526598501132E-4
2.476612771447494E-4
2.47570151507341E-4
2.4747928233827363E-4
2.473886690393408E-4
2.4729831101374234E-4
2.4720820766608117E-4
2.471183584023603E-4
2.4702876262998184E-4
2.4693941975774224E-4
2.468503291958326E-4
2.4676149035583245E-4
2.4667290265071104E-4
2.465845654948226E-4
2.4649647830390415E-4
2.46408640495073E-4
2.4632105148682465E-4
2.4623371069903006E-4
2.46146617552933E-4
2.4605977147114795E-4
2.459731718776575E-4
2.458868181978095E-4
2.4580070985831537E-4
2.4571484628724646E-4
2.456292269140334E-4
2.455438511694617E-4
2.4545871848567053E-4
2.4537382829615005E-4
2.452891800357388E-4
2.452047731406208E-4
2.4512060704832517E-4
2.4503668119772097E-4
2.449529950290157E-4
2.4486954798375537E-4
2.4478633950481796E-4
2.4470336903641414E-4
2.4462063602408374E-4
2.445381399146932E-4
2.4445588015643393E-4
2.4437385619881924E-4
2.442920674926822E-4
2.4421051349017326E-4
2.4412919364475823E-4
2.440481074112162E-4
2.439672542456358E-4
2.4388663360541425E-4
2.4380624494925446E-4
2.437260877371627E-4
2.4364616143044673E-4
2.4356646549171312E-4
2.434869993848644E-4
2.434077625750984E-4
2.4332875452890465E-4
2.4324997471406132E-4
2.4317142259963512E-4
2.430930976559778E-4
2.4301499935472365E-4
2.4293712716878747E-4
2.428594805723622E-4
2.4278205904091718E-4
2.4270486205119638E-4
2.4262788908121426E-4
2.4255113961025514E-4
2.424746131188704E-4
2.42398309088876E-4
2.4232222700335077E-4
2.422463663466343E-4
2.4217072660432466E-4
2.4209530726327478E-4
2.4202010781159265E-4
2.4194512773863735E-4
2.4187036653501757E-4
2.417958236925892E-4
2.4172149870445327E-4
2.4164739106495394E-4
2.4157350026967573E-4
2.4149982581544145E-4
2.4142636720031097E-4
2.4135312392357887E-4
2.4128009548577084E-4
2.4120728138864308E-4
2.411346811351794E-4
2.4106229422958972E-4
2.4099012017730773E-4
2.409181584849883E-4
2.408464086605063E-4
2.407748702129536E-4
2.407035426526381E-4
2.406324254910803E-4
2.4056151824101258E-4
2.4049082041637687E-4
2.4042033153232195E-4
2.4035005110520206E-4
2.4027997865257465E-4
2.4021011369319882E-4
2.4014045574703304E-4
2.4007100433523287E-4
2.4000175898014975E-4
2.3993271920532823E-4
2.3986388453550497E-4
2.3979525449660565E-4
2.397268286157444E-4
2.3965860642122087E-4
2.3959058744251865E-4
2.395227712103033E-4
2.3945515725642123E-4
2.393877451138962E-4
2.3932053431692963E-4
2.3925352440089668E-4
2.391867149023457E-4
2.3912010535899594E-4
2.390536953097359E-4
2.3898748429462168E-4
2.3892147185487439E-4
2.388556575328789E-4
2.3879004087218293E-4
2.387246214174932E-4
2.3865939871467597E-4
2.385943723107533E-4
2.385295417539028E-4
2.3846490659345463E-4
2.3840046637989151E-4
2.3833622066484427E-4
2.3827216900109322E-4
2.3820831094256432E-4
2.3814464604432793E-4
2.380811738625979E-4
2.3801789395472915E-4
2.3795480587921584E-4
2.378919091956899E-4
2.3782920346491972E-4
2.3776668824880865E-4
2.377043631103922E-4
2.3764222761383746E-4
2.3758028132444173E-4
2.3751852380862935E-4
2.3745695463395157E-4
2.3739557336908442E-4
2.37334379583827E-4
2.372733728491004E-4
2.3721255273694502E-4
2.3715191882052014E-4
2.3709147067410197E-4
2.3703120787308202E-4
2.3697112999396494E-4
2.3691123661436829E-4
2.3685152731302E-4
2.3679200166975658E-4
2.3673265926552287E-4
2.3667349968236963E-4
2.3661452250345175E-4
2.3655572731302727E-4
2.364971136964559E-4
2.364386812401967E-4
2.3638042953180827E-4
2.363223581599451E-4
2.362644667143583E-4
2.3620675478589238E-4
2.3614922196648453E-4
2.3609186784916294E-4
2.36034692028046E-4
2.359776940983395E-4
2.3592087365633681E-4
2.358642302994162E-4
2.3580776362603975E-4
2.3575147323575237E-4
2.3569535872917984E-4
2.3563941970802747E-4
2.3558365577507892E-4
2.3552806653419464E-4
2.3547265159031057E-4
2.3541741054943643E-4
2.3536234301865496E-4
2.3530744860612003E-4
2.3525272692105536E-4
2.3519817757375295E-4
2.351438001755724E-4
2.3508959433893837E-4
2.3503555967734107E-4
2.349816958053326E-4
2.3492800233852754E-4
2.3487447889360065E-4
2.3482112508828553E-4
2.3476794054137396E-4
2.3471492487271342E-4
2.346620777032074E-4
2.3460939865481182E-4
2.3455688735053644E-4
2.3450454341444153E-4
2.34452366471637E-4
2.3440035614828153E-4
2.343485120715808E-4
2.3429683386978683E-4
2.3424532117219578E-4
2.3419397360914749E-4
2.3414279081202433E-4
2.3409177241324864E-4
2.340409180462828E-4
2.3399022734562724E-4
2.3393969994682002E-4
2.3388933548643413E-4
2.338391336020774E-4
2.3378909393239117E-4
2.3373921611704872E-4
2.336894997967539E-4
2.3363994461324036E-4
2.3359055020926985E-4
2.335413162286314E-4
2.334922423161397E-4
2.3344332811763471E-4
2.3339457327997912E-4
2.3334597745105777E-4
2.3329754027977677E-4
2.3324926141606245E-4
2.332011405108591E-4
2.331531772161285E-4
2.3310537118484891E-4
2.3305772207101323E-4
2.330102295296284E-4
2.3296289321671402E-4
2.329157127893012E-4
2.3286868790543122E-4
2.3282181822415388E-4
2.327751034055277E-4
2.3272854311061778E-4
2.326821370014944E-4
2.3263588474123267E-4
2.325897859939105E-4
2.3254384042460853E-4
2.3249804769940767E-4
2.3245240748538874E-4
2.3240691945063157E-4
2.3236158326421323E-4
2.32316398596207E-4
2.322713651176811E-4
2.3222648250069858E-4
2.3218175041831487E-4
2.3213716854457718E-4
2.320927365545236E-4
2.320484541241814E-4
2.3200432093056612E-4
2.319603366516813E-4
2.3191650096651594E-4
2.3187281355504407E-4
2.318292740982242E-4
2.317858822779969E-4
2.3174263777728485E-4
2.3169954027999138E-4
2.3165658947099852E-4
2.3161378503616767E-4
2.315711266623371E-4
2.3152861403732074E-4
2.3148624684990774E-4
2.3144402478986173E-4
2.3140194754791866E-4
2.31360014815786E-4
2.3131822628614287E-4
2.3127658165263698E-4
2.312350806098846E-4
2.3119372285346947E-4
2.3115250807994242E-4
2.3111143598681823E-4
2.3107050627257662E-4
2.3102971863666008E-4
2.3098907277947317E-4
2.30948568402381E-4
2.30908205207709E-4
2.3086798289874094E-4
2.3082790117971838E-4
2.307879597558397E-4
2.307481583332586E-4
2.3070849661908295E-4
2.306689743213746E-4
2.3062959114914715E-4
2.3059034681236577E-4
2.305512410219458E-4
2.3051227348975186E-4
2.3047344392859587E-4
2.304347520522375E-4
2.3039619757538263E-4
2.3035778021368098E-4
2.30319499683727E-4
2.302813557030574E-4
2.3024334799015114E-4
2.3020547626442713E-4
2.301677402462445E-4
2.3013013965690062E-4
2.300926742186307E-4
2.3005534365460584E-4
2.3001814768893288E-4
2.2998108604665318E-4
2.2994415845374139E-4
2.2990736463710407E-4
2.298707043245793E-4
2.2983417724493528E-4
2.2979778312786904E-4
2.2976152170400634E-4
2.2972539270489943E-4
2.2968939586302667E-4
2.2965353091179146E-4
2.296177975855214E-4
2.2958219561946644E-4
2.2954672474979852E-4
2.2951138471361056E-4
2.29476175248915E-4
2.2944109609464322E-4
2.2940614699064378E-4
2.2937132767768262E-4
2.293366378974406E-4
2.293020773925137E-4
2.2926764590641102E-4
2.292333431835542E-4
2.2919916896927667E-4
2.2916512300982174E-4
2.2913120505234225E-4
2.2909741484489977E-4
2.2906375213646254E-4
2.2903021667690566E-4
2.2899680821700884E-4
2.2896352650845646E-4
2.289303713038357E-4
2.2889734235663608E-4
2.288644394212482E-4
2.2883166225296216E-4
2.2879901060796548E-4
2.2876648424334045E-4
2.2873408291705513E-4
2.2870180638794054E-4
2.2866965441562607E-4
2.2863762676036283E-4
2.2860572318254688E-4
2.2857394344145902E-4
2.2854228729204316E-4
2.2851075447690035E-4
2.2847934470702496E-4
2.2844805761694913E-4
2.2841689266385977E-4
2.2838584890882345E-4
2.2835492456025908E-4
2.2832411605945997E-4
2.282934163273295E-4
2.28262811558647E-4
2.282322756577274E-4
2.2820176112580193E-4
2.2817118510170734E-4
2.2814040962053917E-4
2.2810921640531993E-4
2.2807727906028197E-4
2.280441395291357E-4
2.2800920054769338E-4
2.2797174984838831E-4
2.2793103212936035E-4
2.2788637784201338E-4
2.2783738154921558E-4
2.2778409870574437E-4
2.2772720578130885E-4
2.2766805732249494E-4
2.2760858751476548E-4
2.27551047369155E-4
2.2749763043037924E-4
2.274500930763685E-4
2.2740948957095136E-4
2.273761020459187E-4
2.2734956621986457E-4
2.2732911544718785E-4
2.2731383126044764E-4
2.273028139013577E-4
2.2729524944091974E-4
2.272904077293792E-4
2.2728762506623657E-4
2.272863062381787E-4
2.2728594725113365E-4
2.2728615927893164E-4
2.272866752755687E-4
2.2728733460859602E-4
2.2728805394264505E-4
2.2728879668937633E-4
2.2728954961607226E-4
2.272903089458648E-4
2.2729107389823585E-4
2.272918443923852E-4
2.2729262045498454E-4
2.2729340212100405E-4
2.2729418942558414E-4
2.2729498240403682E-4
2.2729578109184544E-4
2.272965855246655E-4
2.2729739573832422E-4
2.272982117688218E-4
2.272990336523318E-4
2.2729986142520125E-4
2.273006951239505E-4
2.2730153478527486E-4
2.273023804460438E-4
2.2730323214330175E-4
2.2730408991426866E-4
2.2730495379634023E-4
2.2730582382708863E-4
2.2730670004426215E-4
2.2730758248578597E-4
2.2730847118976287E-4
2.2730936619447264E-4
2.2731026753837388E-4
2.2731117526010288E-4
2.2731208939847484E-4
2.2731300999248417E-4
2.2731393708130446E-4
2.2731487070428913E-4
2.2731581090097252E-4
2.2731675771106807E-4
2.2731771117447098E-4
2.273186713312575E-4
2.273196382216854E-4
2.2732061188619423E-4
2.273215923654058E-4
2.2732257970012432E-4
2.2732357393133722E-4
2.2732457510021503E-4
2.2732558324811176E-4
2.2732659841656505E-4
2.2732762064729721E-4
2.2732864998221524E-4
2.2732968646341068E-4
2.2733073013315997E-4
2.2733178103392555E-4
2.2733283920835554E-4
2.27333904699284E-4
2.273349775497317E-4
2.2733605780290587E-4
2.2733714550220152E-4
2.2733824069120001E-4
2.2733934341367148E-4
2.2734045371357325E-4
2.2734157163505105E-4
2.2734269722243935E-4
2.2734383052026147E-4
2.2734497157323006E-4
2.273461204262466E-4
2.2734727712440362E-4
2.2734844171298216E-4
2.2734961423745442E-4
2.2735079474348302E-4
2.2735198327692138E-4
2.2735317988381424E-4
2.273543846103979E-4
2.2735559750310021E-4
2.2735681860854042E-4
2.2735804797353076E-4
2.2735928564507582E-4
2.2736053167037279E-4
2.2736178609681208E-4
2.2736304897197688E-4
2.2736432034364427E-4
2.273656002597857E-4
2.2736688876856594E-4
2.2736818591834383E-4
2.2736949175767302E-4
2.2737080633530247E-4
2.273721297001755E-4
2.2737346190143085E-4
2.2737480298840284E-4
2.2737615301062145E-4
2.273775120178124E-4
2.2737888005989784E-4
2.2738025718699678E-4
2.2738164344942384E-4
2.2738303889769133E-4
2.2738444358250823E-4
2.2738585755478075E-4
2.2738728086561268E-4
2.27388713566306E-4
2.2739015570835965E-4
2.273916073434717E-4
2.2739306852353794E-4
2.273945393006528E-4
2.2739601972710945E-4
2.2739750985539969E-4
2.2739900973821518E-4
2.274005194284496E-4
2.274020389792042E-4
2.2740356844378902E-4
2.2740510787572956E-4
2.2740665732876793E-4
2.2740821685686782E-4
2.2740978651421718E-4
2.2741136635523245E-4
2.2741295643456178E-4
2.2741455680708866E-4
2.2741616752793435E-4
2.2741778865246337E-4
2.2741942023628476E-4
2.2742106233525664E-4
2.27422715005489E-4
2.274243783033473E-4
2.2742605228545537E-4
2.2742773700869928E-4
2.2742943253022937E-4
2.2743113890746458E-4
2.2743285619809524E-4
2.2743458446008582E-4
2.2743632375167816E-4
2.2743807413139503E-4
2.2743983565804226E-4
2.2744160839071264E-4
2.2744339238878734E-4
2.2744518771194115E-4
2.2744699442014342E-4
2.2744881257366162E-4
2.274506422330644E-4
2.274524834592242E-4
2.274543363133199E-4
2.2745620085684002E-4
2.2745807715158426E-4
2.2745996525966796E-4
2.274618652435233E-4
2.274637771659025E-4
2.274657010898807E-4
2.2746763707885814E-4
2.2746958519656276E-4
2.274715455070526E-4
2.2747351807471882E-4
2.274755029642877E-4
2.2747750024082307E-4
2.2747950996972944E-4
2.2748153221675323E-4
2.2748356704798575E-4
2.2748561452986594E-4
2.27487674729182E-4
2.2748974771307417E-4
2.2749183354903605E-4
2.2749393230491822E-4
2.2749604404892967E-4
2.2749816884963962E-4
2.2750030677598051E-4
2.2750245789724928E-4
2.2750462228311028E-4
2.2750680000359713E-4
2.2750899112911375E-4
2.2751119573043778E-4
2.2751341387872224E-4
2.275156456454965E-4
2.2751789110267E-4
2.2752015032253195E-4
2.2752242337775518E-4
2.2752471034139738E-4
2.2752701128690215E-4
2.2752932628810168E-4
2.275316554192187E-4
2.275339987548675E-4
2.2753635637005602E-4
2.2753872834018772E-4
2.2754111474106292E-4
2.2754351564888096E-4
2.2754593114024093E-4
2.2754836129214474E-4
2.2755080618199735E-4
2.275532658876088E-4
2.2755574048719614E-4
2.275582300593845E-4
2.275607346832086E-4
2.275632544381144E-4
2.2756578940396051E-4
2.2756833966101938E-4
2.2757090528997912E-4
2.2757348637194468E-4
2.2757608298843912E-4
2.2757869522140498E-4
2.2758132315320526E-4
2.27583966866626E-4
2.275866264448755E-4
2.2758930197158713E-4
2.2759199353082038E-4
2.2759470120706148E-4
2.2759742508522444E-4
2.2760016525065306E-4
2.2760292178912187E-4
2.2760569478683633E-4
2.2760848433043456E-4
2.2761129050698865E-4
2.2761411340400521E-4
2.276169531094269E-4
2.2761980971163303E-4
2.2762268329943995E-4
2.2762557396210356E-4
2.2762848178931922E-4
2.276314068712219E-4
2.2763434929838882E-4
2.276373091618397E-4
2.2764028655303614E-4
2.2764328156388462E-4
2.2764629428673568E-4
2.2764932481438574E-4
2.2765237324007734E-4
2.2765543965750005E-4
2.2765852416079113E-4
2.276616268445357E-4
2.2766474780376876E-4
2.2766788713397446E-4
2.2767104493108715E-4
2.2767422129149284E-4
2.276774163120286E-4
2.2768063008998324E-4
2.2768386272309905E-4
2.2768711430957067E-4
2.2769038494804703E-4
2.276936747376314E-4
2.276969837778808E-4
2.2770031216880858E-4
2.2770366001088297E-4
2.2770702740502834E-4
2.2771041445262497E-4
2.277138212555105E-4
2.2771724791597963E-4
2.277206945367842E-4
2.277241612211338E-4
2.277276480726965E-4
2.2773115519559846E-4
2.277346826944239E-4
2.2773823067421693E-4
2.2774179924047957E-4
2.2774538849917425E-4
2.2774899855672215E-4
2.27752629520004E-4
2.2775628149636088E-4
2.2775995459359326E-4
2.2776364891996184E-4
2.277673645841877E-4
2.2777110169545133E-4
2.277748603633942E-4
2.2777864069811784E-4
2.2778244281018383E-4
2.2778626681061495E-4
2.2779011281089313E-4
2.2779398092296116E-4
2.2779787125922247E-4
2.2780178393253992E-4
2.2780571905623698E-4
2.27809676744097E-4
2.2781365711036322E-4
2.278176602697384E-4
2.2782168633738491E-4
2.2782573542892506E-4
2.2782980766043986E-4
2.2783390314846981E-4
2.2783802201001353E-4
2.2784216436252933E-4
2.2784633032393297E-4
2.278505200125988E-4
2.2785473354735872E-4
2.2785897104750244E-4
2.278632326327763E-4
2.278675184233841E-4
2.2787182853998566E-4
2.2787616310369744E-4
2.2788052223609188E-4
2.2788490605919593E-4
2.2788931469549191E-4
2.2789374826791706E-4
2.278982068998622E-4
2.279026907151726E-4
2.2790719983814558E-4
2.279117343935319E-4
2.2791629450653455E-4
2.2792088030280786E-4
2.2792549190845773E-4
2.2793012945003993E-4
2.279347930545611E-4
2.2793948284947663E-4
2.2794419896269132E-4
2.2794894152255814E-4
2.2795371065787738E-4
2.2795850649789696E-4
2.279633291723102E-4
2.2796817881125687E-4
2.2797305554532184E-4
2.279779595055333E-4
2.279828908233642E-4
2.2798784963072973E-4
2.279928360599873E-4
2.2799785024393593E-4
2.280028923158154E-4
2.280079624093045E-4
2.2801306065852234E-4
2.2801818719802528E-4
2.2802334216280777E-4
2.2802852568830028E-4
2.2803373791036925E-4
2.280389789653164E-4
2.2804424898987754E-4
2.2804954812122064E-4
2.2805487649694682E-4
2.2806023425508834E-4
2.280656215341078E-4
2.2807103847289714E-4
2.280764852107775E-4
2.2808196188749656E-4
2.2808746864322896E-4
2.280930056185751E-4
2.280985729545602E-4
2.281041707926325E-4
2.2810979927466346E-4
2.281154585429452E-4
2.2812114874019087E-4
2.2812687000953278E-4
2.2813262249452197E-4
2.281384063391259E-4
2.2814422168772916E-4
2.2815006868513081E-4
2.2815594747654358E-4
2.2816185820759318E-4
2.281678010243171E-4
2.2817377607316285E-4
2.2817978350098768E-4
2.2818582345505718E-4
2.2819189608304293E-4
2.2819800153302242E-4
2.2820413995347868E-4
2.282103114932967E-4
2.2821651630176387E-4
2.2822275452856843E-4
2.2822902632379832E-4
2.2823533183793913E-4
2.282416712218738E-4
2.2824804462688014E-4
2.282544522046293E-4
2.282608941071809E-4
2.28267370486973E-4
2.2827388149679448E-4
2.2828042728970414E-4
2.2828700801880237E-4
2.2829362383659885E-4
2.2830027489329573E-4
2.2830696133226128E-4
2.2831368327843563E-4
2.2832044080951466E-4
2.2832723388656662E-4
2.2833406219238952E-4
2.283409247677263E-4
2.2834781922172727E-4
2.2835474008286143E-4
2.2836167549195762E-4
2.2836860085364508E-4
2.2837546720998187E-4
2.2838218102077298E-4
2.2838857096950542E-4
2.2839433695389486E-4
2.283989776365832E-4
2.2840169733791507E-4
2.284013021908329E-4
2.2839610992211954E-4
2.2838391541799745E-4
2.2836206928389592E-4
2.2832772828296503E-4
2.282783121425168E-4
2.2821214250946963E-4
2.2812915241507013E-4
2.2803146540931115E-4
2.279235987694058E-4
2.2781209275218647E-4
2.2770452658090476E-4
2.2760811339385913E-4
2.2752827353867991E-4
2.2746765256471903E-4
2.27425912585683E-4
2.2740032653388505E-4
2.27386888683818E-4
2.2738148677622417E-4
2.273807403755881E-4
2.2738233804856184E-4
2.2738495257732414E-4
2.273879464291372E-4
2.2739106670017982E-4
2.273942323146872E-4
2.2739742295998705E-4
2.2740063489452294E-4
2.2740386771891041E-4
2.274071215003865E-4
2.2741039634626833E-4
2.274136923656482E-4
2.2741700966793333E-4
2.274203483628443E-4
2.274237085604161E-4
2.274270903709952E-4
2.274304939052404E-4
2.2743391927412197E-4
2.2743736658892045E-4
2.2744083596122576E-4
2.274443275029374E-4
2.2744784132626276E-4
2.2745137754371652E-4
2.274549362681203E-4
2.2745851761260145E-4
2.2746212169059296E-4
2.2746574861583134E-4
2.2746939850235769E-4
2.2747307146451552E-4
2.2747676761694963E-4
2.2748048707460727E-4
2.2748422995273501E-4
2.2748799636687994E-4
2.274917864328872E-4
2.2749560026689994E-4
2.2749943798535847E-4
2.2750329970500007E-4
2.2750718554285615E-4
2.275110956162533E-4
2.2751503004281212E-4
2.275189889404459E-4
2.2752297242735947E-4
2.2752698062204933E-4
2.2753101364330166E-4
2.2753507161019272E-4
2.2753915464208678E-4
2.275432628586352E-4
2.2754739637977705E-4
2.2755155532573637E-4
2.2755573981702226E-4
2.2755994997442755E-4
2.2756418591902888E-4
2.275684477721841E-4
2.2757273565553234E-4
2.275770496909931E-4
2.275813900007652E-4
2.275857567073258E-4
2.2759014993342934E-4
2.2759456980210645E-4
2.275990164366637E-4
2.2760348996068167E-4
2.2760799049801467E-4
2.2761251817278935E-4
2.2761707310940416E-4
2.2762165543252768E-4
2.276262652670987E-4
2.2763090273832397E-4
2.2763556797167803E-4
2.2764026109290178E-4
2.2764498222800164E-4
2.2764973150324889E-4
2.2765450904517785E-4
2.2765931498058579E-4
2.2766414943653084E-4
2.276690125403317E-4
2.2767390441956651E-4
2.2767882520207148E-4
2.276837750159407E-4
2.2768875398952333E-4
2.2769376225142412E-4
2.2769879993050245E-4
2.2770386715587008E-4
2.277089640568901E-4
2.2771409076317755E-4
2.2771924740459682E-4
2.277244341112606E-4
2.2772965101352916E-4
2.277348982420096E-4
2.2774017592755398E-4
2.2774548420125855E-4
2.2775082319446307E-4
2.277561930387489E-4
2.2776159386593832E-4
2.277670258080933E-4
2.277724889975151E-4
2.2777798356674107E-4
2.2778350964854606E-4
2.2778906737594008E-4
2.2779465688216668E-4
2.278002783007023E-4
2.278059317652554E-4
2.2781161740976496E-4
2.278173353683993E-4
2.2782308577555505E-4
2.278288687658555E-4
2.2783468447415062E-4
2.2784053303551442E-4
2.2784641458524472E-4
2.2785232925886143E-4
2.2785827719210605E-4
2.2786425852093945E-4
2.2787027338359693E-4
2.2787632192057284E-4
2.2788240427460354E-4
2.2788852059065252E-4
2.2789467101589373E-4
2.2790085569969696E-4
2.2790707479361112E-4
2.2791332845134953E-4
2.2791961682877272E-4
2.279259400838755E-4
2.279322983767684E-4
2.2793869186966528E-4
2.2794512072686493E-4
2.279515851147383E-4
2.2795808520171117E-4
2.2796462115825066E-4
2.2797119315684833E-4
2.2797780137200592E-4
2.2798444598022034E-4
2.2799112715996773E-4
2.2799784509168982E-4
2.2800459995777706E-4
2.2801139194255547E-4
2.2801822123227054E-4
2.280250880150727E-4
2.2803199248100264E-4
2.280389348219762E-4
2.2804591523177008E-4
2.2805293390600696E-4
2.2805999104214103E-4
2.2806708683944295E-4
2.280742214989852E-4
2.2808139522362847E-4
2.2808860821800606E-4
2.2809586068851033E-4
2.2810315284327843E-4
2.2811048489217644E-4
2.2811785704678704E-4
2.281252695203945E-4
2.2813272252796975E-4
2.2814021628615703E-4
2.2814775101325972E-4
2.281553269292261E-4
2.2816294425563518E-4
2.2817060321568322E-4
2.2817830403416888E-4
2.2818604693748047E-4
2.281938321535815E-4
2.2820165991199645E-4
2.2820953044379747E-4
2.2821744398159095E-4
2.2822540075950355E-4
2.2823340101316782E-4
2.2824144497970978E-4
2.2824953289773522E-4
2.2825766500731527E-4
2.2826584154997357E-4
2.2827406276867293E-4
2.2828232890780172E-4
2.2829064021316034E-4
2.2829899693194887E-4
2.283073993127526E-4
2.2831584760552904E-4
2.2832434206159573E-4
2.2833288293361588E-4
2.2834147047558572E-4
2.2835010494282247E-4
2.283587865919491E-4
2.283675156808835E-4
2.2837629246882468E-4
2.283851172162395E-4
2.283939901848508E-4
2.284029116376242E-4
2.2841188183875423E-4
2.2842090105365344E-4
2.284299695489389E-4
2.2843908759241882E-4
2.2844825545308167E-4
2.2845747340108206E-4
2.284667417077286E-4
2.284760606454723E-4
2.2848543048789336E-4
2.2849485150968854E-4
2.2850432398665923E-4
2.2851384819569945E-4
2.2852342441478346E-4
2.285330529229524E-4
2.2854273400030404E-4
2.2855246792797876E-4
2.285622549881494E-4
2.285720954640071E-4
2.285819896397506E-4
2.2859193780057382E-4
2.2860194023265455E-4
2.2861199722314186E-4
2.2862210906014416E-4
2.2863227603271764E-4
2.2864249843085522E-4
2.2865277654547306E-4
2.286631106684005E-4
2.286735010923676E-4
2.2868394811099383E-4
2.286944520187763E-4
2.2870501311107803E-4
2.2871563168411712E-4
2.2872630803495432E-4
2.287370424614829E-4
2.287478352624156E-4
2.2875868673727517E-4
2.287695971863808E-4
2.287805669108397E-4
2.2879159621253282E-4
2.2880268539410598E-4
2.288138347589578E-4
2.288250446112284E-4
2.2883631525578852E-4
2.288476469982288E-4
2.2885904014484853E-4
2.2887049500264472E-4
2.288820118793004E-4
2.2889359108317568E-4
2.2890523292329464E-4
2.289169377093363E-4
2.2892870575162285E-4
2.2894053736110932E-4
2.289524328493726E-4
2.2896439252860065E-4
2.2897641671158292E-4
2.2898850571169876E-4
2.290006598429069E-4
2.2901287941973577E-4
2.2902516475727127E-4
2.2903751617114887E-4
2.2904993397754146E-4
2.290624184931491E-4
2.2907497003518917E-4
2.2908758892138624E-4
2.2910027546996106E-4
2.2911302999962133E-4
2.2912585282955063E-4
2.2913874427939868E-4
2.2915170466927164E-4
2.2916473431972118E-4
2.291778335517357E-4
2.291910026867284E-4
2.2920424204652968E-4
2.2921755195337508E-4
2.2923093272989703E-4
2.2924438469911488E-4
2.2925790818442314E-4
2.292715035095845E-4
2.2928517099871792E-4
2.2929891097629054E-4
2.2931272376710673E-4
2.2932660969629908E-4
2.2934056908931863E-4
2.2935460227192607E-4
2.2936870957018115E-4
2.293828913104333E-4
2.2939714781931324E-4
2.294114794237224E-4
2.2942588645082445E-4
2.2944036922803524E-4
2.294549280830135E-4
2.294695633436525E-4
2.2948427533806996E-4
2.294990643945992E-4
2.295139308417794E-4
2.295288750083474E-4
2.2954389722322865E-4
2.295589978155267E-4
2.2957417711451584E-4
2.2958943544963104E-4
2.296047731504599E-4
2.2962019054673257E-4
2.296356879683142E-4
2.2965126574519526E-4
2.2966692420748282E-4
2.2968266368539181E-4
2.2969848450923633E-4
2.2971438700942142E-4
2.297303715164334E-4
2.2974643836083235E-4
2.2976258787324208E-4
2.2977882038434315E-4
2.2979513622486353E-4
2.298115357255697E-4
2.298280192172592E-4
2.2984458703075115E-4
2.2986123949687856E-4
2.2987797694647995E-4
2.29894799710391E-4
2.2991170811943523E-4
2.2992870250441747E-4
2.2994578319611436E-4
2.299629505252667E-4
2.2998020482257127E-4
2.2999754641867172E-4
2.3001497564415245E-4
2.3003249282952908E-4
2.3005009830524023E-4
2.3006779240164065E-4
2.300855754489924E-4
2.3010344777745731E-4
2.3012140971708875E-4
2.301394615978243E-4
2.3015760374947735E-4
2.3017583650172973E-4
2.3019416018412356E-4
2.3021257512605402E-4
2.3023108165676085E-4
2.302496801053213E-4
2.3026837080064312E-4
2.3028715407145503E-4
2.3030603024630118E-4
2.3032499965353244E-4
2.3034406262129923E-4
2.303632194775444E-4
2.3038247054999475E-4
2.3040181616615458E-4
2.30421256653298E-4
2.3044079233846217E-4
2.3046042354843868E-4
2.3048015060976704E-4
2.3049997384872744E-4
2.3051989359133398E-4
2.3053991016332663E-4
2.3056002389016425E-4
2.305802350970178E-4
2.3060054410876338E-4
2.306209512499746E-4
2.3064145684491592E-4
2.30662061217535E-4
2.3068276469145733E-4
2.3070356758997745E-4
2.3072447023605303E-4
2.307454729522979E-4
2.307665760609752E-4
2.307877798839905E-4
2.3080908474288445E-4
2.3083049095882753E-4
2.3085199885261148E-4
2.308736087446441E-4
2.3089532095494147E-4
2.309171358031224E-4
2.3093905360840032E-4
2.3096107468957634E-4
2.3098319936503027E-4
2.3100542795270428E-4
2.3102776077006795E-4
2.3105019813402718E-4
2.310727403606645E-4
2.3109538776451305E-4
2.311181406565329E-4
2.311409993386377E-4
2.3116396408924463E-4
2.3118703512624007E-4
2.312102125148673E-4
2.3123349594573211E-4
2.3125688421708003E-4
2.3128037406823008E-4
2.3130395764427408E-4
2.3132761719230633E-4
2.3135131440641329E-4
2.3137496992969863E-4
2.313984257231583E-4
2.314213794290482E-4
2.3144327623413234E-4
2.3146314195585495E-4
2.314793445880108E-4
2.3148928532031583E-4
2.3148904930486843E-4
2.314730934888364E-4
2.3143410798248337E-4
2.313632395946956E-4
2.3125087701828136E-4
2.3108812444038932E-4
2.3086890442417107E-4
2.3059234534909945E-4
2.302648064458832E-4
2.299007235927157E-4
2.2952158320898534E-4
2.2915282531400913E-4
2.288192333039878E-4
2.285400817820336E-4
2.2832559994489718E-4
2.281759267677693E-4
2.2808278684167903E-4
2.280330491400498E-4
2.2801269596177173E-4
2.2800983125246345E-4
2.2801605731754589E-4
2.2802637834732454E-4
2.2803829216417793E-4
2.280507538985958E-4
2.2806340608091824E-4
2.2807615118190558E-4
2.2808896890457142E-4
2.2810185636480096E-4
2.281148134881199E-4
2.281278404896389E-4
2.2814093759844785E-4
2.2815410504343334E-4
2.2816734305327482E-4
2.2818065185644122E-4
2.2819403168118773E-4
2.2820748275555097E-4
2.2822100530734682E-4
2.282345995641661E-4
2.282482657533717E-4
2.2826200410209385E-4
2.282758148372276E-4
2.2828969818542905E-4
2.283036543731124E-4
2.2831768362644526E-4
2.2833178617134622E-4
2.283459622334808E-4
2.2836021203825833E-4
2.2837453581082867E-4
2.2838893377607816E-4
2.2840340615862663E-4
2.2841795318282425E-4
2.2843257507274727E-4
2.2844727205219604E-4
2.2846204434468997E-4
2.2847689217346537E-4
2.2849181576147214E-4
2.2850681533136946E-4
2.285218911055234E-4
2.2853704330600354E-4
2.285522721545786E-4
2.2856757787271452E-4
2.2858296068157077E-4
2.285984208019967E-4
2.2861395845452835E-4
2.286295738593857E-4
2.2864526723646918E-4
2.286610388053561E-4
2.2867688878529832E-4
2.286928173952178E-4
2.287088248537043E-4
2.2872491137901208E-4
2.2874107718905696E-4
2.2875732250141268E-4
2.2877364753330745E-4
2.2879005250162182E-4
2.2880653762288536E-4
2.288231031132727E-4
2.2883974918860132E-4
2.288564760643279E-4
2.2887328395554597E-4
2.2889017307698155E-4
2.289071436429914E-4
2.289241958675597E-4
2.2894132996429447E-4
2.2895854614642542E-4
2.2897584462680003E-4
2.2899322561788078E-4
2.2901068933174254E-4
2.2902823598006962E-4
2.290458657741525E-4
2.2906357892488454E-4
2.2908137564275972E-4
2.2909925613786994E-4
2.2911722061990143E-4
2.2913526929813134E-4
2.29153402381426E-4
2.2917162007823785E-4
2.2918992259660207E-4
2.2920831014413388E-4
2.2922678292802557E-4
2.292453411550442E-4
2.2926398503152833E-4
2.2928271476338485E-4
2.2930153055608727E-4
2.293204326146719E-4
2.2933942114373548E-4
2.2935849634743194E-4
2.2937765842947087E-4
2.29396907593113E-4
2.2941624404116903E-4
2.2943566797599591E-4
2.294551795994946E-4
2.2947477911310736E-4
2.2949446671781444E-4
2.295142426141322E-4
2.2953410700211018E-4
2.2955406008132834E-4
2.2957410205089374E-4
2.2959423310943937E-4
2.2961445345512027E-4
2.2963476328561122E-4
2.2965516279810483E-4
2.2967565218930764E-4
2.2969623165543875E-4
2.297169013922265E-4
2.2973766159490566E-4
2.2975851245821602E-4
2.2977945417639901E-4
2.2980048694319486E-4
2.2982161213939072E-4
2.2984283113805734E-4
2.298641453045698E-4
2.2988555599662408E-4
2.2990706456425832E-4
2.29928672349871E-4
2.2995038068824016E-4
2.2997219090654114E-4
2.2999410432436804E-4
2.300161222537504E-4
2.3003824599917313E-4
2.3006047685759516E-4
2.3008281611846862E-4
2.3010526506375716E-4
2.3012782496795493E-4
2.3015049709810526E-4
2.3017328271381996E-4
2.301961830672976E-4
2.302191994033415E-4
2.302423329593806E-4
2.3026558496548534E-4
2.3028895664438785E-4
2.3031244921150115E-4
2.3033606387493598E-4
2.3035980183552058E-4
2.3038366428681874E-4
2.3040765241514843E-4
2.3043176739960056E-4
2.3045601041205647E-4
2.304803826172079E-4
2.3050488517257372E-4
2.3052951922851895E-4
2.3055428592827428E-4
2.3057918640795246E-4
2.306042217965677E-4
2.3062939321605321E-4
2.306547017812804E-4
2.3068014860007653E-4
2.307057347732427E-4
2.3073146139457253E-4
2.3075732955086996E-4
2.307833403219674E-4
2.3080949478074394E-4
2.308357939931429E-4
2.3086223901819068E-4
2.3088883090801473E-4
2.309155707078603E-4
2.3094245945610986E-4
2.309694981843001E-4
2.3099668791714046E-4
2.3102402967253068E-4
2.310515244615786E-4
2.3107917328861802E-4
2.311069771512269E-4
2.311349370402444E-4
2.3116305393978932E-4
2.3119132882727756E-4
2.3121976267343987E-4
2.3124835644233933E-4
2.3127711109138902E-4
2.3130602757137023E-4
2.3133510682644937E-4
2.3136434979419593E-4
2.3139375740559962E-4
2.314233305850885E-4
2.3145307025054592E-4
2.314829773133286E-4
2.3151305267828326E-4
2.3154329724376477E-4
2.3157371190165362E-4
2.3160429753737248E-4
2.3163505502990443E-4
2.3166598525180908E-4
2.3169708906924208E-4
2.3172836734196994E-4
2.3175982092338887E-4
2.317914506605416E-4
2.318232573941338E-4
2.3185524195855288E-4
2.3188740518188323E-4
2.3191974788592512E-4
2.3195227088621114E-4
2.319849749920223E-4
2.3201786100640674E-4
2.320509297261954E-4
2.3208418194201988E-4
2.3211761843832922E-4
2.3215123999340703E-4
2.3218504737938697E-4
2.3221904136227215E-4
2.322532227019503E-4
2.322875921522106E-4
2.3232215046076137E-4
2.3235689836924664E-4
2.3239183661326223E-4
2.324269659223737E-4
2.3246228702013166E-4
2.3249780062408962E-4
2.325335074458203E-4
2.3256940819093203E-4
2.3260550355908623E-4
2.3264179424401245E-4
2.3267828093352706E-4
2.3271496430954822E-4
2.3275184504811206E-4
2.3278892381939123E-4
2.3282620128770989E-4
2.328636781115599E-4
2.329013549436187E-4
2.3293923243076378E-4
2.3297731121409084E-4
2.330155919289298E-4
2.330540752048599E-4
2.3309276166572762E-4
2.3313165192966162E-4
2.331707466090904E-4
2.3321004631075742E-4
2.332495516357377E-4
2.332892631794545E-4
2.3332918153169408E-4
2.333693072766236E-4
2.334096409928062E-4
2.334501832532173E-4
2.334909346252607E-4
2.3353189567078484E-4
2.3357306694609845E-4
2.336144490019869E-4
2.3365604238372785E-4
2.3369784763110755E-4
2.337398652784368E-4
2.3378209585456583E-4
2.338245398829017E-4
2.3386719788142372E-4
2.3391007036269867E-4
2.3395315783389666E-4
2.3399646079680784E-4
2.340399797478574E-4
2.3408371517812094E-4
2.3412766757334176E-4
2.341718374139447E-4
2.3421622517505328E-4
2.3426083132650397E-4
2.343056563328628E-4
2.343507006534411E-4
2.3439596474231046E-4
2.3444144904831812E-4
2.3448715401510296E-4
2.3453308008111157E-4
2.3457922767961242E-4
2.346255972387118E-4
2.3467218918137055E-4
2.3471900392541675E-4
2.3476604188356389E-4
2.3481330346342456E-4
2.3486078906752655E-4
2.3490849909332725E-4
2.3495643393323028E-4
2.3500459397459935E-4
2.3505297959977472E-4
2.3510159118608797E-4
2.3515042910587643E-4
2.3519949372650001E-4
2.352487854103545E-4
2.3529830451488783E-4
2.3534805139261507E-4
2.3539802639113307E-4
2.354482298531366E-4
2.3549866211643145E-4
2.3554932351395108E-4
2.3560021437377124E-4
2.356513350191244E-4
2.3570268576841565E-4
2.3575426693523639E-4
2.3580607882838024E-4
2.3585812175185743E-4
2.359103960049096E-4
2.3596290188202494E-4
2.3601563967295304E-4
2.3606860966271905E-4
2.3612181213163887E-4
2.36175247355334E-4
2.362289156047456E-4
2.3628281714615043E-4
2.363369522411742E-4
2.363913211468068E-4
2.3644592411541711E-4
2.365007613947668E-4
2.365558332280259E-4
2.366111398537868E-4
2.3666668150607842E-4
2.367224584143816E-4
2.3677847080364275E-4
2.36834718894289E-4
2.3689120290224197E-4
2.3694792303893228E-4
2.3700487951131474E-4
2.3706207252188164E-4
2.3711950226867814E-4
2.3717716894531505E-4
2.3723507274098446E-4
2.3729321384047394E-4
2.373515924241801E-4
2.3741020866812354E-4
2.374690627439619E-4
2.3752815481900566E-4
2.3758748505623063E-4
2.3764705361429403E-4
2.3770686064754628E-4
2.3776690630604688E-4
2.3782719073557796E-4
2.3788771407765746E-4
2.379484764695549E-4
2.3800947804430379E-4
2.3807071893071629E-4
2.381321992533971E-4
2.3819391913275733E-4
2.3825587868502848E-4
2.3831807802227604E-4
2.3838051725241392E-4
2.3844319647921752E-4
2.3850611580233835E-4
2.3856927531731758E-4
2.3863267511559859E-4
2.3869631528454315E-4
2.3876019590744285E-4
2.3882431706353412E-4
2.3888867882801141E-4
2.3895328127204092E-4
2.3901812446277428E-4
2.3908320846336263E-4
2.391485333329689E-4
2.3921409912678246E-4
2.392799058960329E-4
2.3934595368800237E-4
2.3941224254604007E-4
2.3947877250957584E-4
2.395455436141323E-4
2.3961255589134E-4
2.396798093689493E-4
2.3974730407084528E-4
2.398150400170597E-4
2.3988301722378493E-4
2.3995123570338766E-4
2.4001969546442176E-4
2.400883965116411E-4
2.4015733884601322E-4
2.402265224647316E-4
2.4029594736122673E-4
2.4036561352517037E-4
2.4043552094246424E-4
2.4050566959517416E-4
2.405760594613068E-4
2.4064669051412528E-4
2.4071756272016313E-4
2.4078867603365007E-4
2.4086003038133896E-4
2.4093162562237433E-4
2.4100346144523169E-4
2.4107553711097065E-4
2.411478508333805E-4
2.4122039833067915E-4
2.4129316955531205E-4
2.4136614157030866E-4
2.4143926360789105E-4
2.4151242696407015E-4
2.4158540688621878E-4
2.4165775547015306E-4
2.4172861399199912E-4
2.417964020214124E-4
2.418583342893497E-4
2.4190972440884007E-4
2.419430716179764E-4
2.4194700856359109E-4
2.419053232910986E-4
2.4179644370274955E-4
2.4159393621499443E-4
2.412686249792781E-4
2.4079275868346318E-4
2.4014614136492216E-4
2.3932332087521233E-4
2.3834001096104782E-4
2.3723633144255926E-4
2.3607467344601035E-4
2.3493131012837385E-4
2.3388304927991668E-4
2.329924360507629E-4
2.3229612802563247E-4
2.318002678428398E-4
2.314840914798019E-4
2.3130980710007093E-4
2.3123458565254344E-4
2.312203931478027E-4
2.3123919435167462E-4
2.3127352650926486E-4
2.3131417818235872E-4
2.3135706333833432E-4
2.3140067991274445E-4
2.314445808591851E-4
2.314886623015178E-4
2.3153290650078094E-4
2.3157731147905125E-4
2.3162187713703837E-4
2.3166660348327472E-4
2.317114905242906E-4
2.3175653826461851E-4
2.3180174670679873E-4
2.3184711585138483E-4
2.318926456969478E-4
2.3193833624008222E-4
2.319841874754108E-4
2.3203019939558922E-4
2.3207637199131224E-4
2.3212270525131814E-4
2.3216919916239318E-4
2.3221585370937855E-4
2.3226266887517316E-4
2.3230964464074076E-4
2.3235678098511392E-4
2.324040778853991E-4
2.324515353167825E-4
2.3249915325253411E-4
2.325469316640136E-4
2.325948705206747E-4
2.3264296979007127E-4
2.3269122943786103E-4
2.327396494278118E-4
2.3278822972180562E-4
2.328369702798445E-4
2.3288587106005512E-4
2.3293493201869387E-4
2.329841531101517E-4
2.3303353428695916E-4
2.330830754997925E-4
2.3313277669747705E-4
2.3318263782699287E-4
2.3323265883348044E-4
2.332828396602442E-4
2.3333318024875894E-4
2.3338368053867458E-4
2.3343434046781995E-4
2.3348515997220922E-4
2.3353613898604601E-4
2.3358727744172893E-4
2.3363857526985583E-4
2.3369003239922983E-4
2.3374164875686275E-4
2.337934242679812E-4
2.3384535885603196E-4
2.3389745244268548E-4
2.3394970494784164E-4
2.3400211628963471E-4
2.3405468638443825E-4
2.3410741514686987E-4
2.3416030248979598E-4
2.3421334832433703E-4
2.3426655255987254E-4
2.343199151040457E-4
2.3437343586276844E-4
2.3442711474022616E-4
2.3448095163888243E-4
2.3453494645948463E-4
2.3458909910106787E-4
2.3464340946096064E-4
2.346978774347893E-4
2.34752502916483E-4
2.3480728579827867E-4
2.348622259707256E-4
2.349173233226908E-4
2.3497257774136285E-4
2.350279891122581E-4
2.3508355731922424E-4
2.3513928224444633E-4
2.3519516376845043E-4
2.3525120177010913E-4
2.3530739612664638E-4
2.3536374671364238E-4
2.3542025340503737E-4
2.3547691607313787E-4
2.3553373458862084E-4
2.3559070882053817E-4
2.3564783863632192E-4
2.3570512390178906E-4
2.3576256448114595E-4
2.358201602369935E-4
2.3587791103033142E-4
2.3593581672056382E-4
2.3599387716550304E-4
2.360520922213754E-4
2.3611046174282468E-4
2.3616898558291802E-4
2.362276635931501E-4
2.362864956234481E-4
2.3634548152217635E-4
2.3640462113614082E-4
2.3646391431059437E-4
2.3652336088924125E-4
2.365829607142412E-4
2.3664271362621537E-4
2.3670261946424968E-4
2.3676267806590083E-4
2.3682357532017225E-4
2.3688530764113107E-4
2.369478714501096E-4
2.3701126317569814E-4
2.3707547925373636E-4
2.3714051612730406E-4
2.3720637024671337E-4
2.3727303806949935E-4
2.3734051606041324E-4
2.3740880069141225E-4
2.3747788844165216E-4
2.3754777579747792E-4
2.3761845925241625E-4
2.3768993530716716E-4
2.3776220046959414E-4
2.3783525125471705E-4
2.379090841847036E-4
2.3798369578886014E-4
2.3805908260362405E-4
2.3813524117255436E-4
2.3821216804632532E-4
2.38289859782715E-4
2.3836831294659963E-4
2.3844752410994387E-4
2.3852748985179188E-4
2.3860820675826062E-4
2.3868967142253033E-4
2.3877188044483605E-4
2.3885483043245974E-4
2.3893851799972114E-4
2.3902293976797083E-4
2.3910809236558082E-4
2.3919397242793585E-4
2.3928057659742635E-4
2.3936790152343876E-4
2.3945594386234756E-4
2.3954470027750754E-4
2.3963416743924497E-4
2.3972434202484917E-4
2.3981522071856432E-4
2.3990680021158126E-4
2.39999077202029E-4
2.400920483949666E-4
2.4018571050237478E-4
2.402800602431475E-4
2.40375094343084E-4
2.4047080953487984E-4
2.4056720255811906E-4
2.4066427015926608E-4
2.407620090916574E-4
2.4086041611549294E-4
2.4095948799782773E-4
2.4105922151256408E-4
2.4115961344044323E-4
2.412606605690371E-4
2.413623596927396E-4
2.4146470761275923E-4
2.4156770113710938E-4
2.4167133708060193E-4
2.4177561226483758E-4
2.4188052351819918E-4
2.4198606767584114E-4
2.4209224157968325E-4
2.4219904207840228E-4
2.4230646602742213E-4
2.424145102889078E-4
2.4252317173175544E-4
2.4263244723158575E-4
2.4274233367073414E-4
2.4285282793824357E-4
2.4296392692985623E-4
2.4307562754800557E-4
2.4318792670180705E-4
2.4330082130705126E-4
2.434143082861957E-4
2.435283845683552E-4
2.4364304708929577E-4
2.4375829279142482E-4
2.438741186237834E-4
2.4399052154203861E-4
2.4410749850847555E-4
2.442250464919883E-4
2.4434316246807263E-4
2.4446184341881717E-4
2.445810863328958E-4
2.447008882055594E-4
2.448212460386281E-4
2.449421568404823E-4
2.4506361762605545E-4
2.4518562541682535E-4
2.4530817724080685E-4
2.454312701325424E-4
2.4555490113309603E-4
2.4567906729004284E-4
2.458037656574633E-4
2.459289932959331E-4
2.4605474727251665E-4
2.4618102466075835E-4
2.463078225406738E-4
2.46435137998744E-4
2.46562968127905E-4
2.4669131002754064E-4
2.468201608034752E-4
2.4694951756796434E-4
2.470793774396877E-4
2.472097375437412E-4
2.4734059501162745E-4
2.474719469812499E-4
2.476037905969034E-4
2.4773612300926675E-4
2.4786894137539457E-4
2.480022428587086E-4
2.481360246289912E-4
2.4827028386237624E-4
2.484050177413421E-4
2.485402234547024E-4
2.4867589819759845E-4
2.4881203917149266E-4
2.4894864358415865E-4
2.4908570864967406E-4
2.4922323158841324E-4
2.493612096270379E-4
2.494996399984911E-4
2.496385199419875E-4
2.4977784670300644E-4
2.4991761753328324E-4
2.5005782969080264E-4
2.501984804397897E-4
2.503395670507024E-4
2.5048108680022276E-4
2.506230369712505E-4
2.507654148528944E-4
2.5090821774046405E-4
2.510514429354624E-4
2.511950877455785E-4
2.5133914948467784E-4
2.5148362547279665E-4
2.516285130361315E-4
2.5177380950703454E-4
2.5191951222400304E-4
2.5206561853167265E-4
2.5221212578081006E-4
2.523590313283031E-4
2.5250633253715563E-4
2.5265402677647703E-4
2.5280211142147827E-4
2.529505838534587E-4
2.5309944145980194E-4
2.532486816339681E-4
2.533983017754845E-4
2.5354829928993765E-4
2.53698671588968E-4
2.538494160902585E-4
2.5400053021752987E-4
2.541520114005315E-4
2.5430385707503317E-4
2.544560646828183E-4
2.546086316716762E-4
2.5476155549539404E-4
2.549148336137476E-4
2.5506846349249596E-4
2.5522244260337186E-4
2.5537676842407646E-4
2.5553143843826755E-4
2.556864501355548E-4
2.5584180101149284E-4
2.559974885675705E-4
2.5615351031120536E-4
2.5630986375573493E-4
2.564665464204095E-4
2.5662355583038333E-4
2.567808895167098E-4
2.569385450163297E-4
2.57096519872067E-4
2.572548116326186E-4
2.574134178525495E-4
2.575723360922814E-4
2.577315639180886E-4
2.578910989020882E-4
2.580509386222319E-4
2.582110806623022E-4
2.5837152261189844E-4
2.5853226206643513E-4
2.586932966271313E-4
2.588546239010032E-4
2.590162415008567E-4
2.591781470452806E-4
2.5934033815863694E-4
2.595028124710556E-4
2.5966556761842575E-4
2.598286012423874E-4
2.599919109903258E-4
2.601554945153611E-4
2.603193494763435E-4
2.6048347353784424E-4
2.6064786437014753E-4
2.6081251964924434E-4
2.6097743705682445E-4
2.611426142802668E-4
2.613080490126352E-4
2.614737389526688E-4
2.616396818047749E-4
2.6180587527902145E-4
2.619723170911288E-4
2.6213900496246424E-4
2.623059366200321E-4
2.6247310979646634E-4
2.6264052223002514E-4
2.628081716645817E-4
2.6297605584961703E-4
2.6314417254021165E-4
2.6331251949703976E-4
2.634810944863603E-4
2.636498952800107E-4
2.6381891965539776E-4
2.6398816539549135E-4
2.64157630288817E-4
2.643273121294473E-4
2.644972087169958E-4
2.6466731785660834E-4
2.6483763735895644E-4
2.6500816504022927E-4
2.651788987221259E-4
2.653498362318494E-4
2.6552097540209773E-4
2.656923140710566E-4
2.6586385008239247E-4
2.660355812852459E-4
2.662075055342207E-4
2.6637962068938153E-4
2.6655192461624226E-4
2.6672441518576096E-4
2.6689709027433156E-4
2.6706994776377684E-4
2.6724298554133913E-4
2.674162014996762E-4
2.6758959353685203E-4
2.677631595563275E-4
2.6793689746695945E-4
2.6811080518298355E-4
2.6828488062401596E-4
2.6845912171504155E-4
2.6863352638640576E-4
2.688080925738097E-4
2.689828182183026E-4
2.6915770126627206E-4
2.6933273966943746E-4
2.6950793138484197E-4
2.69683274374839E-4
2.698587666070633E-4
2.7003440605436927E-4
2.702101906946381E-4
2.703861185102189E-4
2.7056218748629793E-4
2.70738395606217E-4
2.709147408383922E-4
2.7109122110069407E-4
2.7126783416610176E-4
2.714445774199242E-4
2.7162144725350473E-4
2.717984375964891E-4
2.7197553647709347E-4
2.7215271822942207E-4
2.7232992645551937E-4
2.725070381422505E-4
2.726837910269723E-4
2.728596426610182E-4
2.7303350911347756E-4
2.732033039631474E-4
2.733651683708615E-4
2.7351226269219846E-4
2.7363300300232426E-4
2.7370870839605574E-4
2.737108191866858E-4
2.735981800423632E-4
2.7331533347368724E-4
2.7279322235272604E-4
2.719539204347905E-4
2.7072067471234536E-4
2.690333695538728E-4
2.668674847084224E-4
2.6425217739469787E-4
2.612812839923827E-4
2.581110942527591E-4
2.549415988803803E-4
2.519832710075585E-4
2.494174677277731E-4
2.473623457387377E-4
2.458553314471987E-4
2.4485734861123105E-4
2.442756556790018E-4
2.4399540961211812E-4
2.4390828578493699E-4
2.4393006781369203E-4
2.4400544188738472E-4
2.4410355156028227E-4
2.442098523309379E-4
2.4431862858344114E-4
2.4442804959692025E-4
2.4453765405133557E-4
2.4464735528325823E-4
2.44757141727216E-4
2.4486701167074717E-4
2.449769640394386E-4
2.4508699776099453E-4
2.4519711176523395E-4
2.453073049840906E-4
2.454175763516106E-4
2.455279248039498E-4
2.456383492793736E-4
2.4574884871825475E-4
2.4585942206307196E-4
2.4597006825840796E-4
2.4608078625094746E-4
2.461915749894772E-4
2.4630243342488187E-4
2.464133605101451E-4
2.465243552003458E-4
2.4663541645265696E-4
2.467465432263457E-4
2.4685773448276867E-4
2.469689891853737E-4
2.4708030629969486E-4
2.471916847933539E-4
2.4730312363605613E-4
2.474146217995907E-4
2.4752617825782764E-4
2.47637791986718E-4
2.477494619642886E-4
2.4786118717064556E-4
2.4797296658796787E-4
2.4808479920050897E-4
2.4819668399459394E-4
2.483086199586163E-4
2.4842060608304064E-4
2.4853264136039625E-4
2.4864472478527933E-4
2.487568553543471E-4
2.488690320663218E-4
2.4898125392198365E-4
2.490935199241723E-4
2.492058290777852E-4
2.49318180389774E-4
2.494305728691455E-4
2.49543005526957E-4
2.496554773763183E-4
2.49767987432387E-4
2.498805347123675E-4
2.499931182355115E-4
2.501057370231138E-4
2.5021839009851124E-4
2.503310764870823E-4
2.504437952162453E-4
2.505565453154543E-4
2.506693258162003E-4
2.507821357520095E-4
2.508949741584387E-4
2.510078400730777E-4
2.511207325355445E-4
2.512336505874871E-4
2.513465932725767E-4
2.514595596365109E-4
2.515725487270104E-4
2.5168555959381657E-4
2.5179859128869077E-4
2.519116428654125E-4
2.520247133797773E-4
2.5213780188959654E-4
2.52250907454694E-4
2.5236402913690506E-4
2.524771660000758E-4
2.525903171100604E-4
2.527034815347188E-4
2.528166583439173E-4
2.529298466095254E-4
2.5304304540541434E-4
2.531562538074555E-4
2.532694708935189E-4
2.5338269574347186E-4
2.534959274391769E-4
2.5360916506448955E-4
2.537224077052591E-4
2.5383565444932394E-4
2.5394890438651185E-4
2.540621566086381E-4
2.5417541020950307E-4
2.542886642848915E-4
2.544019179325705E-4
2.5451517025228804E-4
2.546284203457713E-4
2.547416673167244E-4
2.548549102708278E-4
2.5496814831573594E-4
2.5508138056107635E-4
2.551946061184475E-4
2.5530782410141707E-4
2.5542103362552075E-4
2.555342338082601E-4
2.556474237691011E-4
2.557606026294726E-4
2.562701053200347E-4
2.567780492238406E-4
2.572844367484939E-4
2.577892702993036E-4
2.582925522792842E-4
2.587942850891558E-4
2.59294471127347E-4
2.597931127899943E-4
2.602902124709441E-4
2.607857725617538E-4
2.612797954516934E-4
2.6177228352774464E-4
2.6226323917460416E-4
2.627526647746836E-4
2.6324056270810996E-4
2.6372693535272864E-4
2.6421178508410323E-4
2.646951142755167E-4
2.6517692529797203E-4
2.656572205201949E-4
2.6613600230863276E-4
2.6661327302745727E-4
2.670890350385657E-4
2.6756329070158006E-4
2.6803604237384947E-4
2.685072924104519E-4
2.689770431641941E-4
2.694452969856136E-4
2.6991205622297915E-4
2.70377323222291E-4
2.708411003272846E-4
2.7130338987942863E-4
2.717641942179283E-4
2.722235156797252E-4
2.72681356599499E-4
2.7313771930966875E-4
2.7359260614039213E-4
2.7404601941956953E-4
2.7449796147284254E-4
2.749484346235967E-4
2.7539744119296186E-4
2.758449834998118E-4
2.762910638607695E-4
2.7673568459020344E-4
2.771788480002318E-4
2.776205564007224E-4
2.7806081209929304E-4
2.784996174013153E-4
2.789369746099122E-4
2.7937288602596105E-4
2.798073539480945E-4
2.8024038067270203E-4
2.806719684939303E-4
2.8110211970368406E-4
2.815308365916277E-4
2.819581214451866E-4
2.8238397654954656E-4
2.8280840418765785E-4
2.832314066402337E-4
2.836529861857517E-4
2.840731451004565E-4
2.8449188565835996E-4
2.849092101312414E-4
2.8532512078864917E-4
2.8573961989790316E-4
2.861527097240935E-4
2.8656439253008347E-4
2.869746705765095E-4
2.873835461217828E-4
2.87791021422091E-4
2.881970987313979E-4
2.886017803014457E-4
2.890050683817554E-4
2.8940696521962675E-4
2.898074730601424E-4
2.9020659414616726E-4
2.90604330718349E-4
2.910006850151194E-4
2.913956592726968E-4
2.917892557250844E-4
2.921814766040746E-4
2.9257232413924794E-4
2.929618005579751E-4
2.9334990808541723E-4
2.9373664894452773E-4
2.9412202535605326E-4
2.945060395385336E-4
2.9488869370830574E-4
2.9526999007950137E-4
2.956499308640496E-4
2.9602851827167866E-4
2.9640575450991534E-4
2.9678164178408955E-4
2.9715618229733074E-4
2.975293782505711E-4
2.979012318425473E-4
2.982717452698014E-4
2.986409207266816E-4
2.9900876040534207E-4
2.99375266495746E-4
2.997404411856658E-4
3.001042866606842E-4
3.0046680510419587E-4
3.0082799869740736E-4
3.0118786961933896E-4
3.0154642004682613E-4
3.0190365215451974E-4
3.0225956811488823E-4
3.0261417009821653E-4
3.0296746027260943E-4
3.0331944080399246E-4
3.0367011385611195E-4
3.040194815905365E-4
3.0436754616665774E-4
3.0471430974169197E-4
3.050597744706805E-4
3.0540394250649233E-4
3.057468159998244E-4
3.060883970992019E-4
3.064286879509787E-4
3.067676906993405E-4
3.071054074863059E-4
3.074418404517254E-4
3.07776991733285E-4
3.0811086346650435E-4
3.0844345778474077E-4
3.0877477681918807E-4
3.091048226988797E-4
3.0943359755068793E-4
3.0976110349932557E-4
3.100873426673479E-4
3.104123171751529E-4
3.107360291409814E-4
3.1105848068092086E-4
3.113796739089039E-4
3.1169961093671097E-4
3.120182938739697E-4
3.123357248281584E-4
3.126519059046044E-4
3.129668392064884E-4
3.132805268348415E-4
3.1359297088854986E-4
3.139041734643547E-4
3.142141366568523E-4
3.145228625584959E-4
3.1483035325959697E-4
3.151366108483265E-4
3.154416374107146E-4
3.157454350306537E-4
3.1604800578989795E-4
3.16349351768065E-4
3.1664947504263686E-4
3.169483776889619E-4
3.172460617802545E-4
3.175425293875967E-4
3.1783778257993983E-4
3.18131823424105E-4
3.1842465398478385E-4
3.187162763245401E-4
3.190066925038121E-4
3.1929590458091087E-4
3.1958391461202296E-4
3.19870724651212E-4
3.2015633675041855E-4
3.20440752959462E-4
3.2072397532604093E-4
3.2100600589573543E-4
3.2128684671200704E-4
3.2156649981620044E-4
3.2184496724754373E-4
3.2212225104315E-4
3.2239835323801983E-4
3.2267327586503946E-4
3.229470209549838E-4
3.2321959053651826E-4
3.2349098663619734E-4
3.237612112784676E-4
3.240302664856688E-4
3.242981542780341E-4
3.245648766736905E-4
3.248304356886622E-4
3.250948333368699E-4
3.253580716301322E-4
3.2562015257816716E-4
3.258810781885925E-4
3.2614085046692816E-4
3.2639947141659625E-4
3.2665694303892075E-4
3.269132673331325E-4
3.271684462963667E-4
3.2742248192366575E-4
3.276753762079793E-4
3.2792713114016626E-4
3.281777487089951E-4
3.2842723090114614E-4
3.286755797012112E-4
3.289227970916952E-4
3.291688850530179E-4
3.29413845563514E-4
3.2965768059943474E-4
3.299003921349489E-4
3.3014198214214473E-4
3.3038245259102867E-4
3.306218054495293E-4
3.308600426834958E-4
3.310971662567012E-4
3.313331781308422E-4
3.3156808026554044E-4
3.3180187461834417E-4
3.3203456314472935E-4
3.3226614779809934E-4
3.324966305297874E-4
3.327260132890571E-4
3.3295429802310353E-4
3.3318148667705537E-4
3.3340758119397427E-4
3.336325835148567E-4
3.338564955786352E-4
3.340793193221796E-4
3.343010566802968E-4
3.345217095857345E-4
3.347412799691805E-4
3.3495976975926156E-4
3.351771808825495E-4
3.35393515263559E-4
3.356087748247494E-4
3.3582296148652467E-4
3.360360771672364E-4
3.3624812378318475E-4
3.3645910324861707E-4
3.3666901747573207E-4
3.368778683746789E-4
3.37085657853559E-4
3.3729238781842754E-4
3.374980601732933E-4
3.377026768201203E-4
3.379062396588308E-4
3.3810875058730276E-4
3.383102115013736E-4
3.385106242948405E-4
3.387099908594609E-4
3.3890831308495457E-4
3.3910559285900454E-4
3.393018320672576E-4
3.39497032593326E-4
3.396911963187874E-4
3.3988432512318737E-4
3.400764208840376E-4
3.4026748547681543E-4
3.4045752077495377E-4
3.4064652864980905E-4
3.4083451097055426E-4
3.410214696038468E-4
3.412074064128238E-4
3.413923232541267E-4
3.4157622196932867E-4
3.4175910436088107E-4
3.419409721263953E-4
3.4212182668402763E-4
3.423016687216072E-4
3.4248049706654834E-4
3.426583059393142E-4
3.4283507848910795E-4
3.4301077208053095E-4
3.431852859594635E-4
3.433583927711165E-4
3.435295990737327E-4
3.43697872799039E-4
3.4386113399406773E-4
3.440153482656738E-4
3.4415299693257503E-4
3.442606460094818E-4
3.4431534354966673E-4
3.4427971507800935E-4
3.440959910813599E-4
3.436798612199045E-4
3.4291599045759794E-4
3.416580542451221E-4
3.397368025246335E-4
3.369792751186996E-4
3.332401956466588E-4
3.284425342838886E-4
3.226189635911772E-4
3.1594135568549243E-4
3.0872431823019607E-4
3.013933555620548E-4
2.944187509930777E-4
2.882295704436354E-4
2.8313240997710816E-4
2.7926073709450146E-4
2.7657067625106206E-4
2.7488158548569236E-4
2.739431283359903E-4
2.735030455211777E-4
2.733545162625529E-4
2.7335488743299104E-4
2.7342066809918055E-4
2.735105498432249E-4
2.73607477655357E-4
2.737057084553751E-4
2.738037223587334E-4
2.7390122252899453E-4
2.7399817137696656E-4
2.740945672285978E-4
2.741904108559069E-4
2.742857030304455E-4
2.74380444523295E-4
2.7447463610506985E-4
2.745682785459153E-4
2.7466137261550875E-4
2.7475391908305785E-4
2.7484591871730396E-4
2.7493737228651775E-4
2.7502828055850343E-4
2.751186443005957E-4
2.7520846427966065E-4
2.7529774126209633E-4
2.753864760138325E-4
2.754746693003305E-4
2.755623218865827E-4
2.7564943453711396E-4
2.7573600801597943E-4
2.758220430867675E-4
2.759075405125962E-4
2.759925010561168E-4
2.7607692547951083E-4
2.7616081454449225E-4
2.7624416901230657E-4
2.763269896437303E-4
2.764092771990725E-4
2.7649103243817294E-4
2.7657225612040266E-4
2.766529490046653E-4
2.767331118493955E-4
2.768127454125596E-4
2.768918504516554E-4
2.769704277237122E-4
2.770484779852913E-4
2.7712600199248483E-4
2.7720300050091713E-4
2.772794742657437E-4
2.7735542404165256E-4
2.7743085058286185E-4
2.7750575464312245E-4
2.7758013697571585E-4
2.77653998333456E-4
2.7772733946868766E-4
2.778001611332879E-4
2.778724640786645E-4
2.7794424905575813E-4
2.7801551681503884E-4
2.7808626810651077E-4
2.7815650367970856E-4
2.782262242836979E-4
2.7829543066707667E-4
2.783641235779735E-4
2.784323037640499E-4
2.784999719724978E-4
2.7856712895004115E-4
2.786337754429361E-4
2.786999121969693E-4
2.787655399574593E-4
2.788306594692566E-4
2.7889527147674324E-4
2.7895937672383264E-4
2.79022975953969E-4
2.790860699101293E-4
2.791486593348219E-4
2.792107449700865E-4
2.792723275574933E-4
2.793334078381465E-4
2.793939865526793E-4
2.794540644412583E-4
2.7951364224358075E-4
2.795727206988759E-4
2.7963130054590464E-4
2.796893825229587E-4
2.7974696736786256E-4
2.798040558179709E-4
2.798606486101711E-4
2.7991674648088146E-4
2.799723501660521E-4
2.8002746040116453E-4
2.80082077921232E-4
2.801362034607998E-4
2.801898377539436E-4
2.802429815342718E-4
2.8029563553492337E-4
2.8034780048856976E-4
2.803994771274137E-4
2.8045066618318887E-4
2.805013683871621E-4
2.8055158447012966E-4
2.806013151624211E-4
2.8065056119389666E-4
2.806993232939481E-4
2.807476021914994E-4
2.807953986150058E-4
2.808427132924542E-4
2.808895469513628E-4
5.099007644324124E-4
5.093018630051021E-4
5.087035442886363E-4
5.081058078712472E-4
5.075086533413259E-4
5.069120802874154E-4
5.063160882982177E-4
5.057206769625914E-4
5.051258458695485E-4
5.045315946082589E-4
5.039379227680487E-4
5.033448299384004E-4
5.027523157089514E-4
5.021603796694962E-4
5.015690214099856E-4
5.009782405205254E-4
5.003880365913793E-4
4.997984092129655E-4
4.992093579758596E-4
4.986208824707916E-4
4.980329822886496E-4
4.97445657020477E-4
4.968589062574731E-4
4.96272729590994E-4
4.956871266125517E-4
4.951020969138134E-4
4.945176400866044E-4
4.939337557229042E-4
4.93350443414849E-4
4.927677027547328E-4
4.921855333350024E-4
4.916039347482636E-4
4.910229065872772E-4
4.904424484449601E-4
4.89862559914386E-4
4.892832405887841E-4
4.88704490061541E-4
4.881263079261975E-4
4.875486937764512E-4
4.8697164720615607E-4
4.863951678093238E-4
4.8581925518011957E-4
4.852439089128655E-4
4.846691286020408E-4
4.840949138422791E-4
4.8352126422837225E-4
4.8294817935526683E-4
4.823756588180669E-4
4.8180370221203114E-4
4.812323091325746E-4
4.806614791752696E-4
4.8009121193584337E-4
4.7952150701018016E-4
4.789523639943186E-4
4.7838378248445633E-4
4.778157620769455E-4
4.7724830236829495E-4
4.7668140295516854E-4
4.7611506343438664E-4
4.755492834029269E-4
4.7498406245792204E-4
4.744194001966607E-4
4.738552962165892E-4
4.7329175011530855E-4
4.727287614905771E-4
4.721663299403066E-4
4.7160445506256926E-4
4.710431364555901E-4
4.704823737177506E-4
4.699221664475891E-4
4.6936251424380067E-4
4.6880341670523624E-4
4.682448734309023E-4
4.676868840199621E-4
4.671294480717332E-4
4.6657256518569144E-4
4.6601623496146904E-4
4.6546045699885256E-4
4.64905230897786E-4
4.6435055625836927E-4
4.637964326808576E-4
4.6324285976566377E-4
4.6268983711335505E-4
4.621373643246569E-4
4.615854410004488E-4
4.6103406674176763E-4
4.604832411498058E-4
4.599329638259127E-4
4.5938323437159386E-4
4.588340523885096E-4
4.582854174784776E-4
4.577373292434716E-4
4.571897872856203E-4
4.5664279120721E-4
4.5609634061068247E-4
4.5555043509863604E-4
4.5500507427382453E-4
4.544602577391588E-4
4.539159850977049E-4
4.5337225595268484E-4
4.528290699074788E-4
4.522864265656209E-4
4.5174432553080177E-4
4.512027664068687E-4
4.5066174879782587E-4
4.5012127230783166E-4
4.4958133654120273E-4
4.490419411024103E-4
4.485030855960823E-4
4.4796476962700326E-4
4.4742699280011264E-4
4.468897547205066E-4
4.4635305499343843E-4
4.458168932243161E-4
4.4528126901870473E-4
4.4474618198232535E-4
4.442116317210541E-4
4.4367761784092476E-4
4.431441399481265E-4
4.4261119764900554E-4
4.4207879055006296E-4
4.4154691825795694E-4
4.410155803795008E-4
4.404847765216646E-4
4.399545062915749E-4
4.394247692965138E-4
4.388955651439199E-4
4.383668934413874E-4
4.3783875379666774E-4
4.373111458176674E-4
4.3678406911244944E-4
4.3625752328923297E-4
4.3573150795639344E-4
4.3520602272246247E-4
4.346810671961278E-4
4.341566409862335E-4
4.336327437017786E-4
4.3310937495191955E-4
4.3258653434596813E-4
4.32064221493394E-4
4.315424360038202E-4
4.310211774870279E-4
4.305004455529541E-4
4.299802398116913E-4
4.2946055987348893E-4
4.2894140534875197E-4
4.284227758480417E-4
4.2790467098207584E-4
4.2738709036172797E-4
4.26870033598028E-4
4.263535003021613E-4
4.2583749008547045E-4
4.2532200255945325E-4
4.2480703733576407E-4
4.2429259402621374E-4
4.2377867224276935E-4
4.23265271597553E-4
4.227523917028438E-4
4.2224003217107683E-4
4.217281926148423E-4
4.2121687264688897E-4
4.207060718801198E-4
4.201957899275949E-4
4.19686026402529E-4
4.1917678091829504E-4
4.1866805308842084E-4
4.181598425265896E-4
4.1765214884664304E-4
4.1714497166257716E-4
4.166383105885446E-4
4.161321652388542E-4
4.156265352279712E-4
4.151214201705155E-4
4.1461681968126544E-4
4.1411273337515407E-4
4.1360916086727084E-4
4.131061017728618E-4
4.126035557073281E-4
4.121015222862281E-4
4.1160000112527547E-4
4.11098991840341E-4
4.1059849404745044E-4
4.100985073627867E-4
4.0959903140268825E-4
4.091000657836495E-4
4.0860161012232205E-4
4.081036640355129E-4
4.0760622714018543E-4
4.0710929905345833E-4
4.066128793926078E-4
4.061169677750651E-4
4.056215638184182E-4
4.051266671404107E-4
4.0463227735894325E-4
4.041383940920712E-4
4.036450169580078E-4
4.031521455751216E-4
4.0265977956193674E-4
4.02167918537134E-4
4.016765621195502E-4
4.0118570992817877E-4
4.0069536158216873E-4
4.002055167008256E-4
3.997161749036106E-4
3.992273358101422E-4
3.9873899904019393E-4
3.982511642136953E-4
3.9776383095073257E-4
3.9727699887154777E-4
3.9679066759653903E-4
3.963048367462619E-4
3.9581950594142634E-4
3.9533467480289906E-4
3.948503429517033E-4
3.943665100090184E-4
3.938831755961792E-4
3.9340033933467735E-4
3.929180008461602E-4
3.9243615975243103E-4
3.919548156754502E-4
3.9147396823733334E-4
3.909936170603526E-4
3.905137617669364E-4
3.900344019796688E-4
3.8955553732129047E-4
3.890771674146983E-4
3.88599291882945E-4
3.8812191034923963E-4
3.8764502243694715E-4
3.871686277695887E-4
3.8669272597084166E-4
3.8621731666453954E-4
3.857423994746723E-4
3.852679740253859E-4
3.847940399409812E-4
3.843205968459172E-4
3.8384764436480813E-4
3.833751821224246E-4
3.8290320974369233E-4
3.8243172685369466E-4
3.8196073307767E-4
3.814902280410136E-4
3.810202113692766E-4
3.805506826881667E-4
3.80081641623546E-4
3.796130878014349E-4
3.791450208480087E-4
3.7867744038959887E-4
3.78210346052691E-4
3.777437374639226E-4
3.7727761425007005E-4
3.7681197603801263E-4
3.7634682245461115E-4
3.758821531263363E-4
3.7541796767813685E-4
3.749542657300918E-4
3.7449104688773427E-4
3.740283107148238E-4
3.735660566587226E-4
3.731042838514419E-4
3.7264299059403954E-4
3.721821730591896E-4
3.717218221245154E-4
3.71261915885193E-4
3.708024025271542E-4
3.70343162485762E-4
3.698839278276512E-4
3.694241169848004E-4
3.6896250954501964E-4
3.684966337618302E-4
3.6802166650845753E-4
3.6752855797815906E-4
3.670010161779524E-4
3.664109735595594E-4
3.657123016128242E-4
3.6483295947257116E-4
3.6366656862311627E-4
3.6206561018843907E-4
3.59839838591107E-4
3.567645631688186E-4
3.5260331135066096E-4
3.4714710860996696E-4
3.402676856245371E-4
3.319749784525219E-4
3.224625600307156E-4
3.121216927964221E-4
3.015089926629619E-4
2.9126536143918807E-4
2.820017252474924E-4
2.7418286718987285E-4
2.6804575825869386E-4
2.6357859109766776E-4
2.605642686124544E-4
2.5866776106545406E-4
2.5753265083986376E-4
2.568547839000083E-4
2.564169974099894E-4
2.5608805344521534E-4
2.558009925681604E-4
2.5552732875961347E-4
2.5525718417927556E-4
2.549878680703532E-4
2.547188389989403E-4
2.5445002520774586E-4
2.541814219161508E-4
2.539130290340488E-4
2.536448464713325E-4
2.533768741378952E-4
2.531091119436304E-4
2.5284155979843055E-4
2.525742176121892E-4
2.523070852947994E-4
2.5204016275615434E-4
2.5177344990614674E-4
2.5150694665467015E-4
2.512406529116177E-4
2.5097456858688195E-4
2.507086935903562E-4
2.5044302783193444E-4
2.5017757122150936E-4
2.499123236689737E-4
2.496472850842206E-4
2.4938245537714363E-4
2.491178344576354E-4
2.4885342223558953E-4
2.4858921862089885E-4
2.4832522352345645E-4
2.480614368531555E-4
2.47797858519889E-4
2.475344884335505E-4
2.4727132650403266E-4
2.4700837264122886E-4
2.4674562675503186E-4
2.464830887553354E-4
2.4622075855203234E-4
2.4595863605501585E-4
2.4569672117417913E-4
2.454350138194148E-4
2.4517351390061624E-4
2.449122213276764E-4
2.446511360104891E-4
2.4439025785894696E-4
2.441295867829425E-4
2.438691226923702E-4
2.4360886549712257E-4
2.4334881510709256E-4
2.4308897143217312E-4
2.4282933438225777E-4
2.425699038672395E-4
2.4231067979701127E-4
2.420516620814665E-4
2.4179285063049788E-4
2.4153424535399887E-4
2.4127584616186266E-4
2.4101765296398247E-4
2.407596656702511E-4
2.4050188419056192E-4
2.4024430843480778E-4
2.3998693831288217E-4
2.3972977373467783E-4
2.3947281461008762E-4
2.3921606084900533E-4
2.389595123613239E-4
2.3870316905693628E-4
2.3844703084573583E-4
2.3819109763761586E-4
2.3793536934246868E-4
2.376798458701882E-4
2.374245271306672E-4
2.3716941303379883E-4
2.3691450348947645E-4
2.366597984075929E-4
2.364052976980412E-4
2.3615100127071466E-4
2.3589690903550646E-4
2.3564302090230984E-4
2.3538933678101775E-4
2.3513585658152308E-4
2.348825802137192E-4
2.3462950758749917E-4
2.3437663861275635E-4
2.3412397319938337E-4
2.3387151125727393E-4
2.3361925269632102E-4
2.333671974264174E-4
2.3311534535745647E-4
2.328636963993313E-4
2.3261225046193484E-4
2.3236100745516037E-4
2.321099672889013E-4
2.3185912987305063E-4
2.3160849511750083E-4
2.3135806293214558E-4
2.3110783322687813E-4
2.3085780591159145E-4
2.3060798089617862E-4
2.3035835809053263E-4
2.3010893740454678E-4
2.298597187481142E-4
2.2961070203112807E-4
