4.1595942729221E-7
8.33494407779E-7
1.252590897444148E-6
1.6732454222430059E-6
2.095456510643319E-6
2.5192224994833847E-6
2.9445413719592243E-6
3.3714109430001288E-6
3.799828977118771E-6
4.2297932291728824E-6
4.661301453958921E-6
5.0943514081895946E-6
5.5289408513636556E-6
5.965067546569421E-6
6.402729261298844E-6
6.841923768272135E-6
7.282648846273116E-6
7.724902280995377E-6
8.168681865899336E-6
8.613985403080555E-6
9.060810704149813E-6
9.509155591126354E-6
9.959017897347965E-6
1.0410395468407537E-5
1.0863286163140223E-5
1.1317687854722732E-5
1.1773598432034921E-5
1.2231015801644607E-5
1.2689937891259775E-5
1.3150362656574402E-5
1.3612288095788593E-5
1.407571228106335E-5
1.4540633426387513E-5
1.5007050031655126E-5
1.5474961181844733E-5
1.5944367152816096E-5
1.641527060517495E-5
1.688767887087384E-5
1.736160820389912E-5
1.7837091439169183E-5
1.8314191347645896E-5
1.8793023133488294E-5
1.9273790965872738E-5
1.9756845010493752E-5
2.0242766731459177E-5
2.073249056332121E-5
2.122746833643709E-5
2.172987772681775E-5
2.2242866145246808E-5
2.277080608289922E-5
2.331951755501193E-5
2.389639076171658E-5
2.451032317693323E-5
2.517137856947822E-5
2.5890090951853587E-5
2.6676382509671293E-5
2.7538143555843485E-5
2.8479626303251966E-5
2.9499911359317734E-5
3.059178326275734E-5
3.174136189014272E-5
3.2928751803424853E-5
3.412978721910072E-5
3.531869680737916E-5
3.6471255108744734E-5
3.7567809758713094E-5
3.859554898598874E-5
3.9549531669773295E-5
4.043230827606587E-5
4.12523215462682E-5
4.202157059954522E-5
4.275315315998587E-5
4.3459234369325425E-5
4.414977118347505E-5
4.48320469770177E-5
4.509488707000936E-5
4.535549758790858E-5
4.561538143987584E-5
4.587523959627714E-5
4.6135360579337965E-5
4.639584815140579E-5
4.665673484684215E-5
4.691803000825034E-5
4.7179736796022885E-5
4.744185711227633E-5
4.770439272377205E-5
4.796734545214437E-5
4.8230717195967176E-5
4.849450993295762E-5
4.8758725721031754E-5
4.902336669936891E-5
4.9288435089484494E-5
4.9553933196311985E-5
4.9819863409293834E-5
5.008622820348169E-5
5.0353030140646906E-5
5.062027187040242E-5
5.0887956131340405E-5
5.115608575219518E-5
5.142466365305746E-5
5.1693692846701135E-5
5.19631764401761E-5
5.223311763702832E-5
5.2503519740994365E-5
5.277438616310056E-5
5.304572043647207E-5
5.331752624822052E-5
5.358980750829898E-5
5.386256849644799E-5
5.413581416999484E-5
5.440955079436129E-5
5.468378720346484E-5
5.495853725475861E-5
5.5233824482591653E-5
5.5509690669848584E-5
5.578621117076681E-5
5.6063521450962496E-5
5.634186154533618E-5
5.662164792326368E-5
5.6903585283024635E-5
5.718883332704697E-5
5.747924423964202E-5
5.7777683344941944E-5
5.808843564535944E-5
5.841768196507916E-5
5.8773998576676224E-5
5.916879434514466E-5
5.961655479272173E-5
6.0134724003708254E-5
6.0743039598129474E-5
6.146216296468418E-5
6.231153393719697E-5
6.33065325418309E-5
6.4455236578904E-5
6.575528261071602E-5
6.71915048951359E-5
6.873506630662069E-5
7.034464556467723E-5
7.196988897995978E-5
7.355682440710955E-5
7.505439507678824E-5
7.642087194055562E-5
7.762880417956022E-5
7.866744777229106E-5
7.954222126955611E-5
8.027149596734023E-5
8.08816837519497E-5
8.140191894043555E-5
8.185954435062217E-5
8.227717637958228E-5
8.267153723958845E-5
8.305373440651814E-5
8.343039539427977E-5
8.380506011864424E-5
8.41794110556839E-5
8.455415462416978E-5
8.492955174355231E-5
8.530568871506279E-5
8.568259413182194E-5
8.60602809893542E-5
8.643875905851594E-5
8.681803774399225E-5
8.719812657359797E-5
8.757903525494023E-5
8.796077368040299E-5
8.834335192911102E-5
8.872678026891382E-5
8.911106915838935E-5
8.949622924886882E-5
8.988227138648335E-5
9.026920661423268E-5
9.065704617407635E-5
9.104580150904824E-5
9.143548426539224E-5
9.182610629471741E-5
9.221767965616834E-5
9.26102166186016E-5
9.300372966276317E-5
9.339823148347973E-5
9.379373499197168E-5
9.419025331869614E-5
9.458779981801251E-5
9.49863880783001E-5
9.53860319469762E-5
9.578674559354091E-5
9.618854366437111E-5
9.659144164829629E-5
9.699545670519042E-5
9.74006094694362E-5
9.78069278232355E-5
9.82144544911901E-5
9.86232617491073E-5
9.903347883115762E-5
9.944534102960669E-5
9.985927416816114E-5
1.0027603392738408E-4
1.0069692559872103E-4
1.0112413439751192E-4
1.0156119625224106E-4
1.0201362934315527E-4
1.024897220314065E-4
1.030014282611155E-4
1.0356525536728543E-4
1.042029466440862E-4
1.0494167749416716E-4
1.0581342693427641E-4
1.0685319264437345E-4
1.0809582560499213E-4
1.0957149380692525E-4
1.1130013533052045E-4
1.1328567311074162E-4
1.1551112933565023E-4
1.179359551583989E-4
1.2049674750475752E-4
1.231119916313462E-4
1.2569059899102236E-4
1.2814300154596116E-4
1.3039272158457641E-4
1.3238597879551523E-4
1.3409722395070438E-4
1.3552947248168272E-4
1.3670966671702796E-4
1.3768057005135087E-4
1.3849144983065127E-4
1.3918980211196394E-4
1.398156817094515E-4
1.4039915944266115E-4
1.4096046366790087E-4
1.4151179673174387E-4
1.4205974090089266E-4
1.4260745499124154E-4
1.4315628024979063E-4
1.437067210911718E-4
1.4425895146939828E-4
1.4481303542920944E-4
1.4536900715840406E-4
1.4592689466321547E-4
1.464867252690317E-4
1.4704852656667887E-4
1.476123265225701E-4
1.4817815348857775E-4
1.4874603620608628E-4
1.4931600381014933E-4
1.4988808583375114E-4
1.5046231221216795E-4
1.5103871328742764E-4
1.5161731981286377E-4
1.5219816295775814E-4
1.5278127431206257E-4
1.5336668589118567E-4
1.5395443014080485E-4
1.5454453994163684E-4
1.5513704861399896E-4
1.5573198992181256E-4
1.5632939807530351E-4
1.5692930773087712E-4
1.575317539851658E-4
1.5813677235762823E-4
1.5874439875176473E-4
1.5935466937874344E-4
1.5996762061997507E-4
1.605832888015095E-4
1.6120170986624012E-4
1.618229189908448E-4
1.624469503680934E-4
1.630738377844526E-4
1.637036174803212E-4
1.6433633642026906E-4
1.6497207199521672E-4
1.656109739008102E-4
1.6625334602114093E-4
1.6689979578449814E-4
1.6755148997324386E-4
1.6821056710728362E-4
1.6888076268361312E-4
1.6956829735874173E-4
1.70283049871638E-4
1.7103997604495813E-4
1.71860636241484E-4
1.7277455964416017E-4
1.738200245825533E-4
1.750437107302278E-4
1.7649864158925086E-4
1.7823995222100624E-4
1.803183401040707E-4
1.827715916460391E-4
1.8561525156645758E-4
1.8883415559193644E-4
1.9237694797401693E-4
1.9615561704121028E-4
2.0005135655206486E-4
2.039267380189035E-4
2.076425401167405E-4
2.1107610894385427E-4
2.1413735740372607E-4
2.1677883413630128E-4
2.1899772546168616E-4
2.2082979059741625E-4
2.223373530324396E-4
2.2359483592020632E-4
2.2467549252115412E-4
2.2564199575187018E-4
2.2654191818077953E-4
2.274075501924629E-4
2.2825852126588564E-4
2.2910549549232288E-4
2.2995362857477613E-4
2.3080513136894212E-4
2.3166085106479358E-4
2.3252109375644596E-4
2.333859848875919E-4
2.342556007407156E-4
2.3513000749545674E-4
2.3600927034313836E-4
2.3689345506708597E-4
2.3778262823498673E-4
2.3867685722421227E-4
2.3957621023725713E-4
2.4048075631711644E-4
2.4139056536253472E-4
2.4230570814306714E-4
2.432262563138887E-4
2.441522824303013E-4
2.4508385996187634E-4
2.4602106330617445E-4
2.469639678019648E-4
2.4791264974182353E-4
2.488671863838919E-4
2.4982765596233186E-4
2.5079413769548857E-4
2.517667117896252E-4
2.527454594337048E-4
2.5373046277590703E-4
2.5472180486329E-4
2.557195695088896E-4
2.5672384102040684E-4
2.577347036748506E-4
2.587522407474009E-4
2.5977653279908065E-4
2.60807654812372E-4
2.6184567169286525E-4
2.628906317641239E-4
2.63942558445469E-4
2.650014418000705E-4
2.6606723482536004E-4
2.671398652526466E-4
2.682192833791899E-4
2.693055809501352E-4
2.7039923517094077E-4
2.7150155318716E-4
2.726154098532544E-4
2.737463746743173E-4
2.7490429718027753E-4
2.7610534621163603E-4
2.773743637427782E-4
2.787471968315445E-4
2.802724348599754E-4
2.820117590358205E-4
2.8403799609002134E-4
2.864300659670592E-4
2.8926441743484067E-4
2.92603286677809E-4
2.9648111064006235E-4
3.008914581388139E-4
3.057775680568945E-4
3.110296331660302E-4
3.164910778569907E-4
3.2197425073857735E-4
3.272835530416112E-4
3.322417421664803E-4
3.3671380435782035E-4
3.406230054836504E-4
3.439556221367614E-4
3.467538986255193E-4
3.4909994043834884E-4
3.5109542075158825E-4
3.5284242051405654E-4
3.544294443760928E-4
3.5592434289816237E-4
3.573735395860451E-4
3.5880545020554555E-4
3.602356131645449E-4
3.616715965300687E-4
3.631166826838218E-4
3.6457216041681565E-4
3.660385249504369E-4
3.675160064449088E-4
3.690047636099572E-4
3.705049414303931E-4
3.7201668468787744E-4
3.735401403173763E-4
3.7507545769428085E-4
3.7662278866496744E-4
3.7818228755510393E-4
3.797541111707772E-4
3.813384187927631E-4
3.8293537216424223E-4
3.845451354722676E-4
3.861678753232662E-4
3.87803760712855E-4
3.894529629902167E-4
3.911156558172481E-4
3.9279201512258563E-4
3.944822190503975E-4
3.9618644790334514E-4
3.9790488407799715E-4
3.99637711988608E-4
4.0138511797012887E-4
4.0314729014099686E-4
4.0492441818586324E-4
4.0671669297953286E-4
4.08524305902271E-4
4.103474475723789E-4
4.121863055161965E-4
4.140410599765424E-4
4.1591187660583977E-4
4.177988942182293E-4
4.197022052032202E-4
4.21621825942694E-4
4.235576552570034E-4
4.2550942163002725E-4
4.274766263654865E-4
4.2945850198383234E-4
4.3145402511996834E-4
4.33462051884602E-4
4.354816792588729E-4
4.375129717133202E-4
4.395582138396798E-4
4.4162383546412695E-4
4.437230782002984E-4
4.4587930645242945E-4
4.4812960126414304E-4
4.50527933680429E-4
4.531468639255631E-4
4.560764737363081E-4
4.594192672475985E-4
4.6328021886527323E-4
4.6775207737918616E-4
4.7289737774713046E-4
4.787300915449478E-4
4.852010083840055E-4
4.921912534040526E-4
4.995173975085467E-4
5.069493345221521E-4
5.142389050681973E-4
5.211540389175284E-4
5.275110906832135E-4
5.331979781045858E-4
5.381829677489544E-4
5.425078793879174E-4
5.462687864934945E-4
5.495903182275037E-4
5.526006158765608E-4
5.554125010161036E-4
5.58113452872191E-4
5.607638811254737E-4
5.63401077927513E-4
5.660456282669178E-4
5.687076975154043E-4
5.713918171987761E-4
5.740998885921243E-4
5.768327651598405E-4
5.795909524992754E-4
5.823748651846543E-4
5.851849029291922E-4
5.880214677626799E-4
5.908849662925724E-4
5.93775809226055E-4
5.96694410586403E-4
5.996411869379321E-4
6.026165566387772E-4
6.056209391208265E-4
6.086547541961756E-4
6.117184213894481E-4
6.148123592953662E-4
6.179369849609423E-4
6.210927132916456E-4
6.242799564808529E-4
6.274991234617517E-4
6.307506193804988E-4
6.340348450886024E-4
6.373521966505857E-4
6.407030648587801E-4
6.440878347381211E-4
6.47506885005203E-4
6.509605874085722E-4
6.544493058049868E-4
6.579733946916093E-4
6.615331966725467E-4
6.651290379246232E-4
6.687612200551094E-4
6.724300057174685E-4
6.761355939017215E-4
6.798780789828793E-4
6.836573856812214E-4
6.874731708086072E-4
6.913246835092201E-4
6.952105810555455E-4
6.991287104892726E-4
7.030758913444555E-4
7.070477743984989E-4
7.110389057601295E-4
7.150431880471698E-4
7.190549843278093E-4
7.230711271311952E-4
7.270940350490486E-4
7.311359622299602E-4
7.352240851763466E-4
7.394056785262671E-4
7.437521202532958E-4
7.483600436224227E-4
7.533478244264017E-4
7.588459725367038E-4
7.649810243667781E-4
7.718541661261041E-4
7.79517759730242E-4
7.879546413611969E-4
7.970658261848001E-4
8.066714878244397E-4
8.165275823049268E-4
8.26356662002128E-4
8.358873184008465E-4
8.448937065620084E-4
8.532259785456588E-4
8.608246847190712E-4
8.677194119938235E-4
8.740061898948153E-4
8.798188830979766E-4
8.853000298218681E-4
8.905780365569948E-4
8.957542871176803E-4
9.0089999840252E-4
9.06060004891889E-4
9.112597562885665E-4
9.165124397608081E-4
9.218245060258228E-4
9.271991815395972E-4
9.326383369211538E-4
9.38143321012208E-4
9.437152708872396E-4
9.493552067119116E-4
9.550640559463918E-4
9.608426595440291E-4
9.666917747647675E-4
9.726120775368364E-4
9.786041647482004E-4
9.846685564926336E-4
9.90805698271172E-4
9.970159631496757E-4
0.0010032996538732345
0.0010096570049381213
0.0010160881846219632
0.0010225932969727847
0.0010291723837574259
0.001035825426369617
0.0010425523476973882
0.001049353013948165
0.0010562272364268326
0.0010631747732553598
0.0010701953310081798
0.0010772885662074974
0.0010844540865619478
0.001091691451713158
0.0010990001730297155
0.0011063797115781762
0.00111382947268379
0.0011213487942956161
0.0011289369244709046
0.0011365929804615976
0.0011443158779805074
0.0011521042143871104
0.0011599560845009591
0.0011678688042872502
0.0011758385190058262
0.0011838596835579114
0.0011919244301349505
0.0012000218883814941
0.001208137599818218
0.0012162532675476202
0.0012243471877157691
0.0012323957868424886
0.0012403766872601135
0.0012482735800041
0.0012560828483188893
0.0012638213421692127
0.0012715340140796538
0.0012792994450054748
0.001287230863364006
0.0012954703807476118
0.0013041750679278078
0.0013134952233926922
0.0013235474944621902
0.0013343878158851394
0.001345990619084857
0.0013582406438833663
0.0013709415274902389
0.001383841400325269
0.001396671002967057
0.0014091859045253284
0.001421202777342386
0.0014329171231232942
0.0014443033555382847
0.0014554081593384947
0.0014663246047155643
0.0014771633630920968
0.0014880286255261335
0.0014990031793328485
0.0015101432413945903
0.0015214806775478663
0.001533029012207544
0.001544790042284365
0.001556759158790522
0.0015689288030399547
0.0015812903310853316
0.0015938348524384427
0.0016065535410966177
0.0016194377275713955
0.0016324789184547163
0.0016456687974644604
0.0016589992230613127
0.001672462225682384
0.0016860500049883642
0.0016997549271489992
0.0017135695221663662
0.001727486481235474
0.001741498654141723
0.001755599046694718
0.0017697808181979348
0.001784037278953702
0.0017983618878027996
0.0018127482496976695
0.0018271901133073759
0.0018416813686506018
0.00185621604474858
0.0018707883072801856
0.0018853924562005071
0.0019000229232402667
0.0019146742691136813
0.0019293411800849233
0.0019440184632035192
0.0019587010388912043
0.00197338392844575
0.0019880622321210716
0.00200273109033703
0.0020173856157730966
0.0020320207771363868
0.002046631206059826
0.0020612108873707792
0.0020757526817110766
0.002090247622167776
0.0021046839300308436
0.002119045718888238
0.002133311412776444
0.0021474520035571136
0.002161429418641178
0.0021751954512529955
0.0021886918870487678
0.0022018525805869655
0.0022146082066598935
0.0022268941431201786
0.002238661370702171
0.0022498894129208322
0.0022605993137676285
0.002270863724968809
0.0022808107121329623
0.0022906182604663606
0.0023004978933597485
0.0023106682359892647
0.002321322283856824
0.0023325947302357108
0.002344536975166034
0.0023571066072845225
0.002370175053930956
0.002383552415135004
0.0023970236645935034
0.002442723384372042
0.0024872309211157054
0.0025304966197356024
0.0025725235990247605
0.002613356024817911
0.0026530615371195927
0.0026917138578452663
0.00272937999744438
0.0027661137819812885
0.002801954941066999
0.002836931618678682
0.0028710640508685147
0.002904367861999574
0.002936856340363385
0.0029685417179912597
0.0029994357656747505
0.0030295500210796955
0.0030588958601397744
0.0030874845154247096
0.003115327080685517
0.003142434512766192
0.003168817633175993
0.00319448712962544
0.003219453557545759
0.0032437273415918655
0.003267318777129124
0.00329023803170402
0.0033124951464988885
0.0033341000377708208
0.00335506249827484
0.003375392198671154
0.0033950986889159933
0.0034141913996343686
0.003432679643470728
0.0034505726164078673
0.0034678793990319374
0.003484608957694315
0.0035007701454635247
0.003516371702642578
0.003531422256391421
0.0035459303185392077
0.0035599042798206836
0.0035733523972379653
0.003586282768591073
0.003598703283805563
0.003610621535695029
0.0036220446623240914
0.0036329790784592653
0.0036434300347080563
0.0036534009214467945
0.0036628922149209947
0.0036718999534678196
0.0036804136461402316
0.0036884135721196244
0.0036958675467757564
0.003702727423684832
0.0037089258705878913
0.0037143742722360565
0.003718962906115799
0.0037225646978911015
0.0037250437531204123
0.003726269348313791
0.003726135078978039
0.003724581465136068
0.003721618744919035
0.003717345264191721
0.0037119563220959864
0.003705739037599841
0.0036990509826603387
0.003692283759532012
0.0036858166382377493
0.003679968670705757
0.0036749591520707408
0.0036708851022838143
0.003667720610055409
0.007199935648631593
0.0071300762464462306
0.007062778861328323
0.006997575363795509
0.006934020426095657
0.006871737376480291
0.006810438869873725
0.006749925882679066
0.006690072774877235
0.006630806902165933
0.006572089307519657
0.0065138999405216945
0.006456228097878001
0.006399067124613071
0.0063424118941469215
0.00628625778764967
0.006230600347114021
0.00617543517862068
0.006120757930862949
0.006066564291373203
0.00601284998581549
0.005959610777628914
0.005906842467693478
0.0058545408939988846
0.005802701931316264
0.0057513214908728365
0.005700395520029457
0.005649920001960953
0.005599890955339351
0.005550304434019791
0.005501156526729062
0.005452443356756438
0.005404161081646099
0.005356305892889412
0.0053088740156130194
0.005261861708253354
0.005215265262196247
0.005169081001334523
0.0051233052814415245
0.00507793448914633
0.00503296504007126
0.004988393375257576
0.004944215954190335
0.004900429241259398
0.004857029679927117
0.004814013644584635
0.004771377353235267
0.004729116713784011
0.0046872270619780585
0.004645702729669886
0.004604536359214083
0.0045637178572084
0.004523232866149417
0.004483060638646653
0.0044431712434380545
0.004403522136228812
0.004364054309214847
0.004324688496574296
0.004285322239730757
0.004245828948888116
0.004206060335584179
0.004165853598111602
0.004125044373133595
0.0040834856209620105
0.004041071294437181
0.0039977620236237
0.003953608490301767
0.003908767171876519
0.0038635032285553924
0.0038181768459723906
0.0037732123139769744
0.0037290530113594333
0.0036861093036026993
0.003644708948071867
0.003605059915407924
