3.3657465056983076E-7
6.741217293047017E-7
1.0125659746840279E-6
1.3518839768815697E-6
1.6920718924655566E-6
2.0331305087313136E-6
2.3750600927449977E-6
2.717859537829829E-6
3.0615267917292074E-6
3.4060593515967605E-6
3.7514545456787027E-6
4.097709647938656E-6
4.444821913551297E-6
4.792788587316222E-6
5.141606905237648E-6
5.4912740948799475E-6
5.8417873755843775E-6
6.193143958680207E-6
6.545341047698069E-6
6.898375838585626E-6
7.25224551992552E-6
7.606947273155584E-6
7.962478272791408E-6
8.318835686651245E-6
8.676016676083198E-6
9.034018396194824E-6
9.392837996085076E-6
9.752472619078628E-6
1.0112919402962587E-5
1.0474175480225665E-5
1.0836237978299716E-5
1.1199104019803737E-5
1.1562770722790351E-5
1.1927235200994656E-5
1.2292494564085733E-5
1.2658545917920466E-5
1.3025386364800103E-5
1.3393013003729221E-5
1.3761422930677568E-5
1.4130613238845E-5
1.4500581018930327E-5
1.4871323359406609E-5
1.5242837346808532E-5
1.561512006604636E-5
1.5988168600781353E-5
1.636198003394536E-5
1.6736551448597154E-5
1.7111879929552995E-5
1.748796256676476E-5
1.786479646255982E-5
1.82423787472297E-5
1.8620706612256505E-5
1.8999777379928396E-5
1.937958864620931E-5
1.9760138567379346E-5
2.0141426421515244E-5
2.052345368118748E-5
2.09062260102671E-5
2.1289756881904017E-5
2.167407395200797E-5
2.2059229961359644E-5
2.2445320816377857E-5
2.2832514610485543E-5
2.3221096608431087E-5
2.361153639635962E-5
2.4004584067035726E-5
2.4401401777858164E-5
2.4803734365780473E-5
2.5214116886196925E-5
2.5636107082132508E-5
2.607451662970829E-5
2.6535597517001232E-5
2.7027121892553438E-5
2.7558280117607755E-5
2.8139319387142767E-5
2.878086158867184E-5
2.949287979601582E-5
3.0283378908159614E-5
3.1156910560834664E-5
3.2113139196032585E-5
3.3145740490557146E-5
3.4241927601748505E-5
3.5382843035351835E-5
3.6544918567495384E-5
3.7702110684743786E-5
3.882870758455775E-5
3.990223534382374E-5
4.090592322637216E-5
4.183025552896108E-5
4.2673333441599476E-5
4.34400444574106E-5
4.414030824115726E-5
4.4786854242499574E-5
4.5393034985803877E-5
4.5971086750665486E-5
4.619448725463593E-5
4.640632573422588E-5
4.661175556478525E-5
4.681393834002339E-5
4.701464093800932E-5
4.7214758746496587E-5
4.741470047704141E-5
4.7614632610532564E-5
4.7814614839061066E-5
4.801466556062526E-5
4.821478936469999E-5
4.841498693231698E-5
4.861525804439305E-5
4.881560233350781E-5
4.9016019432660315E-5
4.921650899733065E-5
4.941707070787148E-5
4.9617704269890706E-5
4.9818409414534315E-5
5.001918589877104E-5
5.022003350567828E-5
5.0420952044730515E-5
5.062194135208865E-5
5.082300129089148E-5
5.102413175154909E-5
5.1225332652037635E-5
5.1426603938196415E-5
5.162794558402615E-5
5.182935759198982E-5
5.203083999331465E-5
5.22323928482966E-5
5.243401624660646E-5
5.263571030759769E-5
5.2837475180616795E-5
5.303931104531495E-5
5.3241218111962005E-5
5.344319662176285E-5
5.36452468471751E-5
5.3847369092229525E-5
5.4049563692853005E-5
5.425183101719426E-5
5.445417146595457E-5
5.4656585472727706E-5
5.485907350435925E-5
5.5061636061351714E-5
5.526427367837693E-5
5.546698692504228E-5
5.5669776407247554E-5
5.587264276989589E-5
5.6075586702646705E-5
5.6278608952367825E-5
5.648171035002849E-5
5.668489186804119E-5
5.6888154740355717E-5
5.7091500708854295E-5
5.729493251778883E-5
5.749845488308929E-5
5.77020763469541E-5
5.790581273760293E-5
5.810969345568887E-5
5.831377258715662E-5
5.851814799087786E-5
5.8722993106253826E-5
5.892860828550409E-5
5.9135500849731774E-5
5.934450541819569E-5
5.955695761211683E-5
5.977493375652715E-5
6.0001564979464095E-5
6.024142411685486E-5
6.0500966225461356E-5
6.07889774426082E-5
6.111695371666722E-5
6.149929523974593E-5
6.195317310373113E-5
6.249791457421456E-5
6.315377717884668E-5
6.394005209620485E-5
6.487255856612818E-5
6.596075329128467E-5
6.720485357505228E-5
6.859351418423585E-5
7.010265052601412E-5
7.1695916735136E-5
7.332710641309112E-5
7.494437124239415E-5
7.649572523171286E-5
7.793493532369236E-5
7.922671395167117E-5
8.035020927163504E-5
8.130014071712508E-5
8.208546596899693E-5
8.272603434890417E-5
8.324810751622182E-5
8.36797857125131E-5
8.404723793402652E-5
8.437227367685021E-5
8.467135713518368E-5
8.49558017977211E-5
8.523269013117537E-5
8.550605397052035E-5
8.577797222118873E-5
8.604941022000071E-5
8.632076877317855E-5
8.659219567918187E-5
8.686373943167252E-5
8.713541486235504E-5
8.740722715466708E-5
8.767917924288379E-5
8.795127368438624E-5
8.822351303422276E-5
8.849589990105966E-5
8.876843695310902E-5
8.904112691889505E-5
8.931397258776143E-5
8.958697681038133E-5
8.986014249927227E-5
9.013347262931378E-5
9.040697023826988E-5
9.068063842731555E-5
9.095448036156687E-5
9.122849927061601E-5
9.15026984490709E-5
9.177708125709858E-5
9.205165112097368E-5
9.232641153363169E-5
9.260136605522669E-5
9.287651831369413E-5
9.315187200531843E-5
9.342743089530576E-5
9.370319881836121E-5
9.397917967927194E-5
9.425537745349477E-5
9.45317961877491E-5
9.480844000061467E-5
9.508531308313483E-5
9.536241969942372E-5
9.563976418727756E-5
9.591735095878772E-5
9.61951845009532E-5
9.647326937628686E-5
9.67516102234088E-5
9.703021175762578E-5
9.730907877152306E-5
9.758821613570082E-5
9.786762880009914E-5
9.814732179719273E-5
9.842730025044965E-5
9.870756939643109E-5
9.898813464014575E-5
9.926900168745755E-5
9.955017684824183E-5
9.983166770276836E-5
1.0011348451141514E-4
1.0039564308951985E-4
1.0067817046479981E-4
1.0096111562572083E-4
1.0124456923608176E-4
1.0152869853044648E-4
1.0181380686893501E-4
1.0210043161018664E-4
1.023894987067716E-4
1.0268255680097964E-4
1.0298211582315015E-4
1.0329211239009694E-4
1.0361851299169587E-4
1.0397004205589622E-4
1.0435898247067207E-4
1.0480194093088886E-4
1.0532040485325826E-4
1.0594085436849672E-4
1.066941530678782E-4
1.0761395176924046E-4
1.0873392740280856E-4
1.1008386064466424E-4
1.1168482492163389E-4
1.1354407674835066E-4
1.1565052855753923E-4
1.1797185116961922E-4
1.204541962046579E-4
1.2302519020286414E-4
1.2560024883655606E-4
1.2809150385174648E-4
1.3041792262125825E-4
1.3251475726677104E-4
1.3434046651545774E-4
1.35879762094445E-4
1.3714232819229274E-4
1.381577877073091E-4
1.3896832503262202E-4
1.396207668601947E-4
1.401597778386087E-4
1.4062325000793274E-4
1.4104019916466763E-4
1.414308040309857E-4
1.4180782908045463E-4
1.421786087696174E-4
1.4254695784642776E-4
1.4291466317142444E-4
1.432824743666966E-4
1.4365067256415822E-4
1.4401935374842243E-4
1.4438855076232278E-4
1.447582782576236E-4
1.4512854663198082E-4
1.4549936557513426E-4
1.4587074478186656E-4
1.4624269405897334E-4
1.4661522333664682E-4
1.469883426699652E-4
1.473620622398966E-4
1.4773639235432179E-4
1.4811134344907585E-4
1.4848692608901046E-4
1.488631509690743E-4
1.4924002891541284E-4
1.4961757088648647E-4
1.4999578797420524E-4
1.5037469140508346E-4
1.5075429254140875E-4
1.5113460288242758E-4
1.5151563406554919E-4
1.518973978675591E-4
1.5227990620585237E-4
1.5266317113967574E-4
1.5304720487138487E-4
1.5343201974771142E-4
1.5381762826104274E-4
1.5420404305070928E-4
1.545912769042821E-4
1.5497934275887672E-4
1.5536825370246306E-4
1.557580229751768E-4
1.5614866397062555E-4
1.5654019023717493E-4
1.5693261547918518E-4
1.573259535581199E-4
1.577202184933839E-4
1.581154244625641E-4
1.5851158580042842E-4
1.5890871699541316E-4
1.5930683268121896E-4
1.5970594761927353E-4
1.6010607666496043E-4
1.6050723470677856E-4
1.6090943656412989E-4
1.6131269683019946E-4
1.617170296613764E-4
1.6212244856593267E-4
1.6252896637620706E-4
1.6293659588100505E-4
1.6334535218496445E-4
1.6375525896230998E-4
1.6416636268573234E-4
1.6457876201493514E-4
1.6499266421097922E-4
1.6540848694303543E-4
1.6582703199113596E-4
1.6624976610788531E-4
1.6667925134986446E-4
1.6711976845133262E-4
1.675781663949625E-4
1.680649421663203E-4
1.6859550027045482E-4
1.691914591054465E-4
1.6988176567405092E-4
1.707032682503413E-4
1.7170030962614354E-4
1.7292288481268958E-4
1.7442300367112213E-4
1.7624914604355085E-4
1.7843909725215304E-4
1.810119564639891E-4
1.8396061063368738E-4
1.8724630607181515E-4
1.9079696189076227E-4
1.9451043784698537E-4
1.982630896406968E-4
2.0192276770835126E-4
2.0536423580420305E-4
2.0848416957187696E-4
2.1121275649942193E-4
2.1351958551655913E-4
2.1541284877416272E-4
2.1693249378808258E-4
2.181393553900019E-4
2.1910303071353624E-4
2.1989114841830076E-4
2.2056185087754665E-4
2.2116012484655172E-4
2.217175242142082E-4
2.2225415566824963E-4
2.2278164808260144E-4
2.2330608711475125E-4
2.2383034193050328E-4
2.2435562661902918E-4
2.2488240385991996E-4
2.2541083804895833E-4
2.259409914734884E-4
2.264728969273952E-4
2.270065803179472E-4
2.2754206644004545E-4
2.280793801424772E-4
2.2861854650517985E-4
2.2915959086002868E-4
2.2970253879537215E-4
2.3024741615974584E-4
2.3079424906558477E-4
2.3134306389292278E-4
2.3189388729307638E-4
2.324467461922962E-4
2.3300166779538316E-4
2.3355867958925713E-4
2.341178093464718E-4
2.346790851286692E-4
2.3524253528996332E-4
2.3580818848025034E-4
2.3637607364843457E-4
2.3694622004556709E-4
2.3751865722788833E-4
2.3809341505977164E-4
2.3867052371656032E-4
2.3925001368729483E-4
2.3983191577732244E-4
2.4041626111078932E-4
2.4100308113300534E-4
2.4159240761267956E-4
2.421842726440203E-4
2.4277870864868858E-4
2.4337574837758838E-4
2.4397542491245492E-4
2.4457777166715715E-4
2.4518282238852245E-4
2.457906111562765E-4
2.464011723811893E-4
2.4701454079955725E-4
2.4763075146014794E-4
2.482498396959523E-4
2.488718410660088E-4
2.4949679123999137E-4
2.501247257769565E-4
2.507556797156813E-4
2.5138968684407914E-4
2.520267784498494E-4
2.526669812860267E-4
2.533103144510149E-4
2.5395678496931975E-4
2.5460638223534336E-4
2.5525907244182866E-4
2.5591479611470534E-4
2.5657347555184477E-4
2.5723504506794766E-4
2.5789952616442786E-4
2.585671822983776E-4
2.592388029667235E-4
2.5991618160433884E-4
2.606028608573401E-4
2.613052135321897E-4
2.620338967559855E-4
2.6280564908528835E-4
2.636452879611714E-4
2.645876108451737E-4
2.656787276541549E-4
2.6697619688808026E-4
2.6854726626337143E-4
2.7046460416437336E-4
2.727992124742842E-4
2.75610753480703E-4
2.7893624926776726E-4
2.8277887637337607E-4
2.8709915775077953E-4
2.918109961439486E-4
2.9678450258300594E-4
3.0185640921799947E-4
3.0684719861837393E-4
3.115823360453022E-4
3.159136885949952E-4
3.1973683825368623E-4
3.230007799569489E-4
3.25708294226777E-4
3.279075763685817E-4
3.296777664810908E-4
3.3111220565215334E-4
3.3230322481849785E-4
3.33331187325942E-4
3.3425885800374264E-4
3.351305948285619E-4
3.359748454911571E-4
3.3680815754823104E-4
3.376392390172099E-4
3.384722215201815E-4
3.3930887013320363E-4
3.401498710814564E-4
3.4099548094026843E-4
3.41845808964514E-4
3.4270092199586457E-4
3.435608772346458E-4
3.4442573063831876E-4
3.452955386250603E-4
3.4617035833522334E-4
3.470502476627764E-4
3.479352652614791E-4
3.4882547054841933E-4
3.4972092370618704E-4
3.506216856837307E-4
3.5152781819593567E-4
3.524393837219803E-4
3.533564455024999E-4
3.542790675356112E-4
3.5520731457183425E-4
3.561412521079521E-4
3.5708094637984956E-4
3.5802646435436974E-4
3.589778737202249E-4
3.5993524287799894E-4
3.60898640929281E-4
3.618681376649578E-4
3.6284380355271017E-4
3.638257097237378E-4
3.648139279587514E-4
3.658085306732587E-4
3.6680959090218374E-4
3.678171822838377E-4
3.688313790432742E-4
3.69852255975045E-4
3.7087988842535326E-4
3.7191435227356534E-4
3.7295572391294436E-4
3.740040802302573E-4
3.750594985834449E-4
3.7612205677553897E-4
3.7719183302094056E-4
3.7826890589592475E-4
3.793533542569193E-4
3.804452570941831E-4
3.815446932592146E-4
3.8265174095226083E-4
3.8376647676811344E-4
3.8488897395607725E-4
3.860192993339965E-4
3.8715750799347525E-4
3.8830363455552867E-4
3.8945767935262457E-4
3.906195877063942E-4
3.9178922080879836E-4
3.9296631823777323E-4
3.9415045581885495E-4
3.9534100966569257E-4
3.9653714918969936E-4
3.977378996766335E-4
3.98942338445394E-4
4.001500148920805E-4
4.013617072463411E-4
4.0258063608384335E-4
4.038142303272935E-4
4.0507646726673917E-4
4.063906692331898E-4
4.077924335942155E-4
4.093321202442703E-4
4.1107607365072166E-4
4.131055991274933E-4
4.155127500316863E-4
4.1839231059681765E-4
4.2183002428644015E-4
4.2588807026148947E-4
4.305898558349159E-4
4.3590707835136655E-4
4.417523673045679E-4
4.479803538693216E-4
4.5439862752087056E-4
4.6078791993799155E-4
4.669285074727555E-4
4.726279467629246E-4
4.777445266390723E-4
4.822016073121125E-4
4.859902099480566E-4
4.891601453807603E-4
4.918027646110987E-4
4.940301136784742E-4
4.959554412877452E-4
4.976787436544892E-4
4.992789567805054E-4
5.008123458036876E-4
5.023152603214393E-4
5.038089913203661E-4
5.053048296790603E-4
5.068081922465287E-4
5.083214434513383E-4
5.098455511790115E-4
5.113809261522698E-4
5.129277884947164E-4
5.144863043086016E-4
5.160566283208214E-4
5.176389146764913E-4
5.192333189611201E-4
5.208399983341468E-4
5.224591113666833E-4
5.240908178531139E-4
5.25735278626261E-4
5.273926553776379E-4
5.290631104827097E-4
5.307468068310524E-4
5.32443907661335E-4
5.341545764010252E-4
5.358789765107332E-4
5.376172713331105E-4
5.393696239462152E-4
5.411361970212552E-4
5.42917152684637E-4
5.447126523842323E-4
5.465228567597786E-4
5.483479255173416E-4
5.501880173077552E-4
5.520432896089696E-4
5.539138986122277E-4
5.557999991119892E-4
5.577017443995392E-4
5.596192861602064E-4
5.615527743741079E-4
5.635023572203497E-4
5.654681809845938E-4
5.67450389969871E-4
5.694491264104568E-4
5.714645303884554E-4
5.734967397523745E-4
5.755458900361646E-4
5.776121143753982E-4
5.796955434135614E-4
5.817963051837559E-4
5.83914524935842E-4
5.860503248495033E-4
5.88203823518308E-4
5.903751349895193E-4
5.925643669694138E-4
5.947716175112305E-4
5.969969690362982E-4
5.992404778359883E-4
6.0150215621547E-4
6.037819431822653E-4
6.060796582047579E-4
6.083949314782958E-4
6.1072710415992E-4
6.130750945464279E-4
6.154372331744378E-4
6.178110837772098E-4
6.201932903048948E-4
6.225795239371658E-4
6.249646463360837E-4
6.273432492873497E-4
6.297107622432418E-4
6.320653163473968E-4
6.34410489262358E-4
6.367589039703166E-4
6.39136404088954E-4
6.415861932409968E-4
6.441719629230602E-4
6.469787447700902E-4
6.501101468698993E-4
6.536809096093502E-4
6.578044326842878E-4
6.625760565741102E-4
6.680542448737042E-4
6.742430629910883E-4
6.810800420490453E-4
6.884332495245422E-4
6.961099632177571E-4
7.038769189287475E-4
7.114892284428712E-4
7.187225816857925E-4
7.254021137789E-4
7.314228881048043E-4
7.367551765588724E-4
7.414373001230172E-4
7.455579938096415E-4
7.492335765853695E-4
7.525856952394084E-4
7.557241650913897E-4
7.587371184828803E-4
7.616882544170725E-4
7.646192775457555E-4
7.675549907321028E-4
7.70508833594088E-4
7.734874988533815E-4
7.764941328599577E-4
7.795302325541739E-4
7.825966146562703E-4
7.856938419206877E-4
7.888223832591775E-4
7.919826645128948E-4
7.95175081955122E-4
7.98400005479104E-4
8.01657779545727E-4
8.049487237669208E-4
8.082731334435312E-4
8.116312800930581E-4
8.150234119693062E-4
8.184497545740379E-4
8.219105111607403E-4
8.254058632305996E-4
8.289359710207963E-4
8.325009739852039E-4
8.361009912675999E-4
8.39736122167485E-4
8.434064465985984E-4
8.471120255402365E-4
8.508529014814588E-4
8.546290988582787E-4
8.584406244839216E-4
8.622874679722524E-4
8.661696021544579E-4
8.700869834890679E-4
8.740395524654052E-4
8.780272340005492E-4
8.820499378298992E-4
8.861075588914101E-4
8.901999777035827E-4
8.943270607372435E-4
8.984886607811285E-4
9.026846173011651E-4
9.069147567930793E-4
9.111788931273761E-4
9.154768278844555E-4
9.198083506747558E-4
9.241732394328592E-4
9.285712606620534E-4
9.330021695809122E-4
9.374657100746744E-4
9.419616142616752E-4
9.464896013151016E-4
9.510493748786969E-4
9.556406178994547E-4
9.602629828551856E-4
9.649160740333067E-4
9.695994165623392E-4
9.743124041964668E-4
9.790542144448734E-4
9.838236758888258E-4
9.886190693845064E-4
9.93437844113444E-4
9.982762340038543E-4
0.0010031287738594735
0.001007987742093385
0.0010128426019921505
0.0010176795765723253
0.001022481567745462
0.0010272287035295244
0.0010318998406586603
0.0010364753270086392
0.0010409411980512602
0.001045294713345014
0.0010495507313638438
0.0010537479217057402
0.0010579533329005714
0.0010622635379901272
0.0010668006586483066
0.001071702174098928
0.001077104590314298
0.0010831226310328295
0.0010898272608851735
0.001097227054003023
0.0011052576556244745
0.0011137830094008932
0.001122609672179208
0.0011315124078638036
0.0011402662226528667
0.0011488178109489726
0.0011570260485067954
0.00116481909338277
0.0011721928540478843
0.0011791976682604063
0.0011859179839390028
0.0011924508410315184
0.0011988880984014569
0.0012053052124530509
0.0012117569196895028
0.0012182782973412583
0.0012248888428399074
0.0012315973733990312
0.0012384062944850733
0.0012453146378337994
0.0012523198943521932
0.0012594189625624258
0.0012666085693988302
0.0012738854288385074
0.0012812462917081674
0.0012886879581098278
0.001296207279443577
0.001303801158170791
0.0013114665472211706
0.0013192004493684567
0.0013269999166109399
0.0013348620495586582
0.0013427839968272231
0.0013507629544382183
0.0013587961652260794
0.0013668809182514224
0.0013750145482207376
0.0013831944349123732
0.0013914180026087842
0.0013996827195349524
0.001407986097302912
0.0014163256903623588
0.001424699095457237
0.001433103951088265
0.00144153793698135
0.0014499987735618058
0.0014584842214343471
0.0014669920808687772
0.001475520191291318
0.0014840664307815333
0.0014926287155747665
0.001501204999570035
0.0015097932738432668
0.0015183915661657252
0.0015269979405272928
0.0015356104966639393
0.0015442273695878332
0.0015528467291166877
0.0015614667793948454
0.0015700857583898146
0.0015787019373297254
0.0015873136200102288
0.0015959191418264357
0.0016045168682456827
0.0016131051921771992
0.001621682529227128
0.0016302473090147535
0.001638797959366165
0.0016473328780202089
0.0016558503831449094
0.0016643486291352194
0.0016728254676416107
0.0016812782257342685
0.0016897033644563467
0.0016980959739074345
0.0017064490592912404
0.0017147525819275436
0.0017229922476513604
0.0017311480902884348
0.0017391929856475433
0.0017470913507172576
0.0017547984206102347
0.0017622606227800021
0.0017694176365487173
0.0017762066752039973
0.0017825692977444844
0.001788460611736322
0.001793860084501442
0.0017987824316984405
0.0018032863807622697
0.0018074787551192158
0.0018115115396111967
0.0018155705253924763
0.0018198557648003487
0.0018245561148323686
0.0018298220968970443
0.0018357425141513914
0.0018423301931966255
0.0018495206193121182
0.0018571843651450628
0.001884475066182499
0.0019114020690962255
0.0019378354081055881
0.0019636789348112314
0.0019888794162685355
0.002013425513461569
0.002037338858682842
0.0020606611146689853
0.0020834410825327485
0.0021057248364088526
0.0021275501508355847
0.0021489448984537856
0.002169928140333742
0.0021905124278315618
0.0022107061742794205
0.002230515496226342
0.0022499453876904363
0.0022690003524699904
0.0022876846936062487
0.0023060026256193277
0.0023239583109992005
0.002341555870076835
0.0023587993833447196
0.002375692892106093
0.0023922403988505155
0.00240844586759782
0.0024243132242376558
0.0024398463568661814
0.002455049116119957
0.002469925315506996
0.0024844787317350446
0.002498713105037117
0.002512632139494275
0.0025262395033556827
0.0025395388293559993
0.0025525337150300773
0.002565227723025006
0.0025776243814095534
0.0025897271839809746
0.0026015395905692406
0.00261306502733872
0.0026243068870872954
0.002635268529542965
0.002645953281657955
0.002656364437900316
0.0026665052605430897
0.0026763789799509976
0.002685988794864681
0.0026953378726824436
0.0027044293497393863
0.002713266331583602
0.0027218518932486894
0.0027301890795206622
0.002738280905195094
0.0027461303553149036
0.0027537403853680393
0.002761113921400526
0.002768253859952239
0.002775163067626738
0.002781844379921369
0.0027883005985959975
0.0027945344862262116
0.0028005487554730894
0.002806346048710293
0.0028119289005592257
0.0028172996710497033
0.0028224604299283826
0.002827412762534358
0.002832157454476658
0.002836693996771967
0.002841019837391313
0.002845129293971896
0.0028490120435255934
0.0028526511293256204
0.002856020486002384
0.002859082093754781
0.0028617830380481455
0.0028640529654500348
0.002865802661191928
0.0028669246743420014
0.002867297000527065
0.002866790703924802
0.002865281934901782
0.0028626680409065686
0.002858886429007787
0.0028539336896662645
0.0028478815194331957
0.002840885538793819
0.002833183513529829
0.002825080918855337
0.002816924124619444
0.0028090642872492977
0.0028018175979760912
0.002795429055416521
0.0027900467807705945
0.00545936381583134
0.005411579053757416
0.0053664989404981715
0.005323828994151116
0.005283188167906496
0.00524416969865506
0.005206391875830023
0.00516953175832812
0.005133340161510992
0.005097640788603391
0.005062319016840253
0.005027306283155215
0.004992564766430836
0.004958075062282986
0.004923827666107838
0.004889817831728775
0.00485604284655045
0.004822500766003411
0.004789189901991521
0.004756108645039609
0.004723255412017366
0.00469062863344815
0.004658226751020858
0.004626048217172694
0.004594091494983183
0.004562355058099458
0.004530837390663531
0.004499536987240064
0.00446845235274466
0.00443758200237265
0.004406924461528328
0.004376478265754723
0.004346241960663851
0.004316214101867411
0.004286393254907999
0.004256777995190781
0.004227366907915637
0.004198158588009773
0.0041691516400607954
0.004140344678250274
0.004111736326287702
0.004083325217344989
0.004055109993991339
0.004027089308128627
0.003999261820927185
0.0039716262027620535
0.003944181133149651
0.003916925300684871
0.003889857402978612
0.0038629761465955857
0.003836280246992392
0.0038097684284555187
0.003783439424038443
0.003757291975496241
0.0037313248332137357
0.00370553675611844
0.003679926511559282
0.003654492875110255
0.0036292346302139685
0.003604150567491745
0.0035792394833759904
0.003554500177398752
0.0035299314468825475
0.003505532076740232
0.00348130082031485
0.0034572363642695644
0.0034333372659283486
0.00340960184452957
0.003386027997968019
0.003362612903430914
0.003339352544278836
0.0033162409883838086
0.003293269328943759
0.0032704241946014344
0.0032476857519729025
0.0032250251736913858
0.0032024016425228514
0.0031797591166165796
0.00315702329111802
0.003134099436624484
0.0031108720285925747
0.0030872072290442742
0.0030629592476395747
0.0030379812986090545
0.0030121412223618606
0.0029853408695088898
0.0029575371734868977
0.0029287617093333904
0.002899134785311728
0.0028688700903349617
0.002838266871869796
0.00280768857087158
0.0027775295103620147
0.0027481740396159246
0.0027199547143034854
