6.059693046513452E-8
1.2276141788239893E-7
1.8642547651229575E-7
2.514753111862076E-7
3.177588348914786E-7
3.8509594034275746E-7
4.5329050540277214E-7
5.221429327877481E-7
5.914620042454639E-7
6.61074969303775E-7
7.308350631472348E-7
8.006260099745527E-7
8.703634577693278E-7
9.39993647399629E-7
1.0094898933016192E-6
1.078847613381322E-6
1.1480786835530805E-6
1.21720582056485E-6
1.286257544879131E-6
1.3552640813177413E-6
1.4242543569136287E-6
1.4932540839009114E-6
1.5622847906163344E-6
1.6313635913678538E-6
1.7005034642644265E-6
1.7697138224128806E-6
1.8390012042959366E-6
1.908369959447261E-6
1.97782285453895E-6
2.0473615655693293E-6
2.11698705088198E-6
2.18669981732038E-6
2.2565000999459287E-6
2.3263879772423757E-6
2.3963634413547335E-6
2.466426438860663E-6
2.5365768933114446E-6
2.6068147171005006E-6
2.6771398174123662E-6
2.747552099059335E-6
2.8180514657671562E-6
2.8886378207286158E-6
2.959311066830105E-6
3.0300711067401925E-6
3.1009178429431915E-6
3.1718511777521935E-6
3.242871013314834E-6
3.3139772516167028E-6
3.3851697944840354E-6
3.4564485435862074E-6
3.527813400438189E-6
3.5992642664030117E-6
3.6708010426942285E-6
3.7424236303784085E-6
3.81413193037764E-6
3.885925843472055E-6
3.957805270302368E-6
4.029770111372423E-6
4.1018202670517675E-6
4.1739556375782525E-6
4.2461761230606094E-6
4.318481623481105E-6
4.3908720386981535E-6
4.463347268449001E-6
4.535907212352375E-6
4.6085517699111754E-6
4.6812808405152115E-6
4.754094323443891E-6
4.826992117868993E-6
4.899974122857418E-6
4.97304023737397E-6
5.04619036028414E-6
5.1194243903569586E-6
5.192742226267786E-6
5.266143766601196E-6
5.339628909853835E-6
5.413197554437308E-6
5.4868495986810885E-6
5.560584940835453E-6
5.634403479074427E-6
5.708305111498713E-6
5.782289736138727E-6
5.856357250957581E-6
5.930507553854068E-6
6.0047405426657715E-6
6.079056115172053E-6
6.153454169097192E-6
6.227934602113437E-6
6.30249731184416E-6
6.377142195866965E-6
6.451869151716888E-6
6.5266780768895136E-6
6.601568868844219E-6
6.676541425007399E-6
6.751595642775656E-6
6.8267314195191E-6
6.901948652584622E-6
6.977247239299195E-6
7.0526270769731684E-6
7.128088062903633E-6
7.203630094377779E-6
7.279253068676297E-6
7.354956883076733E-6
7.43074143485696E-6
7.5066066212985914E-6
7.582552339690502E-6
7.658578487332246E-6
7.734684961537623E-6
7.810871659638165E-6
7.887138478986742E-6
7.963485316961098E-6
8.039912070967451E-6
8.116418638444167E-6
8.193004916865296E-6
8.26967080374437E-6
8.346416196637966E-6
8.423240993149467E-6
8.500145090932826E-6
8.57712838769628E-6
8.654190781206116E-6
8.7313321692905E-6
8.808552449843306E-6
8.88585152082792E-6
8.963229280281136E-6
9.040685626317053E-6
9.118220457131005E-6
9.195833671003395E-6
9.273525166303834E-6
9.351294841494961E-6
9.42914259513655E-6
9.507068325889513E-6
9.585071932519945E-6
9.663153313903216E-6
9.741312369028103E-6
9.819548997000913E-6
9.897863097049689E-6
9.976254568528393E-6
1.0054723310921328E-5
1.0133269223847523E-5
1.0211892207065542E-5
1.029059216047859E-5
1.0369368984140666E-5
1.0448222578264028E-5
1.0527152843229746E-5
1.060615967960329E-5
1.0685242988159447E-5
1.0764402669924057E-5
1.0843638626245449E-5
1.0922950758917953E-5
1.1002338970396468E-5
1.1081803164167416E-5
1.1161343245387066E-5
1.1240959121970828E-5
1.132065070643605E-5
1.1400417918989738E-5
1.1480260692650735E-5
1.1560178981658483E-5
1.1640172775129651E-5
1.172024211899459E-5
1.1800387150837245E-5
1.1880608154590548E-5
1.1960905645387587E-5
1.2041280499596949E-5
1.2121734151617677E-5
1.2202268887883131E-5
1.2282888280276187E-5
1.2363597816318646E-5
1.244440580248369E-5
1.252532463993131E-5
1.2606372598544308E-5
1.2687576244242389E-5
1.2768973703975197E-5
1.2850618978889356E-5
1.2932587533487488E-5
1.3014983389694682E-5
1.309794793015099E-5
1.3181670553638985E-5
1.3266401215445593E-5
1.3352464715525434E-5
1.344027635947777E-5
1.3530358309444104E-5
1.3623355571344142E-5
1.3720050151535942E-5
1.3821371495881934E-5
1.3928400950286418E-5
1.4042367722948253E-5
1.4164633765104773E-5
1.4296665201874019E-5
1.4439988510749416E-5
1.4596130608981162E-5
1.4766543375438883E-5
1.4952514841044539E-5
1.5155071208025988E-5
1.537487580471369E-5
1.561213279298092E-5
1.5866504630658356E-5
1.6137052669631228E-5
1.6422209616919233E-5
1.6719790784021155E-5
1.7027048133785614E-5
1.728017038419838E-5
1.75346421148742E-5
1.7786822296026862E-5
1.8033135815100433E-5
1.8270253561970787E-5
1.849525720404113E-5
1.8705774685932744E-5
1.8900075320604387E-5
1.9077117512050055E-5
1.9236547115344223E-5
1.9378649521923594E-5
1.9504263066631946E-5
1.961466470095142E-5
1.971144067678006E-5
1.979635510790052E-5
1.9871227858342563E-5
1.99378306077272E-5
1.999780666491203E-5
2.0052616685791348E-5
2.0103509385743005E-5
2.0151513977580888E-5
2.0197449596583816E-5
2.0241946407389338E-5
2.0285473294203423E-5
2.0328367797357802E-5
2.037086502549459E-5
2.041312341219297E-5
2.0455246220821367E-5
2.0497298522988796E-5
2.0539319942538667E-5
2.0581333780135992E-5
2.0623353258261028E-5
2.0665385612041836E-5
2.070743465579005E-5
2.074950232556676E-5
2.079158956727002E-5
2.0833696826205697E-5
2.0875824305341462E-5
2.09179720955566E-5
2.0960140238382047E-5
2.1002328754827262E-5
2.104453765799599E-5
2.1086766958336844E-5
2.1129016665718126E-5
2.1171286790205785E-5
2.1213577342340553E-5
2.1255888333232358E-5
2.1298219774592617E-5
2.1340571678746502E-5
2.1382944058638866E-5
2.1425336927838974E-5
2.1467750300544482E-5
2.151018419158541E-5
2.155263861642823E-5
2.1595113591179762E-5
2.163760913259139E-5
2.1680125258062876E-5
2.172266198564675E-5
2.1765219334052147E-5
2.1807797322649093E-5
2.185039597147259E-5
2.1893015301226766E-5
2.1935655333289143E-5
2.1978316089714806E-5
2.2020997593240653E-5
2.2063699867289687E-5
2.210642293597527E-5
2.2149166824105427E-5
2.2191931557187192E-5
2.2234717161431004E-5
2.2277523663755113E-5
2.2320351091789816E-5
2.2363199473882103E-5
2.2406068839100007E-5
2.2448959217237123E-5
2.249187063881704E-5
2.253480313509801E-5
2.257775673807735E-5
2.2620731480496116E-5
2.2663727395843777E-5
2.2706744518362653E-5
2.2749782883052703E-5
2.279284252567625E-5
2.2835923482762555E-5
2.28790257916127E-5
2.2922149490304245E-5
2.296529461769597E-5
2.3008461213432877E-5
2.3051649317950858E-5
2.3094858972481596E-5
2.3138090219057466E-5
2.3181343100516508E-5
2.3224617660507193E-5
2.326791394349361E-5
2.331123199476033E-5
2.3354571860417446E-5
2.3397933587405584E-5
2.3441317223501053E-5
2.3484722817320874E-5
2.3528150418327935E-5
2.357160007683612E-5
2.3615071844015383E-5
2.3658565771897237E-5
2.370208191337965E-5
2.3745620322232434E-5
2.3789181053102576E-5
2.383276416151936E-5
2.387636970389997E-5
2.3919997737554528E-5
2.3963648320691648E-5
2.400732151242378E-5
2.4051017372772746E-5
2.4094735962674934E-5
2.4138477343987076E-5
2.4182241579491468E-5
2.4226028732901747E-5
2.4269838868868216E-5
2.4313672052983453E-5
2.4357528351788004E-5
2.440140783277599E-5
2.444531056440061E-5
2.4489236616079925E-5
2.4533186058202513E-5
2.457715896213312E-5
2.462115540021847E-5
2.4665175445792977E-5
2.4709219173184532E-5
2.4753286657720247E-5
2.4797377975732276E-5
2.484149320456384E-5
2.4885632422574775E-5
2.4929795709147638E-5
2.4973983144693514E-5
2.501819481065805E-5
2.5062430789527194E-5
2.5106691164833442E-5
2.5150976021161693E-5
2.519528544415543E-5
2.52396195205229E-5
2.528397833804355E-5
2.5328361985574936E-5
2.537277055306012E-5
2.5417204131536626E-5
2.54616628131476E-5
2.550614669115774E-5
2.5550655859976972E-5
2.5595190415199004E-5
2.5639750453666088E-5
2.5684336073580325E-5
2.5728947374696807E-5
2.5773584458659067E-5
2.5818247429580018E-5
2.586293639504172E-5
2.590765146780229E-5
2.5952392768685117E-5
2.5997160431422577E-5
2.6041954610697053E-5
2.6086775495352895E-5
2.6131623329876587E-5
2.6176498448941926E-5
2.6221401332353132E-5
2.626633269143794E-5
2.6311293603312933E-5
2.6356285717056408E-5
2.640131156641336E-5
2.6446375038086806E-5
2.649148206389015E-5
2.6536641630000902E-5
2.6581867228069188E-5
2.6627178911399856E-5
2.667260616451793E-5
2.671819184460731E-5
2.676399750529426E-5
2.681011046134003E-5
2.685665298832122E-5
2.690379406213549E-5
2.6951764013379902E-5
2.7000872382325344E-5
2.705152909044651E-5
2.710426877380638E-5
2.715977773566463E-5
2.721892246310725E-5
2.7282778022827537E-5
2.7352653933178524E-5
2.743011435880889E-5
2.7516988776339718E-5
2.7615368730072885E-5
2.7727586074534797E-5
2.7856168334787653E-5
2.8003767644221365E-5
2.8173061243175742E-5
2.836662377116369E-5
2.8586774492266097E-5
2.8835405967252102E-5
2.9113804207589673E-5
2.942247358085819E-5
2.9760982173740904E-5
3.0127844437408255E-5
3.052045729600065E-5
3.093510321675052E-5
3.13670289989423E-5
3.181060252800955E-5
3.225954207111161E-5
3.270720474485278E-5
3.3146913612974225E-5
3.357229752995515E-5
3.3977615223676586E-5
3.435803575507764E-5
3.4709851489785286E-5
3.5030606639206996E-5
3.531913338333997E-5
3.557549735065112E-5
3.5800863450468374E-5
3.5997300483254457E-5
3.616754766374255E-5
3.63147677179479E-5
3.644230961799574E-5
3.655349983764599E-5
3.6651475131121965E-5
3.6739063301410536E-5
3.681871223416446E-5
3.689246242428767E-5
3.696195479543296E-5
3.702846394620134E-5
3.7092946886648344E-5
3.715609847889757E-5
3.721840669091123E-5
3.7280202944316505E-5
3.734170490340908E-5
3.740305075957206E-5
3.746432529480736E-5
3.7525578754890764E-5
3.7586839898957806E-5
3.76481246281423E-5
3.770944144626063E-5
3.777079476857846E-5
3.783218684133077E-5
3.7893618807546306E-5
3.795509127314685E-5
3.801660459432692E-5
3.8078159016847335E-5
3.81397547404185E-5
3.820139194703846E-5
3.826307081285234E-5
3.832479151286327E-5
3.8386554222707896E-5
3.844835911929152E-5
3.851020638100616E-5
3.857209618780507E-5
3.86340287212311E-5
3.869600416443071E-5
3.875802270216497E-5
3.8820084520818815E-5
3.8882189808410564E-5
3.894433875460151E-5
3.9006531550705306E-5
3.9068768389697586E-5
3.9131049466225755E-5
3.919337497661889E-5
3.925574511889732E-5
3.931816009278271E-5
3.938062009970817E-5
3.9443125342828024E-5
3.950567602702848E-5
3.956827235893731E-5
3.963091454693461E-5
3.969360280116287E-5
3.975633733353762E-5
3.981911835775789E-5
3.988194608931672E-5
3.9944820745511846E-5
4.000774254545648E-5
4.0070711710089884E-5
4.0133728462188456E-5
4.0196793026376554E-5
4.025990562913708E-5
4.0323066498823084E-5
4.0386275865668426E-5
4.0449533961798874E-5
4.051284102124337E-5
4.057619727994532E-5
4.0639602975773575E-5
4.0703058348534046E-5
4.0766563639980706E-5
4.0830119093827214E-5
4.0893724955758256E-5
4.095738147344097E-5
4.1021088896536466E-5
4.1084847476711334E-5
4.1148657467649184E-5
4.1212519125062325E-5
4.127643270670324E-5
4.134039847237622E-5
4.140441668394917E-5
4.1468487605365187E-5
4.153261150265429E-5
4.1596788643945104E-5
4.1661019299476676E-5
4.172530374161011E-5
4.178964224484041E-5
4.185403508580832E-5
4.1918482543311875E-5
4.198298489831855E-5
4.2047542433976546E-5
4.211215543562708E-5
4.21768241908159E-5
4.2241548989305056E-5
4.2306330123084994E-5
4.237116788638585E-5
4.243606257568961E-5
4.250101448974175E-5
4.256602392956291E-5
4.26310911984607E-5
4.269621660204147E-5
4.2761400448221864E-5
4.282664304724063E-5
4.2891944711670125E-5
4.295730575642828E-5
4.302272649878967E-5
4.3088207258397576E-5
4.315374835727529E-5
4.32193501198377E-5
4.328501287290264E-5
4.3350736945702585E-5
4.341652266989581E-5
4.348237037957787E-5
4.354828041129296E-5
4.3614253104045026E-5
4.36802887993091E-5
4.3746387841042604E-5
4.38125505756962E-5
4.38787773522251E-5
4.394506852210001E-5
4.401142443931808E-5
4.407784546041387E-5
4.414433194447015E-5
4.421088425312879E-5
4.4277502750601576E-5
4.434418780368083E-5
4.441093978175027E-5
4.447775905679596E-5
4.4544646003417615E-5
4.4611600998840555E-5
4.4678624422928736E-5
4.474571665820072E-5
4.481287808985028E-5
4.488010910577588E-5
4.494741009662642E-5
4.501478145587668E-5
4.508222357995602E-5
4.514973686847104E-5
4.521732172459471E-5
4.5284978555743986E-5
4.535270777475614E-5
4.542050980191463E-5
4.5488385068410964E-5
4.555633402220317E-5
4.5624357137836376E-5
4.569245493273631E-5
4.576062799395899E-5
4.582887702163378E-5
4.5897202898739135E-5
4.5965606801901686E-5
4.60340903752952E-5
4.6102656000319834E-5
4.6171307208695185E-5
4.6240049307259276E-5
4.6308890310700575E-5
4.6377842315317186E-5
4.644692349426278E-5
4.651616095371883E-5
4.658559476020931E-5
4.665528353039417E-5
4.6725312062146195E-5
4.679580157196699E-5
4.686692317656846E-5
4.6938915297808775E-5
4.701210565595775E-5
4.7086938416290004E-5
4.7164006833523864E-5
4.724409136154866E-5
4.7328202630035104E-5
4.7417627914279386E-5
4.751397874046986E-5
4.761923610795628E-5
4.7735788547958026E-5
4.786645699970825E-5
4.801449944810689E-5
4.8183587655481056E-5
4.837774838604013E-5
4.86012625140544E-5
4.885851752805018E-5
4.915381229679759E-5
4.949111749905507E-5
4.987380059041796E-5
5.0304330118005155E-5
5.0783979916380635E-5
5.1312558386935546E-5
5.188819077955816E-5
5.250718234038581E-5
5.31639867826219E-5
5.385129759289024E-5
5.456026952805068E-5
5.5280865166765695E-5
5.600230793992579E-5
5.671361040491016E-5
5.7404136480230134E-5
5.806415054504293E-5
5.868530585065865E-5
5.926102995881793E-5
5.9786775415502966E-5
6.0260118256866473E-5
6.068070325541347E-5
6.10500507681273E-5
6.137125344397111E-5
6.16486001488658E-5
6.188716828560791E-5
6.209242412589107E-5
6.22698645821225E-5
6.242472442837254E-5
6.256176207528657E-5
6.268512635535188E-5
6.279829782105397E-5
6.290409172924816E-5
6.300470652573231E-5
6.310180106356233E-5
6.319658540243333E-5
6.328991305520158E-5
6.338236616415749E-5
6.347432862437693E-5
6.356604515610053E-5
6.365766652585292E-5
6.374928249137761E-5
6.384094470455173E-5
6.39326819296151E-5
6.40245097174447E-5
6.411643629182939E-5
6.420846597751209E-5
6.430060111054025E-5
6.439284305639317E-5
6.448519272850758E-5
6.457765084038299E-5
6.467021802245547E-5
6.476289487369129E-5
6.485568198324447E-5
6.494857993909238E-5
6.504158933130892E-5
6.513471075324817E-5
6.5227944801963E-5
6.532129207835904E-5
6.541475318726299E-5
6.550832873746475E-5
6.560201934175273E-5
6.569582561694706E-5
6.578974818393144E-5
6.588378766768602E-5
6.597794469731902E-5
6.607221990609853E-5
6.616661393148413E-5
6.62611274151585E-5
6.635576100305843E-5
6.645051534540549E-5
6.654539109673668E-5
6.664038891593534E-5
6.673550946626075E-5
6.68307534153777E-5
6.692612143538634E-5
6.702161420285118E-5
6.711723239882958E-5
6.721297670890083E-5
6.730884782319357E-5
6.740484643641366E-5
6.750097324787177E-5
6.759722896150977E-5
6.769361428592783E-5
6.779012993441013E-5
6.788677662495062E-5
6.798355508027819E-5
6.808046602788177E-5
6.817751020003425E-5
6.827468833381671E-5
6.837200117114184E-5
6.846944945877665E-5
6.85670339483651E-5
6.866475539645008E-5
6.87626145644951E-5
6.886061221890466E-5
6.895874913104547E-5
6.905702607726605E-5
6.915544383891608E-5
6.925400320236574E-5
6.935270495902351E-5
6.945154990535446E-5
6.955053884289746E-5
6.964967257828186E-5
6.974895192324362E-5
6.984837769464138E-5
6.994795071447079E-5
7.004767180987995E-5
7.014754181318258E-5
7.02475615618719E-5
7.034773189863306E-5
7.044805367135574E-5
7.054852773314557E-5
7.064915494233507E-5
7.07499361624944E-5
7.08508722624411E-5
7.095196411624922E-5
7.105321260325837E-5
7.115461860808136E-5
7.125618302061212E-5
7.135790673603222E-5
7.145979065481727E-5
7.15618356827429E-5
7.166404273088927E-5
7.176641271564605E-5
7.186894655871586E-5
7.197164518711773E-5
7.207450953318984E-5
7.217754053459125E-5
7.228073913430361E-5
7.238410628063173E-5
7.248764292720399E-5
7.259135003297152E-5
7.26952285622078E-5
7.279927948450647E-5
7.290350377477917E-5
7.300790241325307E-5
7.311247638546687E-5
7.321722668226695E-5
7.332215429980294E-5
7.342726023952177E-5
7.353254550816246E-5
7.363801111774927E-5
7.374365808558454E-5
7.384948743424111E-5
7.395550019155414E-5
7.40616973906119E-5
7.416808006974664E-5
7.42746492725243E-5
7.438140604773425E-5
7.448835144937828E-5
7.459548653665951E-5
7.470281237397174E-5
7.481033003088935E-5
7.491804058215926E-5
7.502594510769853E-5
7.513404469259933E-5
7.524234042715372E-5
7.535083340690837E-5
7.54595247327796E-5
7.556841551127389E-5
7.567750685489614E-5
7.57867998828894E-5
7.589629572255135E-5
7.600599551154195E-5
7.611590040188364E-5
7.622601156681101E-5
7.633633021237269E-5
7.6446857596868E-5
7.655759506305118E-5
7.666854409089901E-5
7.677970638310205E-5
7.689108400198392E-5
7.700267958621538E-5
7.711449668971664E-5
7.722654030511132E-5
7.73388176620117E-5
7.745133942857595E-5
7.756412149576487E-5
7.767718759008575E-5
7.779057304443723E-5
7.790433015894186E-5
7.801853570321181E-5
7.813330124378945E-5
7.824878711598142E-5
7.836522098169089E-5
7.848292199948312E-5
7.8602331645753E-5
7.872405212254557E-5
7.884889301617337E-5
7.897792637504829E-5
7.911254960194144E-5
7.92545544659449E-5
7.940619912156386E-5
7.95702783101589E-5
7.975018500762099E-5
7.994995484259013E-5
8.017428289483312E-5
8.042850132313167E-5
8.071850604925463E-5
8.105062183269693E-5
8.143139785021225E-5
8.186733055272408E-5
8.23645171005523E-5
8.292825077350295E-5
8.356257877262441E-5
8.426985179439222E-5
8.505030241302501E-5
8.590169426675002E-5
8.681908499458694E-5
8.779474181108133E-5
8.881823910546682E-5
8.98767528343678E-5
9.09555479293903E-5
9.203863445796299E-5
9.31095484501825E-5
9.415219696424048E-5
9.515169671081224E-5
9.609513329103317E-5
9.697217461947016E-5
9.777548687087942E-5
9.850092245894129E-5
9.914747422588555E-5
9.971701471962932E-5
1.0021386071313717E-4
1.0064421816194343E-4
1.0101556988796339E-4
1.0133606706446887E-4
1.0161397703685747E-4
1.0185722618319553E-4
1.0207306003353593E-4
1.0226782643332304E-4
1.0244687344590122E-4
1.0261454348119466E-4
1.0277423945395677E-4
1.0292853741382419E-4
1.0307932221146502E-4
1.0322792718116017E-4
1.0337526428295657E-4
1.0352193658553317E-4
1.0366832962842346E-4
1.0381468168021181E-4
1.0396113512543736E-4
1.0410777231270202E-4
1.0425463944926164E-4
1.044017618342845E-4
1.045491531518176E-4
1.0469682089598956E-4
1.048447694011843E-4
1.049930014604138E-4
1.0514151915119302E-4
1.0529032423783159E-4
1.0543941835826039E-4
1.0558880310663751E-4
1.0573848006806818E-4
1.058884508324551E-4
1.0603871699973636E-4
1.0618928018176086E-4
1.0634014200292525E-4
1.0649130410037934E-4
1.0664276812408872E-4
1.0679453573684892E-4
1.06946608614285E-4
1.070989884448411E-4
1.0725167692976556E-4
1.0740467578309061E-4
1.0755798673160723E-4
1.0771161151483593E-4
1.07865551884992E-4
1.0801980960694768E-4
1.0817438645818883E-4
1.0832928422876762E-4
1.0848450472125132E-4
1.086400497506672E-4
1.0879592114444233E-4
1.0895212074234085E-4
1.0910865039639634E-4
1.0926551197084089E-4
1.094227073420306E-4
1.0958023839836716E-4
1.0973810704021609E-4
1.0989631517982113E-4
1.1005486474121647E-4
1.1021375766013362E-4
1.1037299588390734E-4
1.105325813713768E-4
1.1069251609278438E-4
1.1085280202967088E-4
1.1101344117476906E-4
1.1117443553189236E-4
1.1133578711582276E-4
1.1149749795219477E-4
1.1165957007737693E-4
1.1182200553835106E-4
1.1198480639258868E-4
1.1214797470792492E-4
1.123115125624302E-4
1.1247542204427966E-4
1.1263970525161997E-4
1.1280436429243426E-4
1.129694012844046E-4
1.131348183547726E-4
1.1330061764019797E-4
1.1346680128661498E-4
1.1363337144908686E-4
1.1380033029165897E-4
1.1396767998720903E-4
1.1413542271729704E-4
1.1430356067201194E-4
1.1447209604981794E-4
1.1464103105739888E-4
1.1481036790949998E-4
1.1498010882876962E-4
1.1515025604559932E-4
1.1532081179796139E-4
1.1549177833124622E-4
1.1566315789809798E-4
1.1583495275824883E-4
1.1600716517835224E-4
1.1617979743181538E-4
1.1635285179862922E-4
1.1652633056519937E-4
1.1670023602417403E-4
1.1687457047427267E-4
1.1704933622011225E-4
1.1722453557203377E-4
1.1740017084592734E-4
1.1757624436305624E-4
1.1775275844988107E-4
1.1792971543788229E-4
1.1810711766338236E-4
1.1828496746736762E-4
1.1846326719530864E-4
1.1864201919698122E-4
1.1882122582628545E-4
1.1900088944106605E-4
1.1918101240293028E-4
1.193615970770666E-4
1.1954264583206311E-4
1.1972416103972468E-4
1.1990614507489041E-4
1.200886003152509E-4
1.2027152914116476E-4
1.2045493393547515E-4
1.2063881708332637E-4
1.2082318097197985E-4
1.2100802799063018E-4
1.2119336053022134E-4
1.2137918098326218E-4
1.215654917436429E-4
1.2175229520645026E-4
1.219395937677847E-4
1.2212738982457622E-4
1.2231568577440263E-4
1.225044840153081E-4
1.2269378694562563E-4
1.2288359696380514E-4
1.2307391646825116E-4
1.2326474785718082E-4
1.234560935285177E-4
1.2364795587984915E-4
1.2384033730850134E-4
1.2403324021182296E-4
1.2422666698783694E-4
1.244206200365414E-4
1.2461510176233083E-4
1.2481011457834659E-4
1.2500566091409892E-4
1.2520174322858753E-4
1.2539836403255492E-4
1.2559552592573413E-4
1.2579323165842765E-4
1.259914842320924E-4
1.2619028706167498E-4
1.2638964423446043E-4
1.2658956091777564E-4
1.2679004399315043E-4
1.2699110303012612E-4
1.271927517620186E-4
1.2739501029216115E-4
1.2759790834619513E-4
1.278014899971476E-4
1.2800582042730063E-4
1.2821099545364556E-4
1.2841715472711852E-4
1.2862449970838552E-4
1.2883331770432505E-4
1.2904401338769225E-4
1.292571492725213E-4
1.2947349652031367E-4
1.296940971351003E-4
1.2992033798945874E-4
1.301540361304528E-4
1.303975333819109E-4
1.3065379636032927E-4
1.309265156872865E-4
1.312201955259359E-4
1.315402218117679E-4
1.3189289502406324E-4
1.3228541150257344E-4
1.3272577668751098E-4
1.332226348126851E-4
1.3378500301810498E-4
1.344219039098055E-4
1.3514189933327422E-4
1.3595253919442557E-4
1.3685975173333823E-4
1.378672144173837E-4
1.3897575584851253E-4
1.4018284695816794E-4
1.414822417069241E-4
1.4286382337593342E-4
1.443137001975848E-4
1.4581457450392994E-4
1.4734638413473828E-4
1.4888718621641848E-4
1.5041422517629162E-4
1.5190510298612443E-4
1.533389538979737E-4
1.546975211938932E-4
1.5596604106585726E-4
1.571338581605117E-4
1.5819472616505903E-4
1.5914678112332229E-4
1.5999221010010886E-4
1.6073666844263032E-4
1.613885211082986E-4
1.619579947319055E-4
1.624563265838266E-4
1.6289498552492145E-4
1.6328502124265723E-4
1.636365751237194E-4
1.639585629169569E-4
1.642585191749782E-4
1.6454257860966945E-4
1.6481556097237797E-4
1.6508112368209606E-4
1.6534194905310786E-4
1.6559993896710779E-4
1.6585639743111108E-4
1.6611218912558338E-4
1.663678686767623E-4
1.6662378038578146E-4
1.6688013137102728E-4
1.6713704271624865E-4
1.6739458363675643E-4
1.6765279330322144E-4
1.6791169417842384E-4
1.6817129981537852E-4
1.6843161921878023E-4
1.6869265917689912E-4
1.6895442545229898E-4
1.6921692336167954E-4
1.6948015804455047E-4
1.697441345812083E-4
1.700088580414055E-4
1.7027433350279666E-4
1.705405660569171E-4
1.708075608103068E-4
1.7107532288386764E-4
1.7134385741162072E-4
1.7161316953928917E-4
1.7188326442283967E-4
1.72154147227031E-4
1.7242582312398215E-4
1.7269829729175753E-4
1.729715749129786E-4
1.732456611734543E-4
1.735205612608332E-4
1.7379628036327826E-4
1.740728236681624E-4
1.743501963607826E-4
1.7462840362309867E-4
1.7490745063248965E-4
1.751873425605303E-4
1.7546808457178991E-4
1.7574968182264915E-4
1.7603213946013562E-4
1.763154626207812E-4
1.7659965642949802E-4
1.7688472599847107E-4
1.7717067642607307E-4
1.7745751279579542E-4
1.777452401751984E-4
1.780338636148802E-4
1.7832338814746185E-4
1.7861381878659326E-4
1.789051605259738E-4
1.7919741833839143E-4
1.794905971747807E-4
1.797847019632939E-4
1.800797376083939E-4
1.8037570898995982E-4
1.806726209624109E-4
1.8097047835384698E-4
1.8126928596520392E-4
1.8156904856942625E-4
1.8186977091065476E-4
1.821714577034297E-4
1.824741136319106E-4
1.8277774334910988E-4
1.830823514761423E-4
1.833879426014894E-4
1.8369452128027885E-4
1.8400209203357713E-4
1.8431065934769895E-4
1.846202276735293E-4
1.8493080142585955E-4
1.852423849827388E-4
1.85554982684837E-4
1.8586859883482494E-4
1.8618323769676383E-4
1.864989034955111E-4
1.868156004161382E-4
1.8713333260336228E-4
1.8745210416098922E-4
1.877719191513715E-4
1.880927815948762E-4
1.8841469546936854E-4
1.8873766470970432E-4
1.890616932072371E-4
1.893867848093366E-4
1.8971294331891834E-4
1.9004017249398594E-4
1.903684760471845E-4
1.9069785764536557E-4
1.9102832090916379E-4
1.9135986941258432E-4
1.9169250668260105E-4
1.9202623619876674E-4
1.923610613928335E-4
1.9269698564838232E-4
1.9303401230046655E-4
1.933721446352629E-4
1.9371138588973396E-4
1.9405173925130003E-4
1.9439320785752254E-4
1.947357947957962E-4
1.9507950310305042E-4
1.954243357654623E-4
1.957702957181774E-4
1.961173858450408E-4
1.9646560897833688E-4
1.968149678985399E-4
1.9716546533407071E-4
1.9751710396106624E-4
1.978698864031541E-4
1.982238152312384E-4
1.985788929632936E-4
1.9893512206416698E-4
1.9929250494538884E-4
1.9965104396499185E-4
2.0001074142733902E-4
2.0037159958295945E-4
2.007336206283934E-4
2.010968067060466E-4
2.0146115990405498E-4
2.018266822561637E-4
2.021933757416231E-4
2.0256124228511265E-4
2.0293028375670887E-4
2.033005019719291E-4
2.0367189869190428E-4
2.0404447562378053E-4
2.044182344215244E-4
2.0479317668743098E-4
2.0516930397485925E-4
2.0554661779308102E-4
2.0592511961573627E-4
2.0630481089538972E-4
2.06685693088272E-4
2.070677676958531E-4
2.0745103633389232E-4
2.0783550084580043E-4
2.0822116348658494E-4
2.0860802721775948E-4
2.0899609617441763E-4
2.0938537639575032E-4
2.0977587695297965E-4
2.101676116679977E-4
2.1056060169656187E-4
2.1095487935660266E-4
2.113504937196002E-4
2.117475186541945E-4
2.1214606421637682E-4
2.1254629251477315E-4
2.1294843942972996E-4
2.1335284380712063E-4
2.1375998594349766E-4
2.141705372727252E-4
2.1458542308126972E-4
2.1500589972847713E-4
2.1543364712626396E-4
2.1587087603588305E-4
2.163204479809115E-4
2.167860032098297E-4
2.172720891943943E-4
2.1778427875116018E-4
2.1832926328586944E-4
2.189149032987265E-4
2.195502157178381E-4
2.2024527653259247E-4
2.210110183142583E-4
2.218589062176549E-4
2.2280048343908168E-4
2.2384678798997515E-4
2.2500765665461469E-4
2.2629094814012108E-4
2.277017340618236E-4
2.292415607130116E-4
2.309077371235499E-4
2.326928471730564E-4
2.3458451917710515E-4
2.3656551172806104E-4
2.3861415018649166E-4
2.4070511593078471E-4
2.428105536157135E-4
2.449014248277122E-4
2.469490048319434E-4
2.489263975473671E-4
2.508099363137584E-4
2.5258034638329794E-4
2.542235689350783E-4
2.557311828558134E-4
2.571004045603503E-4
2.5833369149070006E-4
2.5943801521150563E-4
2.6042389975450823E-4
2.61304336496964E-4
2.620936872800343E-4
2.6280667407266127E-4
2.634575297149542E-4
2.6405935484016536E-4
2.6462369596827923E-4
2.651603333462497E-4
2.656772474303194E-4
2.661807213844698E-4
2.666755334438973E-4
2.671651960662699E-4
2.6765220635150474E-4
2.6813828196360374E-4
2.6862456672095827E-4
2.6911179867552E-4
2.696004400698767E-4
2.70090772832333E-4
2.7058296546969085E-4
2.7107711781951293E-4
2.715732896768945E-4
2.7207151831296186E-4
2.725718287328279E-4
2.7307423942218937E-4
2.735787654263738E-4
2.740854199277689E-4
2.745942150185581E-4
2.751051620631417E-4
2.756182718616282E-4
2.7613355472172474E-4
2.7665102049060405E-4
2.77170678570206E-4
2.7769253792604264E-4
2.782166070935837E-4
2.787428941837757E-4
2.792714068882527E-4
2.7980215248441865E-4
2.803351378404696E-4
2.8087036942036367E-4
2.814078532887479E-4
2.819475951158432E-4
2.824896001822863E-4
2.830338733839315E-4
2.835804192366109E-4
2.841292418808517E-4
2.8468034508655665E-4
2.8523373225764094E-4
2.8578940643662936E-4
2.863473703092155E-4
2.869076262087804E-4
2.874701761208704E-4
2.880350216876401E-4
2.8860216421225046E-4
2.891716046632367E-4
2.8974334367883097E-4
2.9031738157124965E-4
2.9089371833094493E-4
2.914723536308153E-4
2.920532868303845E-4
2.9263651697993725E-4
2.932220428246235E-4
2.9380986280852484E-4
2.9439997507868455E-4
2.949923774891016E-4
2.95587067604691E-4
2.961840427052081E-4
2.9678329978913596E-4
2.973848355775421E-4
2.97988646517899E-4
2.985947287878677E-4
2.992030782990513E-4
2.998136907007147E-4
3.0042656138346734E-4
3.010416854829175E-4
3.016590578832904E-4
3.02278673221013E-4
3.029005258882722E-4
3.0352461003653203E-4
3.041509195800262E-4
3.0477944819921557E-4
3.0541018934421516E-4
3.060431362381884E-4
3.066782818807133E-4
3.073156190511154E-4
3.0795514031176953E-4
3.085968380113754E-4
3.0924070428819695E-4
3.0988673107327754E-4
3.1053491009362156E-4
3.111852328753502E-4
3.1183769074682283E-4
3.124922748417349E-4
3.131489761021844E-4
3.1380778528170814E-4
3.144686929482934E-4
3.1513168948735937E-4
3.157967651047098E-4
3.1646390982945934E-4
3.171331135169327E-4
3.1780436585153487E-4
3.184776563495964E-4
3.191529743621873E-4
3.1983030907791225E-4
3.2050964952567176E-4
3.211909845773993E-4
3.2187430295077513E-4
3.225595932119102E-4
3.2324684377800527E-4
3.239360429199885E-4
3.246271787651219E-4
3.253202392995866E-4
3.2601521237104146E-4
3.2671208569115773E-4
3.274108468381288E-4
3.281114832591557E-4
3.28813982272908E-4
3.295183310719615E-4
3.302245167252122E-4
3.309325261802651E-4
3.3164234626580086E-4
3.323539636939197E-4
3.3306736506246137E-4
3.33782536857301E-4
3.3449946545462475E-4
3.3521813712318203E-4
3.359385380265149E-4
3.3666065422516506E-4
3.373844716788598E-4
3.3810997624867767E-4
3.3883715369919436E-4
3.3956598970060506E-4
3.402964698308384E-4
3.410285795776534E-4
3.4176230434073833E-4
3.424976294338231E-4
3.4323454008684394E-4
3.4397302144820266E-4
3.4471305858723816E-4
3.4545463649707686E-4
3.461977400981787E-4
3.4694235424312234E-4
3.476884637235499E-4
3.4843605328085047E-4
3.4918510762320116E-4
3.499356114533153E-4
3.506875495139739E-4
3.5144090666275736E-4
3.521956679941238E-4
3.529518190372606E-4
3.5370934607366344E-4
3.5446823664132923E-4
3.552284803258409E-4
3.5599006998619727E-4
3.5675300362971357E-4
3.5751728724110017E-4
3.5828293899171747E-4
3.5904999541163513E-4
3.598185203035583E-4
3.605886174148753E-4
3.6136044815719817E-4
3.621342559580978E-4
3.62910399120746E-4
3.6368939431076925E-4
3.6447197292235786E-4
3.6525915251207214E-4
3.660523251224175E-4
3.668533635264117E-4
3.676647450844905E-4
3.6848969090885964E-4
3.693323153157982E-4
3.7019777713233576E-4
3.7109242044840645E-4
3.720238881627051E-4
3.730011876333273E-4
3.740346845668914E-4
3.7513599976419593E-4
3.763177843600171E-4
3.7759335357093627E-4
3.789761673030317E-4
3.804791584701366E-4
3.821139261442909E-4
3.8388982959009914E-4
3.858244379523574E-4
3.8791965390318634E-4
3.901724713983148E-4
3.9257438337498575E-4
3.951110864624237E-4
3.97762553702011E-4
4.0050351823535466E-4
4.0330437331428704E-4
4.061324506534516E-4
4.0895359541543363E-4
4.1173391810765355E-4
4.144415773100038E-4
4.1704843711814636E-4
4.1953145194934194E-4
4.2187365856101515E-4
4.2406469747684325E-4
4.261008376981199E-4
4.2798453224453096E-4
4.297235800917702E-4
4.313300059042543E-4
4.328187882597773E-4
4.3420656837467157E-4
4.3551045618101306E-4
4.367470229758926E-4
4.3793153528732116E-4
4.390774489983603E-4
4.401961513461299E-4
4.4129691484438415E-4
4.423870132210722E-4
4.434719449867818E-4
4.445557136454687E-4
4.456411223423756E-4
4.4673005220568774E-4
4.478237053793288E-4
4.489228040162278E-4
4.500277443281553E-4
4.511387099008976E-4
4.522557511379233E-4
4.5337883844708216E-4
4.545078962814926E-4
4.5564282397882335E-4
4.567835079646962E-4
4.579298285863432E-4
4.5908166376922135E-4
4.6023889088424015E-4
4.6140138765567433E-4
4.6256903257974876E-4
4.6374170510594855E-4
4.6491928570908145E-4
4.661016559136551E-4
4.6728869829856036E-4
4.684802964940943E-4
4.696763351761855E-4
4.7087670005968027E-4
4.7208127789135593E-4
4.732899564428763E-4
4.745026245037646E-4
4.757191718744115E-4
4.769394893591228E-4
4.7816346875920575E-4
4.793910028661035E-4
4.806219854545616E-4
4.8185631127584404E-4
4.8309387605098244E-4
4.843345764640739E-4
4.8557831015560976E-4
4.8682497571585253E-4
4.880744726782477E-4
4.893267015128783E-4
4.905815636199556E-4
4.918389613233512E-4
4.930987978641665E-4
4.943609773943453E-4
4.956254049703166E-4
4.96891986546687E-4
4.98160628969958E-4
4.994312399722932E-4
5.007037281653145E-4
5.019780030339425E-4
5.032539749302692E-4
5.04531555067469E-4
5.058106555137484E-4
5.070911891863303E-4
5.083730698454764E-4
5.096562120885437E-4
5.109405313440797E-4
5.122259438659499E-4
5.135123667275068E-4
5.147997178157872E-4
5.160879158257491E-4
5.173768802545438E-4
5.186665313958222E-4
5.199567903340732E-4
5.212475789390016E-4
5.225388198599364E-4
5.238304365202739E-4
5.251223531119551E-4
5.264144945899789E-4
5.277067866669442E-4
5.289991558076303E-4
5.30291529223607E-4
5.315838348678787E-4
5.328760014295638E-4
5.341679583285993E-4
5.354596357104904E-4
5.36750964441079E-4
5.380418761013519E-4
5.393323029822811E-4
5.406221780796905E-4
5.419114350891609E-4
5.432000084009625E-4
5.444878330950164E-4
5.457748449358936E-4
5.47060980367839E-4
5.483461765098317E-4
5.496303711506646E-4
5.509135027440712E-4
5.521955104038684E-4
5.534763338991345E-4
5.547559136494199E-4
5.560341907199818E-4
5.573111068170502E-4
5.585866042831287E-4
5.598606260923147E-4
5.611331158456583E-4
5.624040177665416E-4
5.63673276696093E-4
5.649408380886293E-4
5.662066480071194E-4
5.674706531186859E-4
5.687328006901311E-4
5.699930385834834E-4
5.71251315251586E-4
5.72507579733699E-4
5.737617816511385E-4
5.750138712029411E-4
5.76263799161549E-4
5.7751151686853E-4
5.787569762303224E-4
5.800001297140033E-4
5.812409303430874E-4
5.824793316933507E-4
5.837152878886774E-4
5.849487535969386E-4
5.861796840258925E-4
5.874080349191123E-4
5.88633762551941E-4
5.89856823727471E-4
5.910771757725481E-4
5.922947765338087E-4
5.935095843737433E-4
5.947215581667951E-4
5.959306572955011E-4
5.971368416466944E-4
5.983400716077878E-4
5.995403080632073E-4
6.007375123910499E-4
6.019316464601549E-4
6.031226726278694E-4
6.04310553739036E-4
6.054952531270864E-4
6.066767346187674E-4
6.078549625450058E-4
6.090299017621827E-4
6.10201517690668E-4
6.113697763818198E-4
6.125346446312387E-4
6.136960901663016E-4
6.148540819514129E-4
6.160085906773188E-4
6.171595895342621E-4
6.183070554165731E-4
6.194509707733219E-4
6.205913264115247E-4
6.217281256811667E-4
6.228613906309712E-4
6.239911709248881E-4
6.251175565530938E-4
6.262406956535568E-4
6.273608190674204E-4
6.284782735571306E-4
6.295935658767826E-4
6.307074200347224E-4
6.318208500413577E-4
6.329352500800946E-4
6.340525032497002E-4
6.351751086711668E-4
6.363063247167572E-4
6.374503233342706E-4
6.386123469188984E-4
6.397988550644771E-4
6.410176441028628E-4
6.422779180992552E-4
6.435902865880614E-4
6.449666626415706E-4
6.464200357759633E-4
6.479640985826915E-4
6.496127144761573E-4
6.513792268031581E-4
6.532756263885452E-4
6.586122021126752E-4
6.640602043845416E-4
6.696220340065304E-4
6.752950148612721E-4
6.810707723459823E-4
6.869349188873884E-4
6.928671211787999E-4
6.988415947843421E-4
7.048280326770584E-4
7.107929290917025E-4
7.167012143357011E-4
7.225180763120807E-4
7.282108166921148E-4
7.33750578864144E-4
7.391137936123516E-4
7.442832166250912E-4
7.492484759861997E-4
7.540061017200412E-4
7.585590655545546E-4
7.629159093464036E-4
7.670895782026564E-4
7.710960946631911E-4
7.749532118258131E-4
7.786791675668312E-4
7.82291633198816E-4
7.858069137968993E-4
7.89239420208918E-4
7.926013998974564E-4
7.959028891013785E-4
7.991518341931655E-4
8.023543254157465E-4
8.055148897254751E-4
8.08636798648225E-4
8.117223590376079E-4
8.147731668973627E-4
8.177903151653099E-4
8.207745545331353E-4
8.237264117145205E-4
8.26646272342312E-4
8.29534436455226E-4
8.323911540042887E-4
8.352166465870416E-4
8.380111201758212E-4
8.407747722483035E-4
8.435077956073856E-4
8.46210380337166E-4
8.488827147600461E-4
8.515249858845399E-4
8.541373796061799E-4
8.56720080794781E-4
8.592732733320761E-4
8.617971401288332E-4
8.642918631339477E-4
8.667576233405746E-4
8.691946007912104E-4
8.716029745824349E-4
8.739829228695257E-4
8.763346228710221E-4
8.786582508732687E-4
8.80953982234926E-4
8.832219913914683E-4
8.85462451859659E-4
8.87675536241999E-4
8.898614162311655E-4
8.920202626144212E-4
8.9415224527801E-4
8.96257533211525E-4
8.983362945122631E-4
9.0038869638956E-4
9.024149051690975E-4
9.044150862972005E-4
9.063894043451067E-4
9.083380230132203E-4
9.102611051353483E-4
9.121588126829104E-4
9.140313067691382E-4
9.158787476532459E-4
9.177012947445917E-4
9.194991066068098E-4
9.212723409619341E-4
9.230211546944922E-4
9.247457038555895E-4
9.264461436669653E-4
9.281226285250442E-4
9.297753120049512E-4
9.31404346864522E-4
9.330098850482894E-4
9.345920776914526E-4
9.361510751238264E-4
9.376870268737746E-4
9.392000816721223E-4
9.406903874560512E-4
9.421580913729812E-4
9.436033397844292E-4
9.450262782698486E-4
9.464270516304575E-4
9.478058038930417E-4
9.491626783137484E-4
9.50497817381855E-4
9.518113628235224E-4
9.531034556055346E-4
9.543742359390181E-4
9.556238432831428E-4
9.568524163488066E-4
9.58060093102307E-4
9.592470107689902E-4
9.60413305836884E-4
9.615591140603212E-4
9.626845704635324E-4
9.63789809344235E-4
9.648749642772E-4
9.659401681178031E-4
9.669855530055569E-4
9.680112503676341E-4
9.69017390922364E-4
9.700041046827205E-4
9.709715209597921E-4
9.719197683662327E-4
9.728489748197025E-4
9.737592675462866E-4
9.746507730839005E-4
9.755236172856809E-4
9.763779253233594E-4
9.772138216906205E-4
9.78031430206443E-4
9.78830874018429E-4
9.79612275606114E-4
9.803757567842658E-4
9.811214387061618E-4
9.818494418668557E-4
9.825598861064283E-4
9.832528906132242E-4
9.83928573927069E-4
9.845870539424782E-4
9.852284479118434E-4
9.85852872448611E-4
9.864604435304409E-4
9.870512765023552E-4
9.876254860798643E-4
9.881831863520906E-4
9.887244907848603E-4
9.892495122238065E-4
9.897583628974277E-4
9.90251154420152E-4
9.907279977953865E-4
9.911890034185417E-4
9.916342810800463E-4
9.92063939968361E-4
9.924780886729537E-4
9.928768351872882E-4
9.932602869117822E-4
9.936285506567564E-4
9.93981732645396E-4
9.943199385166928E-4
9.946432733284043E-4
9.9495184156006E-4
9.952457471160384E-4
9.955250933287975E-4
9.957899829624117E-4
9.960405182166281E-4
9.96276800731894E-4
9.964989315960518E-4
9.967070113539693E-4
9.969011400221557E-4
9.970814171118532E-4
9.97247941666271E-4
9.974008123211438E-4
9.975401274033538E-4
9.976659850907405E-4
9.977784836690809E-4
9.978777219412348E-4
9.97963799871337E-4
9.980368195866868E-4
9.980968869160412E-4
9.98144113719705E-4
9.981786213695283E-4
9.982005458706027E-4
9.982100452849384E-4
9.9820731032186E-4
9.98192579196761E-4
9.981661581178272E-4
9.981284490171156E-4
9.980799863612748E-4
9.980214850034918E-4
9.979539009981066E-4
9.978785069995855E-4
9.9779698320143E-4
9.977115236275925E-4
9.976249558726156E-4
9.975408700389973E-4
9.974637496532662E-4
9.973990938716391E-4
9.97353516564614E-4
9.97334804308105E-4
9.973519124786632E-4
9.974148772564433E-4
9.9753462215317E-4
9.977226414329464E-4
9.97990550023952E-4
9.983495004170927E-4
0.001954494631240576
0.0019483900668368847
0.0019424301964005792
0.0019366156368428968
0.001930942759535754
0.0019254032276225274
0.0019199837961676566
0.001914666432764837
0.0019094287910201707
0.0019042450362889696
0.0018990869856495124
0.0018939254870419739
0.0018887319310610592
0.001883479768063732
0.0018781458968440364
0.0018727118009567278
0.00186716433419575
0.0018614960945982921
0.0018557053714292665
0.001849795695480671
0.0018437750631920828
0.0018376549341293127
0.001831449115819049
0.0018251726489238384
0.0018188407908812164
0.001812468171097103
0.0018060681604506036
0.0017996524673114368
0.0017932309458469815
0.0017868115830739187
0.001780400620182312
0.0017740027608235478
0.001767621422784048
0.0017612589975585932
0.0017549170924551552
0.0017485967399886281
0.0017422985680213658
0.001736022930620952
0.0017297700037639768
0.0017235398520842465
0.001717332473346049
0.0017111478267810348
0.0017049858503628411
0.0016988464708833572
0.001692729609574951
0.001686635185109515
0.0016805631151265497
0.0016745133169759373
0.0016684857080617652
0.001662480205993442
0.0016564967286484165
0.0016505351941964327
0.0016445955211079517
0.0016386776281564154
0.001632781434418242
0.0016269068592720522
0.0016210538223976514
0.0016152222437749268
0.0016094120436827496
0.0016036231426978492
0.001597855461693712
0.0015921089218394696
0.0015863834445987999
0.0015806789517288258
0.0015749953652790306
0.0015693326075901506
0.0015636906012931092
0.0015580692693079189
0.0015524685348426138
0.0015468883213921691
0.0015413285527374327
0.0015357891529440642
0.0015302700463614698
0.0015247711576217354
0.0015192924116385887
0.0015138337336063317
0.0015083950489988124
0.0015029762835683633
0.0014975773633447795
0.0014921982146342716
0.00148683876401844
0.0014814989383532494
0.0014761786647680003
0.0014708778706643115
0.0014655964837151049
0.0014603344318635948
0.001455091643322277
0.0014498680465719201
0.0014446635703605736
0.001439478143702567
0.0014343116958775142
0.0014291641564293217
0.001424035455165207
0.0014189255221547163
0.0014138342877287418
0.0014087616824785456
0.001403707637254798
0.0013986720831665937
0.0013936549515804985
0.0013886561741195869
0.0013836756826624789
0.0013787134093423935
0.001373769286546192
0.001368843246913437
0.0013639352233354438
0.0013590451489543438
0.001354172957162146
0.0013493185815998063
0.001344481956156298
0.0013396630149676834
0.0013348616924161911
0.001330077923129299
0.0013253116419788204
0.0013205627840799858
0.0013158312847905396
0.0013111170797098278
0.0013064201046779041
0.001301740295774626
0.0012970775893187574
0.0012924319218670817
0.0012878032302135083
0.0012831914513881885
0.0012785965226566336
0.0012740183815188346
0.001269456965708388
0.0012649122131916212
0.001260384062166723
0.001255872451062881
0.0012513773185394129
0.0012468986034849126
0.0012424362450163889
0.0012379901824784143
0.0012335603554422762
0.0012291467037051243
0.0012247491672891342
0.001220367686440659
0.0012160022016293988
0.0012116526535475623
0.001207318983109031
0.0012030011314485428
0.0011986990399208497
0.0011944126500999137
0.001190141903778073
0.001185886742965235
0.0011816471098880584
0.001177422946989142
0.001173214196926225
0.001169020802571371
0.001164842707010181
0.0011606798535409846
0.0011565321856740513
0.0011523996471307979
0.0011482821818430066
0.0011441797339520412
0.0011400922478080873
0.0011360196679693973
0.0011319619392015689
0.0011279190064768846
0.0011238908149737291
0.0011198773100761898
0.001115878437373942
0.001111894142662659
0.001107924371945341
0.0011039690714351976
0.0011000281875612396
0.0010961016669783774
0.0010921894565851208
0.0010882915035537425
0.001084407755380778
0.0010805381599702094
0.0010766826657685083
0.0010728412219808239
0.0010690137789124063
0.0010652002885004647
0.001061400705131295
0.0010576149868780822
0.0010538430973488892
0.0010500850084046854
0.0010463407040955741
0.0010426101862701684
0.0010388934824361415
0.0010351906565830371
0.0010315018238093582
0.0010278271697049422
0.0010241669754976024
0.001020521649940785
0.0010168917687476684
0.0010132781220111794
0.0010096817694319556
0.0010061041022589932
0.0010025469096033284
9.990124452245609E-4
9.9550348907923E-4
9.92023395997611E-4
9.88576122041922E-4
9.851662176979022E-4
9.81798776432825E-4
9.784793277159492E-4
9.752136657138599E-4
9.720076088095615E-4
0.27768710760764453
