3.979882429073469E-8
8.063171515092707E-8
1.225018905963169E-7
1.6538439604632558E-7
2.0922688451899482E-7
2.5395214125122987E-7
2.994621830459502E-7
3.4564361192617445E-7
3.9237378402617086E-7
4.3952728330640354E-7
4.86982174647523E-7
5.34625553438767E-7
5.823580022446244E-7
6.300966959555334E-7
6.77777046807127E-7
7.253529299048683E-7
7.727956599743221E-7
8.200919866944725E-7
8.672414308980458E-7
9.142532955783067E-7
9.6114365867239E-7
1.007932598364003E-6
1.0546418281585694E-6
1.101292840608047E-6
1.1479055860918052E-6
1.194497654326562E-6
1.2410838855317522E-6
1.2876763161835934E-6
1.3342843590032551E-6
1.380915124370598E-6
1.4275738061043049E-6
1.4742640740331782E-6
1.5209884353433247E-6
1.5677485437996131E-6
1.614545449259783E-6
1.66137978907803E-6
1.7082519283977253E-6
1.755162058727934E-6
1.8021102644865887E-6
1.8490965662161726E-6
1.8961209476095116E-6
1.943183371792952E-6
1.99028379078052E-6
2.0374221507635776E-6
2.0845983949622568E-6
2.1318124651058883E-6
2.179064302172917E-6
2.2263538467467227E-6
2.273681039180143E-6
2.321045819668654E-6
2.3684481282816424E-6
2.41588790497536E-6
2.4633650895981335E-6
2.5108796218925026E-6
2.558431441496153E-6
2.6060204879424635E-6
2.653646700660842E-6
2.701310018977072E-6
2.749010382113601E-6
2.7967477291898612E-6
2.844521999222568E-6
2.892333131126023E-6
2.9401810637124265E-6
2.9880657356921895E-6
3.035987085674243E-6
3.083945052166351E-6
3.1319395735754245E-6
3.1799705882078412E-6
3.2280380342697655E-6
3.276141849867455E-6
3.3242819730076083E-6
3.3724583415976697E-6
3.420670893446158E-6
3.4689195662629846E-6
3.5172042976598135E-6
3.5655250251503547E-6
3.6138816861507266E-6
3.662274217979767E-6
3.710702557859388E-6
3.7591666429149043E-6
3.8076664101753704E-6
3.856201796573932E-6
3.904772738948162E-6
3.953379174040415E-6
4.002021038498159E-6
4.050698268874337E-6
4.099410801627716E-6
4.148158573123238E-6
4.196941519632376E-6
4.245759577333486E-6
4.294612682312166E-6
4.343500770561627E-6
4.392423777983053E-6
4.441381640385932E-6
4.490374293488487E-6
4.539401672917978E-6
4.5884637142111124E-6
4.637560352814399E-6
4.6866915240845395E-6
4.735857163288789E-6
4.785057205605319E-6
4.834291586123639E-6
4.883560239844944E-6
4.932863101682513E-6
4.98220010646209E-6
5.0315711889222574E-6
5.080976283714868E-6
5.1304153254053794E-6
5.179888248473305E-6
5.2293949873125585E-6
5.278935476231893E-6
5.328509649455266E-6
5.378117441122278E-6
5.427758785288543E-6
5.4774336159261085E-6
5.527141866923887E-6
5.576883472087983E-6
5.626658365142238E-6
5.676466479728526E-6
5.7263077494072295E-6
5.776182107657639E-6
5.826089487878388E-6
5.8760298233878645E-6
5.926003047424634E-6
5.97600909314788E-6
6.026047893637807E-6
6.076119381896111E-6
6.126223490846386E-6
6.1763601533345615E-6
6.226529302129335E-6
6.276730869922649E-6
6.326964789330088E-6
6.377230992891349E-6
6.42752941307068E-6
6.477859982257322E-6
6.528222632765982E-6
6.5786172968372676E-6
6.629043906638159E-6
6.679502394262452E-6
6.729992691731204E-6
6.7805147309932575E-6
6.831068443925632E-6
6.881653762334036E-6
6.93227061795333E-6
6.98291894244798E-6
7.0335986674125485E-6
7.08430972437218E-6
7.1350520447830555E-6
7.185825560032895E-6
7.236630201441434E-6
7.287465900260897E-6
7.338332587676499E-6
7.389230194806943E-6
7.440158652704908E-6
7.491117892357518E-6
7.5421078446868855E-6
7.593128440550585E-6
7.644179610742166E-6
7.69526128599165E-6
7.746373396966038E-6
7.797515874269817E-6
7.848688648445504E-6
7.899891649974107E-6
7.951124809275698E-6
8.002388056709891E-6
8.053681322576405E-6
8.105004537115537E-6
8.15635763050874E-6
8.207740532879107E-6
8.259153174291956E-6
8.31059548475532E-6
8.362067394220512E-6
8.413568832582636E-6
8.465099729681178E-6
8.516660015300495E-6
8.568249619170406E-6
8.619868470966705E-6
8.671516500311783E-6
8.723193636775083E-6
8.774899809873726E-6
8.826634949073078E-6
8.878398983787271E-6
8.9301918433798E-6
8.982013457164077E-6
9.033863754404E-6
9.085742664314549E-6
9.137650116062346E-6
9.189586038766236E-6
9.241550361497834E-6
9.293543013282204E-6
9.345563923098344E-6
9.39761301987982E-6
9.449690232515385E-6
9.501795489849515E-6
9.553928720683035E-6
9.606089853773765E-6
9.658278817837028E-6
9.710495541546335E-6
9.762739953533973E-6
9.815011982391604E-6
9.867311556670862E-6
9.919638604884034E-6
9.97199305550462E-6
1.0024374836967996E-5
1.0076783877671984E-5
1.0129220105977568E-5
1.0181683450209487E-5
1.0234173838656925E-5
1.0286691199574144E-5
1.0339235461181291E-5
1.0391806551665146E-5
1.0444404399180162E-5
1.0497028931849685E-5
1.0549680077767691E-5
1.060235776500148E-5
1.0655061921595906E-5
1.070779247558041E-5
1.0760549354981048E-5
1.0813332487840984E-5
1.0866141802255619E-5
1.0918977226432915E-5
1.0971838688795671E-5
1.1024726118155015E-5
1.1077639444001005E-5
1.1130578596986934E-5
1.1183543509728144E-5
1.1236534118109278E-5
1.1289550363403048E-5
1.134259219567352E-5
1.1395659579190485E-5
1.144875250096011E-5
1.150187098403436E-5
1.1555015108067252E-5
1.1608185040739702E-5
1.1661381085297408E-5
1.1714603751696133E-5
1.1767853861913677E-5
1.1821132704090498E-5
1.187444225554435E-5
1.19277855016183E-5
1.1981166885990708E-5
1.2034592938650333E-5
1.2088073140230712E-5
1.2141621095582825E-5
1.2195256104779E-5
1.2249005235142292E-5
1.2302906011732879E-5
1.2357009853607065E-5
1.241138638588363E-5
1.2466128749165042E-5
1.2521360003408912E-5
1.257724067773673E-5
1.263397744578191E-5
1.2691832803708117E-5
1.2751135492472812E-5
1.2812291237774632E-5
1.2875793185214376E-5
1.2942231194868736E-5
1.3012298945540076E-5
1.3086797608033208E-5
1.3166634708785698E-5
1.32528167543929E-5
1.334643425972355E-5
1.3448638049968052E-5
1.3560606113840412E-5
1.368350087996042E-5
1.3818417558799044E-5
1.396632510036735E-5
1.4128002297092977E-5
1.4303972519783654E-5
1.4494441399713333E-5
1.4699242339723282E-5
1.4917794935349249E-5
1.5149081120006639E-5
1.539164306386128E-5
1.560380673386263E-5
1.5822092160037016E-5
1.6043954154886275E-5
1.6266671935681374E-5
1.6487457751764905E-5
1.6703572755493298E-5
1.6912442238095496E-5
1.7111762140841485E-5
1.7299589328549917E-5
1.7474409439200276E-5
1.7635178066611565E-5
1.7781333378293526E-5
1.7912780750713342E-5
1.8029852337140103E-5
1.813324641134043E-5
1.8223952656520376E-5
1.8303170181999197E-5
1.8372224936706112E-5
1.8432492428592347E-5
1.848533040717604E-5
1.853202462353869E-5
1.8573749161888764E-5
1.8611541334104193E-5
1.8646289894323598E-5
1.8678734456760448E-5
1.8709473516287737E-5
1.8738978352330206E-5
1.8767610275328873E-5
1.8795639061347595E-5
1.882326091875599E-5
1.885061485526207E-5
1.8877796797129093E-5
1.890487121215961E-5
1.8931880284207194E-5
1.895885087911113E-5
1.8985799643043687E-5
1.901273660460851E-5
1.9039667633911804E-5
1.906659606562633E-5
1.9093523735069807E-5
1.9120451617929407E-5
1.9147380212305357E-5
1.9174309759340428E-5
1.9201240366389242E-5
1.9228172073458973E-5
1.9255104887820588E-5
1.9282038801409683E-5
1.9308973799262912E-5
1.9335909863459275E-5
1.9362846974892485E-5
1.9389785114037625E-5
1.9416724261269758E-5
1.9443664396991132E-5
1.9470605501680156E-5
1.9497547555909454E-5
1.9524490540352544E-5
1.9551434435786515E-5
1.957837922309318E-5
1.9605324883259753E-5
1.9632271397379543E-5
1.96592187466525E-5
1.9686166912385806E-5
1.97131158759943E-5
1.9740065619001238E-5
1.9767016123038738E-5
1.9793967369848365E-5
1.9820919341281735E-5
1.984787201930103E-5
1.987482538597964E-5
1.9901779423502663E-5
1.9928734114167543E-5
1.9955689440384646E-5
1.998264538467781E-5
2.0009601929684964E-5
2.003655905815865E-5
2.0063516752966726E-5
2.0090474997092846E-5
2.0117433773637148E-5
2.014439306581671E-5
2.017135285696637E-5
2.0198313130539132E-5
2.0225273870106813E-5
2.0252235059360677E-5
2.0279196682112088E-5
2.0306158722293035E-5
2.033312116395677E-5
2.0360083991278506E-5
2.038704718855592E-5
2.041401074020976E-5
2.0440974630784618E-5
2.0467938844949407E-5
2.0494903367498096E-5
2.0521868183350266E-5
2.054883327755178E-5
2.0575798635275342E-5
2.0602764241821296E-5
2.062973008261816E-5
2.0656696143223213E-5
2.0683662409323253E-5
2.0710628866735263E-5
2.073759550140689E-5
2.0764562299417277E-5
2.079152924697769E-5
2.0818496330432052E-5
2.0845463536257803E-5
2.087243085106637E-5
2.0899398261603964E-5
2.0926365754752212E-5
2.095333331752885E-5
2.0980300937088277E-5
2.1007268600722472E-5
2.103423629586147E-5
2.106120401007406E-5
2.1088171731068627E-5
2.1115139446693698E-5
2.1142107144938682E-5
2.1169074813934544E-5
2.1196042441954494E-5
2.1223010017414747E-5
2.1249977528875218E-5
2.127694496504013E-5
2.1303912314758884E-5
2.133087956702664E-5
2.135784671098501E-5
2.138481373592296E-5
2.1411780631277317E-5
2.143874738663362E-5
2.146571399172678E-5
2.14926804364419E-5
2.151964671081491E-5
2.1546612805033297E-5
2.1573578709436984E-5
2.1600544414518844E-5
2.1627509910925676E-5
2.1654475189458806E-5
2.168144024107482E-5
2.1708405056886368E-5
2.1735369628163026E-5
2.1762333946331846E-5
2.1789298002978208E-5
2.181626178984665E-5
2.184322529884149E-5
2.1870188522027764E-5
2.1897151451631845E-5
2.1924114080042253E-5
2.1951076399810537E-5
2.1978038403651883E-5
2.200500008444606E-5
2.203196143523812E-5
2.205892244923913E-5
2.2085883119827086E-5
2.2112843440547677E-5
2.213980340511494E-5
2.2166763007412275E-5
2.2193722241493092E-5
2.2220681101581663E-5
2.2247639582073906E-5
2.2274597677538253E-5
2.2301555382716442E-5
2.232851269252428E-5
2.235546960205246E-5
2.238242610656748E-5
2.2409382201512374E-5
2.2436337882507506E-5
2.2463293145351497E-5
2.2490247986022057E-5
2.2517202400676695E-5
2.2544156385653708E-5
2.2571109937472843E-5
2.2598063052836284E-5
2.2625015728629446E-5
2.2651967961921832E-5
2.2678919749967877E-5
2.2705871090207704E-5
2.2732821980268195E-5
2.2759772417963633E-5
2.278672240129661E-5
2.2813671928458975E-5
2.284062099783264E-5
2.2867569607990403E-5
2.289451775769688E-5
2.2921465445909346E-5
2.2948412671778583E-5
2.2975359434649866E-5
2.300230573406362E-5
2.302925156975653E-5
2.305619694166234E-5
2.308314184991267E-5
2.311008629483798E-5
2.313703027696838E-5
2.3163973797034622E-5
2.3190916855968934E-5
2.3217859454905913E-5
2.324480159518341E-5
2.3271743278343467E-5
2.329868450613318E-5
2.3325625280505695E-5
2.335256560362092E-5
2.3379505477846575E-5
2.3406444905759155E-5
2.3433383890144683E-5
2.3460322433999692E-5
2.3487260540532173E-5
2.3514198213162476E-5
2.354113545552423E-5
2.3568072271465216E-5
2.3595008665048327E-5
2.3621944640552612E-5
2.3648880202474093E-5
2.367581535552686E-5
2.3702750104644025E-5
2.3729684454979123E-5
2.3756618411907357E-5
2.378355198102746E-5
2.3810485168164284E-5
2.3837417979372714E-5
2.3864350420943873E-5
2.3891282499415573E-5
2.3918214221590045E-5
2.3945145594564432E-5
2.397207662578297E-5
2.3999007323126797E-5
2.402593769506668E-5
2.4052867750922258E-5
2.4079797501297525E-5
2.4106726958807715E-5
2.4133656139280984E-5
2.4160585063729227E-5
2.4187513761549722E-5
2.4214442275680555E-5
2.4241370670822822E-5
2.4268299046430148E-5
2.4295227557030104E-5
2.432215644370119E-5
2.4349086082336443E-5
2.4376017056881903E-5
2.440295026930079E-5
2.442988710289555E-5
2.4456829662193267E-5
2.44837811212828E-5
2.4510746223726577E-5
2.4537731991372232E-5
2.456474871688038E-5
2.459181133567802E-5
2.4618941297106413E-5
2.4646169080982546E-5
2.4673537533095674E-5
2.4701106218778916E-5
2.4728957013849747E-5
2.475720116171054E-5
2.4785988017549093E-5
2.4815515667329027E-5
2.484604354157081E-5
2.487790703254318E-5
2.491153396010386E-5
2.4947462510324744E-5
2.4986359991090303E-5
2.502904141584578E-5
2.5076486555551452E-5
2.512985371571554E-5
2.5190488138286097E-5
2.5259922647043168E-5
2.5339868009128996E-5
2.5432190538235187E-5
2.5538874777764608E-5
2.5661969723787595E-5
2.5803518003352116E-5
2.596546870482466E-5
2.6149576110742682E-5
2.6357288308035796E-5
2.6589631394314876E-5
2.684709657026155E-5
2.7129538590830664E-5
2.743609462638658E-5
2.7765132374529242E-5
2.8114235143544927E-5
2.8480229572035442E-5
2.885925874389993E-5
2.924689991284726E-5
2.9638322186559885E-5
3.0028475739597E-5
3.0412300863116426E-5
3.078494283237839E-5
3.114195750941558E-5
3.14794929896221E-5
3.1794434463442085E-5
3.208450262638199E-5
3.234830008962088E-5
3.2585304849677485E-5
3.27958144369187E-5
3.29808483608339E-5
3.3142019474012804E-5
3.328138660200859E-5
3.340130112872784E-5
3.3504259267740574E-5
3.359276973023854E-5
3.366924377354981E-5
3.3735911583616265E-5
3.379476600090878E-5
3.384753206480872E-5
3.3895658945600674E-5
3.394032965616354E-5
3.3982483474846544E-5
3.40228461646504E-5
3.406196368239982E-5
3.4100235953817915E-5
3.4137948274124035E-5
3.417529883835777E-5
3.42124217139978E-5
3.4249405189109285E-5
3.428630585052909E-5
3.432315898628612E-5
3.43599859999056E-5
3.439679951348494E-5
3.44336067617998E-5
3.447041177467297E-5
3.450721673377942E-5
3.454402278826877E-5
3.458083052875772E-5
3.4617640253546134E-5
3.465445211305772E-5
3.469126618550808E-5
3.4728082515153676E-5
3.476490113093338E-5
3.480172205522194E-5
3.483854530778553E-5
3.4875370907501335E-5
3.491219887307521E-5
3.494902922332955E-5
3.498586197731449E-5
3.502269715434925E-5
3.505953477403732E-5
3.509637485627253E-5
3.5133217421241666E-5
3.517006248942609E-5
3.520691008160315E-5
3.524376021884742E-5
3.528061292253222E-5
3.531746821433047E-5
3.535432611621619E-5
3.5391186650465964E-5
3.542804983965984E-5
3.546491570668296E-5
3.550178427472673E-5
3.553865556729015E-5
3.557552960818118E-5
3.5612406421518134E-5
3.564928603173092E-5
3.568616846356241E-5
3.57230537420699E-5
3.575994189262643E-5
3.5796832940922155E-5
3.583372691296582E-5
3.587062383508612E-5
3.59075237339329E-5
3.5944426636478994E-5
3.598133257002145E-5
3.601824156218282E-5
3.6055153640912736E-5
3.609206883448954E-5
3.612898717152134E-5
3.6165908680948015E-5
3.620283339204214E-5
3.6239761334410855E-5
3.627669253799713E-5
3.631362703308147E-5
3.635056485028336E-5
3.6387506020562694E-5
3.642445057522137E-5
3.6461398545904695E-5
3.649834996460327E-5
3.653530486365408E-5
3.657226327574239E-5
3.660922523390314E-5
3.6646190771522624E-5
3.668315992233987E-5
3.672013272044844E-5
3.675710920029793E-5
3.679408939669554E-5
3.6831073344807624E-5
3.686806108016145E-5
3.690505263864668E-5
3.694204805651697E-5
3.697904737039179E-5
3.7016050617257774E-5
3.7053057834470515E-5
3.709006905975618E-5
3.712708433121323E-5
3.71641036873138E-5
3.720112716690579E-5
3.723815480921399E-5
3.727518665384227E-5
3.731222274077492E-5
3.734926311037834E-5
3.7386307803402745E-5
3.7423356860984E-5
3.746041032464513E-5
3.749746823629812E-5
3.7534530638245296E-5
3.757159757318159E-5
3.760866908419572E-5
3.7645745214772096E-5
3.7682826008792584E-5
3.771991151053799E-5
3.7757001764690185E-5
3.779409681633321E-5
3.783119671095562E-5
3.7868301494451763E-5
3.7905411213123594E-5
3.794252591368266E-5
3.7979645643251404E-5
3.8016770449365164E-5
3.805390037997385E-5
3.809103548344364E-5
3.81281758085587E-5
3.8165321404523E-5
3.82024723209619E-5
3.8239628607924026E-5
3.82767903158829E-5
3.8313957495738584E-5
3.8351130198819824E-5
3.8388308476885284E-5
3.842549238212553E-5
3.8462681967164853E-5
3.8499877285062675E-5
3.8537078389315615E-5
3.8574285333859086E-5
3.861149817306898E-5
3.8648716961763484E-5
3.868594175520476E-5
3.87231726091007E-5
3.876040957960667E-5
3.8797652723327145E-5
3.8834902097317535E-5
3.887215775908582E-5
3.890941976659449E-5
3.8946688178261985E-5
3.898396305296446E-5
3.9021244450037575E-5
3.9058532429278296E-5
3.9095827050946463E-5
3.913312837576654E-5
3.9170436464929234E-5
3.9207751380093425E-5
3.92450731833876E-5
3.92824019374117E-5
3.931973770523878E-5
3.935708055041672E-5
3.939443053696984E-5
3.9431787729400564E-5
3.946915219269137E-5
3.9506523992306E-5
3.954390319419144E-5
3.958128986477961E-5
3.961868407098886E-5
3.965608588022565E-5
3.9693495360386256E-5
3.973091257985846E-5
3.97683376075231E-5
3.980577051275563E-5
3.9843211365427966E-5
3.9880660235909934E-5
3.991811719507097E-5
3.995558231428158E-5
3.999305566541525E-5
4.0030537320849735E-5
4.006802735346878E-5
4.010552583666371E-5
4.01430328443351E-5
4.0180548450894026E-5
4.0218072731264045E-5
4.025560576088247E-5
4.0293147615702046E-5
4.0330698372192455E-5
4.0368258107341907E-5
4.0405826898658416E-5
4.044340482417177E-5
4.048099196243469E-5
4.051858839252447E-5
4.055619419404448E-5
4.059380944712561E-5
4.063143423242781E-5
4.06690686311415E-5
4.070671272498919E-5
4.07443665962268E-5
4.078203032764538E-5
4.0819704002572536E-5
4.085738770487424E-5
4.089508151895682E-5
4.093278552976926E-5
4.0970499822806315E-5
4.100822448411348E-5
4.1045959600294073E-5
4.108370525852145E-5
4.112146154655966E-5
4.1159228552798476E-5
4.119700636631428E-5
4.1234795076975454E-5
4.1272594775622485E-5
4.131040555437572E-5
4.134822750715776E-5
4.138606073057061E-5
4.1423905325358794E-5
4.1461761398827215E-5
4.149962906880193E-5
4.15375084700578E-5
4.1575399764654256E-5
4.161330315839379E-5
4.165121892677951E-5
4.168914745554553E-5
4.172708930330332E-5
4.1765045297372784E-5
4.1803016678829636E-5
4.1841005319675894E-5
4.1879014044402756E-5
4.1917047100727E-5
4.195511084067696E-5
4.199321469421121E-5
4.203137254381354E-5
4.2069604640409464E-5
4.21079402384249E-5
4.214642117003693E-5
4.2185106623731434E-5
4.22240794367829E-5
4.226345424987853E-5
4.230338789724391E-5
4.234409240721509E-5
4.238585095370955E-5
4.2429037013943095E-5
4.247413683645298E-5
4.252177509111185E-5
4.2572743247504305E-5
4.262802980419901E-5
4.2688850973445635E-5
4.275667983194566E-5
4.283327131436423E-5
4.292067980788356E-5
4.302126557940082E-5
4.3137685925707344E-5
4.327286688620438E-5
4.342995170304693E-5
4.361222304648556E-5
4.3822997402928866E-5
4.406549195802253E-5
4.4342666736418534E-5
4.4657047542733825E-5
4.5010538159315475E-5
4.5404232995730735E-5
4.583824360051596E-5
4.6311553771497467E-5
4.682191810540678E-5
4.7365817468524165E-5
4.793848194800485E-5
4.853398744219667E-5
4.914542645522059E-5
4.9765147359305824E-5
5.0385050015763835E-5
5.099691992410232E-5
5.159277871135779E-5
5.2165226380580744E-5
5.2707750700360085E-5
5.321498154779935E-5
5.368287271358958E-5
5.410880013900072E-5
5.449157304341426E-5
5.4831362045305435E-5
5.512955529724474E-5
5.53885590813199E-5
5.561156270409888E-5
5.580228864129926E-5
5.596474777570616E-5
5.6103016593312195E-5
5.622104890637218E-5
5.6322529720531254E-5
5.64107739195782E-5
5.648866807392073E-5
5.6558650292416496E-5
5.662272084028305E-5
5.66824752540959E-5
5.6739151754505656E-5
5.679368563743575E-5
5.684676471644704E-5
5.6898881500102346E-5
5.695037937286101E-5
5.700149143088543E-5
5.705237170626879E-5
5.710311926457321E-5
5.7153796103659584E-5
5.720443997172105E-5
5.72550732282463E-5
5.7305708761522936E-5
5.735635380801999E-5
5.740701233546696E-5
5.7457686480271624E-5
5.750837738556085E-5
5.755908567331019E-5
5.760981170126297E-5
5.7660555697901553E-5
5.771131783085904E-5
5.7762098240349585E-5
5.7812897054906534E-5
5.786371439851325E-5
5.791455039371103E-5
5.7965405162901396E-5
5.801627882887076E-5
5.806717151499493E-5
5.8118083345317296E-5
5.816901444457896E-5
5.821996493823224E-5
5.827093495244814E-5
5.8321924614121825E-5
5.837293405087766E-5
5.842396339107421E-5
5.8475012763808814E-5
5.852608229892234E-5
5.857717212700404E-5
5.8628282379396614E-5
5.867941318820029E-5
5.8730564686278255E-5
5.8781737007261086E-5
5.8832930285551516E-5
5.8884144656329064E-5
5.8935380255555075E-5
5.8986637219977096E-5
5.903791568713371E-5
5.908921579535926E-5
5.9140537683788463E-5
5.919188149236118E-5
5.9243247361826655E-5
5.9294635433748566E-5
5.934604585050938E-5
5.939747875531494E-5
5.9448934292199146E-5
5.950041260602823E-5
5.955191384250567E-5
5.9603438148176064E-5
5.965498567043008E-5
5.9706556557508536E-5
5.975815095850691E-5
5.9809769023379864E-5
5.986141090294518E-5
5.99130767488885E-5
5.996476671376719E-5
6.001648095101489E-5
6.00682196149453E-5
6.0119982860756715E-5
6.017177084453603E-5
6.0223583723262776E-5
6.027542165481301E-5
6.032728479796364E-5
6.037917331239623E-5
6.043108735870089E-5
6.048302709838018E-5
6.053499269385295E-5
6.0586984308458165E-5
6.063900210645865E-5
6.069104625304475E-5
6.074311691433807E-5
6.0795214257395086E-5
6.0847338450210656E-5
6.089948966172162E-5
6.0951668061810366E-5
6.100387382130795E-5
6.105610711199783E-5
6.110836810661898E-5
6.116065697886933E-5
6.121297390340899E-5
6.126531905586329E-5
6.131769261282606E-5
6.137009475186268E-5
6.142252565151312E-5
6.147498549129485E-5
6.152747445170604E-5
6.157999271422796E-5
6.16325404613283E-5
6.168511787646368E-5
6.173772514408244E-5
6.179036244962708E-5
6.184302997953739E-5
6.189572792125244E-5
6.194845646321338E-5
6.200121579486577E-5
6.205400610666217E-5
6.210682759006414E-5
6.21596804375448E-5
6.221256484259095E-5
6.226548099970499E-5
6.231842910440737E-5
6.237140935323854E-5
6.242442194376096E-5
6.247746707456063E-5
6.253054494524962E-5
6.258365575646734E-5
6.263679970988246E-5
6.268997700819473E-5
6.274318785513656E-5
6.279643245547409E-5
6.284971101500979E-5
6.290302374058257E-5
6.29563708400704E-5
6.300975252239072E-5
6.306316899750225E-5
6.3116620476406E-5
6.317010717114638E-5
6.322362929481232E-5
6.327718706153843E-5
6.333078068650572E-5
6.338441038594272E-5
6.343807637712613E-5
6.349177887838168E-5
6.354551810908499E-5
6.359929428966218E-5
6.365310764158999E-5
6.370695838739707E-5
6.376084675066401E-5
6.381477295602385E-5
6.386873722916223E-5
6.39227397968181E-5
6.39767808867834E-5
6.403086072790403E-5
6.408497955007893E-5
6.413913758426092E-5
6.419333506245626E-5
6.424757221772486E-5
6.430184928417991E-5
6.435616649698774E-5
6.441052409236757E-5
6.446492230759126E-5
6.451936138098268E-5
6.457384155191768E-5
6.46283630608231E-5
6.468292614917644E-5
6.473753105950522E-5
6.479217803538651E-5
6.484686732144574E-5
6.490159916335595E-5
6.495637380783738E-5
6.501119150265605E-5
6.506605249662291E-5
6.512095703959289E-5
6.517590538246366E-5
6.523089777717458E-5
6.528593447670517E-5
6.534101573507428E-5
6.539614180733842E-5
6.545131294959034E-5
6.550652941895759E-5
6.55617914736014E-5
6.561709937271415E-5
6.567245337651872E-5
6.572785374626646E-5
6.578330074423501E-5
6.583879463372693E-5
6.589433567906788E-5
6.594992414560449E-5
6.600556029970194E-5
6.60612444087429E-5
6.611697674112453E-5
6.617275756625696E-5
6.622858715456058E-5
6.628446577746422E-5
6.634039370740269E-5
6.639637121781447E-5
6.645239858313969E-5
6.650847607881837E-5
6.656460398128859E-5
6.662078256798605E-5
6.667701211734468E-5
6.673329290880085E-5
6.678962522280226E-5
6.684600934082635E-5
6.690244554541555E-5
6.695893412024111E-5
6.701547535021834E-5
6.707206952170779E-5
6.712871692286603E-5
6.718541784424541E-5
6.724217257981583E-5
6.729898142867953E-5
6.735584469793148E-5
6.741276270737844E-5
6.746973579725461E-5
6.75267643407146E-5
6.758384876386744E-5
6.764098957758942E-5
6.769818742753377E-5
6.775544317195004E-5
6.781275800152065E-5
6.787013362194683E-5
6.792757252913103E-5
6.79850784193164E-5
6.80426567934292E-5
6.810031583719153E-5
6.815806768746943E-5
6.821593023184072E-5
6.827392963325986E-5
6.833210382518545E-5
6.839050728381118E-5
6.844921745087249E-5
6.850834324855977E-5
6.856803619035252E-5
6.862850463778629E-5
6.869003176925768E-5
6.87529977951314E-5
6.881790685242734E-5
6.888541881889157E-5
6.895638597702402E-5
6.903189401375814E-5
6.91133062490605E-5
6.92023092481803E-5
6.930095710856102E-5
6.941171076955769E-5
6.953746774669215E-5
6.968157684896303E-5
6.984783183304548E-5
7.004043773782437E-5
7.026394398825924E-5
7.052313940559044E-5
7.082290611646602E-5
7.116803205139102E-5
7.15629851996552E-5
7.201165686118057E-5
7.25170854953277E-5
7.308117698352861E-5
7.370444067880891E-5
7.438576295658064E-5
7.51222405874738E-5
7.590909472206585E-5
7.673968240528844E-5
7.760561638840778E-5
7.849699594752668E-5
7.940274212071988E-5
8.031102116340303E-5
8.120973116764206E-5
8.208701978572471E-5
8.293179679137912E-5
8.373420446365627E-5
8.448601174118823E-5
8.518090455105071E-5
8.581465398826185E-5
8.638515505149193E-5
8.689234013653719E-5
8.733798211189449E-5
8.772541035642766E-5
8.805916874860411E-5
8.834464681101651E-5
8.858771405600455E-5
8.87943835083955E-5
8.897052419464484E-5
8.912163506636267E-5
8.925268537716659E-5
8.936801983735885E-5
8.947132157864419E-5
8.95656224261808E-5
8.965334825851448E-5
8.973638714904265E-5
8.98161691647903E-5
8.989374870513469E-5
8.996988265032298E-5
9.004509997715666E-5
9.011976061004355E-5
9.019410294797116E-5
9.026828068588144E-5
9.034239025864424E-5
9.041649055606018E-5
9.049061659058716E-5
9.056478864902884E-5
9.063901821395259E-5
9.071331166687087E-5
9.078767252678971E-5
9.086210275802118E-5
9.093660350841982E-5
9.101117551186231E-5
9.108581930006993E-5
9.116053531015909E-5
9.12353239372868E-5
9.131018555947559E-5
9.138512054888106E-5
9.146012927671234E-5
9.15352121152972E-5
9.161036943891782E-5
9.168560162413621E-5
9.176090904992086E-5
9.183629209769489E-5
9.19117511513568E-5
9.198728659729257E-5
9.206289882438238E-5
9.21385882240067E-5
9.22143551900518E-5
9.229020011891344E-5
9.236612340950138E-5
9.244212546324214E-5
9.25182066840821E-5
9.25943674784892E-5
9.267060825545438E-5
9.274692942649328E-5
9.282333140564604E-5
9.289981460947726E-5
9.297637945707615E-5
9.305302637005434E-5
9.312975577254505E-5
9.320656809120068E-5
9.32834637551906E-5
9.336044319619749E-5
9.343750684841387E-5
9.351465514853843E-5
9.359188853577144E-5
9.366920745180919E-5
9.374661234083936E-5
9.38241036495349E-5
9.390168182704737E-5
9.397934732500074E-5
9.405710059748379E-5
9.413494210104285E-5
9.421287229467364E-5
9.429089163981281E-5
9.436900060032927E-5
9.444719964251491E-5
9.452548923507542E-5
9.460386984911967E-5
9.468234195814965E-5
9.476090603804986E-5
9.48395625670763E-5
9.491831202584475E-5
9.499715489731919E-5
9.507609166679962E-5
9.515512282190966E-5
9.523424885258377E-5
9.531347025105393E-5
9.539278751183623E-5
9.547220113171744E-5
9.555171160974039E-5
9.563131944719003E-5
9.571102514757842E-5
9.579082921662997E-5
9.587073216226596E-5
9.595073449458916E-5
9.603083672586794E-5
9.611103937051995E-5
9.619134294509603E-5
9.627174796826332E-5
9.635225496078836E-5
9.643286444552009E-5
9.65135769473724E-5
9.659439299330614E-5
9.667531311231162E-5
9.675633783539003E-5
9.683746769553567E-5
9.691870322771649E-5
9.700004496885618E-5
9.708149345781442E-5
9.716304923536801E-5
9.724471284419125E-5
9.732648482883619E-5
9.740836573571301E-5
9.749035611306954E-5
9.757245651097139E-5
9.76546674812812E-5
9.773698957763829E-5
9.781942335543776E-5
9.790196937180918E-5
9.798462818559592E-5
9.806740035733334E-5
9.815028644922788E-5
9.82332870251346E-5
9.831640265053654E-5
9.839963389252147E-5
9.848298131976061E-5
9.856644550248622E-5
9.865002701246902E-5
9.873372642299588E-5
9.881754430884709E-5
9.890148124627352E-5
9.898553781297376E-5
9.906971458807113E-5
9.915401215209044E-5
9.923843108693488E-5
9.932297197586258E-5
9.940763540346287E-5
9.949242195563279E-5
9.957733221955385E-5
9.966236678366793E-5
9.974752623765311E-5
9.983281117239981E-5
9.991822217998746E-5
1.000037598536592E-4
1.0008942478779852E-4
1.0017521757790461E-4
1.00261138820568E-4
1.0034718911344587E-4
1.0043336905523817E-4
1.0051967924566227E-4
1.006061202854289E-4
1.0069269277621694E-4
1.0077939732064926E-4
1.008662345222671E-4
1.0095320498550593E-4
1.0104030931566986E-4
1.0112754811890733E-4
1.0121492200218533E-4
1.0130243157326503E-4
1.0139007744067637E-4
1.0147786021369288E-4
1.0156578050230632E-4
1.0165383891720199E-4
1.0174203606973284E-4
1.0183037257189486E-4
1.0191884903630138E-4
1.0200746607615792E-4
1.0209622430523651E-4
1.0218512433785109E-4
1.0227416678883119E-4
1.023633522734975E-4
1.0245268140763563E-4
1.0254215480747154E-4
1.026317730896454E-4
1.0272153687118649E-4
1.0281144676948789E-4
1.0290150340228138E-4
1.0299170738761103E-4
1.030820593438088E-4
1.0317255988946889E-4
1.0326320964342202E-4
1.0335400922471053E-4
1.0344495925256256E-4
1.0353606034636716E-4
1.0362731312564887E-4
1.0371871821004212E-4
1.0381027621926636E-4
1.039019877731003E-4
1.0399385349135747E-4
1.0408587399386008E-4
1.0417804990041452E-4
1.0427038183078596E-4
1.0436287040467326E-4
1.0445551624168399E-4
1.0454831996130936E-4
1.0464128218289915E-4
1.0473440352563743E-4
1.0482768460851726E-4
1.0492112605031677E-4
1.0501472846957544E-4
1.051084924845711E-4
1.0520241871329906E-4
1.0529650777345458E-4
1.053907602824205E-4
1.0548517685726585E-4
1.0557975811476197E-4
1.0567450467143194E-4
1.0576941714365508E-4
1.058644961478678E-4
1.0595974230093293E-4
1.0605515622078976E-4
1.0615073852758119E-4
1.0624648984557502E-4
1.0634241080639788E-4
1.0643850205441791E-4
1.0653476425560968E-4
1.0663119811200228E-4
1.0672780438499589E-4
1.0682458393260517E-4
1.0692153776834795E-4
1.0701866715339938E-4
1.0711597373929268E-4
1.072134597865377E-4
1.0731112849589503E-4
1.0740898450477039E-4
1.0750703462254982E-4
1.076052889071405E-4
1.077037622220936E-4
1.0780247646095581E-4
1.0790146368416391E-4
1.0800077048437782E-4
1.081004639780136E-4
1.0820063991137896E-4
1.083014334640785E-4
1.0840303342155678E-4
1.0850570045972742E-4
1.0860979031943625E-4
1.087157826235625E-4
1.0882431597645763E-4
1.0893622975222953E-4
1.0905261259241845E-4
1.091748570656947E-4
1.0930471917265528E-4
1.094443804047549E-4
1.0959650891021036E-4
1.0976431503706457E-4
1.0995159521021288E-4
1.1016275689406897E-4
1.1040281647571503E-4
1.1067736148624167E-4
1.1099246888486423E-4
1.1135457237094618E-4
1.1177027402280717E-4
1.1224609905858121E-4
1.1278819711339172E-4
1.1340199890776391E-4
1.1409184314673746E-4
1.1486059437072955E-4
1.1570927760520946E-4
1.1663675912862103E-4
1.1763950403129843E-4
1.1871143961197468E-4
1.1984394885562074E-4
1.2102601025445794E-4
1.222444895160409E-4
1.2348457611488007E-4
1.2473034441619474E-4
1.259654066952656E-4
1.2717361530765868E-4
1.283397648854983E-4
1.2945024371999327E-4
1.3049358687204814E-4
1.3146089181899243E-4
1.323460697391225E-4
1.3314592045586036E-4
1.338600348568357E-4
1.3449054341701657E-4
1.350417416058916E-4
1.3551963117382652E-4
1.359314198993455E-4
1.3628502129537634E-4
1.3658859059045812E-4
1.368501250739015E-4
1.3707714695758324E-4
1.3727647665440576E-4
1.3745409504497896E-4
1.3761508582883612E-4
1.3776364396461327E-4
1.3790313361652543E-4
1.380361787117029E-4
1.381647706952579E-4
1.382903807417124E-4
1.3841406692732494E-4
1.3853657015489647E-4
1.3865839555647692E-4
1.3877987844441707E-4
1.3890123554947462E-4
1.3902260330454959E-4
1.3914406540806634E-4
1.3926567197163653E-4
1.393874523650746E-4
1.3950942354196193E-4
1.3963159525477554E-4
1.3975397321214092E-4
1.3987656092593622E-4
1.3999936075526098E-4
1.401223744762129E-4
1.4024560358199617E-4
1.403690494353409E-4
1.4049271334305196E-4
1.4061659659105546E-4
1.407407004601718E-4
1.408650262328578E-4
1.4098957519588412E-4
1.4111434864126285E-4
1.4123934786644952E-4
1.4136457417426442E-4
1.4149002887270528E-4
1.416157132747263E-4
1.4174162869800408E-4
1.4186777646470463E-4
1.4199415790124757E-4
1.4212077433807654E-4
1.4224762710942954E-4
1.4237471755311368E-4
1.4250204701028005E-4
1.4262961682520337E-4
1.4275742834506214E-4
1.4288548291972364E-4
1.430137819015284E-4
1.4314232664508E-4
1.4327111850703504E-4
1.4340015884589693E-4
1.4352944902181096E-4
1.4365899039636243E-4
1.4378878433237747E-4
1.4391883219372478E-4
1.4404913534512103E-4
1.441796951519381E-4
1.4431051298001156E-4
1.4444159019545377E-4
1.445729281644667E-4
1.4470452825315834E-4
1.44836391827361E-4
1.4496852025245132E-4
1.4510091489317403E-4
1.452335771134652E-4
1.4536650827627986E-4
1.454997097434213E-4
1.456331828753717E-4
1.4576692903112468E-4
1.4590094956802168E-4
1.460352458415884E-4
1.4616981920537452E-4
1.4630467101079452E-4
1.4643980260697128E-4
1.465752153405806E-4
1.4671091055569954E-4
1.4684688959365512E-4
1.4698315379287448E-4
1.4711970448873961E-4
1.472565430134407E-4
1.4739367069583424E-4
1.4753108886130005E-4
1.476687988316031E-4
1.4780680192475566E-4
1.479450994548812E-4
1.4808369273208076E-4
1.4822258306230015E-4
1.4836177174719977E-4
1.4850126008402647E-4
1.4864104936548574E-4
1.4878114087961744E-4
1.4892153590967194E-4
1.490622357339886E-4
1.4920324162587527E-4
1.4934455485349023E-4
1.4948617667972605E-4
1.4962810836209378E-4
1.4977035115261022E-4
1.4991290629768546E-4
1.5005577503801409E-4
1.5019895860846508E-4
1.503424582379759E-4
1.5048627514944703E-4
1.5063041055963825E-4
1.5077486567906598E-4
1.5091964171190327E-4
1.5106473985588E-4
1.512101613021853E-4
1.5135590723537237E-4
1.5150197883326283E-4
1.5164837726685336E-4
1.5179510370022555E-4
1.5194215929045357E-4
1.5208954518751685E-4
1.5223726253421233E-4
1.5238531246606837E-4
1.5253369611126019E-4
1.526824145905266E-4
1.5283146901708865E-4
1.5298086049656882E-4
1.531305901269117E-4
1.5328065899830704E-4
1.5343106819311296E-4
1.5358181878578043E-4
1.5373291184278028E-4
1.538843484225303E-4
1.5403612957532413E-4
1.541882563432619E-4
1.543407297601807E-4
1.544935508515875E-4
1.5464672063459362E-4
1.5480024011784894E-4
1.5495411030147898E-4
1.5510833217702248E-4
1.5526290672736903E-4
1.554178349267E-4
1.5557311774043009E-4
1.557287561251481E-4
1.5588475102856192E-4
1.5604110338944215E-4
1.5619781413756805E-4
1.5635488419367424E-4
1.5651231446939975E-4
1.5667010586723523E-4
1.5682825928047477E-4
1.5698677559316656E-4
1.5714565568006507E-4
1.5730490040658505E-4
1.5746451062875484E-4
1.5762448719317337E-4
1.57784830936966E-4
1.5794554268774158E-4
1.581066232635523E-4
1.5826807347285208E-4
1.584298941144586E-4
1.5859208597751326E-4
1.587546498414455E-4
1.5891758647593472E-4
1.5908089664087597E-4
1.5924458108634574E-4
1.5940864055256703E-4
1.5957307576987804E-4
1.597378874586995E-4
1.5990307632950527E-4
1.6006864308279123E-4
1.6023458840904646E-4
1.6040091298872612E-4
1.605676174922234E-4
1.607347025798437E-4
1.609021689017785E-4
1.6107001709808277E-4
1.6123824779864856E-4
1.6140686162318418E-4
1.6157585918119154E-4
1.6174524107194502E-4
1.6191500788447115E-4
1.6208516019752852E-4
1.6225569857958988E-4
1.624266235888241E-4
1.6259793577307866E-4
1.627696356698629E-4
1.629417238063337E-4
1.6311420069927963E-4
1.6328706685510695E-4
1.6346032276982656E-4
1.6363396892904176E-4
1.638080058079358E-4
1.6398243387126063E-4
1.6415725357332763E-4
1.6433246535799706E-4
1.6450806965866933E-4
1.6468406689827784E-4
1.6486045748928072E-4
1.6503724183365598E-4
1.6521442032289748E-4
1.6539199333801279E-4
1.6556996124952473E-4
1.6574832441748207E-4
1.659270831914778E-4
1.6610623791069035E-4
1.6628578890395698E-4
1.6646573648990915E-4
1.6664608097720997E-4
1.6682682266497186E-4
1.670079618434785E-4
1.6718949879542355E-4
1.673714337980139E-4
1.675537671265106E-4
1.6773649906013044E-4
1.6791962989179762E-4
1.6810315994409376E-4
1.6828708959510018E-4
1.6847141931985323E-4
1.6865614975617444E-4
1.6884128180813694E-4
1.6902681680698776E-4
1.6921275675875247E-4
1.6939910472105914E-4
1.6958586537021782E-4
1.697730458448386E-4
1.699606569861311E-4
1.701487151394113E-4
1.7033724473828455E-4
1.7052628196409728E-4
1.7071587985949347E-4
1.7090611537583917E-4
1.7109709894726254E-4
1.712889873033067E-4
1.7148200034763754E-4
1.7167644302641796E-4
1.7187273316502795E-4
1.720714362371684E-4
1.7227330791091827E-4
1.72479344952012E-4
1.7269084461365018E-4
1.7290947196617736E-4
1.7313733369115996E-4
1.7337705567476382E-4
1.7363186030721508E-4
1.7390563779168657E-4
1.7420300410031988E-4
1.7452933665522346E-4
1.7489077757947184E-4
1.7529419372116353E-4
1.7574708288701162E-4
1.7625741710243148E-4
1.768334164575213E-4
1.7748325131022237E-4
1.7821467624862863E-4
1.790346060129215E-4
1.799486510690658E-4
1.8096064863742025E-4
1.8207218898842035E-4
1.8328220572876245E-4
1.8458665792429104E-4
1.8597834111300349E-4
1.8744685868712197E-4
1.8897877549630185E-4
1.9055796234353797E-4
1.9216612435144853E-4
1.937834894827477E-4
1.9538961763714328E-4
1.9696427764183004E-4
1.9848833085046928E-4
1.999445572633903E-4
2.0131836370296315E-4
2.0259832343661832E-4
2.037765117257519E-4
2.048486203743551E-4
2.0581385426612795E-4
2.0667463176482687E-4
2.074361265468555E-4
2.0810569927130627E-4
2.0869227252598766E-4
2.0920570159619158E-4
2.0965618745065527E-4
2.1005376821808553E-4
2.104079130090611E-4
2.1072722898806068E-4
2.1101928071010957E-4
2.1129051111496406E-4
2.1154624692746067E-4
2.1179076773439464E-4
2.1202741743218912E-4
2.1225873847662469E-4
2.1248661265655094E-4
2.1271239617713447E-4
2.129370409919892E-4
2.1316119805714757E-4
2.133853011832901E-4
2.1360963231460112E-4
2.1383437039161656E-4
2.1405962658868912E-4
2.1428546882917954E-4
2.1451193825397041E-4
2.1473905990950144E-4
2.1496684945107334E-4
2.1519531720600333E-4
2.1542447055368733E-4
2.156543152726352E-4
2.158848562768853E-4
2.1611609800478783E-4
2.163480446172082E-4
2.165807000951489E-4
2.168140682862937E-4
2.170481529266107E-4
2.1728295765024902E-4
2.175184859941634E-4
2.1775474140045835E-4
2.1799172721778518E-4
2.182294467023615E-4
2.1846790301884576E-4
2.187070992411574E-4
2.1894703835327153E-4
2.191877232500064E-4
2.1942915673780198E-4
2.1967134153549382E-4
2.1991428027508258E-4
2.201579755024979E-4
2.2040242967835756E-4
2.2064764517872216E-4
2.2089362429584592E-4
2.211403692389206E-4
2.2138788213481674E-4
2.2163616502881886E-4
2.218852198853581E-4
2.2213504858873724E-4
2.2238565294385382E-4
2.226370346769169E-4
2.228891954361608E-4
2.231421367925528E-4
2.2339586024049723E-4
2.2365036719853575E-4
2.2390565901004143E-4
2.2416173694390958E-4
2.2441860219524486E-4
2.246762558860418E-4
2.2493469906586345E-4
2.2519393271251413E-4
2.2545395773270808E-4
2.2571477496273498E-4
2.25976385169119E-4
2.2623878904927608E-4
2.2650198723216588E-4
2.2676598027893848E-4
2.2703076868357895E-4
2.272963528735463E-4
2.2756273321040884E-4
2.2782990999047593E-4
2.2809788344542404E-4
2.2836665374292102E-4
2.2863622098724456E-4
2.2890658521989646E-4
2.2917774642021516E-4
2.2944970450598204E-4
2.2972245933402456E-4
2.2999601070081537E-4
2.3027035834306765E-4
2.3054550193832648E-4
2.308214411055568E-4
2.3109817540572638E-4
2.3137570434238593E-4
2.3165402736224542E-4
2.319331438557463E-4
2.322130531576295E-4
2.3249375454750083E-4
2.327752472503913E-4
2.3305753043731525E-4
2.3334060322582374E-4
2.3362446468055387E-4
2.3390911381377614E-4
2.3419454958593632E-4
2.3448077090619496E-4
2.3476777663296303E-4
2.350555655744336E-4
2.353441364891102E-4
2.3563348808633192E-4
2.359236190267947E-4
2.3621452792306943E-4
2.3650621334011583E-4
2.3679867379579344E-4
2.3709190776137075E-4
2.3738591366202628E-4
2.376806898773516E-4
2.379762347418485E-4
2.3827254654542205E-4
2.385696235338718E-4
2.3886746390937871E-4
2.3916606583098966E-4
2.3946542741509833E-4
2.397655467359213E-4
2.4006642182597396E-4
2.4036805067654044E-4
2.4067043123814162E-4
2.4097356142099965E-4
2.4127743909549908E-4
2.4158206209264565E-4
2.418874282045214E-4
2.4219353518473535E-4
2.4250038074887363E-4
2.4280796257494504E-4
2.431162783038228E-4
2.434253255396853E-4
2.437351018504513E-4
2.4404560476821532E-4
2.4435683178967657E-4
2.446687803765667E-4
2.449814479560752E-4
2.452948319212696E-4
2.4560892963151535E-4
2.4592373841289083E-4
2.462392555586005E-4
2.465554783293848E-4
2.468724039539268E-4
2.4719002962925613E-4
2.4750835252115177E-4
2.478273697645381E-4
2.4814707846388306E-4
2.4846747569359E-4
2.48788558498386E-4
2.491103238937125E-4
2.4943276886610756E-4
2.497558903735877E-4
2.500796853460288E-4
2.5040415068553975E-4
2.5072928326683874E-4
2.5105507993762274E-4
2.513815375189357E-4
2.5170865280553555E-4
2.520364225662564E-4
2.5236484354436916E-4
2.5269391245793887E-4
2.530236260001801E-4
2.5335398083981133E-4
2.5368497362140204E-4
2.540166009657238E-4
2.5434885947009145E-4
2.5468174570870885E-4
2.5501525623300756E-4
2.553493875719838E-4
2.5568413623253524E-4
2.560194986997926E-4
2.563554714374485E-4
2.5669205088808795E-4
2.57029233473511E-4
2.5736701559505784E-4
2.577053936339281E-4
2.580443639514992E-4
2.5838392288964144E-4
2.587240667710337E-4
2.590647918994716E-4
2.5940609456017745E-4
2.597479710201083E-4
2.600904175282577E-4
2.604334303159588E-4
2.607770055971832E-4
2.6112113956884E-4
2.614658284110688E-4
2.6181106828753365E-4
2.6215685534571335E-4
2.625031857171912E-4
2.628500555179389E-4
2.6319746084860245E-4
2.63545397794783E-4
2.6389386242731816E-4
2.6424285080255816E-4
2.645923589626415E-4
2.649423829357697E-4
2.652929187364782E-4
2.656439623659072E-4
2.659955098120705E-4
2.663475570501242E-4
2.667001000426352E-4
2.670531347398582E-4
2.674066570800149E-4
2.677606629895944E-4
2.6811514838368444E-4
2.68470109166359E-4
2.688255412311709E-4
2.6918144046181856E-4
2.695378027331268E-4
2.6989462391254344E-4
2.7025189986253003E-4
2.7060962644442275E-4
2.7096779952473385E-4
2.713264149854478E-4
2.7168546874076894E-4
2.7204495676421775E-4
2.7240487513210943E-4
2.727652200927167E-4
2.731259881752346E-4
2.73487176359724E-4
2.738487823393896E-4
2.742108049209903E-4
2.7457324462933986E-4
2.749361046094995E-4
2.752993919574584E-4
2.756631196591336E-4
2.7602730938064993E-4
2.7639199543218597E-4
2.767572303243621E-4
2.7712309245004344E-4
2.774896965529501E-4
2.7785720778149406E-4
2.7822586026101753E-4
2.785959812330571E-4
2.7896802188230477E-4
2.793425959684826E-4
2.797205272617371E-4
2.801029065006334E-4
2.804911581029815E-4
2.8088711611622683E-4
2.812931078616685E-4
2.817120423926787E-4
2.8214749927219326E-4
2.826038113459591E-4
2.8308613326898E-4
2.836004857202157E-4
2.841537637642495E-4
2.8475369698887233E-4
2.8540874919238794E-4
2.861279468316831E-4
2.8692062842956243E-4
2.8779611181710505E-4
2.887632824159091E-4
2.898301134803296E-4
2.910073617131719E-4
2.922995275700131E-4
2.9370858942843185E-4
2.9523352762819867E-4
2.968699500065948E-4
2.98609861820763E-4
3.004416169332039E-4
3.0235007643067413E-4
3.0431698597560005E-4
3.063215653050494E-4
3.083412841046742E-4
3.103527800884242E-4
3.1233285973203455E-4
3.1425951177998086E-4
3.161128599150827E-4
3.1787598462715527E-4
3.195355551937254E-4
3.2108222968812815E-4
3.225108021242343E-4
3.2382009873148436E-4
3.250126472208508E-4
3.2609416123388207E-4
3.270728949988993E-4
3.279589294077738E-4
3.287634500774943E-4
3.2949807119159045E-4
3.301742474830204E-4
3.308028025332904E-4
3.313935866597468E-4
3.3195526389503087E-4
3.324952163488931E-4
3.3301954642920634E-4
3.3353315323141855E-4
3.3403985860138504E-4
3.345425602704705E-4
3.350433931840764E-4
3.355438847940354E-4
3.3604509486812923E-4
3.3654773468929587E-4
3.370522640064448E-4
3.375589666105087E-4
3.380680069706064E-4
3.385794711193118E-4
3.390933951233351E-4
3.396097842250134E-4
3.401286252742199E-4
3.406498945303181E-4
3.4117356239364246E-4
3.416995961779214E-4
3.422279616793808E-4
3.427586240340727E-4
3.4329154816972615E-4
3.4382669903517353E-4
3.443640417123301E-4
3.4490354146850743E-4
3.4544516377957605E-4
3.4598887433945374E-4
3.4653463906343364E-4
3.470824240888525E-4
3.4763219577466407E-4
3.4818392070058024E-4
3.4873756566604846E-4
3.492930976891821E-4
3.498504840056688E-4
3.504096920676802E-4
3.509706895427837E-4
3.5153344431285697E-4
3.5209792447300986E-4
3.5266409833050827E-4
3.5323193440370363E-4
3.538014014209685E-4
3.5437246831963317E-4
3.549451042449323E-4
3.5551927854895115E-4
3.5609496078957826E-4
3.566721207294639E-4
3.5725072833498215E-4
3.578307537751955E-4
3.5841216742082857E-4
3.5899493984324187E-4
3.595790418134119E-4
3.60164444300916E-4
3.607511184729229E-4
3.6133903569318286E-4
3.61928167521028E-4
3.6251848571037463E-4
3.6310996220872716E-4
3.637025691561925E-4
3.642962788844933E-4
3.6489106391598947E-4
3.654868969626988E-4
3.660837509253293E-4
3.666815988923088E-4
3.672804141388231E-4
3.6788017012585704E-4
3.6848084049924E-4
3.6908239908869424E-4
3.6968481990689006E-4
3.70288077148503E-4
3.7089214518927575E-4
3.7149699858508503E-4
3.7210261207101146E-4
3.7270896056041433E-4
3.7331601914400935E-4
3.739237630889524E-4
3.7453216783792684E-4
3.7514120900823184E-4
3.7575086239087854E-4
3.763611039496902E-4
3.769719098204025E-4
3.7758325630977215E-4
3.781951198946878E-4
3.7880747722128175E-4
3.794203051040537E-4
3.800335805249893E-4
3.8064728063268806E-4
3.8126138274149305E-4
3.8187586433062584E-4
3.824907030433254E-4
3.831058766859891E-4
3.837213632273163E-4
3.843371407974629E-4
3.849531876871901E-4
3.855694823470246E-4
3.8618600338641783E-4
3.8680272957291077E-4
3.874196398313041E-4
3.880367132428279E-4
3.8865392904431883E-4
3.8927126662740034E-4
3.8988870553766363E-4
3.905062254738577E-4
3.911238062870768E-4
3.917414279799566E-4
3.923590707058711E-4
3.929767147681338E-4
3.9359434061920394E-4
3.942119288598935E-4
3.9482946023858067E-4
3.954469156504242E-4
3.960642761365833E-4
3.966815228834402E-4
3.972986372218271E-4
3.979156006262542E-4
3.9853239471414467E-4
3.991490012450694E-4
3.9976540211998835E-4
4.003815793804953E-4
4.009975152080612E-4
4.016131919232869E-4
4.0222859198515764E-4
4.028436979902975E-4
4.03458492672232E-4
4.0407295890065186E-4
4.0468707968067805E-4
4.0530083815213465E-4
4.0591421758882196E-4
4.0652720139779184E-4
4.071397731186311E-4
4.077519164227421E-4
4.083636151126316E-4
4.089748531211995E-4
4.0958561451103463E-4
4.101958834737076E-4
4.1080564432907326E-4
4.114148815245736E-4
4.1202357963454183E-4
4.1263172335951356E-4
4.1323929752553885E-4
4.138462870834971E-4
4.1445267710841686E-4
4.150584527987959E-4
4.156635994759284E-4
4.1626810258323083E-4
4.168719476855739E-4
4.1747512046861734E-4
4.180776067381457E-4
4.186793924194094E-4
4.19280463556468E-4
4.1988080631153574E-4
4.204804069643324E-4
4.2107925191143343E-4
4.216773276656261E-4
4.2227462085526844E-4
4.2287111822364806E-4
4.234668066283498E-4
4.240616730406193E-4
4.2465570454473437E-4
4.252488883373788E-4
4.258412117270147E-4
4.2643266213326507E-4
4.270232270862922E-4
4.276128942261844E-4
4.2820165130234145E-4
4.287894861728646E-4
4.2937638680394866E-4
4.29962341269282E-4
4.30547337749438E-4
4.311313645312819E-4
4.3171441000737184E-4
4.322964626753665E-4
4.3287751113743443E-4
4.3345754409966614E-4
4.3403655037148954E-4
4.346145188650863E-4
4.3519143859481365E-4
4.3576729867662634E-4
4.3634208832750307E-4
4.369157968648744E-4
4.3748841370605437E-4
4.380599283676729E-4
4.38630330465114E-4
4.3919960971195365E-4
4.3976775591940116E-4
4.4033475899574415E-4
4.4090060894579427E-4
4.4146529587033766E-4
4.4202880996558854E-4
4.4259114152264066E-4
4.4315228092692695E-4
4.4371221865768345E-4
4.442709452874102E-4
4.4482845148134594E-4
4.4538472799694534E-4
4.459397656833696E-4
4.464935554809983E-4
4.4704608842097295E-4
4.4759735562480043E-4
4.481473483040527E-4
4.486960577602403E-4
4.4924347538497416E-4
4.4978959266062644E-4
4.5033440116182255E-4
4.50877892558334E-4
4.5142005862027916E-4
4.519608912271112E-4
4.5250038238274964E-4
4.5303852424057755E-4
4.535753091441038E-4
4.5411072969225023E-4
4.5464477884288784E-4
4.55177450075131E-4
4.557087376408215E-4
4.5623863694977236E-4
4.567671451531265E-4
4.572942620163857E-4
4.5781999121038514E-4
4.5834434219700366E-4
4.5886733294912477E-4
4.593889938233383E-4
4.599093730005885E-4
4.604285440242773E-4
4.609466160949862E-4
4.61463747920074E-4
4.6198016605439925E-4
4.62496188788583E-4
4.630122567195445E-4
4.6352897114246717E-4
4.6404714129394604E-4
4.645678412064749E-4
4.6509247645527943E-4
4.6562286034290977E-4
4.6616129803879957E-4
4.667106758551194E-4
4.672745512151281E-4
4.678572370204472E-4
4.684638721712254E-4
4.691004681245352E-4
4.6977391984214163E-4
4.7049196858318834E-4
4.712631040744499E-4
4.720963949670377E-4
4.730012394322161E-4
4.7398703241148884E-4
4.750627523902956E-4
4.779165713338111E-4
4.808621661852576E-4
4.839042468480746E-4
4.8704498933902434E-4
4.902835500294393E-4
4.936156811096462E-4
4.970334910568579E-4
5.005253879601597E-4
5.040762328377321E-4
5.076677150809985E-4
5.112789440304092E-4
5.148872311543916E-4
5.184690184951428E-4
5.220008932324921E-4
5.25460617495519E-4
5.288280985183065E-4
5.32086227715931E-4
5.352215281287907E-4
5.382245668491917E-4
5.410901105508356E-4
5.438170255476981E-4
5.464079461498628E-4
5.488687538796637E-4
5.512079233388813E-4
5.53435796987432E-4
5.555638505830764E-4
5.576040042541152E-4
5.595680226050456E-4
5.614670328328994E-4
5.63311174639714E-4
5.651093816596736E-4
5.668692826363664E-4
5.685972025609304E-4
5.702982396760325E-4
5.71976393383081E-4
5.736347199867388E-4
5.752754969855702E-4
5.769003813500605E-4
5.785105521072501E-4
5.801068319626023E-4
5.816897862576247E-4
5.832598001331085E-4
5.848171363686898E-4
5.863619771451762E-4
5.878944531308664E-4
5.894146630398171E-4
5.9092268633618E-4
5.924185912083166E-4
5.939024394055985E-4
5.953742890733744E-4
5.968341963582934E-4
5.982822162862623E-4
5.997184032260529E-4
6.011428111256182E-4
6.025554936283982E-4
6.039565041286496E-4
6.053458957970004E-4
6.067237215920157E-4
6.080900342654717E-4
6.094448863649019E-4
6.107883302350215E-4
6.121204180187023E-4
6.134412016577689E-4
6.147507328937478E-4
6.160490632685817E-4
6.173362441253315E-4
6.186123266088882E-4
6.198773616666687E-4
6.211314000493153E-4
6.223744923113928E-4
6.236066888120761E-4
6.248280397158514E-4
6.260385949931952E-4
6.272384044212665E-4
6.284275175845883E-4
6.296059838757311E-4
6.307738524959932E-4
6.319311724560755E-4
6.3307799257676E-4
6.342143614895795E-4
6.353403276374905E-4
6.364559392755415E-4
6.375612444715358E-4
6.38656291106704E-4
6.397411268763541E-4
6.408157992905405E-4
6.418803556747179E-4
6.429348431703964E-4
6.439793087357935E-4
6.450137991464879E-4
6.460383609960675E-4
6.470530406967721E-4
6.480578844801411E-4
6.49052938397656E-4
6.50038248321381E-4
6.510138599445977E-4
6.519798187824423E-4
6.529361701725405E-4
6.538829592756388E-4
6.548202310762329E-4
6.557480303831949E-4
6.566664018304011E-4
6.575753898773494E-4
6.584750388097884E-4
6.593653927403307E-4
6.602464956090694E-4
6.61118391184198E-4
6.619811230626168E-4
6.628347346705504E-4
6.636792692641503E-4
6.645147699301038E-4
6.653412795862425E-4
6.661588409821375E-4
6.669674966997069E-4
6.677672891538093E-4
6.685582605928432E-4
6.693404530993424E-4
6.701139085905637E-4
6.708786688190849E-4
6.716347753733868E-4
6.72382269678444E-4
6.731211929963055E-4
6.738515864266834E-4
6.745734909075277E-4
6.752869472156098E-4
6.759919959670955E-4
6.766886776181219E-4
6.773770324653704E-4
6.780571006466385E-4
6.787289221414077E-4
6.793925367714097E-4
6.800479842011946E-4
6.806953039386952E-4
6.813345353357815E-4
6.819657175888279E-4
6.825888897392692E-4
6.832040906741531E-4
6.838113591266971E-4
6.844107336768438E-4
6.850022527518051E-4
6.855859546266133E-4
6.861618774246685E-4
6.867300591182805E-4
6.872905375292179E-4
6.87843350329243E-4
6.88388535040654E-4
6.889261290368212E-4
6.894561695427225E-4
6.899786936354812E-4
6.904937382448935E-4
6.910013401539595E-4
6.915015359994133E-4
6.919943622722489E-4
6.92479855318245E-4
6.929580513384903E-4
6.934289863899E-4
6.938926963857389E-4
6.943492170961405E-4
6.947985841486212E-4
6.952408330285951E-4
6.956759990798848E-4
6.96104117505236E-4
6.965252233668235E-4
6.969393515867605E-4
6.973465369476046E-4
6.977468140928613E-4
6.981402175274841E-4
6.985267816183788E-4
6.989065405949024E-4
6.992795285493562E-4
6.996457794374864E-4
7.000053270789734E-4
7.003582051579292E-4
7.007044472233828E-4
7.010440866897737E-4
7.013771568374365E-4
7.017036908130862E-4
7.020237216303026E-4
7.023372821700166E-4
7.026444051809822E-4
7.029451232802648E-4
7.032394689537129E-4
7.035274745564384E-4
7.038091723132843E-4
7.040845943193032E-4
7.043537725402257E-4
7.046167388129313E-4
7.048735248459153E-4
7.051241622197541E-4
7.05368682387571E-4
7.056071166754991E-4
7.058394962831445E-4
7.060658522840412E-4
7.062862156261163E-4
7.06500617132143E-4
7.067090875001937E-4
7.069116573040977E-4
7.071083569938922E-4
7.072992168962734E-4
7.074842672150433E-4
7.076635380315599E-4
7.078370593051811E-4
7.08004860873714E-4
7.081669724538493E-4
7.083234236416124E-4
7.084742439127946E-4
7.086194626233998E-4
7.087591090100757E-4
7.088932121905517E-4
7.090218011640717E-4
7.091449048118296E-4
7.092625518973966E-4
7.093747710671543E-4
7.094815908507188E-4
7.095830396613712E-4
7.096791457964822E-4
7.097699374379343E-4
7.098554426525462E-4
7.099356893924918E-4
7.10010705495722E-4
7.100805186863822E-4
7.101451565752313E-4
7.102046466600592E-4
7.102590163261061E-4
7.103082928464818E-4
7.103525033825948E-4
7.103916749845928E-4
7.104258345918268E-4
7.104550090333534E-4
7.104792250285163E-4
7.104985091876606E-4
7.10512888013072E-4
7.105223879003117E-4
7.105270351402061E-4
7.105268559219577E-4
7.105218763381E-4
7.105121223924805E-4
7.104976200131715E-4
7.104783950733109E-4
7.104544734245537E-4
7.104258809503615E-4
7.103926436501685E-4
7.103547877710429E-4
7.103123400115072E-4
7.102653278337396E-4
7.10213779936475E-4
7.101577269631285E-4
7.100972025496868E-4
7.100322448565694E-4
7.099628987800558E-4
7.09889219103603E-4
7.098112749287522E-4
7.097291558192578E-4
7.096429801987235E-4
7.095529066566095E-4
7.09459148931392E-4
7.093619954390804E-4
7.092618342805799E-4
7.091591846660427E-4
7.090547356054573E-4
7.089493924940601E-4
7.088443318277039E-4
7.087410636784497E-4
7.086415007141186E-4
7.085480314447781E-4
7.084635940391126E-4
7.083917455274016E-4
7.083367195961102E-4
7.083034646359126E-4
7.082976524374503E-4
7.083256471890322E-4
7.083944244941451E-4
7.085114312645061E-4
7.086843797785642E-4
7.089209730510668E-4
0.0013774969938144682
0.0013744693222133761
0.001371535503510272
0.001368698796989336
0.0013659603613490536
0.0013633188749526686
0.0013607702426986985
0.001358307424370949
0.0013559204140484412
0.0013535963910329238
0.0013513200502592855
0.0013490741052831407
0.0013468399411322009
0.0013445983793098763
0.0013423305048828453
0.0013400184975290888
0.001337646405897568
0.001335200808217842
0.0013326713116056023
0.001330050856960349
0.0013273358140936803
0.0013245258706641003
0.0013216237363868804
0.001318634698780563
0.0013155660768324137
0.001312426623534843
0.0013092259271728812
0.0013059738551875915
0.0013026800746537986
0.0012993536714985834
0.0012960028782360536
0.001292634908714594
0.0012892558893034779
0.0012858708697428525
0.0012824838937047218
0.0012790981086929457
0.0012757158966726111
0.0012723390100317232
0.0012689687013950903
0.0012656058397838537
0.0012622510091640842
0.0012589045882668022
0.0012555668125814967
0.0012522378206594599
0.0012489176874376031
0.001245606447377281
0.0012423041099789637
0.0012390106698326065
0.0012357261129094515
0.001232450420368663
0.0012291835707828396
0.0012259255413949676
0.0012226763088039742
0.0012194358493255598
0.001216204139175387
0.0012129811545586475
0.0012097668717122115
0.0012065612669236473
0.0012033643165394227
0.001200175996968228
0.0011969962846822106
0.0011938251562173484
0.0011906625881734658
0.0011875085572141339
0.0011843630400665273
0.0011812260135212502
0.0011780974544321734
0.0011749773397162632
0.0011718656463534092
0.0011687623513862559
0.001165667431920034
0.0011625808651223879
0.0011595026282232128
0.00115643269851448
0.0011533710533500729
0.0011503176701456192
0.0011472725263783241
0.0011442355995868062
0.0011412068673709247
0.0011381863073916198
0.0011351738973707462
0.001132169615090911
0.0011291734383953032
0.0011261853451875342
0.0011232053134314726
0.0011202333211510886
0.0011172693464302787
0.0011143133674127142
0.0011113653623016752
0.0011084253093598885
0.0011054931869093727
0.0011025689733312675
0.001099652647065683
0.0010967441866115385
0.0010938435705264023
0.0010909507774263289
0.0010880657859857125
0.0010851885749371118
0.00108231912307111
0.0010794574092361496
0.001076603412338373
0.0010737571113414732
0.0010709184852665337
0.0010680875131918745
0.0010652641742528986
0.0010624484476419343
0.001059640312608084
0.0010568397484570708
0.0010540467345510835
0.0010512612503086217
0.0010484832752043513
0.0010457127887689437
0.0010429497705889289
0.001040194200306544
0.001037446057619582
0.0010347053222812387
0.0010319719740999698
0.0010292459929393321
0.0010265273587178425
0.0010238160514088213
0.0010211120510402556
0.001018415337694637
0.0010157258915088226
0.0010130436926738895
0.0010103687214349808
0.001007700958091166
0.001005040382995291
0.0010023869765538307
9.99740719226751E-4
9.971015915273575E-4
9.944695740221527E-4
9.918446473306944E-4
9.892267921254444E-4
9.866159891316394E-4
9.840122191271308E-4
9.814154629422557E-4
9.78825701459688E-4
9.762429156142992E-4
9.736670863930139E-4
9.710981948346728E-4
9.685362220298911E-4
9.659811491209157E-4
9.634329573014861E-4
9.608916278166967E-4
9.583571419628569E-4
9.558294810873523E-4
9.533086265885064E-4
9.507945599154384E-4
9.482872625679328E-4
9.457867160962975E-4
9.432929021012279E-4
9.408058022336714E-4
9.383253981946888E-4
9.35851671735317E-4
9.333846046564399E-4
9.309241788086491E-4
9.284703760921088E-4
9.260231784564216E-4
9.235825679004964E-4
9.211485264724119E-4
9.18721036269286E-4
9.163000794371418E-4
9.138856381707719E-4
9.114776947136102E-4
9.090762313575988E-4
9.066812304430576E-4
9.042926743585512E-4
9.019105455407579E-4
8.995348264743383E-4
8.971654996918095E-4
8.948025477734119E-4
8.924459533469794E-4
8.900956990878107E-4
8.877517677185432E-4
8.854141420090212E-4
8.83082804776168E-4
8.807577388838602E-4
8.784389272427993E-4
8.761263528103847E-4
8.738199985905854E-4
8.715198476338165E-4
8.692258830368112E-4
8.669380879424964E-4
8.646564455398642E-4
8.623809390638515E-4
8.60111551795211E-4
8.57848267060391E-4
8.555910682314078E-4
8.533399387257227E-4
8.510948620061196E-4
8.488558215805827E-4
8.466228010021708E-4
8.443957838688998E-4
8.421747538236123E-4
8.399596945538672E-4
8.377505897918076E-4
8.355474233140473E-4
8.33350178941545E-4
8.311588405394878E-4
8.289733920171669E-4
8.267938173278633E-4
8.246201004687214E-4
8.224522254806372E-4
8.202901764481336E-4
8.181339374992445E-4
8.159834928053959E-4
8.138388265812897E-4
8.116999230847841E-4
8.095667666167761E-4
8.074393415210871E-4
8.053176321843438E-4
8.032016230358633E-4
8.010912985475347E-4
7.989866432337064E-4
7.968876416510715E-4
7.947942783985464E-4
7.927065381171657E-4
7.906244054899587E-4
7.885478652418408E-4
7.864769021394977E-4
7.844115009912718E-4
7.823516466470505E-4
7.802973239981534E-4
7.782485179772212E-4
7.762052135581057E-4
7.741673957557631E-4
7.721350496261502E-4
7.701081602661293E-4
7.680867128133863E-4
7.660706924463695E-4
7.640600843842718E-4
7.62054873887083E-4
7.600550462557604E-4
7.580605868326063E-4
7.560714810019923E-4
7.540877141916679E-4
7.521092718750372E-4
7.501361395750192E-4
7.481683028704893E-4
7.462057474068673E-4
7.442484589133046E-4
7.422964232302372E-4
7.403496263530907E-4
7.384080545007858E-4
7.364716942219528E-4
7.345405325577163E-4
7.326145572883512E-4
7.306937573026147E-4
7.287781231441841E-4
7.26867647810198E-4
7.249623279035291E-4
7.230621652738963E-4
7.211671693239161E-4
7.192773602045137E-4
7.173927731788997E-4
7.155134644927924E-4
7.136395191463296E-4
7.117710610128318E-4
7.099082657809444E-4
7.080513771959636E-4
7.062007270262244E-4
7.043567590616447E-4
7.025200572428338E-4
7.006913777010832E-4
6.988716840470274E-4
6.970621846733032E-4
6.952643701430057E-4
6.934800479500496E-4
6.917113711132284E-4
6.899608562837475E-4
6.882313864144531E-4
6.865261926881063E-4
6.848488104740058E-4
6.832030047144868E-4
6.815926614463873E-4
0.2664880912876082
