4.1390948898447324E-8
8.281959221635723E-8
1.2428588586240004E-7
1.657897856513007E-7
2.0733124730407105E-7
2.489102264482437E-7
2.9052667861810955E-7
3.3218055925495275E-7
3.7387182370729135E-7
4.1560042723111517E-7
4.5736632499013147E-7
4.991694720560021E-7
5.410098234085893E-7
5.82887333936208E-7
6.248019584358616E-7
6.667536516135064E-7
7.087423680842856E-7
7.507680623727907E-7
7.928306889133121E-7
8.349302020500981E-7
8.770665560376019E-7
9.192397050407502E-7
9.614496031351905E-7
1.0036962043075664E-6
1.0459794624557658E-6
1.0882993313891911E-6
1.1306557648290325E-6
1.1730487164085152E-6
1.21547813967319E-6
1.2579439880811836E-6
1.3004462150034844E-6
1.342984773724209E-6
1.3855596174408767E-6
1.4281706992646902E-6
1.4708179722208028E-6
1.513501389248615E-6
1.5562209032020317E-6
1.5989764668497716E-6
1.6417680328756266E-6
1.6845955538787677E-6
1.7274589823740083E-6
1.7703582707921247E-6
1.8132933714801178E-6
1.8562642367015123E-6
1.8992708186366568E-6
1.94231306938303E-6
1.985390940955507E-6
2.028504385286682E-6
2.071653354227156E-6
2.1148377995458438E-6
2.1580576729302687E-6
2.2013129259868927E-6
2.2446035102413878E-6
2.287929377138983E-6
2.3312904780447335E-6
2.3746867642438453E-6
2.4181181869420174E-6
2.4615846972657288E-6
2.5050862462625406E-6
2.548622784901463E-6
2.592194264073225E-6
2.63580063459063E-6
2.679441847188853E-6
2.72311785252579E-6
2.766828601182385E-6
2.8105740436629047E-6
2.8543541303953674E-6
2.8981688117317942E-6
2.9420180379485554E-6
2.9859017592467295E-6
3.029819925752443E-6
3.07377248751718E-6
3.117759394518142E-6
3.1617805966585964E-6
3.2058360437681948E-6
3.2499256856033504E-6
3.2940494718475765E-6
3.338207352111821E-6
3.3823992759348267E-6
3.426625192783521E-6
3.4708850520532793E-6
3.5151788030683845E-6
3.5595063950823324E-6
3.6038677772782036E-6
3.648262898769021E-6
3.692691708598112E-6
3.7371541557394757E-6
3.7816501890981823E-6
3.826179757510707E-6
3.8707428097453016E-6
3.915339294502376E-6
3.9599691604148904E-6
4.004632356048744E-6
4.049328829903069E-6
4.094058530410738E-6
4.138821405938645E-6
4.183617404788135E-6
4.2284464751954005E-6
4.27330856533184E-6
4.318203623304474E-6
4.3631315971563605E-6
4.4080924348669125E-6
4.453086084352354E-6
4.498112493466133E-6
4.5431716099992784E-6
4.58826338168084E-6
4.6333877561782645E-6
4.678544681097823E-6
4.7237341039849984E-6
4.768955972324948E-6
4.814210233542846E-6
4.859496835004354E-6
4.9048157240160105E-6
4.950166847825693E-6
4.995550153622944E-6
5.040965588539516E-6
5.0864130996496975E-6
5.131892633970822E-6
5.177404138463621E-6
5.222947560032755E-6
5.268522845527105E-6
5.314129941740364E-6
5.359768795411374E-6
5.405439353224612E-6
5.4511415618105916E-6
5.496875367746358E-6
5.542640717555917E-6
5.5884375577107E-6
5.634265834629953E-6
5.680125494681247E-6
5.726016484180932E-6
5.771938749394589E-6
5.817892236537514E-6
5.863876891775109E-6
5.909892661223402E-6
5.955939490949543E-6
6.002017326972216E-6
6.048126115262114E-6
6.0942658017424694E-6
6.1404363322894555E-6
6.186637652732731E-6
6.232869708855913E-6
6.279132446397005E-6
6.325425811048926E-6
6.3717497484599905E-6
6.418104204234452E-6
6.46448912393287E-6
6.510904453072737E-6
6.5573501371289014E-6
6.603826121534093E-6
6.650332351679429E-6
6.696868772914871E-6
6.743435330549787E-6
6.790031969853496E-6
6.836658636055681E-6
6.883315274346929E-6
6.9300018298793205E-6
6.976718247766886E-6
7.0234644730861195E-6
7.070240450876586E-6
7.117046126141322E-6
7.163881443847425E-6
7.210746348926658E-6
7.2576407862758084E-6
7.304564700757464E-6
7.351518037200322E-6
7.398500740399868E-6
7.445512755118882E-6
7.4925540260879855E-6
7.539624498006153E-6
7.586724115541337E-6
7.633852823330997E-6
7.681010565982591E-6
7.728197288074266E-6
7.775412934155297E-6
7.822657448746673E-6
7.869930776341737E-6
7.917232861406695E-6
7.964563648381194E-6
8.011923081678911E-6
8.059311105688088E-6
8.106727664772211E-6
8.154172703270493E-6
8.201646165498507E-6
8.24914799574875E-6
8.29667813829124E-6
8.344236537374167E-6
8.391823137224404E-6
8.439437882048067E-6
8.487080716031344E-6
8.534751583340828E-6
8.58245042812428E-6
8.6301771945112E-6
8.677931826613414E-6
8.725714268525738E-6
8.773524464326556E-6
8.821362358078458E-6
8.869227893828889E-6
8.917121015610694E-6
8.965041667442825E-6
9.012989793330916E-6
9.060965337267999E-6
9.108968243235043E-6
9.156998455201657E-6
9.205055917126688E-6
9.253140572958922E-6
9.301252366637695E-6
9.349391242093522E-6
9.39755714324882E-6
9.445750014018467E-6
9.493969798310568E-6
9.542216440027003E-6
9.590489883064222E-6
9.638790071313788E-6
9.687116948663151E-6
9.73547045899615E-6
9.783850546194018E-6
9.832257154135624E-6
9.880690226698576E-6
9.92914970775958E-6
9.97763554119536E-6
1.002614767088312E-5
1.0074686040701478E-5
1.012325059453097E-5
1.0171841276254907E-5
1.0220458029759923E-5
1.026910079893678E-5
1.0317769527681084E-5
1.0366464159893838E-5
1.0415184639482404E-5
1.0463930910361047E-5
1.0512702916451686E-5
1.0561500601684774E-5
1.0610323910000047E-5
1.0659172785347964E-5
1.0708047171692288E-5
1.0756947013016906E-5
1.0805872253345497E-5
1.0854822836799691E-5
1.0903798707772269E-5
1.0952799811431306E-5
1.1001826095161258E-5
1.1050877512590452E-5
1.1099954034588617E-5
1.114905567857801E-5
1.1198182584718717E-5
1.1247335208837739E-5
1.1296514797932293E-5
1.134572452945017E-5
1.1394972161308055E-5
1.1444276006928668E-5
1.1493677970616964E-5
1.1543271005253238E-5
1.159325480791473E-5
1.1644044252531446E-5
1.1696471139341919E-5
1.1752140835194654E-5
1.1814026196873815E-5
1.1887387051894377E-5
1.1981063038826664E-5
1.2108973973736757E-5
1.2291597932093567E-5
1.2556349498584827E-5
1.293483471688365E-5
1.3454143982616156E-5
1.4118195883854131E-5
1.4875838792277227E-5
1.558233287223183E-5
1.6010483361289366E-5
1.6076384415383226E-5
1.6142327551632992E-5
1.6208312709315607E-5
1.6274339827692652E-5
1.634040884601078E-5
1.640651970350264E-5
1.6431281390488986E-5
1.6456047100655305E-5
1.6480816817287424E-5
1.6505590523753874E-5
1.6530368203506336E-5
1.6555149840080044E-5
1.657993541709432E-5
1.660472491825311E-5
1.6629518327345383E-5
1.665431562824569E-5
1.667911680491453E-5
1.670392184139905E-5
1.672873072183328E-5
1.6753543430438653E-5
1.6778359951524795E-5
1.680318026948955E-5
1.6828004368819975E-5
1.6852832234092395E-5
1.687766384997309E-5
1.690249920121886E-5
1.6927338272677402E-5
1.695218104928782E-5
1.6977027516081204E-5
1.7001877658180993E-5
1.7026731460803673E-5
1.7051588909259076E-5
1.7076449988950992E-5
1.710131468537777E-5
1.7126182984132575E-5
1.7151054870904165E-5
1.7175930331477147E-5
1.7200809351732753E-5
1.7225691917649155E-5
1.7250578015302027E-5
1.7275467630865196E-5
1.7300360750610876E-5
1.7325257360910528E-5
1.7350157448235058E-5
1.737506099915567E-5
1.739996800034402E-5
1.742487843857318E-5
1.7449792300717626E-5
1.7474709573754354E-5
1.7499630244763014E-5
1.7524554300926465E-5
1.754948172953143E-5
1.7574412517969184E-5
1.7599346653735772E-5
1.7624284124432663E-5
1.764922491776739E-5
1.7674169021553976E-5
1.7699116423713458E-5
1.7724067112274714E-5
1.774902107537455E-5
1.77739783012588E-5
1.779893877828235E-5
1.7823902494909902E-5
1.784886943971673E-5
1.7873839601389027E-5
1.7898812968724377E-5
1.792378953063263E-5
1.794876927613613E-5
1.79737521943706E-5
1.7998738274585345E-5
1.80237275061442E-5
1.804871987852598E-5
1.8073715381324665E-5
1.809871400425079E-5
1.812371573713129E-5
1.814872056991036E-5
1.8173728492650088E-5
1.8198739495531E-5
1.8223753568852624E-5
1.8248770703034055E-5
1.827379088861463E-5
1.8298814116254462E-5
1.832384037673506E-5
1.834886966095999E-5
1.837390195995533E-5
1.8398937264870383E-5
1.842397556697842E-5
1.8449016857676854E-5
1.847406112848835E-5
1.8499108371061196E-5
1.8524158577169914E-5
1.854921173871597E-5
1.8574267847728286E-5
1.8599326896363907E-5
1.862438887690873E-5
1.864945378177806E-5
1.8674521603517205E-5
1.8699592334802015E-5
1.8724665968439814E-5
1.8749742497369977E-5
1.8774821914664075E-5
1.8799904213527404E-5
1.8824989387298805E-5
1.8850077429451743E-5
1.8875168333594955E-5
1.8900262093472886E-5
1.89253587029666E-5
1.895045815609441E-5
1.897556044701231E-5
1.900066557001481E-5
1.902577351953564E-5
1.905088429014842E-5
1.9075997876567204E-5
1.910111427364734E-5
1.9126233476385936E-5
1.9151355479922723E-5
1.9176480279540812E-5
1.9201607870667066E-5
1.9226738248872992E-5
1.925187140987557E-5
1.927700734953774E-5
1.930214606386908E-5
1.93272875490267E-5
1.9352431801315776E-5
1.9377578817190515E-5
1.9402728593254276E-5
1.9427881126261203E-5
1.9453036413116007E-5
1.9478194450875302E-5
1.950335523674813E-5
1.9528518768096687E-5
1.9553685042436935E-5
1.9578854057439565E-5
1.9604025810930644E-5
1.962920030089231E-5
1.965437752546345E-5
1.9679557482940574E-5
1.9704740171778445E-5
1.9729925590590972E-5
1.9755113738151936E-5
1.978030461339557E-5
1.9805498215417392E-5
1.983069454347515E-5
1.9855893596989382E-5
1.98810953755442E-5
1.9906299878888173E-5
1.993150710693486E-5
1.9956717059763905E-5
1.998192973762173E-5
2.0007145140921986E-5
2.003236327024675E-5
2.0057584126347045E-5
2.0082807710143945E-5
2.0108034022728876E-5
2.0133263065364853E-5
2.0158494839487124E-5
2.018372934670379E-5
2.0208966588796945E-5
2.0234206567723182E-5
2.02594492856145E-5
2.0284694744779305E-5
2.0309942947702923E-5
2.0335193897048463E-5
2.036044759565785E-5
2.03857040465525E-5
2.041096325293405E-5
2.0436225218185453E-5
2.0461489945871542E-5
2.0486757439739832E-5
2.051202770372173E-5
2.0537300741932775E-5
2.056257655867429E-5
2.0587855158433366E-5
2.061313654588423E-5
2.0638420725888984E-5
2.066370770349843E-5
2.0688997483952843E-5
2.0714290072682866E-5
2.073958547531059E-5
2.076488369764998E-5
2.0790184745708243E-5
2.0815488625686272E-5
2.0840795343979553E-5
2.0866104907179345E-5
2.0891417322073322E-5
2.0916732595646362E-5
2.0942050735081765E-5
2.0967371747761515E-5
2.0992695641267932E-5
2.1018022423384073E-5
2.1043352102094614E-5
2.10686846855869E-5
2.1094020182251766E-5
2.1119358600684482E-5
2.114469994968564E-5
2.117004423826175E-5
2.1195391475626705E-5
2.1220741671202244E-5
2.1246094834619022E-5
2.1271450975717477E-5
2.129681010454865E-5
2.1322172231375256E-5
2.134753736667257E-5
2.1372905521129225E-5
2.1398276705648233E-5
2.142365093134779E-5
2.1449028209562403E-5
2.14744085518435E-5
2.1499791969960558E-5
2.1525178475902194E-5
2.155056808187669E-5
2.157596080031315E-5
2.160135664386239E-5
2.1626755625398057E-5
2.1652157758017145E-5
2.1677563055041362E-5
2.1702971530017764E-5
2.172838319671988E-5
2.175379806914845E-5
2.1779216161532632E-5
2.1804637488330783E-5
2.1830062064231432E-5
2.1855489904154072E-5
2.1880921023250543E-5
2.190635543690537E-5
2.1931793160737336E-5
2.195723421059996E-5
2.1982678602582713E-5
2.2008126353011838E-5
2.203357747845133E-5
2.2059031995703928E-5
2.2084489921812185E-5
2.210995127405912E-5
2.21354160699695E-5
2.2160884327310776E-5
2.218635606409351E-5
2.2211831298573318E-5
2.223731004925082E-5
2.22627923348734E-5
2.2288278174435744E-5
2.231376758718112E-5
2.2339260592602646E-5
2.2364757210445456E-5
2.2390257460712042E-5
2.2415761363675835E-5
2.2441268939922477E-5
2.2466780210474533E-5
2.2492295197161912E-5
2.251781392370612E-5
2.254333641882661E-5
2.2568862724943898E-5
2.259439292199788E-5
2.261992719107577E-5
2.264546598016529E-5
2.267101042483193E-5
2.2696563387291694E-5
2.2722131951215888E-5
2.2747733236507963E-5
2.2773407535141833E-5
2.279924702012935E-5
2.2825456316557388E-5
2.2852475540455945E-5
2.2881220123295673E-5
2.291352741418093E-5
2.295294651251486E-5
2.300605345300763E-5
2.308455741382873E-5
2.32079061442523E-5
2.3406783262536623E-5
2.3726454649989192E-5
2.4227173144747692E-5
2.4977900675460857E-5
2.6035891790228236E-5
2.7396905677184212E-5
2.8878919388311685E-5
2.9931598814836643E-5
2.9966108007365832E-5
3.0000623038546543E-5
3.0035143921985155E-5
3.0069670671529603E-5
3.010420330126944E-5
3.013874182553739E-5
3.01732862589099E-5
3.0207836616208006E-5
3.0242392912497994E-5
3.0276955163092913E-5
3.0311523383552665E-5
3.034609758968551E-5
3.0380677797548197E-5
3.0415264023447564E-5
3.0449856283941007E-5
3.0484454595837534E-5
3.051905897619841E-5
3.0553669442338413E-5
3.0588286011826296E-5
3.0622908702485755E-5
3.065753753239675E-5
3.069217251989576E-5
3.0726813683577355E-5
3.076146104229474E-5
3.07961146151602E-5
3.0830774421547026E-5
3.086544048108998E-5
3.0900112813685896E-5
3.0934791439494865E-5
3.0969476378941605E-5
3.100416765271575E-5
3.103886528177306E-5
3.107356928733659E-5
3.1108279690897356E-5
3.1142996514215595E-5
3.117771977932164E-5
3.1212449508516725E-5
3.124718572437433E-5
3.1281928449740965E-5
3.131667770773709E-5
3.1351433521758895E-5
3.1386195915477994E-5
3.1420964912843875E-5
3.145574053808387E-5
3.149052281570484E-5
3.152531177049423E-5
3.156010742752103E-5
3.159490981213625E-5
3.162971894997538E-5
3.166453486695832E-5
3.1699357589290904E-5
3.173418714346614E-5
3.176902355626529E-5
3.1803866854758954E-5
3.183871706630805E-5
3.187357421856546E-5
3.190843833947668E-5
3.1943309457281295E-5
3.1978187600514324E-5
3.2013072798006826E-5
3.204796507888794E-5
3.208286447258547E-5
3.211777100882717E-5
3.215268471764253E-5
3.218760562936317E-5
3.2222533774624975E-5
3.225746918436871E-5
3.22924118898417E-5
3.2327361922598855E-5
3.236231931450412E-5
3.239728409773169E-5
3.2432256304767703E-5
3.246723596841052E-5
3.250222312177374E-5
3.253721779828577E-5
3.257222003169247E-5
3.2607229856057895E-5
3.264224730576583E-5
3.2677272415521224E-5
3.271230522035145E-5
3.274734575560781E-5
3.278239405696682E-5
3.28174501604319E-5
3.28525141023346E-5
3.2887585919335773E-5
3.292266564842761E-5
3.295775332693456E-5
3.299284899251541E-5
3.3027952683163736E-5
3.306306443721053E-5
3.3098184293325033E-5
3.31333122905161E-5
3.31684484681344E-5
3.320359286587282E-5
3.323874552376936E-5
3.327390648220754E-5
3.330907578191851E-5
3.3344253463982155E-5
3.3379439569829036E-5
3.341463414124212E-5
3.344983722035747E-5
3.348504884966697E-5
3.352026907201869E-5
3.3555497930619527E-5
3.3590735469036335E-5
3.3625981731197256E-5
3.366123676139382E-5
3.369650060428241E-5
3.373177330488574E-5
3.3767054908594385E-5
3.380234546116886E-5
3.383764500874068E-5
3.387295359781447E-5
3.390827127526947E-5
3.3943598088360945E-5
3.3978934084722066E-5
3.40142793123659E-5
3.404963381968623E-5
3.4084997655459805E-5
3.412037086884836E-5
3.415575350939929E-5
3.419114562704845E-5
3.422654727212069E-5
3.426195849533266E-5
3.429737934779398E-5
3.433280988100855E-5
3.436825014687724E-5
3.440370019769864E-5
3.44391600861713E-5
3.447462986539527E-5
3.451010958887414E-5
3.454559931051616E-5
3.458109908463635E-5
3.4616608965958296E-5
3.465212900961576E-5
3.468765927115439E-5
3.472319980653362E-5
3.4758750672127806E-5
3.479431192472869E-5
3.482988362154736E-5
3.486546582021505E-5
3.4901058578785143E-5
3.493666195573555E-5
3.497227600997011E-5
3.5007900800819976E-5
3.504353638804568E-5
3.507918283183901E-5
3.511484019282453E-5
3.515050853206161E-5
3.518618791104579E-5
3.522187839171088E-5
3.52575800364303E-5
3.529329290801966E-5
3.5329017069737266E-5
3.5364752585287216E-5
3.5400499518820194E-5
3.543625793493544E-5
3.54720278986829E-5
3.550780947556442E-5
3.554360273153584E-5
3.557940773300854E-5
3.561522454685174E-5
3.565105324039324E-5
3.568689388142197E-5
3.5722746538189714E-5
3.575861127941215E-5
3.579448817427151E-5
3.5830377292417924E-5
3.5866278703970464E-5
3.5902192479520186E-5
3.593811869013064E-5
3.597405740734071E-5
3.601000870316538E-5
3.6045972650097994E-5
3.60819493211115E-5
3.611793878966103E-5
3.615394112968456E-5
3.6189956415605285E-5
3.622598472233314E-5
3.626202612526654E-5
3.629808070029384E-5
3.633414852379565E-5
3.637022967264536E-5
3.64063242242122E-5
3.644243225636186E-5
3.647855384745861E-5
3.651468907636716E-5
3.655083802245356E-5
3.6587000765587565E-5
3.66231773861445E-5
3.6659367965005704E-5
3.6695572583561314E-5
3.67317913237116E-5
3.676802426786829E-5
3.68042714989566E-5
3.6840533100416147E-5
3.687680915620352E-5
3.691309975079331E-5
3.694940496917957E-5
3.6985724896877854E-5
3.702205961992628E-5
3.705840922488744E-5
3.709477379885019E-5
3.713115342943055E-5
3.716754820477359E-5
3.720395821355527E-5
3.724038354498352E-5
3.7276824288799774E-5
3.731328053528058E-5
3.734975237523966E-5
3.7386239900028436E-5
3.7422743201538175E-5
3.745926237220107E-5
3.7495797504992145E-5
3.753234869343044E-5
3.7568916031580494E-5
3.760549961405388E-5
3.764209953601046E-5
3.767871589315989E-5
3.771534878176331E-5
3.775199829863425E-5
3.778866454114054E-5
3.782534760720506E-5
3.786204759530798E-5
3.789876460448724E-5
3.793549873434061E-5
3.797225008502653E-5
3.800901875726595E-5
3.804580485234297E-5
3.808260847210681E-5
3.8119429718972745E-5
3.8156268695923684E-5
3.819312550651097E-5
3.823000025485609E-5
3.8266893045652364E-5
3.8303803984164314E-5
3.834073317623171E-5
3.837768072826796E-5
3.841464674726379E-5
3.8451631340786794E-5
3.848863461698322E-5
3.852565668457941E-5
3.8562697652883314E-5
3.85997576317879E-5
3.8636836731778605E-5
3.867393506395384E-5
3.871105274009289E-5
3.874818987285759E-5
3.878534657640905E-5
3.882252296824055E-5
3.885971917451374E-5
3.88969353452468E-5
3.89341716965288E-5
3.8971428625006626E-5
3.9008707010588526E-5
3.9046008995953686E-5
3.908333993956753E-5
3.9120713170678544E-5
3.915816122409461E-5
3.919576156004677E-5
3.923369351078875E-5
3.927235995916515E-5
3.931263757575944E-5
3.9356370482151367E-5
3.9407300429555105E-5
3.947273096026655E-5
3.9566537159636236E-5
3.9713007137926146E-5
3.9953110524472483E-5
4.035265635542119E-5
4.10090882414369E-5
4.205302640901487E-5
4.3632941393908334E-5
4.584801256640522E-5
4.851061401975012E-5
5.0591549353828314E-5
5.063984721434527E-5
5.0688165176057985E-5
5.073650334061876E-5
5.078486181020989E-5
5.08332406875428E-5
5.088164007585987E-5
5.093006007893516E-5
5.097850080107536E-5
5.102696234712058E-5
5.107544482244685E-5
5.112394833296685E-5
5.11724729851313E-5
5.1221018885930935E-5
5.126958614289912E-5
5.131817486411236E-5
5.136678515819417E-5
5.1415417134315873E-5
5.146407090219974E-5
5.15127465721213E-5
5.156144425491128E-5
5.161016406195968E-5
5.165890610521689E-5
5.170767049719815E-5
5.1756457350985815E-5
5.1805266780230946E-5
5.1854098899159446E-5
5.190295382257337E-5
5.1951831665854414E-5
5.200073254496698E-5
5.20496565764636E-5
5.209860387748595E-5
5.2147574565769786E-5
5.21965687596489E-5
5.2245586578058145E-5
5.2294628140538096E-5
5.2343693567238116E-5
5.239278297892054E-5
5.244189649696563E-5
5.249103424337403E-5
5.2540196340772066E-5
5.2589382912416334E-5
5.2638594082195974E-5
5.268782997463938E-5
5.273709071491685E-5
5.278637642884514E-5
5.283568724289326E-5
5.288502328418525E-5
5.293438468050514E-5
5.298377156030215E-5
5.303318405269476E-5
5.308262228747489E-5
5.3132086395113244E-5
5.318157650676371E-5
5.323109275426822E-5
5.328063527016049E-5
5.333020418767238E-5
5.337979964073691E-5
5.342942176399412E-5
5.347907069279606E-5
5.352874656320989E-5
5.357844951202527E-5
5.362817967675675E-5
5.367793719564964E-5
5.3727722207685625E-5
5.3777534852585605E-5
5.3827375270816536E-5
5.387724360359512E-5
5.392713999289272E-5
5.397706458144095E-5
5.4027017512735616E-5
5.407699893104182E-5
5.4127008981399654E-5
5.4177047809626687E-5
5.422711556232632E-5
5.427721238688928E-5
5.4327338431500106E-5
5.437749384514185E-5
5.442767877760032E-5
5.447789337946948E-5
5.4528137802155324E-5
5.4578412197881545E-5
5.462871671969355E-5
5.467905152146384E-5
5.4729416757895864E-5
5.4779812584528905E-5
5.483023915774355E-5
5.488069663476497E-5
5.493118517366875E-5
5.498170493338419E-5
5.5032256073699874E-5
5.508283875526793E-5
5.5133453139608094E-5
5.518409938911242E-5
5.5234777667049314E-5
5.5285488137569364E-5
5.533623096570748E-5
5.538700631738898E-5
5.543781435943304E-5
5.548865525955659E-5
5.553952918638017E-5
5.559043630942991E-5
5.5641376799143636E-5
5.5692350826872884E-5
5.574335856488926E-5
5.579440018638682E-5
5.58454758654863E-5
5.58965857772397E-5
5.5947730097633654E-5
5.599890900359307E-5
5.605012267298568E-5
5.6101371284624936E-5
5.6152655018274396E-5
5.6203974054650953E-5
5.625532857542878E-5
5.63067187632428E-5
5.6358144801691374E-5
5.640960687534195E-5
5.646110516973163E-5
5.651263987137286E-5
5.656421116775591E-5
5.661581924735158E-5
5.6667464299615754E-5
5.671914651499055E-5
5.677086608491007E-5
5.682262320180127E-5
5.687441805908769E-5
5.6926250851192944E-5
5.6978121773543156E-5
5.7030031022569314E-5
5.708197879571069E-5
5.713396529141835E-5
5.7185990709155754E-5
5.723805524940327E-5
5.7290159113659614E-5
5.7342302504445464E-5
5.739448562530465E-5
5.7446708680807734E-5
5.74989718765528E-5
5.755127541916947E-5
5.7603619516320565E-5
5.765600437670362E-5
5.770843021005357E-5
5.776089722714425E-5
5.7813405639791786E-5
5.786595566085482E-5
5.791854750423718E-5
5.797118138488938E-5
5.802385751881134E-5
5.8076576123052576E-5
5.812933741571495E-5
5.818214161595379E-5
5.823498894397908E-5
5.8287879621058E-5
5.834081386951471E-5
5.8393791912733395E-5
5.8446813975158E-5
5.8499880282294185E-5
5.855299106071086E-5
5.860614653803997E-5
5.8659346942978736E-5
5.871259250528983E-5
5.876588345580325E-5
5.8819220026415294E-5
5.887260245009146E-5
5.892603096086555E-5
5.897950579384125E-5
5.9033027185192074E-5
5.9086595372162286E-5
5.9140210593066944E-5
5.919387308729292E-5
5.924758309529799E-5
5.930134085861274E-5
5.9355146619839584E-5
5.9409000622653215E-5
5.9462903111800324E-5
5.9516854333100416E-5
5.957085453344522E-5
5.962490396079804E-5
5.96790028641948E-5
5.9733151493742666E-5
5.978735010062022E-5
5.984159893707752E-5
5.9895898256434E-5
5.9950248313080445E-5
6.000464936247631E-5
6.005910166114981E-5
6.011360546669818E-5
6.0168161037784836E-5
6.0222768634140236E-5
6.027742851656107E-5
6.033214094690788E-5
6.0386906188105444E-5
6.044172450414106E-5
6.049659616006361E-5
6.055152142198235E-5
6.060650055706506E-5
6.0661533833538275E-5
6.071662152068411E-5
6.077176388884021E-5
6.082696120939721E-5
6.0882213754797795E-5
6.093752179853501E-5
6.0992885615150775E-5
6.10483054802333E-5
6.11037816704161E-5
6.115931446337628E-5
6.121490413783192E-5
6.127055097354031E-5
6.132625525129584E-5
6.138201725292865E-5
6.143783726130184E-5
6.149371556030914E-5
6.154965243487242E-5
6.160564817094062E-5
6.166170305548592E-5
6.171781737650195E-5
6.177399142300156E-5
6.183022548501342E-5
6.188651985358044E-5
6.194287482075608E-5
6.199929067960242E-5
6.20557677241872E-5
6.211230624958025E-5
6.216890655185147E-5
6.222556892806797E-5
6.228229367629007E-5
6.233908109556928E-5
6.239593148594463E-5
6.245284514843938E-5
6.250982238505823E-5
6.256686349878372E-5
6.262396879357332E-5
6.268113857435532E-5
6.273837314702568E-5
6.279567281844566E-5
6.285303789643567E-5
6.291046868977462E-5
6.296796550819386E-5
6.302552866237554E-5
6.308315846394726E-5
6.314085522547905E-5
6.319861926047921E-5
6.325645088339067E-5
6.33143504095887E-5
6.337231815537888E-5
6.343035443800242E-5
6.348845957566488E-5
6.354663388763505E-5
6.360487769456644E-5
6.366319131950469E-5
6.372157509094436E-5
6.378002935189421E-5
6.383855448611172E-5
6.389715099221808E-5
6.39558196879139E-5
6.401456225837734E-5
6.407338269012907E-5
6.413229091742127E-5
6.419131183043579E-5
6.425050686463802E-5
6.431002411785135E-5
6.437021083093367E-5
6.443185692575149E-5
6.449670234048696E-5
6.456845050628379E-5
6.465470138925135E-5
6.477087162042531E-5
6.494516458157323E-5
6.522803548087282E-5
6.570667030047953E-5
6.652130750703279E-5
6.788090734979237E-5
7.006282620263241E-5
7.33343884534275E-5
7.755215840994088E-5
8.105487442106384E-5
8.11261967223336E-5
8.119758691918207E-5
8.126904530221623E-5
8.134057216271504E-5
8.141216779269152E-5
8.148383248495167E-5
8.155556653315484E-5
8.162737023186982E-5
8.169924387663128E-5
8.177118776399583E-5
8.184320219159549E-5
8.191528745818962E-5
8.198744386371666E-5
8.205967170934603E-5
8.213197129752534E-5
8.220434293203017E-5
8.227678691800975E-5
8.234930356203419E-5
8.242189317213825E-5
8.249455605786509E-5
8.256729253030972E-5
8.264010290216052E-5
8.271298748773937E-5
8.278594660304182E-5
8.285898056577324E-5
8.293208969539082E-5
8.30052743131365E-5
8.307853474207379E-5
8.315187130712114E-5
8.322528433508897E-5
8.329877415470757E-5
8.337234109666198E-5
8.344598549362255E-5
8.351970768027354E-5
8.359350799334365E-5
8.366738677163251E-5
8.37413443560385E-5
8.381538108958623E-5
8.38894973174498E-5
8.396369338697868E-5
8.403796964772231E-5
8.411232645145029E-5
8.418676415217753E-5
8.426128310618335E-5
8.433588367203274E-5
8.441056621059635E-5
8.448533108506898E-5
8.456017866098693E-5
8.463510930624666E-5
8.471012339112117E-5
8.478522128827454E-5
8.486040337277809E-5
8.493567002212498E-5
8.501102161624351E-5
8.508645853750893E-5
8.516198117075783E-5
8.523758990329742E-5
8.531328512491797E-5
8.538906722790286E-5
8.546493660703605E-5
8.554089365961476E-5
8.561693878545362E-5
8.569307238689416E-5
8.57692948688127E-5
8.5845606638624E-5
8.592200810628922E-5
8.599849968431974E-5
8.607508178778217E-5
8.615175483430211E-5
8.622851924406719E-5
8.630537543982985E-5
8.638232384691005E-5
8.645936489319463E-5
8.65364990091424E-5
8.661372662778082E-5
8.669104818470682E-5
8.676846411808806E-5
8.684597486865917E-5
8.692358087972215E-5
8.700128259714278E-5
8.707908046934896E-5
8.715697494732669E-5
8.723496648461765E-5
8.731305553731369E-5
8.73912425640528E-5
8.746952802601449E-5
8.754791238691346E-5
8.76263961129946E-5
8.770497967302525E-5
8.778366353828944E-5
8.786244818257996E-5
8.794133408219144E-5
8.802032171591105E-5
8.809941156501029E-5
8.817860411323685E-5
8.825789984680423E-5
8.833729925438251E-5
8.84168028270883E-5
8.849641105847238E-5
8.857612444451277E-5
8.865594348359897E-5
8.873586867652342E-5
8.881590052646756E-5
8.889603953899095E-5
8.897628622201783E-5
8.905664108582331E-5
8.913710464302168E-5
8.921767740855149E-5
8.929835989966119E-5
8.937915263589646E-5
8.946005613908321E-5
8.954107093331458E-5
8.962219754493496E-5
8.970343650252333E-5
8.978478833687932E-5
8.986625358100516E-5
8.994783277009127E-5
9.002952644149661E-5
9.01113351347351E-5
9.019325939145601E-5
9.02752997554268E-5
9.035745677251639E-5
9.043973099067455E-5
9.052212295991811E-5
9.060463323230729E-5
9.068726236193049E-5
9.077001090488356E-5
9.08528794192522E-5
9.093586846509015E-5
9.101897860440121E-5
9.110221040111975E-5
9.118556442108859E-5
9.126904123204075E-5
9.135264140357727E-5
9.143636550714871E-5
9.152021411603116E-5
9.160418780530854E-5
9.168828715184797E-5
9.177251273428076E-5
9.185686513298081E-5
9.194134493004096E-5
9.202595270925221E-5
9.211068905608123E-5
9.219555455764966E-5
9.228054980270841E-5
9.236567538161823E-5
9.245093188632466E-5
9.253631991033731E-5
9.26218400487046E-5
9.270749289799253E-5
9.279327905625947E-5
9.287919912303452E-5
9.296525369929316E-5
9.305144338743278E-5
9.313776879125054E-5
9.322423051591828E-5
9.33108291679579E-5
9.339756535522016E-5
9.34844396868563E-5
9.357145277329674E-5
9.365860522622523E-5
9.374589765855547E-5
9.383333068440492E-5
9.3920904919071E-5
9.400862097900643E-5
9.409647948179433E-5
9.418448104612254E-5
9.427262629175893E-5
9.436091583952673E-5
9.444935031127894E-5
9.453793032987234E-5
9.462665651914432E-5
9.471552950388502E-5
9.48045499098133E-5
9.489371836355067E-5
9.498303549259642E-5
9.507250192530149E-5
9.516211829084229E-5
9.525188521919645E-5
9.53418033411155E-5
9.543187328810004E-5
9.55220956923743E-5
9.561247118685825E-5
9.570300040514498E-5
9.579368398147154E-5
9.58845225506944E-5
9.597551674826534E-5
9.606666721020124E-5
9.615797457306134E-5
9.62494394739211E-5
9.634106255034457E-5
9.643284444035935E-5
9.65247857824303E-5
9.661688721543352E-5
9.670914937863063E-5
9.680157291164142E-5
9.689415845441976E-5
9.698690664722568E-5
9.707981813060053E-5
9.717289354534032E-5
9.726613353246932E-5
9.735953873321471E-5
9.745310978898097E-5
9.754684734132192E-5
9.764075203191678E-5
9.773482450254299E-5
9.782906539505131E-5
9.792347535133817E-5
9.801805501332062E-5
9.811280502291115E-5
9.820772602199176E-5
9.8302818652386E-5
9.839808355583534E-5
9.849352137397244E-5
9.858913274829684E-5
9.868491832014621E-5
9.87808787306737E-5
9.887701462082045E-5
9.89733266312915E-5
9.906981540252798E-5
9.916648157468439E-5
9.92633257876008E-5
9.936034868077834E-5
9.94575508933541E-5
9.955493306407533E-5
9.965249583127444E-5
9.975023983284335E-5
9.984816570620924E-5
9.994627408830807E-5
1.000445656155606E-4
1.0014304092384731E-4
1.0024170064848266E-4
1.0034054542419167E-4
1.0043957588508256E-4
1.0053879266462643E-4
1.0063819639562586E-4
1.0073778771019802E-4
1.0083756723974337E-4
1.0093753561492633E-4
1.0103769346564758E-4
1.0113804142102098E-4
1.0123858010934897E-4
1.0133931015809855E-4
1.0144023219387783E-4
1.0154134684241394E-4
1.0164265472852998E-4
1.0174415647614043E-4
1.0184585270827252E-4
1.0194774404720578E-4
1.0204983111496865E-4
1.0215211453495222E-4
1.0225459493694396E-4
1.0235727297233847E-4
1.0246014935895948E-4
1.0256322500986041E-4
1.0266650139417727E-4
1.0276998152204319E-4
1.0287367256112687E-4
1.0297759259513831E-4
1.0308178757675353E-4
1.0318637256693863E-4
1.0329162886698035E-4
1.0339822512060938E-4
1.0350770265200383E-4
1.0362350005087296E-4
1.0375302635536149E-4
1.0391238825880703E-4
1.0413211046433215E-4
1.0446977715412395E-4
1.050317169924608E-4
1.0600133563566686E-4
1.0767523991656761E-4
1.1048993173582751E-4
1.149445676439267E-4
1.2100687932660627E-4
1.2627341018454097E-4
1.2639010634206966E-4
1.2650698863421063E-4
1.266240575693732E-4
1.2674131368077614E-4
1.2685875752600992E-4
1.269763896866033E-4
1.2709421076759732E-4
1.2721222139711684E-4
1.2733042222595056E-4
1.2744881392713546E-4
1.2756739719554247E-4
1.276861727474654E-4
1.2780514132021702E-4
1.2792430367172786E-4
1.2804366058014646E-4
1.2816321284344611E-4
1.2828296127903385E-4
1.2840290672336282E-4
1.2852305003155097E-4
1.286433920769986E-4
1.2876393375101463E-4
1.2888467596244399E-4
1.290056196372972E-4
1.2912676571838645E-4
1.2924811516496127E-4
1.2936966895235448E-4
1.2949142807162377E-4
1.2961339352920133E-4
1.2973556634654544E-4
1.2985794755979754E-4
1.299805382194362E-4
1.3010333938994557E-4
1.3022635214947567E-4
1.3034957758951355E-4
1.3047301681455453E-4
1.3059667094177674E-4
1.3072054110071992E-4
1.30844628432968E-4
1.3096893409183236E-4
1.3109345924203927E-4
1.3121820505942374E-4
1.313431727306199E-4
1.3146836345276168E-4
1.3159377843318033E-4
1.3171941888910895E-4
1.3184528604739E-4
1.31971381144182E-4
1.32097705424674E-4
1.3222426014279922E-4
1.3235104656095538E-4
1.3247806594972347E-4
1.3260531958759312E-4
1.3273280876068992E-4
1.3286053476250343E-4
1.3298849889362079E-4
1.3311670246146296E-4
1.3324514678002045E-4
1.3337383316959638E-4
1.3350276295654971E-4
1.3363193747304044E-4
1.337613580567815E-4
1.3389102605078633E-4
1.340209428031267E-4
1.3415110966668933E-4
1.342815279989336E-4
1.3441219916165683E-4
1.3454312452075592E-4
1.3467430544599813E-4
1.3480574331078932E-4
1.3493743949194575E-4
1.3506939536947097E-4
1.3520161232633324E-4
1.3533409174824233E-4
1.3546683502343808E-4
1.3559984354246974E-4
1.35733118697986E-4
1.358666618845246E-4
1.3600047449830325E-4
1.3613455793701573E-4
1.3626891359962804E-4
1.3640354288617712E-4
1.3653844719757383E-4
1.366736279354047E-4
1.3680908650173993E-4
1.3694482429893993E-4
1.3708084272946787E-4
1.372171431957005E-4
1.3735372709974548E-4
1.3749059584325555E-4
1.3762775082725145E-4
1.3776519345193961E-4
1.3790292511654052E-4
1.380409472191098E-4
1.3817926115636841E-4
1.3831786832353324E-4
1.3845677011414836E-4
1.3859596791991884E-4
1.3873546313054828E-4
1.3887525713357352E-4
1.3901535131421156E-4
1.3915574705519458E-4
1.3929644573661834E-4
1.3943744873578753E-4
1.3957875742706365E-4
1.397203731817152E-4
1.3986229736776858E-4
1.4000453134986493E-4
1.401470764891133E-4
1.402899341429475E-4
1.404331056649897E-4
1.4057659240490752E-4
1.4072039570827994E-4
1.40864516916461E-4
1.410089573664467E-4
1.4115371839074414E-4
1.41298801317242E-4
1.4144420746908278E-4
1.4158993816453463E-4
1.4173599471687005E-4
1.418823784342414E-4
1.4202909061956058E-4
1.421761325703792E-4
1.423235055787706E-4
1.4247121093121653E-4
1.4261924990848895E-4
1.427676237855412E-4
1.4291633383139342E-4
1.4306538130902694E-4
1.43214767475272E-4
1.4336449358070598E-4
1.4351456086954628E-4
1.4366497057954683E-4
1.4381572394189804E-4
1.4396682218112509E-4
1.4411826651499317E-4
1.442700581544036E-4
1.444221983033066E-4
1.4457468815859932E-4
1.4472752891003929E-4
1.448807217401508E-4
1.45034267824136E-4
1.4518816832978436E-4
1.453424244173889E-4
1.4549703723966078E-4
1.4565200794164164E-4
1.4580733766062529E-4
1.4596302752607364E-4
1.461190786595384E-4
1.4627549217458203E-4
1.4643226917670062E-4
1.4658941076324672E-4
1.4674691802335748E-4
1.4690479203787916E-4
1.4706303387929584E-4
1.4722164461165895E-4
1.4738062529051827E-4
1.475399769628523E-4
1.4769970066700336E-4
1.4785979743261053E-4
1.480202682805457E-4
1.481811142228496E-4
1.483423362626724E-4
1.48503935394209E-4
1.486659126026425E-4
1.4882826886408436E-4
1.4899100514551814E-4
1.4915412240474202E-4
1.4931762159031494E-4
1.4948150364150217E-4
1.4964576948822271E-4
1.4981042005099727E-4
1.4997545624090004E-4
1.5014087895950565E-4
1.503066890988435E-4
1.5047288754134954E-4
1.506394751598204E-4
1.5080645281736893E-4
1.5097382136737718E-4
1.5114158165345837E-4
1.513097345094099E-4
1.5147828075917446E-4
1.5164722121680232E-4
1.5181655668640743E-4
1.5198628796213385E-4
1.5215641582811654E-4
1.5232694105844422E-4
1.5249786441712943E-4
1.5266918665806745E-4
1.5284090852500673E-4
1.530130307515183E-4
1.5318555406096187E-4
1.5335847916645524E-4
1.5353180677084587E-4
1.537055375666825E-4
1.5387967223618753E-4
1.5405421145122788E-4
1.542291558732936E-4
1.5440450615346787E-4
1.545802629324062E-4
1.5475642684031177E-4
1.5493299849691307E-4
1.5510997851144077E-4
1.5528736748261117E-4
1.554651659986015E-4
1.5564337463703213E-4
1.5582199396494984E-4
1.5600102453880877E-4
1.5618046690445307E-4
1.5636032159710103E-4
1.565405891413322E-4
1.5672127005107047E-4
1.5690236482956957E-4
1.5708387396940217E-4
1.5726579795244605E-4
1.5744813724987577E-4
1.5763089232214615E-4
1.578140636189879E-4
1.5799765157939404E-4
1.5818165663161458E-4
1.5836607919314573E-4
1.5855091967072473E-4
1.5873617846032216E-4
1.5892185594713665E-4
1.5910795250558796E-4
1.5929446849931523E-4
1.5948140428117137E-4
1.5966876019321875E-4
1.5985653656673012E-4
1.6004473372218178E-4
1.6023335196925606E-4
1.6042239160683988E-4
1.6061185292302264E-4
1.6080173619509972E-4
1.609920416895698E-4
1.611827696621419E-4
1.6137392035773054E-4
1.6156549401046637E-4
1.617574908436927E-4
1.6194991106997485E-4
1.6214275489110155E-4
1.6233602249809178E-4
1.625297140711989E-4
1.6272382977991715E-4
1.6291836978299113E-4
1.6311333422842155E-4
1.6330872325347166E-4
1.6350453698468987E-4
1.637007755379315E-4
1.6389743901844758E-4
1.6409452752114308E-4
1.642920411313987E-4
1.644899799277075E-4
1.646883439899163E-4
1.6488713342451038E-4
1.650863484403561E-4
1.6528598957014744E-4
1.6548605830153779E-4
1.656865588291731E-4
1.6588750278705044E-4
1.6608892167223796E-4
1.662908985060238E-4
1.6649364604909086E-4
1.6669769380115045E-4
1.6690431986782412E-4
1.6711651219734826E-4
1.6734102480326737E-4
1.6759369447192377E-4
1.6790529384066432E-4
1.6833674356610143E-4
1.690077534322095E-4
1.7013789274055902E-4
1.7210727434235066E-4
1.755209097775292E-4
1.8114963746113064E-4
1.8913992655357386E-4
1.9633555361123485E-4
1.965471222921479E-4
1.9675907075182027E-4
1.9697140925565893E-4
1.971841479204588E-4
1.9739729671553572E-4
1.9761086546384995E-4
1.978248638431332E-4
1.9803930138699853E-4
1.9825418748604492E-4
1.9846953138896408E-4
1.9868534220362857E-4
1.9890162889818375E-4
1.9911840030212562E-4
1.9933566510738036E-4
1.995534318693681E-4
1.9977170900806803E-4
1.9999050480907398E-4
2.0020982742464212E-4
2.004296848747387E-4
2.006500850480715E-4
2.0087103570312715E-4
2.010925444691917E-4
2.0131461884737286E-4
2.0153726621160943E-4
2.017604938096788E-4
2.019843087642017E-4
2.0220871807363202E-4
2.024337286132489E-4
2.026593471361385E-4
2.0288558027417372E-4
2.0311243453897658E-4
2.0333991632289609E-4
2.035680318999601E-4
2.0379678742683092E-4
2.040261889437544E-4
2.042562423754997E-4
2.0448695353229935E-4
2.0471832811077962E-4
2.0495037169488423E-4
2.0518308975679488E-4
2.0541648765784793E-4
2.0565057064943958E-4
2.0588534387393318E-4
2.061208123655521E-4
2.063569810512761E-4
2.0659385475172844E-4
2.068314381820552E-4
2.0706973595280138E-4
2.0730875257078416E-4
2.075484924399564E-4
2.0778895986226843E-4
2.080301590385211E-4
2.0827209406921863E-4
2.0851476895540958E-4
2.0875818759952876E-4
2.0900235380623086E-4
2.0924727128321927E-4
2.094929436420694E-4
2.0973937439905147E-4
2.0998656697593886E-4
2.10234524700822E-4
2.1048325080890798E-4
2.107327484433238E-4
2.109830206559068E-4
2.112340704079958E-4
2.1148590057121444E-4
2.1173851392825208E-4
2.119919131736356E-4
2.1224610091450204E-4
2.1250107967136058E-4
2.1275685187885715E-4
2.1301341988652392E-4
2.1327078595953419E-4
2.1352895227944908E-4
2.1378792094495588E-4
2.1404769397260478E-4
2.1430827329754437E-4
2.1456966077424615E-4
2.1483185817722822E-4
2.1509486720177535E-4
2.153586894646493E-4
2.156233265048017E-4
2.1588877978407804E-4
2.1615505068791724E-4
2.164221405260469E-4
2.1669005053317876E-4
2.16958781869691E-4
2.1722833562231594E-4
2.1749871280481392E-4
2.1776991435865125E-4
2.1804194115366957E-4
2.1831479398875012E-4
2.185884735924751E-4
2.1886298062378783E-4
2.1913831567264133E-4
2.194144792606522E-4
2.1969147184174048E-4
2.1996929380277552E-4
2.202479454642047E-4
2.2052742708069583E-4
2.2080773884175723E-4
2.2108888087236554E-4
2.2137085323358614E-4
2.2165365592318866E-4
2.219372888762594E-4
2.2222175196580737E-4
2.2250704500337471E-4
2.227931677396323E-4
2.2308011986497402E-4
2.2336790101011694E-4
2.2365651074668445E-4
2.2394594858779203E-4
2.2423621398863058E-4
2.245273063470415E-4
2.2481922500409114E-4
2.2511196924464205E-4
2.2540553829791595E-4
2.256999313380596E-4
2.259951474847006E-4
2.2629118580350487E-4
2.2658804530672642E-4
2.2688572495375547E-4
2.2718422365166269E-4
2.2748354025574043E-4
2.2778367357003743E-4
2.2808462234789715E-4
2.283863852924796E-4
2.2868896105729752E-4
2.2899234824672943E-4
2.2929654541654657E-4
2.2960155107442642E-4
2.2990736368046157E-4
2.302139816476755E-4
2.3052140334252127E-4
2.308296270853913E-4
2.3113865115110684E-4
2.3144847376942352E-4
2.3175909312551544E-4
2.3207050736046884E-4
2.323827145717661E-4
2.3269571281376848E-4
2.3300950009819282E-4
2.333240743945918E-4
2.336394336308234E-4
2.3395557569351878E-4
2.342724984285548E-4
2.345901996415086E-4
2.3490867709812392E-4
2.3522792852476526E-4
2.355479516088719E-4
2.3586874399940717E-4
2.3619030330730782E-4
2.3651262710592733E-4
2.3683571293147787E-4
2.3715955828346627E-4
2.3748416062513216E-4
2.3780951738387905E-4
2.3813562595170241E-4
2.3846248368561743E-4
2.3879008790808417E-4
2.3911843590742037E-4
2.394475249382296E-4
2.3977735222180705E-4
2.4010791494655427E-4
2.404392102683897E-4
2.4077123531115346E-4
2.4110398716700705E-4
2.4143746289683962E-4
2.4177165953066088E-4
2.421065740679958E-4
2.424422034782804E-4
2.427785447012469E-4
2.431155946473112E-4
2.434533501979569E-4
2.437918082061169E-4
2.4413096549654915E-4
2.4447081886621604E-4
2.448113650846518E-4
2.4515260089433906E-4
2.4549452301107E-4
2.4583712812431774E-4
2.461804128975921E-4
2.465243739688043E-4
2.468690079506227E-4
2.472143114308252E-4
2.475602809726525E-4
2.4790691311516236E-4
2.482542043735674E-4
2.486021512395852E-4
2.4895075018178123E-4
2.4929999764590466E-4
2.496498900552275E-4
2.500004238108783E-4
2.503515952921746E-4
2.507034008569527E-4
2.5105583684189415E-4
2.5140889956285146E-4
2.517625853151704E-4
2.5211689037400877E-4
2.524718109946562E-4
2.5282734341284776E-4
2.5318348384507694E-4
2.535402284889092E-4
2.53897573523286E-4
2.542555151088336E-4
2.5461404938816723E-4
2.5497317248619116E-4
2.5533288051039803E-4
2.5569316955116736E-4
2.5605403568206014E-4
2.564154749601087E-4
2.567774834261104E-4
2.5714005710491503E-4
2.5750319200570936E-4
2.5786688412230395E-4
2.582311294334106E-4
2.5859592390292614E-4
2.5896126348020715E-4
2.593271441003468E-4
2.596935616844476E-4
2.600605121398918E-4
2.6042799136061104E-4
2.6079599522735585E-4
2.611645196079534E-4
2.615335603575789E-4
2.619031133190122E-4
2.6227317432289503E-4
2.6264373918799316E-4
2.6301480372144535E-4
2.6338636371901915E-4
2.637584149653623E-4
2.64130953234251E-4
2.645039742888354E-4
2.648774738818868E-4
2.6525144775604116E-4
2.656258916440353E-4
2.6600080126895333E-4
2.6637617234445796E-4
2.6675200057503143E-4
2.671282816562032E-4
2.675050112747887E-4
2.67882185109111E-4
2.6825979882923526E-4
2.6863784809719356E-4
2.6901632856720997E-4
2.6939523588591867E-4
2.697745656925957E-4
2.701543136193802E-4
2.7053447529152435E-4
2.709150463277233E-4
2.7129602234069535E-4
2.7167739893866125E-4
2.720591717296706E-4
2.7244133633502147E-4
2.728238884307794E-4
2.732068238741483E-4
2.735901390793577E-4
2.739738321080569E-4
2.7435790574936107E-4
2.7474237598200987E-4
2.751272945601081E-4
2.755128074986613E-4
2.7589930179019594E-4
2.762877613474351E-4
2.766806004309152E-4
2.770835424263067E-4
2.7751118374516566E-4
2.7799225086278553E-4
2.7858612905140166E-4
2.7941657803784946E-4
2.807232946637427E-4
2.829459737559642E-4
2.8682974928415295E-4
2.93400070359199E-4
3.03018988978353E-4
3.1193666940157585E-4
3.12320574513417E-4
3.127089073369432E-4
3.1310161909756806E-4
3.134986613148377E-4
3.1389998580101224E-4
3.143055446596502E-4
3.147152902842048E-4
3.1512917535662444E-4
3.15547152845949E-4
3.1596917600693156E-4
3.1639519837864654E-4
3.1682517378311877E-4
3.172590563239443E-4
3.1769680038493434E-4
3.1813836062874885E-4
3.185836919955446E-4
3.19032749701626E-4
3.1948548923810434E-4
3.199418663695602E-4
3.204018371327109E-4
3.208653578350883E-4
3.2133238505371777E-4
3.218028756338047E-4
3.2227678668742384E-4
3.227540755922176E-4
3.232346999901037E-4
3.2371861778597496E-4
3.242057871464201E-4
3.2469616649844196E-4
3.251897145281829E-4
3.256863901796459E-4
3.261861526534466E-4
3.2668896140554366E-4
3.2719477614598776E-4
3.277035568376767E-4
3.282152636951065E-4
3.2872985718314054E-4
3.2924729801577673E-4
3.297675471549192E-4
3.3029056580915345E-4
3.308163154325415E-4
3.3134475772339826E-4
3.3187585462309747E-4
3.3240956831485983E-4
3.329458612225677E-4
3.3348469600957196E-4
3.3402603557750504E-4
3.345698430651042E-4
3.3511608184703414E-4
3.356647155327205E-4
3.362157079651821E-4
3.367690232198754E-4
3.3732462560353725E-4
3.3788247965303676E-4
3.384425501342297E-4
3.390048020408198E-4
3.395692005932253E-4
3.401357112374456E-4
3.407042996439449E-4
3.4127493170651996E-4
3.4184757354119777E-4
3.424221914851176E-4
3.429987520954271E-4
3.4357722214818344E-4
3.4415756863725793E-4
3.4473975877324177E-4
3.4532375998236423E-4
3.459095399054081E-4
3.4649706639663615E-4
3.4708630752271257E-4
3.4767723156164644E-4
3.4826980700171747E-4
3.4886400254042517E-4
3.49459787083436E-4
3.500571297435272E-4
3.5065599983955193E-4
3.5125636689539193E-4
3.5185820063892825E-4
3.524614710010057E-4
3.5306614811441073E-4
3.5367220231284754E-4
3.542796041299206E-4
3.548883242981274E-4
3.5549833374784034E-4
3.561096036063096E-4
3.567221051966652E-4
3.573358100369182E-4
3.579506898389705E-4
3.5856671650762954E-4
3.591838621396259E-4
3.5980209902263693E-4
3.6042139963431217E-4
3.610417366413026E-4
3.616630828983009E-4
3.6228541144707444E-4
3.629086955155159E-4
3.635329085166828E-4
3.641580240478607E-4
3.647840158896062E-4
3.654108580048185E-4
3.6603852453780057E-4
3.6666698981332384E-4
3.672962283357066E-4
3.6792621478788884E-4
3.6855692403051223E-4
3.6918833110100474E-4
3.6982041121267506E-4
3.704531397537996E-4
3.7108649228671814E-4
3.717204445469453E-4
3.723549724422666E-4
3.729900520518472E-4
3.736256596253533E-4
3.742617715820596E-4
3.748983645099768E-4
3.7553541516497307E-4
3.761729004699034E-4
3.768107975137452E-4
3.7744908355072794E-4
3.780877359994807E-4
3.7872673244217415E-4
3.793660506236646E-4
3.8000566845065273E-4
3.806455639908321E-4
3.8128571547205083E-4
3.8192610128148135E-4
3.8256669996477194E-4
3.8320749022523594E-4
3.838484509230104E-4
3.844895610742417E-4
3.85130799850268E-4
3.857721465767962E-4
3.8641358073310326E-4
3.8705508195121673E-4
3.8769663001512306E-4
3.883382048599501E-4
3.8897978657119025E-4
3.896213553838942E-4
3.902628916818841E-4
3.909043759969696E-4
3.9154578900816667E-4
3.92187111540912E-4
3.9282832456629345E-4
3.9346940920027823E-4
3.9411034670293874E-4
3.947511184776972E-4
3.9539170607055303E-4
3.9603209116933027E-4
3.9667225560292607E-4
3.9731218134055285E-4
3.979518504909932E-4
3.985912453018553E-4
3.99230348158834E-4
3.998691415849683E-4
4.005076082399085E-4
4.011457309191876E-4
4.017834925534912E-4
4.0242087620793093E-4
4.0305786508132695E-4
4.036944425054915E-4
4.043305919445014E-4
4.049662969940063E-4
4.0560154138050435E-4
4.0623630896064085E-4
4.068705837205132E-4
4.075043497749657E-4
4.0813759136688915E-4
4.0877029286654393E-4
4.0940243877085516E-4
4.1003401370273327E-4
4.106650024103936E-4
4.1129538976666984E-4
4.1192516076834324E-4
4.125543005354639E-4
4.1318279431068694E-4
4.138106274585953E-4
4.144377854650457E-4
4.150642539364981E-4
4.1569001859936285E-4
4.163150652993433E-4
4.1693938000078546E-4
4.175629487860212E-4
4.1818575785473216E-4
4.188077935233019E-4
4.194290422241699E-4
4.2004949050520007E-4
4.2066912502904846E-4
4.21287932572524E-4
4.21905900025962E-4
4.2252301439260213E-4
4.2313926278796126E-4
4.2375463243921394E-4
4.243691106845758E-4
4.2498268497268764E-4
4.25595342862005E-4
4.262070720201895E-4
4.268178602235004E-4
4.274276953561923E-4
4.2803656540991736E-4
4.2864445848312424E-4
4.292513627804633E-4
4.2985726661219306E-4
4.304621583935978E-4
4.310660266443914E-4
4.316688599881377E-4
4.322706471516713E-4
4.3287137696451335E-4
4.334710383582993E-4
4.3406962036620614E-4
4.346671121223807E-4
4.352635028613676E-4
4.358587819175504E-4
4.36452938724586E-4
4.3704596281484304E-4
4.376378438188485E-4
4.382285714647238E-4
4.3881813557764617E-4
4.394065260792856E-4
4.3999373298726443E-4
4.4057974641461406E-4
4.4116455656922644E-4
4.4174815375331965E-4
4.423305283629031E-4
4.429116708872304E-4
4.4349157190828317E-4
4.4407022210023254E-4
4.446476122289139E-4
4.4522373315130064E-4
4.457985758149847E-4
4.4637213125765427E-4
4.469443906065792E-4
4.475153450780932E-4
4.480849859770846E-4
4.48653304696482E-4
4.492202927167506E-4
4.497859416053845E-4
4.5035024301640645E-4
4.509131886898617E-4
4.5147477045132844E-4
4.520349802114119E-4
4.5259380996526185E-4
4.531512517920714E-4
4.5370729785459155E-4
4.542619403986491E-4
4.5481517175265915E-4
4.5536698432713604E-4
4.5591737061423E-4
4.5646632318724096E-4
4.570138347001561E-4
4.575598978872317E-4
4.581045055626647E-4
4.5864765062069676E-4
4.591893260370319E-4
4.597295248747375E-4
4.60268240304515E-4
4.608054656704276E-4
4.613411946953194E-4
4.6187542210471733E-4
4.6240814547023057E-4
4.6293937050674415E-4
4.6346912586364453E-4
4.6399750321030384E-4
4.64524762526774E-4
4.6505159971524254E-4
4.6557980349673934E-4
4.661138091078299E-4
4.6666599163994123E-4
4.6726068867357666E-4
4.6795010994328946E-4
4.6884909335197445E-4
4.701906915648056E-4
4.724234704652045E-4
4.763463868626767E-4
4.8312288095655467E-4
4.932920355259233E-4
5.046312118707221E-4
5.067927495017394E-4
5.089393395269258E-4
5.110710472874961E-4
5.13187937878051E-4
5.152900761474429E-4
5.173775266996311E-4
5.194503538945388E-4
5.215086218489039E-4
5.235523944371265E-4
5.255817352921164E-4
5.275967078061343E-4
5.295973751316425E-4
5.315838001821253E-4
5.335560456329391E-4
5.355141739221393E-4
5.374582472513086E-4
5.393883275863885E-4
5.413044766584939E-4
5.432067559647477E-4
5.450952267690895E-4
5.469699501030935E-4
5.488309867667869E-4
5.506783973294548E-4
5.525122421304511E-4
5.543325812799987E-4
5.561394746600016E-4
5.579329819248358E-4
5.597131625021507E-4
5.614800755936665E-4
5.632337801759611E-4
5.64974335001257E-4
5.667017985982162E-4
5.684162292727237E-4
5.7011768510866E-4
5.718062239686903E-4
5.734819034950346E-4
5.751447811102456E-4
5.767949140179739E-4
5.784323592037487E-4
5.800571734357278E-4
5.816694132654731E-4
5.832691350287066E-4
5.848563948460752E-4
5.864312486238994E-4
5.879937520549236E-4
5.895439606190825E-4
5.910819295842358E-4
5.926077140069178E-4
5.94121368733083E-4
5.956229483988464E-4
5.971125074312211E-4
5.98590100048857E-4
6.000557802627686E-4
6.015096018770777E-4
6.029516184897281E-4
6.04381883493222E-4
6.058004500753438E-4
6.07207371219872E-4
6.086026997073127E-4
6.099864881156038E-4
6.113587888208401E-4
6.12719653997978E-4
6.140691356215472E-4
6.154072854663557E-4
6.167341551082045E-4
6.180497959245736E-4
6.193542590953419E-4
6.206475956034681E-4
6.21929856235697E-4
6.232010915832462E-4
6.24461352042505E-4
6.257106878157143E-4
6.269491489116581E-4
6.281767851463481E-4
6.293936461437009E-4
6.305997813362257E-4
6.317952399656926E-4
6.329800710838148E-4
6.341543235529148E-4
6.353180460466014E-4
6.364712870504345E-4
6.376140948625928E-4
6.387465175945363E-4
6.39868603171669E-4
6.409803993339945E-4
6.42081953636781E-4
6.431733134512099E-4
6.442545259650316E-4
6.453256381832139E-4
6.463866969285919E-4
6.474377488425182E-4
6.484788403854982E-4
6.495100178378379E-4
6.505313273002875E-4
6.515428146946693E-4
6.525445257645223E-4
6.535365060757285E-4
6.545188010171556E-4
6.554914558012652E-4
6.564545154647658E-4
6.574080248692214E-4
6.583520287016752E-4
6.592865714752746E-4
6.602116975298935E-4
6.611274510327394E-4
6.620338759789747E-4
6.629310161923302E-4
6.638189153257105E-4
6.646976168618008E-4
6.655671641136874E-4
6.664276002254483E-4
6.672789681727522E-4
6.681213107634795E-4
6.68954670638299E-4
6.69779090271274E-4
6.705946119704562E-4
6.714012778784775E-4
6.7219912997314E-4
6.729882100680032E-4
6.737685598129708E-4
6.745402206948805E-4
6.753032340380793E-4
6.760576410050048E-4
6.768034825967683E-4
6.775407996537256E-4
6.782696328560617E-4
6.789900227243461E-4
6.797020096201226E-4
6.804056337464682E-4
6.811009351485567E-4
6.817879537142397E-4
6.824667291745824E-4
6.831373011044579E-4
6.837997089230767E-4
6.8445399189457E-4
6.851001891285194E-4
6.857383395805336E-4
6.863684820527893E-4
6.869906551945791E-4
6.876048975028626E-4
6.882112473228239E-4
6.888097428483928E-4
6.894004221228049E-4
6.899833230391394E-4
6.905584833408552E-4
6.91125940622329E-4
6.916857323293931E-4
6.922378957598627E-4
6.927824680640756E-4
6.933194862454168E-4
6.938489871608495E-4
6.943710075214377E-4
6.948855838928796E-4
6.953927526960144E-4
6.958925502073626E-4
6.963850125596317E-4
6.968701757422361E-4
6.973480756018207E-4
6.978187478427635E-4
6.982822280276991E-4
6.987385515780147E-4
6.991877537743805E-4
6.996298697572347E-4
7.000649345273016E-4
7.004929829460942E-4
7.009140497364141E-4
7.013281694828478E-4
7.017353766322754E-4
7.021357054943601E-4
7.025291902420421E-4
7.029158649120405E-4
7.032957634053353E-4
7.036689194876652E-4
7.040353667900128E-4
7.043951388090925E-4
7.047482689078333E-4
7.050947903158663E-4
7.054347361300055E-4
7.057681393147244E-4
7.060950327026429E-4
7.064154489949979E-4
7.067294207621148E-4
7.070369804438904E-4
7.073381603502692E-4
7.076329926616932E-4
7.079215094295922E-4
7.082037425768423E-4
7.084797238982335E-4
7.087494850609295E-4
7.090130576049382E-4
7.092704729435672E-4
7.095217623638866E-4
7.097669570271831E-4
7.100060879694204E-4
7.10239186101691E-4
7.104662822106757E-4
7.106874069590827E-4
7.109025908861134E-4
7.111118644079014E-4
7.113152578179598E-4
7.115128012876368E-4
7.117045248665392E-4
7.118904584830002E-4
7.120706319445053E-4
7.122450749381284E-4
7.12413817030988E-4
7.125768876706643E-4
7.127343161856462E-4
7.128861317857596E-4
7.130323635626038E-4
7.131730404899775E-4
7.133081914243116E-4
7.134378451050989E-4
7.135620301553104E-4
7.136807750818374E-4
7.137941082758909E-4
7.139020580134545E-4
7.140046524556735E-4
7.14101919649296E-4
7.141938875270812E-4
7.14280583908218E-4
7.143620364987374E-4
7.144382728919355E-4
7.145093205687654E-4
7.145752068982702E-4
7.146359591379784E-4
7.146916044343199E-4
7.147421698230227E-4
7.147876822295246E-4
7.148281684693793E-4
7.148636552486501E-4
7.148941691643174E-4
7.149197367046808E-4
7.149403842497476E-4
7.149561380716335E-4
7.149670243349648E-4
7.149730690972654E-4
7.14974298309346E-4
7.149707378157114E-4
7.149624133549259E-4
7.149493505600285E-4
7.149315749588992E-4
7.14909111974655E-4
7.148819869260385E-4
7.148502250277889E-4
7.148138513910309E-4
7.147728910236611E-4
7.147273688307212E-4
7.146773096147792E-4
7.146227380763308E-4
7.145636788142239E-4
7.145001563262631E-4
7.144321950103532E-4
7.143598191676128E-4
7.142830530120017E-4
7.142019207015684E-4
7.141164464388634E-4
7.140266547875194E-4
7.139325716456623E-4
7.138342271589909E-4
7.137316641931078E-4
7.136249622479719E-4
7.13514302875882E-4
7.134001428238432E-4
7.132836565756719E-4
7.131678262157129E-4
7.130616703107563E-4
7.129826853752585E-4
7.129694642379056E-4
7.131108084498555E-4
7.135936445060291E-4
7.147912269965013E-4
7.173932880284163E-4
7.224445493498423E-4
0.0014088028491601157
0.001413006589531284
0.0014092685111007112
0.0014055405012934209
0.0014018225327173679
0.001398114578055085
0.001394416610063487
0.0013907286015736723
0.0013870505254907186
0.0013833823547934852
0.0013797240625344081
0.0013760756218393145
0.0013724370059072036
0.0013688081880100737
0.0013651891414927025
0.0013615798397724626
0.001357980256339126
0.0013543903647546592
0.0013508101386530407
0.0013472395517400524
0.0013436785777930975
0.001340127190661
0.0013365853642638157
0.0013330530725926336
0.001329530289709389
0.0013260169897466772
0.0013225131469075438
0.0013190187354653164
0.0013155337297633986
0.0013120581042150878
0.0013085918333033892
0.00130513489158082
0.0013016872536692177
0.0012982488942595645
0.0012948197881117991
0.0012913999100546204
0.0012879892349853064
0.001284587737869532
0.0012811953937411826
0.0012778121777021608
0.0012744380649222222
0.0012710730306387675
0.0012677170501566777
0.0012643700988481214
0.0012610321521523838
0.0012577031855756696
0.001254383174690932
0.0012510720951376944
0.0012477699226218623
0.0012444766329155485
0.001241192201856894
0.0012379166053498823
0.001234649819364177
0.0012313918199349254
0.0012281425831625935
0.0012249020852127853
0.0012216703023160654
0.0012184472107677853
0.001215232786927909
0.001212027007220832
0.0012088298481352138
0.0012056412862238
0.00120246129810325
0.0011992898604539677
0.0011961269500199174
0.0011929725436084664
0.001189826618090202
0.0011866891503987662
0.0011835601175306815
0.0011804394965451855
0.0011773272645640542
0.0011742233987714374
0.0011711278764136917
0.001168040674799205
0.0011649617712982312
0.0011618911433427278
0.0011588287684261833
0.0011557746241034504
0.0011527286879905846
0.0011496909377646696
0.0011466613511636613
0.0011436399059862172
0.0011406265800915348
0.0011376213513991872
0.0011346241978889531
0.0011316350976006693
0.0011286540286340482
0.0011256809691485275
0.001122715897363111
0.0011197587915561947
0.0011168096300654164
0.001113868391287493
0.001110935053678061
0.00110800959575151
0.0011050919960808292
0.0011021822332974538
0.0010992802860910918
0.001096386133209584
0.0010934997534587276
0.001090621125702138
0.0010877502288610744
0.0010848870419142966
0.001082031543897902
0.001079183713905176
0.0010763435310864257
0.0010735109746488416
0.0010706860238563279
0.001067868658029359
0.0010650588565448208
0.001062256598835861
0.0010594618643917275
0.0010566746327576343
0.0010538948835345941
0.0010511225963792659
0.0010483577510038188
0.0010456003271757698
0.0010428503047178299
0.0010401076635077702
0.001037372383478257
0.0010346444446167112
0.0010319238269651556
0.0010292105106200664
0.0010265044757322356
0.0010238057025066059
0.001021114171202141
0.0010184298621316677
0.00101575275566173
0.0010130828322124563
0.0010104200722573916
0.0010077644563233764
0.0010051159649903877
0.0010024745788913914
9.99840278712217E-4
9.972130451913889E-4
9.945928591200074E-4
9.919797013415842E-4
9.89373552751928E-4
9.867743942989639E-4
9.841822069826293E-4
9.815969718547128E-4
9.790186700187142E-4
9.764472826297087E-4
9.738827908942111E-4
9.713251760700223E-4
9.687744194661012E-4
9.662305024424216E-4
9.636934064098416E-4
9.611631128299492E-4
9.586396032149394E-4
9.561228591274718E-4
9.536128621805257E-4
9.511095940372811E-4
9.486130364109639E-4
9.461231710647218E-4
9.436399798114854E-4
9.411634445138286E-4
9.386935470838404E-4
9.362302694829888E-4
9.337735937219794E-4
9.313235018606351E-4
9.288799760077496E-4
9.264429983209629E-4
9.240125510066206E-4
9.215886163196547E-4
9.191711765634357E-4
9.167602140896503E-4
9.143557112981715E-4
9.119576506369239E-4
9.095660146017482E-4
9.071807857362814E-4
9.048019466318184E-4
9.024294799271933E-4
9.000633683086329E-4
8.977035945096434E-4
8.953501413108787E-4
8.930029915399998E-4
8.906621280715696E-4
8.883275338269032E-4
8.85999191773955E-4
8.836770849271847E-4
8.81361196347435E-4
8.790515091418049E-4
8.767480064635208E-4
8.744506715118121E-4
8.721594875317881E-4
8.69874437814317E-4
8.675955056958865E-4
8.653226745585022E-4
8.630559278295399E-4
8.607952489816422E-4
8.585406215325833E-4
8.562920290451507E-4
8.540494551270197E-4
8.518128834306392E-4
8.495822976531E-4
8.473576815360151E-4
8.451390188654082E-4
8.42926293471582E-4
8.407194892290003E-4
8.385185900561697E-4
8.363235799155228E-4
8.341344428132876E-4
8.319511627993855E-4
8.297737239672923E-4
8.276021104539383E-4
8.254363064395773E-4
8.232762961476725E-4
8.211220638447864E-4
8.189735938404487E-4
8.168308704870518E-4
8.146938781797267E-4
8.125626013562327E-4
8.10437024496837E-4
8.083171321241985E-4
8.062029088032582E-4
8.040943391411165E-4
8.019914077869266E-4
7.998940994317684E-4
7.978023988085469E-4
7.95716290691873E-4
7.936357598979464E-4
7.915607912844487E-4
7.894913697504249E-4
7.874274802361765E-4
7.853691077231458E-4
7.833162372337987E-4
7.812688538315279E-4
7.79226942620523E-4
7.77190488745674E-4
7.751594773924534E-4
7.731338937868068E-4
7.711137231950419E-4
7.690989509237205E-4
7.670895623195482E-4
7.65085542769266E-4
7.630868776995402E-4
7.610935525768474E-4
7.591055529073831E-4
7.571228642369355E-4
7.551454721507818E-4
7.531733622735933E-4
7.512065202693115E-4
7.492449318410461E-4
7.472885827309779E-4
7.453374587202376E-4
7.4339154562881E-4
7.414508293154252E-4
7.395152956774497E-4
7.375849306507844E-4
7.356597202097668E-4
7.337396503670501E-4
7.318247071735202E-4
7.299148767181976E-4
7.280101451282057E-4
7.261104985689059E-4
7.242159232446623E-4
7.223264054018048E-4
7.204419313390543E-4
7.185624874427231E-4
7.166880603018479E-4
7.148186370742772E-4
7.129542066178232E-4
7.110947628843812E-4
7.092403147980541E-4
7.073909141014266E-4
7.055467312669074E-4
7.037082552422737E-4
7.018767996391568E-4
7.000566770136664E-4
6.982561300478148E-4
6.964937117467902E-4
6.948135675296074E-4
6.933109641117759E-4
6.921808125613468E-4
6.917918943903693E-4
0.27049704735811064
