5.0168103548650086E-8
1.0039828994301037E-7
1.5069049759265456E-7
2.01044664869988E-7
2.514607301132217E-7
3.019386316308954E-7
3.5247830771124445E-7
4.0307969664627305E-7
4.537427367992607E-7
5.044673667968462E-7
5.552535260685033E-7
6.061011563274553E-7
6.570102055311602E-7
7.079806381866241E-7
7.590124614206431E-7
8.101057890575473E-7
8.612609945215114E-7
9.12479064716744E-7
9.637623934942423E-7
1.0151165027536973E-6
1.066553647504246E-6
1.1181000914502007E-6
1.169810213360337E-6
1.221792682386932E-6
1.2742566974864887E-6
1.3275891598587124E-6
1.382474919469192E-6
1.440068130345176E-6
1.5021955539403436E-6
1.571571974748973E-6
1.6518969092227503E-6
1.7475707567275048E-6
1.8626526911376818E-6
1.998482996974387E-6
2.149397540309508E-6
2.297142619730291E-6
2.411166458465215E-6
2.4780531103711626E-6
2.5450295414481233E-6
2.612095693177978E-6
2.6792515069525317E-6
2.7464969240758795E-6
2.8138318857666847E-6
2.881256333160572E-6
2.9487702073124765E-6
3.0163734491990085E-6
3.084065999720891E-6
3.151847799705346E-6
3.21971878990851E-6
3.2876789110178975E-6
3.355728103654868E-6
3.423866308377071E-6
3.4920934656809466E-6
3.5604095160042433E-6
3.6288143997285586E-6
3.697308057181826E-6
3.7658904286408976E-6
3.834561454334116E-6
3.903321074443929E-6
3.9721692291094256E-6
4.04110585842903E-6
4.110130902463076E-6
4.1792443012365045E-6
4.248445994741525E-6
4.317735922940291E-6
4.387114025767595E-6
4.4565802431336485E-6
4.526134514926733E-6
4.59577678101602E-6
4.66550698125433E-6
4.735325055480903E-6
4.805230943524242E-6
4.875224585204912E-6
4.945305920338356E-6
5.015474888737868E-6
5.085731430217317E-6
5.156075484594163E-6
5.226506991692341E-6
5.297025891345126E-6
5.367632123398231E-6
5.438325627712623E-6
5.509106344167602E-6
5.57997421266378E-6
5.6509291731261345E-6
5.721971165506985E-6
5.793100129789157E-6
5.8643160059889544E-6
5.9356187341593565E-6
6.007008254393088E-6
6.078484506825756E-6
6.1500474316390315E-6
6.221696969063829E-6
6.293433059383467E-6
6.365255642936938E-6
6.4371646601221134E-6
6.509160051399019E-6
6.581241757293108E-6
6.653409718398514E-6
6.725663875381421E-6
6.7980041689834085E-6
6.87043054002478E-6
6.942942929407963E-6
7.015541278120859E-6
7.088225527240316E-6
7.160995617935555E-6
7.233851491471652E-6
7.30679308921294E-6
7.379820352626591E-6
7.452933223286165E-6
7.526131642875054E-6
7.599415553190079E-6
7.67278489614517E-6
7.746239613774846E-6
7.819779648237947E-6
7.893404941821224E-6
7.967115436943038E-6
8.04091107615705E-6
8.114791802155965E-6
8.188757557775185E-6
8.262808285996687E-6
8.33694392995278E-6
8.411164432929813E-6
8.485469738372097E-6
8.559859789885803E-6
8.634334531242711E-6
8.708893906384153E-6
8.783537859424988E-6
8.85826633465744E-6
8.933079276555207E-6
9.007976629777302E-6
9.082958339172125E-6
9.158024349781534E-6
9.233174606844845E-6
9.308409055802958E-6
9.383727642302399E-6
9.459130312199474E-6
9.534617011564512E-6
9.61018768668587E-6
9.685842284074286E-6
9.761580750466961E-6
9.837403032831939E-6
9.91330907837227E-6
9.989298834530411E-6
1.0065372248992413E-5
1.0141529269692369E-5
1.0217769844816697E-5
1.0294093922808604E-5
1.037050145237249E-5
1.0446992382478276E-5
1.0523566662366025E-5
1.0600224241550391E-5
1.0676965069824985E-5
1.0753789097267148E-5
1.083069627424227E-5
1.0907686551408568E-5
1.0984759879721576E-5
1.106191621043887E-5
1.1139155495124627E-5
1.121647768565442E-5
1.1293882734219805E-5
1.1371370593333188E-5
1.1448941215832469E-5
1.152659455488587E-5
1.1604330563996799E-5
1.1682149197008574E-5
1.1760050408109406E-5
1.1838034151837146E-5
1.191610038308434E-5
1.1994249057103045E-5
1.2072480129509862E-5
1.2150793556290885E-5
1.2229189293806767E-5
1.2307667298797662E-5
1.2386227528388342E-5
1.2464869940093345E-5
1.2543594491821978E-5
1.2622401141883496E-5
1.2701289848992348E-5
1.278026057227325E-5
1.2859313271266373E-5
1.2938447905932757E-5
1.3017664436659478E-5
1.3096962824264874E-5
1.3176343030003974E-5
1.325580501557379E-5
1.3335348743118656E-5
1.341497417523574E-5
1.3494681274980284E-5
1.3574470005871253E-5
1.3654340331896557E-5
1.3734292217518865E-5
1.381432562768082E-5
1.3894440527810825E-5
1.3974636883828511E-5
1.4054914662150254E-5
1.4135273829694963E-5
1.4215714353889627E-5
1.4296236202675134E-5
1.4376839344511711E-5
1.4457523748384895E-5
1.4488121280262802E-5
1.4518737930902231E-5
1.4549373732491507E-5
1.4580028717808904E-5
1.4610702920234652E-5
1.4641396373779201E-5
1.4672109113157843E-5
1.4702841173995451E-5
1.473359259338755E-5
1.4764363411418842E-5
1.4795153675197696E-5
1.4825963449360515E-5
1.485679284283253E-5
1.488764207547845E-5
1.491851164024781E-5
1.4949402688123593E-5
1.4980317919095484E-5
1.5011263590359438E-5
1.5042253918587837E-5
1.5073320451997767E-5
1.5104531413671004E-5
1.5136030325824809E-5
1.5168110433644523E-5
1.5201352641399806E-5
1.5236870366107182E-5
1.527672339140519E-5
1.5324578203084716E-5
1.5386689112702968E-5
1.5473233828154795E-5
1.5599726346833524E-5
1.5788405440722877E-5
1.6068490036646724E-5
1.6473241788112165E-5
1.7031308482205905E-5
1.7748457890310456E-5
1.857552880060054E-5
1.9363610527200235E-5
1.9850248250184862E-5
1.9891491683151604E-5
1.9932762186612542E-5
1.9974059788850485E-5
2.0015384518748758E-5
2.0056736405795642E-5
2.0098115480087386E-5
2.0139521772332468E-5
2.018095531385503E-5
2.022241613659881E-5
2.0263904273130922E-5
2.0305419756645776E-5
2.034696262096868E-5
2.0388532900559846E-5
2.04301306305184E-5
2.047175584658603E-5
2.0513408585150954E-5
2.0555088883251984E-5
2.0596796778582658E-5
2.0638532309494712E-5
2.0680295515002448E-5
2.0722086434786722E-5
2.0763905109199054E-5
2.0805751579265425E-5
2.0847625886690754E-5
2.088952807386265E-5
2.093145818385578E-5
2.0973416260436036E-5
2.1015402348064592E-5
2.10574164919021E-5
2.1099458737813235E-5
2.114152913237048E-5
2.1183627722858692E-5
2.1225754557279426E-5
2.1267909684355118E-5
2.1310093153533526E-5
2.135230501499216E-5
2.1394545319642373E-5
2.1436814119134357E-5
2.1479111465860944E-5
2.1521437412962553E-5
2.156379201433156E-5
2.1606175324616536E-5
2.164858739922736E-5
2.1691028294339287E-5
2.1733498066897726E-5
2.177599677462284E-5
2.181852447601447E-5
2.186108123035616E-5
2.190366709772064E-5
2.194628213897383E-5
2.1988926415780098E-5
2.2031599990606907E-5
2.2074302926729436E-5
2.2117035288235545E-5
2.2159797140030676E-5
2.2202588547842605E-5
2.2245409578226418E-5
2.228826029856944E-5
2.2331140777096184E-5
2.237405108287332E-5
2.241699128581457E-5
2.2459961456685828E-5
2.2502961667110313E-5
2.2545991989573514E-5
2.2589052497428398E-5
2.263214326490032E-5
2.267526436709233E-5
2.2718415879990434E-5
2.276159788046877E-5
2.2804810446294504E-5
2.2848053656133504E-5
2.2891327589555568E-5
2.293463232703943E-5
2.2977967949978183E-5
2.3021334540684992E-5
2.3064732182397873E-5
2.3108160959285593E-5
2.3151620956452797E-5
2.3195112259945528E-5
2.323863495675678E-5
2.3282189134831777E-5
2.3325774883073716E-5
2.3369392291349036E-5
2.341304145049343E-5
2.345672245231677E-5
2.350043538960921E-5
2.354418035614679E-5
2.3587957446696812E-5
2.363176675702355E-5
2.3675608383894203E-5
2.371948242508424E-5
2.376338897938349E-5
2.3807328146601608E-5
2.3851300027573856E-5
2.3895304724167148E-5
2.3939342339285574E-5
2.3983412976876346E-5
2.4027516741935725E-5
2.4071653740514573E-5
2.4115824079724685E-5
2.4160027867744342E-5
2.4204265213824427E-5
2.4248536228294148E-5
2.429284102256721E-5
2.4337179709147704E-5
2.4381552401636084E-5
2.4425959214735237E-5
2.4470400264256385E-5
2.4514875667125073E-5
2.4559385541387535E-5
2.46039300062164E-5
2.4648509181916898E-5
2.4693123189933056E-5
2.473777215285388E-5
2.4782456194418895E-5
2.4827175439525254E-5
2.4871930014232878E-5
2.4916720045771302E-5
2.496154566254557E-5
2.5006406994142527E-5
2.5051304171336872E-5
2.5096237326097588E-5
2.5141206591593844E-5
2.518621210220163E-5
2.5231253993509553E-5
2.527633240232531E-5
2.5321447466682072E-5
2.5366599325844558E-5
2.5411788120315284E-5
2.5457013991840903E-5
2.550227708341858E-5
2.554757753930215E-5
2.5592915505008444E-5
2.5638291127323608E-5
2.568370455430956E-5
2.5729155935309926E-5
2.577464542095678E-5
2.5820173163176706E-5
2.5865739315197293E-5
2.5911344031553306E-5
2.5956987468093006E-5
2.6002669781984885E-5
2.6048391131723257E-5
2.6094151677135225E-5
2.6139951579387016E-5
2.618579100098981E-5
2.6231670105806568E-5
2.6277589059058217E-5
2.6323548027329817E-5
2.6369547178577206E-5
2.641558668213307E-5
2.646166670871358E-5
2.6507787430424188E-5
2.6553949020766616E-5
2.6600151654644513E-5
2.6646395508370516E-5
2.669268075967198E-5
2.6739007587697322E-5
2.6785376173022567E-5
2.683178669765746E-5
2.6878239345052125E-5
2.6924734300102797E-5
2.6971271749158166E-5
2.7017851880026385E-5
2.7064474881980734E-5
2.7111140945766836E-5
2.7157850263610093E-5
2.7204603029227016E-5
2.7251399437845356E-5
2.7298239686251663E-5
2.7345123972919217E-5
2.739205249836077E-5
2.743902546611045E-5
2.7486043085411782E-5
2.753310557845582E-5
2.7580213199462794E-5
2.762736628390185E-5
2.7674565372578696E-5
2.7721811517139706E-5
2.7769107013897917E-5
2.7816457121855426E-5
2.786387397862661E-5
2.791138527916561E-5
2.7959052950463717E-5
2.800701209856519E-5
2.805554957108624E-5
2.8105256843716908E-5
2.8157316131115682E-5
2.82140130996924E-5
2.8279611580811142E-5
2.8361762307178856E-5
2.847373989751899E-5
2.863692484597179E-5
2.8884278835113666E-5
2.9263724776902127E-5
2.9838398283476432E-5
3.068060649337835E-5
3.1852182395524634E-5
3.335470151151045E-5
3.500406862197515E-5
3.619961850376728E-5
3.626095069347984E-5
3.6322335441814234E-5
3.6383772942952726E-5
3.6445263392611284E-5
3.6506806988049565E-5
3.656840392807834E-5
3.6630054413068506E-5
3.669175864495957E-5
3.675351682726843E-5
3.6815329165098186E-5
3.687719586514714E-5
3.6939117135717595E-5
3.700109318672512E-5
3.7063124229707725E-5
3.7125210477834835E-5
3.718735214591684E-5
3.72495494504142E-5
3.7311802609447933E-5
3.737411184280794E-5
3.743647737196294E-5
3.749889942007067E-5
3.756137821198791E-5
3.762391397427906E-5
3.768650693522755E-5
3.7749157324845E-5
3.7811865374881584E-5
3.787463131883625E-5
3.7937455391967116E-5
3.800033783130108E-5
3.8063278875645224E-5
3.8126278765596456E-5
3.818933774355221E-5
3.825245605372147E-5
3.831563394213443E-5
3.837887165665438E-5
3.844216944698766E-5
3.850552756469432E-5
3.856894626319997E-5
3.863242579780537E-5
3.8695966425698394E-5
3.875956840596483E-5
3.88232319995989E-5
3.888695746951501E-5
3.895074508055898E-5
3.9014595099518196E-5
3.907850779513376E-5
3.914248343811226E-5
3.920652230113532E-5
3.927062465887267E-5
3.93347907879923E-5
3.9399020967172876E-5
3.946331547711427E-5
3.952767460054977E-5
3.95920986222567E-5
3.965658782906886E-5
3.972114250988735E-5
3.978576295569231E-5
3.9850449459554725E-5
3.991520231664776E-5
3.9980021824258404E-5
4.0044908281798756E-5
4.0109861990818146E-5
4.0174883255014306E-5
4.023997238024537E-5
4.030512967454131E-5
4.03703554481155E-5
4.0435650013376026E-5
4.050101368493796E-5
4.056644677963482E-5
4.063194961652948E-5
4.0697522516926245E-5
4.0763165804383145E-5
4.08288798047221E-5
4.0894664846040924E-5
4.0960521258725874E-5
4.102644937546157E-5
4.1092449531243615E-5
4.1158522063389536E-5
4.12246673115505E-5
4.129088561772226E-5
4.135717732625702E-5
4.142354278387447E-5
4.148998233967314E-5
4.155649634514183E-5
4.162308515417077E-5
4.168974912306212E-5
4.1756488610542534E-5
4.1823303977773246E-5
4.1890195588360876E-5
4.19571638083694E-5
4.20242090063301E-5
4.2091331553253216E-5
4.215853182263855E-5
4.222581019048593E-5
4.229316703530641E-5
4.2360602738132626E-5
4.2428117682529616E-5
4.2495712254605215E-5
4.2563386843020154E-5
4.263114183899961E-5
4.2698977636342185E-5
4.276689463143096E-5
4.2834893223243556E-5
4.29029738133621E-5
4.2971136805983404E-5
4.303938260792867E-5
4.3107711628654156E-5
4.317612428025977E-5
4.3244620977499546E-5
4.33132021377912E-5
4.3381868181225475E-5
4.345061953057571E-5
4.3519456611307095E-5
4.3588379851586475E-5
4.365738968229024E-5
4.3726486537014956E-5
4.37956708520852E-5
4.386494306656279E-5
4.3934303622255765E-5
4.400375296372699E-5
4.407329153830201E-5
4.4142919796079164E-5
4.4212638189935885E-5
4.428244717553857E-5
4.4352347211349974E-5
4.442233875863706E-5
4.449242228147953E-5
4.456259824677735E-5
4.4632867124258264E-5
4.4703229386485354E-5
4.477368550886494E-5
4.4844235969653254E-5
4.4914881249964234E-5
4.498562183377608E-5
4.505645820793876E-5
4.512739086218039E-5
4.51984202891139E-5
4.526954698424434E-5
4.534077144597427E-5
4.541209417561115E-5
4.5483515677372357E-5
4.55550364583926E-5
4.5626657028728515E-5
4.5698377901365144E-5
4.5770199592221945E-5
4.58421226201574E-5
4.591414750697485E-5
4.5986274777428204E-5
4.605850495922579E-5
4.613083858303678E-5
4.620327618249483E-5
4.627581829420367E-5
4.634846545774055E-5
4.642121821566179E-5
4.649407711350594E-5
4.656704269979898E-5
4.6640115526057586E-5
4.6713296146792403E-5
4.67865851195127E-5
4.6859983004729434E-5
4.693349036595871E-5
4.700710776972621E-5
4.7080835785573694E-5
4.715467498606697E-5
4.722862594680472E-5
4.730268924642903E-5
4.7376865466637465E-5
4.7451155192199E-5
4.752555901097473E-5
4.7600077513955824E-5
4.7674711295349014E-5
4.774946095279722E-5
4.782432708799219E-5
4.7899310308381065E-5
4.7974411231900575E-5
4.804963049987319E-5
4.8124968811442056E-5
4.8200427013527815E-5
4.827600633049729E-5
4.8351708936643316E-5
4.842753934810837E-5
4.850350772063533E-5
4.8579637454212364E-5
4.865598223976861E-5
4.8732663149367735E-5
4.880994683158799E-5
4.8888404916864765E-5
4.896922743035379E-5
4.90548152049772E-5
4.914985188310886E-5
4.9263150287398566E-5
4.94109745025246E-5
4.9620742376824994E-5
4.993735642619419E-5
5.0431463077507586E-5
5.120567891767347E-5
5.239568208053346E-5
5.4154700934575305E-5
5.658526560376902E-5
5.949107056757349E-5
6.17730697612696E-5
6.186696441835074E-5
6.196098532766304E-5
6.205513309172464E-5
6.214940831673558E-5
6.22438116126147E-5
6.233834359302968E-5
6.243300487543158E-5
6.25277960810867E-5
6.262271783511008E-5
6.271777076649792E-5
6.281295550816075E-5
6.290827269695542E-5
6.300372297371832E-5
6.309930698329738E-5
6.319502537458378E-5
6.32908788005451E-5
6.338686791825606E-5
6.348299338893151E-5
6.357925587795692E-5
6.367565605491938E-5
6.377219459363947E-5
6.386887217220211E-5
6.39656894729855E-5
6.406264718269351E-5
6.415974599238377E-5
6.425698659749786E-5
6.435436969789095E-5
6.445189599786067E-5
6.454956620617484E-5
6.464738103610045E-5
6.474534120543198E-5
6.484344743651727E-5
6.494170045628643E-5
6.504010099627677E-5
6.51386497926607E-5
6.523734758627106E-5
6.533619512262516E-5
6.543519315195202E-5
6.553434242921492E-5
6.563364371413687E-5
6.57330977712235E-5
6.583270536978606E-5
6.593246728396396E-5
6.603238429274892E-5
6.613245718000255E-5
6.623268673448137E-5
6.633307374985617E-5
6.643361902473072E-5
6.653432336266378E-5
6.663518757218547E-5
6.673621246681868E-5
6.683739886509454E-5
6.693874759057189E-5
6.704025947185158E-5
6.7141935342596E-5
6.724377604154202E-5
6.734578241251757E-5
6.744795530445646E-5
6.755029557141152E-5
6.765280407256883E-5
6.775548167225983E-5
6.785832923997399E-5
6.796134765037048E-5
6.806453778328988E-5
6.81679005237635E-5
6.827143676202439E-5
6.837514739351515E-5
6.847903331889845E-5
6.85830954440643E-5
6.868733468013696E-5
6.879175194348186E-5
6.889634815571383E-5
6.900112424370029E-5
6.910608113956617E-5
6.921121978070138E-5
6.931654110976069E-5
6.942204607466966E-5
6.95277356286262E-5
6.963361073010218E-5
6.973967234284541E-5
6.984592143587967E-5
6.995235898350538E-5
7.005898596529832E-5
7.016580336610932E-5
7.027281217606163E-5
7.038001339054867E-5
7.04874080102315E-5
7.0594997041035E-5
7.070278149414258E-5
7.081076238599257E-5
7.09189407382715E-5
7.102731757790933E-5
7.113589393707163E-5
7.124467085315223E-5
7.13536493687657E-5
7.146283053173857E-5
7.15722153950995E-5
7.168180501707074E-5
7.179160046105587E-5
7.19016027956312E-5
7.201181309453141E-5
7.2122232436639E-5
7.22328619059714E-5
7.234370259166644E-5
7.245475558796957E-5
7.256602199421765E-5
7.267750291482636E-5
7.278919945927136E-5
7.290111274207366E-5
7.30132438827816E-5
7.312559400595485E-5
7.323816424114448E-5
7.335095572287479E-5
7.346396959062555E-5
7.357720698880944E-5
7.369066906675359E-5
7.380435697867759E-5
7.391827188367269E-5
7.403241494567913E-5
7.414678733346392E-5
7.426139022059646E-5
7.437622478542704E-5
7.449129221106024E-5
7.460659368533114E-5
7.472213040078038E-5
7.483790355462641E-5
7.495391434874183E-5
7.507016398962402E-5
7.518665368836927E-5
7.530338466064316E-5
7.542035812665402E-5
7.553757531112195E-5
7.565503744325109E-5
7.577274575669813E-5
7.589070148954255E-5
7.600890588425599E-5
7.612736018766924E-5
7.624606565094237E-5
7.63650235295302E-5
7.648423508315132E-5
7.66037015757528E-5
7.672342427547786E-5
7.684340445463066E-5
7.696364338964128E-5
7.708414236103234E-5
7.720490265338048E-5
7.732592555528211E-5
7.744721235931718E-5
7.756876436200987E-5
7.769058286379435E-5
7.781266916897416E-5
7.793502458568562E-5
7.805765042585777E-5
7.81805480051747E-5
7.83037186430349E-5
7.842716366251208E-5
7.855088439031466E-5
7.867488215674429E-5
7.879915829565576E-5
7.892371414441535E-5
7.904855104433381E-5
7.917367034108771E-5
7.92990733851288E-5
7.942476153208239E-5
7.955073614313417E-5
7.967699858540443E-5
7.980355023231244E-5
7.993039246393197E-5
8.00575266673359E-5
8.01849542369397E-5
8.031267657486041E-5
8.044069509133816E-5
8.056901120538144E-5
8.069762634605668E-5
8.082654195567297E-5
8.095575949826335E-5
8.108528048258854E-5
8.121510652401345E-5
8.134523950797586E-5
8.147568201252928E-5
8.160643837498053E-5
8.173751731803122E-5
8.186893824890351E-5
8.200074596179635E-5
8.21330439866621E-5
8.226606798996537E-5
8.240034226651099E-5
8.2537002249733E-5
8.267843533865007E-5
8.28295045940587E-5
8.299978484947241E-5
8.320807404476037E-5
8.348727679991754E-5
8.389419221396784E-5
8.452439321661849E-5
8.552755429371365E-5
8.712152780325043E-5
8.95895074129482E-5
9.319689217777778E-5
9.777670798227527E-5
1.0156775990622388E-4
1.0172111873267938E-4
1.0187479084464108E-4
1.0202877781928422E-4
1.0218308124646928E-4
1.0233770272878652E-4
1.024926438815816E-4
1.0264790633298511E-4
1.0280349172393011E-4
1.0295940170816772E-4
1.0311563795227589E-4
1.0327220213566335E-4
1.0342909595056648E-4
1.0358632110204494E-4
1.0374387930796743E-4
1.0390177229899519E-4
1.0406000181856227E-4
1.0421856962284558E-4
1.0437747748073729E-4
1.0453672717380703E-4
1.0469632049626015E-4
1.0485625925489618E-4
1.0501654526905819E-4
1.051771803705779E-4
1.053381664037219E-4
1.0549950522512647E-4
1.0566119870373354E-4
1.0582324872072175E-4
1.0598565716943296E-4
1.0614842595529426E-4
1.063115569957381E-4
1.0647505222011903E-4
1.0663891356962337E-4
1.0680314299718144E-4
1.0696774246736916E-4
1.0713271395631397E-4
1.0729805945159236E-4
1.0746378095212473E-4
1.0762988046806983E-4
1.0779636002071362E-4
1.0796322164235738E-4
1.081304673762008E-4
1.0829809927622306E-4
1.0846611940706238E-4
1.0863452984389328E-4
1.08803332672296E-4
1.0897252998813121E-4
1.0914212389740838E-4
1.0931211651614854E-4
1.0948250997025252E-4
1.0965330639535854E-4
1.0982450793670502E-4
1.0999611674898528E-4
1.1016813499620477E-4
1.1034056485153159E-4
1.1051340849715113E-4
1.1068666812411192E-4
1.1086034593217584E-4
1.110344441296627E-4
1.1120896493329366E-4
1.1138391056803552E-4
1.1155928326693897E-4
1.1173508527097846E-4
1.1191131882889084E-4
1.1208798619701102E-4
1.1226508963910575E-4
1.1244263142620873E-4
1.1262061383645E-4
1.1279903915488916E-4
1.1297790967334503E-4
1.1315722769022162E-4
1.1333699551033708E-4
1.1351721544475044E-4
1.1369788981058621E-4
1.1387902093085572E-4
1.1406061113428646E-4
1.1424266275513785E-4
1.1442517813302716E-4
1.1460815961274842E-4
1.147916095440918E-4
1.1497553028166405E-4
1.1515992418470573E-4
1.1534479361690987E-4
1.1553014094623796E-4
1.1571596854473789E-4
1.1590227878835876E-4
1.1608907405676683E-4
1.1627635673316098E-4
1.1646412920408732E-4
1.1665239385925166E-4
1.168411530913361E-4
1.1703040929580989E-4
1.1722016487074436E-4
1.1741042221662626E-4
1.1760118373616825E-4
1.1779245183412353E-4
1.179842289170977E-4
1.1817651739335948E-4
1.1836931967265607E-4
1.1856263816602117E-4
1.1875647528559139E-4
1.1895083344441422E-4
1.1914571505626156E-4
1.1934112253544382E-4
1.1953705829661878E-4
1.1973352475460575E-4
1.1993052432419681E-4
1.2012805941997145E-4
1.2032613245610695E-4
1.2052474584619233E-4
1.207239020030405E-4
1.2092360333850369E-4
1.211238522632849E-4
1.2132465118675295E-4
1.2152600251675764E-4
1.217279086594423E-4
1.2193037201906046E-4
1.2213339499778992E-4
1.2233697999555063E-4
1.225411294098184E-4
1.227458456354444E-4
1.2295113106446838E-4
1.2315698808594187E-4
1.2336341908574116E-4
1.2357042644638898E-4
1.2377801254687368E-4
1.239861797624666E-4
1.2419493046454683E-4
1.244042670204181E-4
1.2461419179313421E-4
1.2482470714131707E-4
1.2503581541898454E-4
1.2524751897537043E-4
1.2545982015475072E-4
1.256727212962683E-4
1.2588622473375837E-4
1.2610033279557644E-4
1.2631504780442345E-4
1.265303720771758E-4
1.2674630792471362E-4
1.2696285765175083E-4
1.2718002355666471E-4
1.2739780793132824E-4
1.276162130609424E-4
1.2783524122386721E-4
1.280548946914598E-4
1.28275175727905E-4
1.284960865900524E-4
1.2871762952725564E-4
1.2893980678120438E-4
1.2916262058576907E-4
1.2938607316683484E-4
1.2961016674214646E-4
1.2983490352114544E-4
1.3006028570481558E-4
1.3028631548552442E-4
1.3051299504686793E-4
1.307403265635171E-4
1.30968312201061E-4
1.3119695411585667E-4
1.3142625459246308E-4
1.3165621604061217E-4
1.3188684099221633E-4
1.3211813209841418E-4
1.3235009212665105E-4
1.3258272395779718E-4
1.3281603058329833E-4
1.3305001510236351E-4
1.3328468071918957E-4
1.33520030740219E-4
1.3375606857143657E-4
1.3399279771571416E-4
1.3423022177022547E-4
1.3446834442402885E-4
1.3470716945604584E-4
1.3494670073420674E-4
1.3518694221787683E-4
1.354278979695487E-4
1.356695721922313E-4
1.359119693365125E-4
1.361550943922184E-4
1.3639895365731794E-4
1.3664355670947852E-4
1.3688892132847325E-4
1.371350854595906E-4
1.3738213549232335E-4
1.3763027119352886E-4
1.3787995033006967E-4
1.3813220055854442E-4
1.383892693057322E-4
1.3865592870098358E-4
1.3894199213628983E-4
1.3926799600247938E-4
1.3967097398342725E-4
1.4021791804836366E-4
1.410285315855417E-4
1.4230237147407553E-4
1.4435198363412044E-4
1.4762319614356847E-4
1.5260589155781195E-4
1.5921894264509214E-4
1.649134576465347E-4
1.6518565395536784E-4
1.6545861777999036E-4
1.6573235417254465E-4
1.6600686820781942E-4
1.6628216498158568E-4
1.6655824960894782E-4
1.6683512722272378E-4
1.671128029718449E-4
1.6739128201978708E-4
1.6767056954301773E-4
1.6795067072947206E-4
1.682315907770485E-4
1.6851333489213113E-4
1.687959082881309E-4
1.6907931618405063E-4
1.6936356380307702E-4
1.6964865637118448E-4
1.6993459911577238E-4
1.702213972643171E-4
1.7050905604304274E-4
1.7079758067562316E-4
1.710869763818971E-4
1.7137724837660312E-4
1.71668401868142E-4
1.719604420573523E-4
1.7225337413631034E-4
1.72547203287149E-4
1.728419346808971E-4
1.7313757347633385E-4
1.7343412481886855E-4
1.737315938394379E-4
1.7402998565341666E-4
1.743293053595568E-4
1.746295580389338E-4
1.74930748753923E-4
1.752328825471849E-4
1.7553596444067074E-4
1.758399994346486E-4
1.7614499250674399E-4
1.7645094861100093E-4
1.7675787267695475E-4
1.7706576960872626E-4
1.7737464428413293E-4
1.7768450155381506E-4
1.77995346240375E-4
1.7830718313754186E-4
1.7862001700934334E-4
1.7893385258929505E-4
1.792486945796114E-4
1.7956454765042222E-4
1.7988141643901837E-4
1.801993055490944E-4
1.8051821955002558E-4
1.8083816297614273E-4
1.8115914032603594E-4
1.8148115606186053E-4
1.8180421460866765E-4
1.8212832035374233E-4
1.824534776459583E-4
1.8277969079514683E-4
1.8310696407147732E-4
1.8343530170485256E-4
1.8376470788432006E-4
1.8409518675749202E-4
1.8442674242998084E-4
1.8475937896484908E-4
1.8509310038206719E-4
1.8542791065798882E-4
1.8576381372483993E-4
1.861008134702125E-4
1.8643891373657754E-4
1.8677811832080746E-4
1.871184309737137E-4
1.8745985539958643E-4
1.8780239525576222E-4
1.881460541521839E-4
1.8849083565099006E-4
1.888367432661027E-4
1.8918378046283105E-4
1.89531950657489E-4
1.8988125721701722E-4
1.902317034586204E-4
1.9058329264941485E-4
1.9093602800608424E-4
1.912899126945471E-4
1.9164494982963637E-4
1.9200114247478546E-4
1.9235849364172632E-4
1.9271700629019663E-4
1.930766833276586E-4
1.9343752760902442E-4
1.9379954193639285E-4
1.9416272905879687E-4
1.9452709167195594E-4
1.9489263241804095E-4
1.9525935388544935E-4
1.9562725860858385E-4
1.9599634906764747E-4
1.9636662768843875E-4
1.967380968421639E-4
1.9711075884524984E-4
1.9748461595917093E-4
1.9785967039028296E-4
1.9823592428966269E-4
1.9861337975295908E-4
1.9899203882024733E-4
1.9937190347589837E-4
1.997529756484492E-4
2.0013525721048403E-4
2.0051874997851991E-4
2.0090345571290648E-4
2.012893761177253E-4
2.0167651284070084E-4
2.0206486747311852E-4
2.0245444154974698E-4
2.0284523654877156E-4
2.0323725389172805E-4
2.0363049494345336E-4
2.0402496101203164E-4
2.0442065334875444E-4
2.0481757314808275E-4
2.0521572154762405E-4
2.0561509962810086E-4
2.0601570841333977E-4
2.0641754887025957E-4
2.0682062190886385E-4
2.0722492838224762E-4
2.0763046908659857E-4
2.080372447612172E-4
2.084452560885255E-4
2.0885450369410283E-4
2.0926498814670606E-4
2.0967670995831092E-4
2.1008966958414976E-4
2.1050386742275763E-4
2.1091930381602668E-4
2.1133597904925665E-4
2.1175389335122087E-4
2.121730468942316E-4
2.1259343979421086E-4
2.1301507211076665E-4
2.1343794384727263E-4
2.138620549509566E-4
2.1428740531298634E-4
2.147139947685699E-4
2.151418230970492E-4
2.155708900220069E-4
2.1600119521137507E-4
2.164327382775421E-4
2.168655187774776E-4
2.1729953621284266E-4
2.177347900301259E-4
2.1817127962076014E-4
2.186090043212646E-4
2.1904796341337557E-4
2.194881561241887E-4
2.199295816263043E-4
2.2037223903796963E-4
2.2081616726106175E-4
2.2126140444895235E-4
2.2170798801407615E-4
2.2215595463544362E-4
2.2260534026608952E-4
2.230561801404649E-4
2.235085087817755E-4
2.2396236000925347E-4
2.2441776694537803E-4
2.2487476202303976E-4
2.2533337699264544E-4
2.2579364292916996E-4
2.2625559023916125E-4
2.2671924866770287E-4
2.271846473053977E-4
2.2765181459548405E-4
2.281207783415323E-4
2.2859156571695472E-4
2.2906420327997574E-4
2.2953871700447424E-4
2.300151323556544E-4
2.3049347448931483E-4
2.309737687835784E-4
2.314560422426808E-4
2.319403271294067E-4
2.3242667014099376E-4
2.329151549887716E-4
2.3340595643786102E-4
2.3389946590461426E-4
2.3439657447108273E-4
2.348992900086052E-4
2.354120363885691E-4
2.359442867712718E-4
2.3651722593024822E-4
2.3716987492754875E-4
2.379758274256472E-4
2.3907400022271953E-4
2.4070873320873365E-4
2.4328613189904613E-4
2.4742678157746196E-4
2.5388342228321214E-4
2.6271806052414884E-4
2.705711897853063E-4
2.710970921472659E-4
2.7162518797111914E-4
2.721554884948781E-4
2.726880044934783E-4
2.7322274628422706E-4
2.737597237321941E-4
2.7429894625555945E-4
2.748404228309144E-4
2.753841619985241E-4
2.759301718675387E-4
2.764784601211632E-4
2.7702903402178315E-4
2.775819004160487E-4
2.7813706573991056E-4
2.7869453602361716E-4
2.7925431689667323E-4
2.798164135927424E-4
2.803808309545241E-4
2.8094757343857747E-4
2.8151664512010577E-4
2.8208804969770765E-4
2.8266179049807625E-4
2.8323787048066475E-4
2.8381629224231064E-4
2.843970580218182E-4
2.849801697045037E-4
2.855656288266974E-4
2.8615343658021586E-4
2.8674359381677917E-4
2.87336101052407E-4
2.879309584717666E-4
2.8852816593248257E-4
2.8912772296941456E-4
2.897296287988895E-4
2.9033388232290873E-4
2.9094048213330637E-4
2.9154942651587486E-4
2.921607134544554E-4
2.927743406349952E-4
2.9339030544956374E-4
2.9400860500033364E-4
2.9462923610352933E-4
2.9525219529333947E-4
2.958774788257955E-4
2.965050826826101E-4
2.9713500257499184E-4
2.9776723394741786E-4
2.984017719813704E-4
2.9903861159905054E-4
2.996777474670451E-4
3.0031917399997855E-4
3.0096288536410635E-4
3.0160887548090525E-4
3.0225713803060534E-4
3.029076664557083E-4
3.035604539644627E-4
3.042154935343126E-4
3.0487277791531656E-4
3.0553229963352965E-4
3.0619405099435916E-4
3.06858024085888E-4
3.075242107821653E-4
3.081926027464752E-4
3.088631914345651E-4
3.0953596809784803E-4
3.102109237865807E-4
3.1088804935300356E-4
3.1156733545445583E-4
3.1224877255646633E-4
3.129323509358059E-4
3.136180606835176E-4
3.1430589170791624E-4
3.149958337375678E-4
3.1568787632422335E-4
3.1638200884574654E-4
3.1707822050899246E-4
3.177765003526828E-4
3.184768372502308E-4
3.1917921991255323E-4
3.1988363689085584E-4
3.205900765793839E-4
3.212985272181525E-4
3.220089768956537E-4
3.227214135515292E-4
3.2343582497922524E-4
3.2415219882861706E-4
3.2487052260861334E-4
3.255907836897287E-4
3.26312969306636E-4
3.2703706656069404E-4
3.277630624224486E-4
3.2849094373411144E-4
3.292206972120141E-4
3.2995230944903557E-4
3.306857669170094E-4
3.314210559691067E-4
3.321581628421956E-4
3.328970736591776E-4
3.336377744312972E-4
3.343802510604348E-4
3.3512448934137494E-4
3.358704749640461E-4
3.366181935157511E-4
3.3736763048336017E-4
3.381187712554929E-4
3.3887160112467193E-4
3.396261052894649E-4
3.4038226885658963E-4
3.4114007684301137E-4
3.4189951417801066E-4
3.426605657052339E-4
3.4342321618472635E-4
3.441874502949351E-4
3.4495325263470173E-4
3.457206077252261E-4
3.4648950001201824E-4
3.4725991386681934E-4
3.480318335895194E-4
3.4880524341003306E-4
3.4958012749017927E-4
3.503564699255187E-4
3.5113425474719894E-4
3.519134659237477E-4
3.526940873628765E-4
3.5347610291325206E-4
3.5425949636624335E-4
3.550442514576676E-4
3.5583035186949775E-4
3.566177812315728E-4
3.574065231232645E-4
3.5819656107515647E-4
3.58987878570675E-4
3.597804590477299E-4
3.605742859003141E-4
3.613693424801026E-4
3.621656120980285E-4
3.62963078025836E-4
3.6376172349762817E-4
3.6456153171138885E-4
3.6536248583049323E-4
3.6616456898519635E-4
3.6696776427411014E-4
3.677720547656639E-4
3.685774234995411E-4
3.6938385348811664E-4
3.7019132771785694E-4
3.7099982915072204E-4
3.7180934072554486E-4
3.7261984535938886E-4
3.7343132594890797E-4
3.742437653716658E-4
3.750571464874705E-4
3.758714521396625E-4
3.7668666515641133E-4
3.775027683519907E-4
3.783197445280325E-4
3.791375764747748E-4
3.7996778195778687E-4
3.8081018287256657E-4
3.8166460253762075E-4
3.8253086568527055E-4
3.834087984525091E-4
3.8429822837190275E-4
3.8519898436255827E-4
3.861108967211362E-4
3.8703379711291E-4
3.879675185628873E-4
3.8891189544697837E-4
3.8986676348321464E-4
3.908319597230175E-4
3.918073225425305E-4
3.927926916339935E-4
3.9378790799722053E-4
3.94792813931203E-4
3.958072530261059E-4
3.968310701563167E-4
3.978641114766169E-4
3.9890622442766236E-4
3.999572577686042E-4
4.010170616873356E-4
4.020854881277685E-4
4.031623917092606E-4
4.0424763222124616E-4
4.0534108119899136E-4
4.064426387849121E-4
4.0755227577333043E-4
4.0867013546459785E-4
4.0979677305083746E-4
4.109337005391985E-4
4.1208458567863033E-4
4.132577950471359E-4
4.144736055239415E-4
4.157699706337568E-4
4.172212845666162E-4
4.1897530384671464E-4
4.213042303618108E-4
4.246831641040552E-4
4.298778283513138E-4
4.378825077573197E-4
4.4893222386255136E-4
4.5902833378214103E-4
4.602194983041436E-4
4.614160093351725E-4
4.626177432045942E-4
4.638245773388695E-4
4.650363902541055E-4
4.662530615486467E-4
4.6747447189570296E-4
4.687005030360279E-4
4.699310377706408E-4
4.7116595995358896E-4
4.7240515448475476E-4
4.7364850730270247E-4
4.7489590537757735E-4
4.761472367040314E-4
4.774023902942027E-4
4.7866125617074186E-4
4.7992372535985827E-4
4.8118968988443336E-4
4.8245904275715754E-4
4.8373167797371503E-4
4.850074905060076E-4
4.8628637629542527E-4
4.8756823224614215E-4
4.888529562184716E-4
4.90140447022246E-4
4.914306044102413E-4
4.927233290716469E-4
4.940185226255645E-4
4.953160876145516E-4
4.96615927498207E-4
4.979179466467849E-4
4.992220503348611E-4
5.005281447350226E-4
5.01836136911602E-4
5.031459348144606E-4
5.044574472727876E-4
5.057705839889518E-4
5.070852555323837E-4
5.08401373333501E-4
5.097188496776627E-4
5.110375976991697E-4
5.123575313752859E-4
5.136785655203166E-4
5.150006157797053E-4
5.163235986241695E-4
5.176474313438843E-4
5.189720320426871E-4
5.202973196323191E-4
5.21623213826711E-4
5.229496351362915E-4
5.242765048623472E-4
5.256037450913886E-4
5.269312786895881E-4
5.282590292972128E-4
5.295869213231284E-4
5.309148799392994E-4
5.32242831075355E-4
5.335707014131701E-4
5.34898418381486E-4
5.362259101505611E-4
5.375531056268509E-4
5.388799344477344E-4
5.40206326976254E-4
5.415322142959042E-4
5.428575282054401E-4
5.441822012137235E-4
5.455061665346018E-4
5.468293580818123E-4
5.481517104639301E-4
5.49473158979328E-4
5.50793639611184E-4
5.521130890225104E-4
5.534314445512256E-4
5.547486442052333E-4
5.560646266575606E-4
5.57379331241496E-4
5.586926979457864E-4
5.600046674098472E-4
5.613151809189988E-4
5.626241803997456E-4
5.639316084150757E-4
5.652374081597882E-4
5.66541523455857E-4
5.678438987478173E-4
5.691444790981845E-4
5.704432101828935E-4
5.717400382867786E-4
5.730349102990733E-4
5.743277737089355E-4
5.756185766010141E-4
5.769072676510234E-4
5.78193796121365E-4
5.794781118567618E-4
5.80760165279927E-4
5.820399073872573E-4
5.833172897445546E-4
5.845922644827737E-4
5.858647842937978E-4
5.871348024262383E-4
5.884022726812564E-4
5.896671494084269E-4
5.909293875016081E-4
5.92188942394852E-4
5.934457700583323E-4
5.946998269942998E-4
5.959510702330678E-4
5.971994573290134E-4
5.984449463566161E-4
5.996874959065128E-4
6.00927065081571E-4
6.021636134930036E-4
6.033971012565045E-4
6.046274889883923E-4
6.05854737801797E-4
6.070788093028604E-4
6.082996655869695E-4
6.095172692350009E-4
6.107315833096043E-4
6.119425713514874E-4
6.131501973757622E-4
6.143544258682581E-4
6.155552217819299E-4
6.167525505332102E-4
6.179463779984548E-4
6.191366705103653E-4
6.2032339485445E-4
6.215065182655175E-4
6.226860084241656E-4
6.238618334533256E-4
6.250339619147955E-4
6.262023628058319E-4
6.273670055557205E-4
6.285278600224139E-4
6.296848964891514E-4
6.308380856611296E-4
6.319873986621767E-4
6.331328070314506E-4
6.342742827201712E-4
6.354117980883572E-4
6.365453259015894E-4
6.376748393278042E-4
6.388003119340895E-4
6.399217176835193E-4
6.41039030931993E-4
6.421522264251113E-4
6.432612792950593E-4
6.443661650575109E-4
6.454668596085671E-4
6.465633392216896E-4
6.47655580544678E-4
6.487435605966542E-4
6.498272567650706E-4
6.509066468027275E-4
6.519817088248301E-4
6.530524213060444E-4
6.541187630775869E-4
6.585206527542826E-4
6.628831919712437E-4
6.67206609212202E-4
6.714911318021112E-4
6.757369859126363E-4
6.799443965676507E-4
6.841135876486567E-4
6.882447819002428E-4
6.923382009354644E-4
6.963940652412306E-4
7.004125941836495E-4
7.043940060133668E-4
7.083385178708585E-4
7.122463457917175E-4
7.161177047119128E-4
7.199528084730173E-4
7.237518698274478E-4
7.275151004437037E-4
7.312427109117588E-4
7.349349107489168E-4
7.385919084072504E-4
7.422139112859881E-4
7.458011257590217E-4
7.493537572473964E-4
7.528720104225565E-4
7.563560897803179E-4
7.59806201239669E-4
7.632225565014114E-4
7.666053846378296E-4
7.699549620936359E-4
7.732716881728391E-4
7.765562693751956E-4
7.798101555168144E-4
7.830365373857137E-4
7.862425479997932E-4
7.894462151246448E-4
7.926811256817025E-4
7.960148040547159E-4
7.995869141444779E-4
8.036641890732171E-4
8.087300275447986E-4
8.155949293049892E-4
8.25361828707002E-4
8.383991992595951E-4
8.505682134868871E-4
8.533284846716251E-4
8.560580395214986E-4
8.587570670887279E-4
8.614257554382356E-4
8.640642916524112E-4
8.666728618358527E-4
8.692516511200756E-4
8.718008436682048E-4
8.743206226796527E-4
8.768111703947642E-4
8.792726680994505E-4
8.817052961297915E-4
8.84109233876627E-4
8.864846597901252E-4
8.888317513843135E-4
8.911506852416278E-4
8.934416370173883E-4
8.957047814443012E-4
8.979402923369165E-4
9.001483425960666E-4
9.02329104213287E-4
9.044827482752259E-4
9.066094449680131E-4
9.087093635816346E-4
9.10782672514261E-4
9.128295392765724E-4
9.148501304960682E-4
9.168446119213339E-4
9.18813148426316E-4
9.20755904014554E-4
9.22673041823409E-4
9.24564724128269E-4
9.264311123467259E-4
9.282723670427415E-4
9.300886479308008E-4
9.318801138800326E-4
9.336469229183169E-4
9.353892322363716E-4
9.371071981918323E-4
9.388009763132841E-4
9.404707213043246E-4
9.421165870475443E-4
9.43738726608543E-4
9.453372922399076E-4
9.4691243538515E-4
9.484643066826739E-4
9.499930559696884E-4
9.514988322860999E-4
9.529817838784117E-4
9.544420582035895E-4
9.558798019329139E-4
9.572951609558032E-4
9.586882803836448E-4
9.600593045535723E-4
9.614083770322718E-4
9.627356406197175E-4
9.640412373529308E-4
9.653253085097093E-4
9.66587994612334E-4
9.678294354312612E-4
9.690497699888021E-4
9.702491365627823E-4
9.714276726901776E-4
9.725855151707535E-4
9.737228000706605E-4
9.748396627260307E-4
9.759362377465573E-4
9.770126590190498E-4
9.78069059710978E-4
9.791055722739963E-4
9.801223284474558E-4
9.811194592618954E-4
9.82097095042525E-4
9.830553654126778E-4
9.839943992972686E-4
9.849143249262035E-4
9.858152698378135E-4
9.8669736088224E-4
9.875607242248244E-4
9.88405485349463E-4
9.892317690619718E-4
9.900396994934081E-4
9.90829400103402E-4
9.91600993683445E-4
9.92354602360205E-4
9.930903475987652E-4
9.938083502059145E-4
9.945087303333663E-4
9.951916074810044E-4
9.958571005000815E-4
9.965053275964315E-4
9.971364063336425E-4
9.977504536362266E-4
9.983475857927792E-4
9.989279184591114E-4
9.994915666613783E-4
0.0010000386447991852
0.0010005692666486927
0.001001083545365685
0.0010015815934886426
0.0010020635229417954
0.0010025294450381628
0.0010029794704825685
0.001003413709374661
0.0010038322712119037
0.0010042352648925602
0.0010046227987186552
0.0010049949803989397
0.0010053519170518256
0.0010056937152083056
0.0010060204808148734
0.0010063323192364313
0.0010066293352591592
0.0010069116330933942
0.0010071793163764923
0.0010074324881756726
0.0010076712509908452
0.001007895706757445
0.0010081059568492064
0.0010083021020809951
0.0010084842427115544
0.001008652478446301
0.0010088069084400468
0.0010089476312997656
0.0010090747450873137
0.0010091883473221388
0.0010092885349839928
0.0010093754045156064
0.001009449051825387
0.0010095095722900643
0.0010095570607573554
0.0010095916115485935
0.0010096133184613677
0.0010096222747721288
0.0010096185732387968
0.0010096023061033446
0.0010095735650943885
0.0010095324414297411
0.0010094790258189739
0.0010094134084659566
0.0010093356790713925
0.0010092459268353272
0.0010091442404596652
0.0010090307081506553
0.0010089054176213798
0.0010087684560942255
0.0010086199103033447
0.0010084598664970986
0.0010082884104404915
0.0010081056274176096
0.0010079116022340177
0.0010077064192191825
0.0010074901622288347
0.0010072629146473779
0.0010070247593902356
0.001973850958029681
0.001966846495823078
0.001959867367980598
0.0019529134813544662
0.0019459847431431765
0.0019390810608902185
0.0019322023424827766
0.0019253484961504464
0.0019185194304639662
0.0019117150543339371
0.0019049352770095576
0.0018981800080773543
0.001891449157459927
0.0018847426354146968
0.001878060352532651
0.0018714022197370986
0.001864768148282435
0.0018581580497529144
0.0018515718360614377
0.0018450094194484266
0.0018384707124809066
0.0018319556280523138
0.0018254640793846104
0.0018189959800376384
0.0018125512439406972
0.0018061297854907548
0.0017997315198456498
0.0017933563637734522
0.0017870042380467386
0.001780675074011213
0.0017743688311117616
0.001768085542319583
0.0017618254283572586
0.0017555891758630879
0.0017493785921422398
0.001743198091256992
0.001737059825477166
0.0017309864820412892
0.0017250248100417276
0.0017192748092472044
0.0017139324259144266
0.0017093617854373564
0.0017061887024678955
0.0017052873754751065
0.0017069891611433212
0.0017081087321806486
0.0017019656321310447
0.0016958450196001393
0.0016897468112181445
0.001683670923926151
0.00167761727497496
0.0016715857819239437
0.0016655763626398825
0.001659588935295834
0.0016536234183699805
0.0016476797306444978
0.0016417577912044344
0.0016358575194365557
0.001629978835028255
0.0016241216579664084
0.0016182859085362685
0.0016124715073203581
0.0016066783751973559
0.0016009064333409905
0.0015951556032189572
0.0015894258065918064
0.0015837169655118597
0.0015780290023221252
0.001572361839655211
0.0015667154004322494
0.0015610896078618196
0.0015554843854388766
0.0015498996569436908
0.0015443353464407756
0.0015387913782778377
0.0015332676770847121
0.0015277641677723204
0.0015222807755316196
0.001516817425832557
0.0015113740444230319
0.0015059505573278625
0.0015005468908477525
0.0014951629715582613
0.0014897987263087819
0.001484454082221521
0.0014791289666904709
0.0014738233073804264
0.0014685370322259394
0.0014632700694303341
0.0014580223474647102
0.0014527937950669194
0.0014475843412406018
0.0014423939152541792
0.0014372224466398637
0.0014320698651926849
0.0014269361009695044
0.001421821084288046
0.0014167247457259127
0.0014116470161196302
0.001406587826563668
0.0014015471084094923
0.0013965247932645984
0.0013915208129915552
0.0013865350997070568
0.0013815675857809845
0.0013766182038354425
0.001371686886743836
0.001366773567629927
0.0013618781798668904
0.0013570006570764101
0.0013521409331277228
0.0013472989421367155
0.0013424746184649942
0.0013376678967189763
0.0013328787117489682
0.001328106998648264
0.0013233526927522317
0.0013186157296374193
0.001313896045120641
0.0013091935752581037
0.0013045082563444908
0.0012998400249120813
0.0012951888177298715
0.0012905545718026774
0.0012859372243702691
0.0012813367129064792
0.0012767529751183478
0.0012721859489452357
0.0012676355725579672
0.0012631017843579581
0.001258584522976373
0.001254083727273242
0.0012495993363366355
0.0012451312894817823
0.0012406795262502517
0.0012362439864090865
0.0012318246099499764
0.0012274213370884128
0.001223034108262849
0.001218662864133882
0.0012143075455834087
0.0012099680937138096
0.001205644449847119
0.0012013365555242131
0.0011970443525039884
0.0011927677827625438
0.001188506788492381
0.0011842613121015864
0.001180031296213029
0.0011758166836635603
0.001171617417503222
0.0011674334409944311
0.00116326469761121
0.0011591111310383778
0.0011549726851707784
0.0011508493041124817
0.0011467409321760122
0.001142647513881577
0.0011385689939562664
0.001134505317333309
0.001130456429151281
0.0011264222747533607
0.001122402799686538
0.0011183979497008767
0.0011144076707487395
0.0011104319089840524
0.0011064706107615232
0.0011025237226359246
0.0010985911913613158
0.0010946729638903194
0.0010907689873733775
0.0010868792091580017
0.0010830035767880506
0.0010791420380029788
0.0010752945407371307
0.0010714610331189944
0.0010676414634704793
0.0010638357803061929
0.0010600439323327345
0.0010562658684479579
0.0010525015377402728
0.0010487508894879202
0.0010450138731582718
0.0010412904384071281
0.0010375805350779984
0.0010338841132014095
0.001030201122994217
0.0010265315148588862
0.0010228752393828158
0.0010192322473376453
0.0010156024896785564
0.0010119859175435999
0.0010083824822530027
0.0010047921353084992
0.001001214828392631
9.976505133680973E-4
9.940991422770662E-4
9.90560667340507E-4
9.870350409575202E-4
9.835222157046786E-4
0.28099546976460543
