6.931062753053468E-8
1.3873981624182802E-7
2.0828754376699067E-7
2.7795378775621227E-7
3.4773852588143907E-7
4.1764173584108494E-7
4.876633953647772E-7
5.57803482218135E-7
6.280619742075858E-7
6.984388491852044E-7
7.689340850536067E-7
8.39547659770853E-7
9.102795513554118E-7
9.811297378911318E-7
1.0520981975322732E-6
1.1231849085085567E-6
1.194389849130257E-6
1.2657129977933345E-6
1.3371543329845704E-6
1.4087138332868069E-6
1.4803914773841379E-6
1.5521872440671983E-6
1.6241011122384722E-6
1.6961330609176196E-6
1.7682830692468703E-6
1.8405511164964114E-6
1.912937182069872E-6
1.985441245509774E-6
2.0580632865030934E-6
2.1308032848867855E-6
2.2036612206534284E-6
2.2766370739567975E-6
2.3497308251175945E-6
2.4229424546291483E-6
2.496271943163129E-6
2.569719271575393E-6
2.6432844209117738E-6
2.716967372413947E-6
2.7907681075253634E-6
2.8646866078971503E-6
2.938722855394137E-6
3.0128768321008607E-6
3.087148520327609E-6
3.1615379026165673E-6
3.2360449617479267E-6
3.310669680746075E-6
3.3854120428858216E-6
3.4602720316986815E-6
3.535249630979156E-6
3.6103448247910834E-6
3.685557597474031E-6
3.7608879336497548E-6
3.836335818228624E-6
3.911901236416155E-6
3.9875841737195975E-6
4.063384615954482E-6
4.139302549251339E-6
4.215337960062304E-6
4.291490835167879E-6
4.3677611616837495E-6
4.4441489270675226E-6
4.520654119125677E-6
4.597276726020388E-6
4.674016736276541E-6
4.750874138788704E-6
4.827848922828164E-6
4.904941078050032E-6
4.982150594500362E-6
5.059477462623345E-6
5.136921673268519E-6
5.214483217698065E-6
5.292162087594111E-6
5.369958275066079E-6
5.447871772658152E-6
5.525902573356707E-6
5.60405067059781E-6
5.6823160582748E-6
5.760698730745868E-6
5.839198682841773E-6
5.91781590987347E-6
5.996550407639918E-6
6.075402172435882E-6
6.154371201059735E-6
6.233457490821442E-6
6.3126610395504515E-6
6.3919818456037135E-6
6.471419907873771E-6
6.550975225796837E-6
6.630647799360951E-6
6.710437629114191E-6
6.790344716172952E-6
6.87036906223025E-6
6.950510669564108E-6
7.03076954104596E-6
7.1111456801491025E-6
7.191639090957267E-6
7.272249778173165E-6
7.352977747127172E-6
7.433823003785926E-6
7.514785554761145E-6
7.595865407318482E-6
7.677062569386182E-6
7.758377049564201E-6
7.839808857133022E-6
7.921358002062763E-6
8.003024495022194E-6
8.084808347387913E-6
8.166709571253482E-6
8.248728179438757E-6
8.330864185499092E-6
8.413117603734706E-6
8.495488449200204E-6
8.577976737713895E-6
8.660582485867459E-6
8.743305711035446E-6
8.826146431384958E-6
8.909104665885328E-6
8.992180434317913E-6
9.075373757285916E-6
9.158684656224214E-6
9.242113153409374E-6
9.325659271969614E-6
9.409323035894813E-6
9.493104470046719E-6
9.577003600169084E-6
9.661020452897838E-6
9.745155055771505E-6
9.829407437241533E-6
9.913777626682625E-6
9.998265654403335E-6
1.0082871551656565E-5
1.0167595350650417E-5
1.0252437084559138E-5
1.0337396787535237E-5
1.0422474494723982E-5
1.0507670242285298E-5
1.0592984067436624E-5
1.0678416008553679E-5
1.0763966105430458E-5
1.0849634399966093E-5
1.0935420937974357E-5
1.1021325773881948E-5
1.1107348982700187E-5
1.1193490689892725E-5
1.1279751144250569E-5
1.1366130891607527E-5
1.1452631179017367E-5
1.153925487169555E-5
1.1626008479124505E-5
1.1712906509970728E-5
1.1799980563966131E-5
1.1887297736420538E-5
1.1974996665610162E-5
1.2063355666808098E-5
1.2152916594548206E-5
1.2244700449196029E-5
1.2340564507602498E-5
1.2443760024689204E-5
1.2559741004286376E-5
1.2697223401643815E-5
1.2869263371140104E-5
1.3094216091982262E-5
1.3395606899552979E-5
1.3799218808305785E-5
1.4325322598636507E-5
1.4973012682022669E-5
1.569424004986406E-5
1.6363240722287382E-5
1.6787662845144753E-5
1.6900814240289052E-5
1.7014129371365458E-5
1.712760828797922E-5
1.7241251040745046E-5
1.7355057681298847E-5
1.7469028262309483E-5
1.7513852209959898E-5
1.7558721645369564E-5
1.7603636646743578E-5
1.7648597293349876E-5
1.769360366552684E-5
1.7738655844690505E-5
1.7783753913341914E-5
1.7828897955074493E-5
1.7874088054581447E-5
1.791932429766327E-5
1.7964606771234944E-5
1.8009935563333743E-5
1.8055310763126518E-5
1.810073246091739E-5
1.8146200748155135E-5
1.8191715717440994E-5
1.8237277462536116E-5
1.828288607836941E-5
1.8328541661045174E-5
1.8374244307850582E-5
1.841999411726391E-5
1.846579118896191E-5
1.8511635623827853E-5
1.8557527523959403E-5
1.8603466992676403E-5
1.864945413452898E-5
1.8695489055305252E-5
1.8741571862039712E-5
1.8787702663020842E-5
1.8833881567799646E-5
1.8880108687197472E-5
1.8926384133314382E-5
1.897270801953715E-5
1.9019080460547654E-5
1.906550157233133E-5
1.9111971472185062E-5
1.915849027872613E-5
1.920505811190027E-5
1.9251675092990166E-5
1.929834134462428E-5
1.9345056990784943E-5
1.9391822156817416E-5
1.943863696943839E-5
1.9485501556744515E-5
1.95324160482216E-5
1.9579380574753044E-5
1.9626395268628885E-5
1.9673460263554665E-5
1.9720575694660414E-5
1.9767741698509863E-5
1.9814958413109086E-5
1.9862225977916078E-5
1.9909544533849783E-5
1.9956914223299274E-5
2.0004335190133103E-5
2.005180757970875E-5
2.0099331538881847E-5
2.0146907216015984E-5
2.0194534760991867E-5
2.0242214325217025E-5
2.0289946061635683E-5
2.033773012473811E-5
2.0385566670570747E-5
2.0433455856745647E-5
2.0481397842450836E-5
2.0529392788459774E-5
2.0577440857141713E-5
2.0625542212471658E-5
2.067369702004045E-5
2.0721905447065002E-5
2.0770167662398616E-5
2.0818483836541168E-5
2.0866854141649705E-5
2.09152787515486E-5
2.0963757841740204E-5
2.101229158941565E-5
2.106088017346502E-5
2.1109523774488405E-5
2.11582225748064E-5
2.120697675847133E-5
2.1255786511277604E-5
2.1304652020773003E-5
2.1353573476269738E-5
2.1402551068855244E-5
2.14515849914036E-5
2.1500675438586542E-5
2.1549822606884682E-5
2.1599026694599125E-5
2.164828790186252E-5
2.1697606430650795E-5
2.174698248479437E-5
2.1796416269989886E-5
2.1845907993811874E-5
2.189545786572445E-5
2.1945066097092996E-5
2.1994732901195922E-5
2.2044458493236684E-5
2.2094243090355532E-5
2.214408691164185E-5
2.219399017814563E-5
2.2243953112890102E-5
2.229397594088389E-5
2.2344058889132633E-5
2.2394202186652114E-5
2.244440606447981E-5
2.249467075568783E-5
2.254499649539508E-5
2.25953835207799E-5
2.264583207109247E-5
2.269634238766754E-5
2.2746914713937158E-5
2.279754929544302E-5
2.284824637984966E-5
2.2899006216956978E-5
2.2949829058713174E-5
2.300071515922772E-5
2.3051664774784242E-5
2.3102678163853477E-5
2.315375558710631E-5
2.3204897307427075E-5
2.3256103589926414E-5
2.3307374701954562E-5
2.3358710913114763E-5
2.341011249527603E-5
2.346157972258698E-5
2.351311287148897E-5
2.3564712220729133E-5
2.3616378051374428E-5
2.3668110646824755E-5
2.37199102928263E-5
2.3771777277485346E-5
2.382371189128161E-5
2.387571442708222E-5
2.392778518015541E-5
2.3979924448185613E-5
2.4032132531290273E-5
2.4084409732043397E-5
2.4136756355518815E-5
2.41891727093861E-5
2.424165910415643E-5
2.4294215853832683E-5
2.4346843277639534E-5
2.4399541704568993E-5
2.4452311485124636E-5
2.4505153021058447E-5
2.4558066839079137E-5
2.4611053769516873E-5
2.4664115369446252E-5
2.4717254900830804E-5
2.4770479535512605E-5
2.4823805196773802E-5
2.4877266900668117E-5
2.4930940210793536E-5
2.4984984395245938E-5
2.503972641433226E-5
2.509581862676931E-5
2.515452352955819E-5
2.521820580816494E-5
2.5291140903055366E-5
2.5380766244905353E-5
2.5499573434597794E-5
2.5667070669855706E-5
2.5912370580619385E-5
2.6276299908719963E-5
2.6810315687989356E-5
2.756957536160965E-5
2.8594324556760547E-5
2.986772273716981E-5
3.1220844279690345E-5
3.217686245577473E-5
3.2245215591165736E-5
3.231365334272236E-5
3.238217603206764E-5
3.2450783983431996E-5
3.251947752366651E-5
3.25882569822553E-5
3.2657122691329246E-5
3.272607498567759E-5
3.2795114202762434E-5
3.286424068273015E-5
3.293345476842557E-5
3.300275680540428E-5
3.3072147141946425E-5
3.3141626129069565E-5
3.3211194120542236E-5
3.32808514728976E-5
3.3350598545446324E-5
3.3420435700291515E-5
3.349036330234148E-5
3.356038171932454E-5
3.363049132180265E-5
3.3700692483186196E-5
3.3770985579748365E-5
3.3841370990639464E-5
3.391184909790282E-5
3.398242028648839E-5
3.40530849442694E-5
3.4123843462056775E-5
3.4194696233615335E-5
3.426564365567951E-5
3.433668612796944E-5
3.440782405320718E-5
3.447905783713298E-5
3.4550387888522584E-5
3.46218146192033E-5
3.469333844407177E-5
3.476495978111139E-5
3.483667905140926E-5
3.490849667917452E-5
3.498041309175602E-5
3.505242871966115E-5
3.5124543996573195E-5
3.5196759359371423E-5
3.526907524814899E-5
3.534149210623242E-5
3.541401038020104E-5
3.5486630519906155E-5
3.5559352978491545E-5
3.563217821241291E-5
3.570510668145813E-5
3.577813884876814E-5
3.585127518085705E-5
3.592451614763364E-5
3.599786222242174E-5
3.607131388198193E-5
3.614487160653332E-5
3.621853587977425E-5
3.6292307188905136E-5
3.63661860246503E-5
3.644017288127997E-5
3.651426825663278E-5
3.6588472652138554E-5
3.666278657284115E-5
3.6737210527421326E-5
3.6811745028220016E-5
3.68863905912611E-5
3.69611477362758E-5
3.703601698672537E-5
3.7110998869825776E-5
3.71860939165706E-5
3.7261302661756295E-5
3.733662564400527E-5
3.7412063405790885E-5
3.7487616493461914E-5
3.7563285457266616E-5
3.7639070851377916E-5
3.771497323391829E-5
3.7790993166984135E-5
3.7867131216671475E-5
3.794338795310033E-5
3.8019763950440265E-5
3.8096259786936276E-5
3.8172876044933E-5
3.824961331090075E-5
3.832647217546118E-5
3.840345323341257E-5
3.848055708375539E-5
3.855778432971806E-5
3.863513557878278E-5
3.871261144271096E-5
3.87902125375691E-5
3.886793948375507E-5
3.89457929060226E-5
3.902377343350867E-5
3.910188169975829E-5
3.918011834275098E-5
3.92584840049258E-5
3.933697933320769E-5
3.9415604979033254E-5
3.949436159837632E-5
3.957324985177384E-5
3.965227040435152E-5
3.973142392584908E-5
3.9810711090646354E-5
3.9890132577789065E-5
3.9969689071012946E-5
4.004938125877089E-5
4.0129209834257244E-5
4.020917549543278E-5
4.028927894505115E-5
4.0369520890682495E-5
4.044990204473916E-5
4.053042312450069E-5
4.061108485213792E-5
4.069188795473825E-5
4.0772833164329976E-5
4.085392121790646E-5
4.0935152857450507E-5
4.1016528829958375E-5
4.1098049887464194E-5
4.1179716787062756E-5
4.1261530290934384E-5
4.134349116636763E-5
4.142560018578246E-5
4.1507858126754104E-5
4.1590265772035286E-5
4.167282390957945E-5
4.175553333256295E-5
4.183839483940819E-5
4.1921409233804424E-5
4.200457732473099E-5
4.208789992647883E-5
4.2171377858671015E-5
4.22550119462854E-5
4.233880301967504E-5
4.242275191458881E-5
4.2506859472192387E-5
4.2591126539088465E-5
4.267555396733703E-5
4.276014261447491E-5
4.2844893343536764E-5
4.292980702307576E-5
4.3014884527187563E-5
4.310012673554712E-5
4.318553453347483E-5
4.3271108812097224E-5
4.335685046876506E-5
4.344276040818978E-5
4.35288395455062E-5
4.3615088814440504E-5
4.3701509188670185E-5
4.378810173656788E-5
4.387486775848336E-5
4.396180912331313E-5
4.404892907450998E-5
4.413623411376326E-5
4.422373829278022E-5
4.431147273551151E-5
4.4399506184956966E-5
4.4487988055657504E-5
4.45772358761188E-5
4.466790706954851E-5
4.476132448020784E-5
4.4860069379285493E-5
4.496901516568314E-5
4.509704049464444E-5
4.525998769406718E-5
4.54837446865016E-5
4.5809363288649205E-5
4.6299302280344654E-5
4.7040954285783624E-5
4.814469183107139E-5
4.972677219129338E-5
5.184878473965541E-5
5.431786334438324E-5
5.622195755925829E-5
5.632969717450937E-5
5.643762524146327E-5
5.654574269514429E-5
5.665405047601245E-5
5.676254952997335E-5
5.6871240808390906E-5
5.69801252681046E-5
5.7089203871447436E-5
5.7198477586271905E-5
5.7307947385973496E-5
5.741761424952221E-5
5.752747916149357E-5
5.763754311210481E-5
5.7747807097251975E-5
5.785827211855024E-5
5.796893918337815E-5
5.8079809304920115E-5
5.819088350221695E-5
5.8302162800213243E-5
5.8413648229809895E-5
5.852534082791716E-5
5.8637241637510254E-5
5.8749351707686835E-5
5.8861672093724164E-5
5.8974203857141584E-5
5.9086948065759596E-5
5.919990579376524E-5
5.931307812177425E-5
5.942646613689783E-5
5.954007093280839E-5
5.965389360980766E-5
5.9767935274894355E-5
5.9882197041833886E-5
5.999668003122821E-5
6.011138537058625E-5
6.0226314194395215E-5
6.0341467644193386E-5
6.045684686864047E-5
6.057245302359231E-5
6.0688287272171795E-5
6.080435078484432E-5
6.0920644739488685E-5
6.103717032147343E-5
6.115392872372804E-5
6.12709211468182E-5
6.138814879901836E-5
6.150561289638558E-5
6.162331466283298E-5
6.174125533020266E-5
6.185943613833825E-5
6.197785833515795E-5
6.209652317672573E-5
6.221543192732443E-5
6.233458585952524E-5
6.245398625425972E-5
6.257363440088939E-5
6.269353159727459E-5
6.281367914984447E-5
6.293407837366471E-5
6.30547305925045E-5
6.317563713890327E-5
6.329679935423688E-5
6.34182185887823E-5
6.353989620178205E-5
6.366183356150648E-5
6.378403204531684E-5
6.39064930397259E-5
6.402921794045783E-5
6.4152208152509E-5
6.427546509020309E-5
6.439899017725118E-5
6.452278484680504E-5
6.464685054151294E-5
6.477118871357272E-5
6.489580082478398E-5
6.502068834659885E-5
6.514585276017232E-5
6.527129555640965E-5
6.539701823601412E-5
6.552302230953225E-5
6.564930929739814E-5
6.577588072997804E-5
6.590273814760933E-5
6.602988310064234E-5
6.615731714947898E-5
6.628504186461001E-5
6.64130588266504E-5
6.654136962637432E-5
6.666997586474803E-5
6.679887915296051E-5
6.692808111245464E-5
6.705758337495482E-5
6.718738758249279E-5
6.731749538743515E-5
6.744790845250561E-5
6.757862845080738E-5
6.77096570658441E-5
6.784099599153819E-5
6.797264693224897E-5
6.810461160278821E-5
6.823689172843464E-5
6.836948904494622E-5
6.850240529857076E-5
6.86356422460565E-5
6.876920165465922E-5
6.890308530214763E-5
6.903729497680922E-5
6.917183247745285E-5
6.930669961340878E-5
6.94418982045305E-5
6.957743008119036E-5
6.971329708427777E-5
6.984950106519274E-5
6.998604388583987E-5
7.012292741861866E-5
7.02601535464148E-5
7.039772416258742E-5
7.053564117095532E-5
7.067390648578287E-5
7.081252203176258E-5
7.095148974399702E-5
7.109081156797938E-5
7.123048945957074E-5
7.137052538497797E-5
7.151092132072846E-5
7.165167925364416E-5
7.179280118081316E-5
7.193428910955977E-5
7.207614505741532E-5
7.221837105208278E-5
7.236096913140388E-5
7.250394134332419E-5
7.26472897458531E-5
7.279101640702743E-5
7.293512340486981E-5
7.307961282734659E-5
7.322448677232412E-5
7.336974734752417E-5
7.351539667047742E-5
7.366143686847454E-5
7.380787007851814E-5
7.395469844727201E-5
7.4101924131011E-5
7.424954929557674E-5
7.439757611634975E-5
7.454600677827412E-5
7.469484347603831E-5
7.484408841470739E-5
7.499374381160284E-5
7.514381190161604E-5
7.529429495169257E-5
7.544519529935703E-5
7.559651545280079E-5
7.574825834505543E-5
7.590042796465943E-5
7.60530308836238E-5
7.620607986902885E-5
7.635960220320315E-5
7.651365834410868E-5
7.666838261623257E-5
7.682406934997731E-5
7.698134958768592E-5
7.714154159141932E-5
7.73073212863706E-5
7.748395460428606E-5
7.768146410741173E-5
7.791882977027447E-5
7.822824664517623E-5
7.866348860747311E-5
7.931207153117446E-5
8.030628659928527E-5
8.183123748887462E-5
8.411593600223648E-5
8.735531834964533E-5
9.136291512023196E-5
9.462827843644837E-5
9.480802458155788E-5
9.498821333755783E-5
9.516884689192647E-5
9.534992743909439E-5
9.553145718139058E-5
9.571343832995595E-5
9.589587310562934E-5
9.607876373979853E-5
9.626211247523093E-5
9.644592156686472E-5
9.663019328258261E-5
9.681492990394863E-5
9.700013372692599E-5
9.71858070625604E-5
9.737195223764349E-5
9.75585715953475E-5
9.774566749583274E-5
9.793324231683503E-5
9.812129845422413E-5
9.830983832253967E-5
9.849886435550395E-5
9.868837900651088E-5
9.887838474909295E-5
9.906888407736254E-5
9.925987950643779E-5
9.945137357283774E-5
9.964336883486584E-5
9.98358678729645E-5
1.0002887329005478E-4
1.0022238771185191E-4
1.0041641378716582E-4
1.0061095418817627E-4
1.0080601161069438E-4
1.0100158877440249E-4
1.0119768842307682E-4
1.0139431332479128E-4
1.0159146627210636E-4
1.0178915008223574E-4
1.019873675972023E-4
1.0218612168397129E-4
1.0238541523457261E-4
1.0258525116620274E-4
1.0278563242131554E-4
1.0298656196769236E-4
1.0318804279850324E-4
1.0339007793234761E-4
1.0359267041328442E-4
1.0379582331084778E-4
1.0399953972004679E-4
1.0420382276135326E-4
1.0440867558067758E-4
1.0461410134932837E-4
1.0482010326396304E-4
1.0502668454652242E-4
1.0523384844415681E-4
1.0544159822913758E-4
1.0564993719875749E-4
1.0585886867522197E-4
1.060683960055269E-4
1.062785225613258E-4
1.0648925173878763E-4
1.0670058695844348E-4
1.0691253166502354E-4
1.0712508932728477E-4
1.0733826343782652E-4
1.0755205751290052E-4
1.0776647509220861E-4
1.0798151973869243E-4
1.0819719503831706E-4
1.0841350459984023E-4
1.0863045205458105E-4
1.0884804105617351E-4
1.0906627528031614E-4
1.0928515842451379E-4
1.0950469420781103E-4
1.0972488637051839E-4
1.099457386739329E-4
1.1016725490004914E-4
1.103894388512674E-4
1.1061229435009198E-4
1.1083582523882388E-4
1.110600353792521E-4
1.1128492865232992E-4
1.1151050895785402E-4
1.1173678021413449E-4
1.1196374635765905E-4
1.121914113427528E-4
1.1241977914123396E-4
1.1264885374206281E-4
1.1287863915098734E-4
1.1310913939018473E-4
1.1334035849789669E-4
1.1357230052806132E-4
1.1380496954994284E-4
1.1403836964775524E-4
1.1427250492028187E-4
1.1450737948049399E-4
1.1474299745516212E-4
1.1497936298446845E-4
1.152164802216121E-4
1.1545435333241412E-4
1.1569298649491831E-4
1.1593238389898838E-4
1.1617254974590571E-4
1.1641348824796095E-4
1.1665520362804443E-4
1.1689770011923634E-4
1.1714098196439162E-4
1.1738505341572462E-4
1.1762991873439227E-4
1.1787558219007388E-4
1.1812204806055084E-4
1.1836932063128292E-4
1.1861740419498631E-4
1.1886630305120574E-4
1.1911602150589128E-4
1.1936656387096708E-4
1.1961793446390532E-4
1.1987013760729518E-4
1.201231776284137E-4
1.2037705885879347E-4
1.2063178563379217E-4
1.2088736229215892E-4
1.2114379317560305E-4
1.2140108262836022E-4
1.2165923499675904E-4
1.2191825462878889E-4
1.2217814587366433E-4
1.224389130813944E-4
1.227005606023467E-4
1.2296309278681555E-4
1.2322651398458971E-4
1.2349082854451688E-4
1.2375604081407563E-4
1.2402215513894008E-4
1.242891758625512E-4
1.2455710732568533E-4
1.248259538660238E-4
1.2509571981772507E-4
1.253664095109963E-4
1.2563802727166582E-4
1.2591057742075882E-4
1.261840642740699E-4
1.2645849214174855E-4
1.2673386532788687E-4
1.2701018813014522E-4
1.272874648394652E-4
1.2756569974005613E-4
1.2784489711014906E-4
1.281250612249387E-4
1.284061963655649E-4
1.286883068444896E-4
1.2897139707436161E-4
1.2925547174971047E-4
1.2954053631458298E-4
1.2982659813754398E-4
1.3011366939303436E-4
1.3040177395233176E-4
1.3069096344087543E-4
1.3098135365396444E-4
1.3127320482673075E-4
1.3156709334409184E-4
1.318642675488554E-4
1.321673603344221E-4
1.3248176463023038E-4
1.3281818309083892E-4
1.3319814265331097E-4
1.336592730451442E-4
1.3426736361049987E-4
1.351359857779344E-4
1.364478783786664E-4
1.384786606591398E-4
1.416049568469374E-4
1.462142386550621E-4
1.5217178096698289E-4
1.5722564495472552E-4
1.575480189266718E-4
1.578713893939814E-4
1.5819576002964734E-4
1.5852113475167318E-4
1.5884751771628027E-4
1.5917491331120408E-4
1.5950332614909183E-4
1.5983276106098504E-4
1.601632230899064E-4
1.6049471748452466E-4
1.6082724969292562E-4
1.6116082535645745E-4
1.6149545030367954E-4
1.618311305443874E-4
1.6216787226373147E-4
1.6250568181642105E-4
1.6284456572100893E-4
1.6318453065426792E-4
1.6352558344564393E-4
1.638677310717935E-4
1.64210980651205E-4
1.6455533943889823E-4
1.6490081482120454E-4
1.65247414310624E-4
1.6559514554076693E-4
1.6594401626136092E-4
1.66294034333348E-4
1.666452077240463E-4
1.669975445023932E-4
1.6735105283425633E-4
1.677057409778268E-4
1.6806161727907334E-4
1.6841869016727604E-4
1.6877696815062804E-4
1.6913645981190666E-4
1.6949717380421379E-4
1.6985911884678806E-4
1.7022230372087515E-4
1.7058673726567884E-4
1.7095242837436355E-4
1.713193859901335E-4
1.7168761910236986E-4
1.7205713674283538E-4
1.724279479819386E-4
1.7280006192506515E-4
1.7317348770896554E-4
1.7354823449820686E-4
1.7392431148168674E-4
1.7430172786920154E-4
1.7468049288807747E-4
1.7506061577985928E-4
1.7544210579705703E-4
1.7582497219994697E-4
1.7620922425343183E-4
1.7659487122395533E-4
1.7698192237647212E-4
1.7737038697146964E-4
1.7776027426204965E-4
1.7815159349105576E-4
1.7854435388825788E-4
1.7893856466758655E-4
1.793342350244197E-4
1.797313741329184E-4
1.8012999114341613E-4
1.8053009517985237E-4
1.8093169533725908E-4
1.813348006792925E-4
1.817394202358149E-4
1.8214556300052596E-4
1.8255323792863045E-4
1.8296245393456556E-4
1.8337321988976405E-4
1.837855446204632E-4
1.8419943690556475E-4
1.8461490547453014E-4
1.850319590053242E-4
1.8545060612240155E-4
1.8587085539473089E-4
1.8629271533386713E-4
1.867161943920601E-4
1.8714130096040345E-4
1.8756804336703256E-4
1.8799642987534578E-4
1.8842646868228195E-4
1.8885816791662608E-4
1.8929153563735588E-4
1.8972657983202756E-4
1.901633084151978E-4
1.9060172922688E-4
1.9104185003104347E-4
1.9148367851414157E-4
1.919272222836783E-4
1.923724888668093E-4
1.9281948570897854E-4
1.932682201725901E-4
1.9371869953570644E-4
1.941709309907912E-4
1.9462492164347433E-4
1.9508067851135648E-4
1.9553820852284177E-4
1.959975185160034E-4
1.9645861523748145E-4
1.9692150534140663E-4
1.973861953883616E-4
1.978526918443677E-4
1.9832100107989884E-4
1.9879112936893102E-4
1.9926308288801593E-4
1.9973686771538227E-4
2.0021248983007072E-4
2.0068995511108895E-4
2.0116926933659888E-4
2.01650438183129E-4
2.0213346722481392E-4
2.0261836193266017E-4
2.0310512767383643E-4
2.035937697109894E-4
2.0408429320158724E-4
2.0457670319728376E-4
2.0507100464331004E-4
2.0556720237788938E-4
2.060653011316756E-4
2.065653055272123E-4
2.0706722007842205E-4
2.0757104919010984E-4
2.0807679715749387E-4
2.085844681657599E-4
2.0909406628962976E-4
2.0960559549296242E-4
2.1011905962836525E-4
2.106344624368334E-4
2.1115180754740804E-4
2.1167109847684986E-4
2.1219233862934363E-4
2.1271553129620827E-4
2.132406796556383E-4
2.1376778677245785E-4
2.1429685559789472E-4
2.1482788896937395E-4
2.1536088961032857E-4
2.1589586013002934E-4
2.1643280302343227E-4
2.1697172067103855E-4
2.1751261533878665E-4
2.1805548917794973E-4
2.1860034422507837E-4
2.1914718240200045E-4
2.1969600551599493E-4
2.2024681526041973E-4
2.2079961321667626E-4
2.2135440085993652E-4
2.2191117957545505E-4
2.224699507039214E-4
2.2303071566491712E-4
2.235934762856523E-4
2.241582356567377E-4
2.2472500030830682E-4
2.252937856108296E-4
2.258646288449992E-4
2.2643762000970188E-4
2.2701297247179394E-4
2.2759118036934096E-4
2.281733587575758E-4
2.2876195518207275E-4
2.2936218727741029E-4
2.2998483920945188E-4
2.3065299291123302E-4
2.3140792884867722E-4
2.3232480658488534E-4
2.3354043201444512E-4
2.3528680753990392E-4
2.3793521146328665E-4
2.4203023249447437E-4
2.4819703272750004E-4
2.564039849101908E-4
2.6359202252575323E-4
2.6420181028336735E-4
2.6481348203138234E-4
2.6542710298391924E-4
2.660427368795464E-4
2.6666044599854295E-4
2.6728029117999895E-4
2.6790233183876657E-4
2.685266259822536E-4
2.6915323022707276E-4
2.6978219981552495E-4
2.7041358863195855E-4
2.7104744921894775E-4
2.7168383279335646E-4
2.723227892622327E-4
2.7296436723856665E-4
2.736086140569101E-4
2.742555757888414E-4
2.7490529725829896E-4
2.755578220567717E-4
2.762131925583477E-4
2.768714499346264E-4
2.775326341694946E-4
2.781967840737669E-4
2.7886393729968645E-4
2.7953413035530116E-4
2.802073986186935E-4
2.808837763520933E-4
2.8156329671584994E-4
2.8224599178227846E-4
2.829318925493731E-4
2.8362102895440416E-4
2.843134298873725E-4
2.8500912320435055E-4
2.8570813574069437E-4
2.864104933241315E-4
2.8711622078772515E-4
2.878253419827254E-4
2.885378797912835E-4
2.892538561390625E-4
2.899732920077196E-4
2.9069620744727443E-4
2.914226215883574E-4
2.921525526543477E-4
2.928860179733878E-4
2.9362303399029486E-4
2.9436361627834673E-4
2.951077795509649E-4
2.958555376732824E-4
2.966069036736018E-4
2.973618897547417E-4
2.9812050730527805E-4
2.9888276691067596E-4
2.9964867836431374E-4
3.00418250678401E-4
3.011914920947931E-4
3.019684100956986E-4
3.027490114142846E-4
3.035333020451815E-4
3.04321287254882E-4
3.0511297159204127E-4
3.059083588976743E-4
3.067074523152604E-4
3.07510254300738E-4
3.0831676663241623E-4
3.0912699042077443E-4
3.099409261181766E-4
3.10758573528483E-4
3.115799318165706E-4
3.124049995177672E-4
3.1323377454717103E-4
3.140662542089028E-4
3.149024352052483E-4
3.157423136457198E-4
3.1658588505602454E-4
3.174331443869417E-4
3.182840860231129E-4
3.191387037917465E-4
3.1999699097123E-4
3.208589402996602E-4
3.2172454398328795E-4
3.2259379370486874E-4
3.234666806319497E-4
3.243431954250446E-4
3.2522332824575043E-4
3.2610706876476885E-4
3.269944061698505E-4
3.2788532917365674E-4
3.287798260215412E-4
3.2967788449925385E-4
3.3057949194056143E-4
3.314846352347992E-4
3.323933008343308E-4
3.3330547476194405E-4
3.342211426181669E-4
3.35140289588502E-4
3.3606290045059287E-4
3.3698895958131565E-4
3.3791845096379076E-4
3.388513581943294E-4
3.397876644893011E-4
3.407273526919338E-4
3.416704052790413E-4
3.426168043676758E-4
3.435665317217196E-4
3.4451956875839867E-4
3.4547589655473034E-4
3.464354958539036E-4
3.473983470715914E-4
3.4836443030219344E-4
3.493337253250159E-4
3.5030621161038334E-4
3.512818683256847E-4
3.52260674341353E-4
3.532426082367839E-4
3.54227648306193E-4
3.5521577256439986E-4
3.562069587525566E-4
3.572011843438175E-4
3.581984265489374E-4
3.5919866232181585E-4
3.6020186836498185E-4
3.612080211350118E-4
3.6221709684789127E-4
3.632290714843223E-4
3.6424392079496555E-4
3.652616203056248E-4
3.662821453223826E-4
3.6730547093666364E-4
3.683315720302578E-4
3.693604232802749E-4
3.7039199916405295E-4
3.714262739640034E-4
3.7246322177240373E-4
3.735028164961471E-4
3.7454503186141655E-4
3.75589841418328E-4
3.7663721854550654E-4
3.776871364546156E-4
3.7873956819483423E-4
3.7979448665728167E-4
3.8085186457939335E-4
3.819116745492464E-4
3.829738890098264E-4
3.8403848026326385E-4
3.8510542047500557E-4
3.861746816779558E-4
3.8724623577658944E-4
3.883200545511025E-4
3.8939610966174813E-4
3.904743726538822E-4
3.9155481496515006E-4
3.926374079390439E-4
3.9372212285667E-4
3.9480893101937994E-4
3.958978039701598E-4
3.9698871408473885E-4
3.980816361243189E-4
3.991765512278152E-4
4.0027345693414805E-4
4.0137239171094183E-4
4.024734934012477E-4
4.035771346268762E-4
4.046842273076812E-4
4.0579688630384205E-4
4.0691982784937894E-4
4.080632111451816E-4
4.0925023074041766E-4
4.105230265949422E-4
4.1196110703516347E-4
4.137162429620072E-4
4.160575058322814E-4
4.1943657405987356E-4
4.245523079278703E-4
4.3226742211889524E-4
4.4269020627886875E-4
4.5205383404945125E-4
4.5317510218483226E-4
4.543146471397116E-4
4.554721601961868E-4
4.566473354837753E-4
4.5783986995829917E-4
4.590494633809039E-4
4.6027581829721743E-4
4.6151864001664505E-4
4.627776365918088E-4
4.64052518798102E-4
4.653430001134171E-4
4.6664879669795555E-4
4.679696273742267E-4
4.693052136071352E-4
4.706552794842242E-4
4.720195516960454E-4
4.733977595166531E-4
4.7478963478423156E-4
4.7619491188185555E-4
4.776133277183723E-4
4.7904462170940865E-4
4.804885357585176E-4
4.8194481423843497E-4
4.8341320397246644E-4
4.848934542160077E-4
4.863853166381691E-4
4.878885453035412E-4
4.894028966540726E-4
4.909281294910672E-4
4.924640049573074E-4
4.940102865192967E-4
4.955667399496169E-4
4.971331333093997E-4
4.987092369309314E-4
5.002948234003554E-4
5.01889667540501E-4
5.034935463938339E-4
5.051062392054955E-4
5.067275274064901E-4
5.083571945969551E-4
5.099950265295692E-4
5.116408110930456E-4
5.132943382957611E-4
5.14955400249479E-4
5.166237911531899E-4
5.182993072770564E-4
5.199817469464673E-4
5.216709105262033E-4
5.23366600404709E-4
5.250686209784538E-4
5.267767786364339E-4
5.284908817447438E-4
5.302107406312737E-4
5.319361675704991E-4
5.336669767683815E-4
5.354029843473656E-4
5.371440083314775E-4
5.388898686315356E-4
5.406403870304431E-4
5.423953871685969E-4
5.441546945293866E-4
5.45918136424793E-4
5.476855419810868E-4
5.494567421246287E-4
5.512315695677545E-4
5.530098587947666E-4
5.547914460480163E-4
5.565761693140791E-4
5.583638683100424E-4
5.601543844698522E-4
5.619475609307834E-4
5.637432425199918E-4
5.655412757411557E-4
5.673415087612153E-4
5.691437913971947E-4
5.709479751031232E-4
5.727539129570377E-4
5.745614596480812E-4
5.76370471463686E-4
5.781808062768482E-4
5.799923235334785E-4
5.818048842398679E-4
5.836183509501974E-4
5.854325877541729E-4
5.872474602647251E-4
5.890628356057955E-4
5.908785824002143E-4
5.926945707576554E-4
5.945106722626748E-4
5.963267599628335E-4
5.981427083569063E-4
5.999583933831631E-4
6.017736924077379E-4
6.035884842130794E-4
6.054026489864751E-4
6.072160683086638E-4
6.090286251425179E-4
6.108402038218064E-4
6.126506900400521E-4
6.144599708394343E-4
6.162679345997953E-4
6.180744710277219E-4
6.198794711456788E-4
6.216828272812548E-4
6.234844330564504E-4
6.252841833770554E-4
6.270819744221072E-4
6.288777036334059E-4
6.306712697051152E-4
6.324625725734329E-4
6.342515134063354E-4
6.36037994593388E-4
6.378219197356282E-4
6.396031936355289E-4
6.413817222870239E-4
6.431574128656017E-4
6.449301737184738E-4
6.466999143548117E-4
6.484665454360515E-4
6.502299787662618E-4
6.519901272825953E-4
6.537469050457875E-4
6.555002272307306E-4
6.572500101171251E-4
6.589961710801779E-4
6.607386285813791E-4
6.624773021593459E-4
6.642121124207134E-4
6.659429810311185E-4
6.676698307062182E-4
6.693925852027958E-4
6.711111693099149E-4
6.728255088401346E-4
6.745355306208116E-4
6.762411624854257E-4
6.779423332650031E-4
6.796389727795766E-4
6.813310118297181E-4
6.830183821881302E-4
6.847010165912956E-4
6.863788487311836E-4
6.880518132470268E-4
6.897198457171366E-4
6.913828826508086E-4
6.930408614802489E-4
6.946937205525958E-4
6.963413991219905E-4
6.979838373417541E-4
6.996209762567328E-4
7.012527577961121E-4
7.028791247674726E-4
7.045000208545399E-4
7.06115390625714E-4
7.077251795736164E-4
7.093293342421594E-4
7.109278025952076E-4
7.125205350364442E-4
7.141074871420895E-4
7.156886267847653E-4
7.172639522170776E-4
7.188335367507131E-4
7.203976360891394E-4
7.21956938690687E-4
7.235131318567558E-4
7.250701398952015E-4
7.266367371463794E-4
7.282342428604279E-4
7.299017001886029E-4
7.317149767284103E-4
7.338249233704788E-4
7.365087890138443E-4
7.402497356052847E-4
7.458257528337035E-4
7.542461616120693E-4
7.657491923476241E-4
7.806805543736539E-4
7.864545801201855E-4
7.921685916767987E-4
7.978229901696236E-4
8.03418174393618E-4
8.08954540825192E-4
8.144324836347943E-4
8.198523946994004E-4
8.252146636149579E-4
8.305196777087708E-4
8.357678220517808E-4
8.409594794708548E-4
8.460950305609259E-4
8.511748536971517E-4
8.561993250469406E-4
8.611688185819652E-4
8.660837060900888E-4
8.709443571872385E-4
8.757511393292033E-4
8.805044178233989E-4
8.852045558405455E-4
8.898519144262835E-4
8.944468525127633E-4
8.989897269301288E-4
9.034808924179716E-4
9.079207016367245E-4
9.123095051789715E-4
9.166476515807336E-4
9.2093548733267E-4
9.25173356891226E-4
9.293616026897342E-4
9.335005651494486E-4
9.375905826905212E-4
9.416319917429186E-4
9.456251267572958E-4
9.495703202157987E-4
9.534679026428115E-4
9.573182026156672E-4
9.611215467752653E-4
9.648782598366795E-4
9.685886645996633E-4
9.722530819591511E-4
9.758718309156487E-4
9.794452285856233E-4
9.829735902118037E-4
9.864572291734392E-4
9.898964569964998E-4
9.932915833638367E-4
9.966429161252736E-4
9.99950761307655E-4
0.0010032154231248269
0.0010064372039875996
0.001009616404513619
0.001012753323537208
0.0010158482581191562
0.001018901503556449
0.0010219133533919545
0.0010248840994240495
0.0010278140317162164
0.0010307034386065612
0.001033552606717305
0.0010363618209642158
0.0010391313645659829
0.0010418615190535632
0.001044552564279466
0.0010472047784269838
0.001049818438019382
0.0010523938179290415
0.0010549311913865497
0.0010574308299897515
0.00105989300371274
0.0010623179809148068
0.0010647060283493486
0.0010670574111727226
0.00106937239295306
0.0010716512356790232
0.0010738941997685332
0.0010761015440774319
0.001078273525908117
0.0010804104010181158
0.0010825124236286349
0.0010845798464330296
0.001086612920605279
0.0010886118958083656
0.0010905770202026437
0.0010925085404541502
0.0010944067017428815
0.0010962717477710142
0.0010981039207710935
0.001099903461514168
0.0011016706093179
0.0011034056020546056
0.001105108676159279
0.001106780066637557
0.0011084200070736515
0.0011100287296382388
0.0011116064650962976
0.001113153442814921
0.0011146698907710702
0.0011161560355593138
0.0011176121023994882
0.0011190383151443476
0.00112043489628718
0.0011218020669693286
0.0011231400469877604
0.0011244490548025115
0.001125729307544143
0.0011269810210211412
0.0011282044097272819
0.0011293996868489476
0.001130567064272421
0.0011317067525911332
0.0011328189611128623
0.0011339038978669144
0.001134961769611246
0.0011359927818395663
0.0011369971387883938
0.00113797504344408
0.0011389266975497768
0.0011398523016123985
0.001140752054909525
0.0011416261554962745
0.0011424748002121384
0.0011432981846877775
0.0011440965033518073
0.0011448699494374867
0.001145618714989446
0.00114634299087033
0.0011470429667674148
0.0011477188311992022
0.0011483707715219695
0.001148998973936282
0.0011496036234934824
0.0011501849041021218
0.0011507429985344049
0.00115127808843253
0.0011517903543150668
0.0011522799755832491
0.0011527471305272602
0.0011531919963324807
0.0011536147490856913
0.0011540155637812584
0.0011543946143272787
0.0011547520735516804
0.0011550881132083347
0.0011554029039830616
0.001155696615499688
0.0011559694163260144
0.0011562214739797968
0.001156452954934753
0.0011566640246267197
0.0011568548474603735
0.0011570255868177607
0.0011571764050724701
0.001157307463620556
0.00115741892296054
0.0011575109429132742
0.0011575836832311585
0.0011576373052644034
0.0011576719764240138
0.0011576878818473112
0.0011576852540955231
0.0011576644466724773
0.0011576261107306845
0.0011575716067168474
0.0011575039318879735
0.0011574297366451444
0.0011573657721254981
0.0011573425855235856
0.001157420658288829
0.0011577239371634582
0.0011584861730261561
0.001160125649702036
0.0011633345777052543
0.00116904009030624
0.002300616711141532
0.002299259163028473
0.0022898705638673667
0.0022805209482631384
0.0022712101521624476
0.0022619380122078686
0.002252704365734907
0.0022435090507690997
0.002234351906023044
0.0022252327708934976
0.0022161514854584802
0.0022071078904743464
0.0021981018273729467
0.0021891331382587202
0.0021802016659058575
0.002171307253755452
0.0021624497459126575
0.0021536289871438726
0.0021448448228739425
0.0021360970991833347
0.0021273856628053717
0.0021187103611234595
0.002110071042168303
0.0021014675546151876
0.0020928997477812077
0.002084367471622559
0.0020758705767318225
0.002067408914335242
0.0020589823362900514
0.0020505906950817805
0.002042233843821599
0.0020339116362436275
0.002025623926702328
0.0020173705701698385
0.0020091514222333536
0.002000966339092522
0.0019928151775568327
0.001984697795043018
0.001976614049572487
0.0019685637997687425
0.001960546904854829
0.001952563224650772
0.0019446126195710605
0.0019366949506220996
0.0019288100793997053
0.0019209578680865957
0.0019131381794498994
0.001905350876838656
0.0018975958241813679
0.0018898728859835113
0.001882181927325104
0.0018745228138582332
0.00186689541180466
0.001859299587953376
0.0018517352096581877
0.001844202144835327
0.0018367002619610535
0.0018292294300692737
0.0018217895187491676
0.0018143803981428305
0.0018070019389429207
0.0017996540123903228
0.0017923364902718082
0.0017850492449177126
0.001777792149199639
0.0017705650765281352
0.0017633679008504227
0.001756200496648098
0.0017490627389348614
0.001741954503254263
0.0017348756656774527
0.0017278261028009108
0.0017208056917442447
0.0017138143101479426
0.0017068518361711678
0.001699918148489549
0.001693013126292982
0.0016861366492834523
0.0016792885976728484
0.0016724688521807824
0.0016656772940324518
0.0016589138049564794
0.001652178267182761
0.001645470563440355
0.0016387905769553424
0.001632138191448715
0.0016255132911342706
0.001618915760716528
0.001612345485388616
0.0016058023508302183
0.0015992862432054878
0.0015927970491609969
0.0015863346558236719
0.00157989895079876
0.0015734898221677932
0.0015671071584865556
0.001560750848783077
0.0015544207825556073
0.0015481168497706304
0.0015418389408608628
0.0015355869467232833
0.0015293607587171375
0.0015231602686619813
0.0015169853688357328
0.0015108359519727006
0.0015047119112616564
0.0014986131403439008
0.0014925395333113337
0.0014864909847045352
0.0014804673895108566
0.0014744686431625302
0.0014684946415347607
0.0014625452809438459
0.001456620458145312
0.0014507200703320201
0.0014448440151323275
0.001438992190608216
0.001433164495253468
0.001427360827991808
0.0014215810881750886
0.0014158251755814527
0.0014100929904135385
0.0014043844332966564
0.0013986994052770003
0.0013930378078198485
0.001387399542807791
0.0013817845125389404
0.0013761926197251723
0.0013706237674903636
0.0013650778593686378
0.0013595547993026141
0.0013540544916416802
0.0013485768411402488
0.0013431217529560383
0.001337689132648365
0.001332278886176418
0.001326890919897568
0.0013215251405656705
0.0013161814553293788
0.001310859771730457
0.0013055599977021186
0.0013002820415673499
0.0012950258120372588
0.0012897912182094121
0.0012845781695662029
0.0012793865759732094
0.0012742163476775557
0.0012690673953062958
0.0012639396298648024
0.001258832962735155
0.0012537473056745746
0.0012486825708139095
0.001243638670656372
0.0012386155180769372
0.0012336130263239456
0.0012286311090272588
0.0012236696802261254
0.001218728654454433
0.0012138079469894388
0.001208907474554339
0.0012040271572484433
0.001199166923708314
0.0011943267245323403
0.0011895065662126346
0.001184706594362121
0.0011799272914780003
0.0011751699312798208
0.001170437585409669
0.0011657385429510309
0.001161087980346249
0.001156516498188856
0.0011520883021460167
0.0011479265866735137
0.0011442554789531996
0.0011414519202857334
0.28582987718479297
