1.4381957309637882E-5
2.9839340168830523E-5
4.637693068031313E-5
6.401217045055409E-5
8.28201506600673E-5
1.0295065701807404E-4
1.2460133351292258E-4
1.4796578881157092E-4
1.731871528230583E-4
1.8594605203143237E-4
1.995212115449995E-4
2.1382227555080606E-4
2.2877837427712775E-4
2.4440699565687603E-4
2.6086157595003493E-4
2.784131175727612E-4
2.9736459446892574E-4
3.179569689857948E-4
3.4032316325511484E-4
3.6447745660973585E-4
3.9030702455061453E-4
4.1759616307662155E-4
4.461325507490607E-4
4.7587269733139875E-4
5.070694770427193E-4
5.402480699194496E-4
5.760237896605371E-4
6.149014305511657E-4
6.571854133713904E-4
7.029642468400495E-4
7.52085006234945E-4
8.041793329963733E-4
8.588492760495074E-4
9.159766013174879E-4
9.759724868188907E-4
0.0010397491834464034
0.0011084022139680146
0.0011828600926643022
0.0012637365038324034
0.0013513101790233594
0.0014454706373620216
0.0015457345400243306
0.0016515266888746977
0.0017626745631753064
0.0018798189260987657
0.0020044351976948173
0.002138356222016226
0.002283222334266923
0.0024402418035399964
0.0026101407980946892
0.0027930413303264424
0.0029884280873692685
0.0031955099734717694
0.003413913653765765
0.003645038681155144
0.0038917033804751772
0.004157202745234343
0.004444362190484527
0.004755109221955824
0.005090362376004732
0.005449839503865344
0.00583198844277626
0.0062344568208427065
0.00666564830210961
0.007131155024947833
0.007634641168984934
0.008177738244206846
0.008759738557392998
0.009377774432274623
0.01002723650460963
0.010701932341538016
0.011394239808582158
0.01224429826657192
0.013201694191674076
0.014225177136635922
0.015281746833512765
0.01634497795517235
0.01739337885660062
0.018409439424665174
0.019379031545581526
0.02029058964615821
0.023211290187021855
0.025610036399887345
0.027544949116648402
0.029068896603401537
0.030230476330591557
0.0310742843215843
0.031640891590362104
0.03196700834448402
0.03208566038648568
0.06107644565944238
0.056704282377751186
0.05264871162788639
0.048884343542902824
0.04538765858047928
0.04213800104794702
0.039117688781919
0.036311414960065354
0.033705514774262
