3.594177134006805E-7
7.200844280809412E-7
1.081998310682886E-6
1.445157525078917E-6
1.8095602328571789E-6
2.1752045938132562E-6
2.542088766448153E-6
2.9102109084726248E-6
3.2795691773178718E-6
3.6501617306526894E-6
4.021986726907096E-6
4.395042325802465E-6
4.7693266888882975E-6
5.144837980085669E-6
5.52157436623752E-6
5.899534017666285E-6
6.278715108739793E-6
6.659115818448155E-6
7.040734330998505E-6
7.423568836444773E-6
7.807617531395463E-6
8.192878619902859E-6
8.57935031477905E-6
8.967030839904707E-6
9.355918434805753E-6
9.746011364297406E-6
1.0137307939182598E-5
1.0529806560466428E-5
1.0923505812306912E-5
1.1318404653277128E-5
1.1714502800467926E-5
1.2111801481015512E-5
1.2510304862798343E-5
1.2910022701322566E-5
1.3310975092761165E-5
1.3713200746932155E-5
1.4116770922642865E-5
1.452181210099555E-5
1.4928541535334033E-5
1.5337320806515178E-5
1.574873303927024E-5
1.6163688882833777E-5
1.6583563899917646E-5
1.701036472942374E-5
1.744691256874853E-5
1.7897020079445012E-5
1.836562287635131E-5
1.8858812157193112E-5
1.9383705530426966E-5
1.994809493026791E-5
2.0559829962752497E-5
2.1225936100958695E-5
2.1951528628435534E-5
2.273865621033475E-5
2.3585275171003153E-5
2.44845937850026E-5
2.5425012217505583E-5
2.6390804437303204E-5
2.7363547794437627E-5
2.8324131122352537E-5
2.9255009826627654E-5
3.0142279919069674E-5
3.0977153347655576E-5
3.1756544059077506E-5
3.2482687426404196E-5
3.3161950856986935E-5
3.380317540758602E-5
3.441596043529571E-5
3.500925062333772E-5
3.559043856636029E-5
3.616501849094595E-5
3.673668164286858E-5
3.7307670994689696E-5
3.787921589179191E-5
3.8451920716544023E-5
3.902604967737247E-5
3.960170408243461E-5
4.017891715936643E-5
4.075769762598878E-5
4.133804675262689E-5
4.156054625611392E-5
4.1783363948367947E-5
4.200650075320771E-5
4.2229957639283964E-5
4.245373562594686E-5
4.267783578417963E-5
4.29022592372706E-5
4.312700716149004E-5
4.335208078677265E-5
4.357748139740456E-5
4.38032103327162E-5
4.402926898778032E-5
4.4255658814114966E-5
4.4482381320392476E-5
4.470943807315409E-5
4.493683069753065E-5
4.5164560877972007E-5
4.539263035898817E-5
4.5621040945913715E-5
4.584979450572026E-5
4.607889296794036E-5
4.630833832584999E-5
4.6538132638254066E-5
4.676827803265813E-5
4.699877671157064E-5
4.722963096573414E-5
4.746084320236813E-5
4.769241600520507E-5
4.792435226030689E-5
4.8156655414705274E-5
4.8389329996545376E-5
4.862238263669764E-5
4.8855824025917466E-5
4.908967256775964E-5
4.932396101316466E-5
4.955874817144014E-5
4.979413897111859E-5
5.0030317752807126E-5
5.026760169164119E-5
5.0506523476225875E-5
5.074795433665411E-5
5.099327933585789E-5
5.124463515924875E-5
5.1505214678263985E-5
5.177963040953626E-5
5.207430920689674E-5
5.2397863116936457E-5
5.276134894740872E-5
5.317829810141123E-5
5.366437906505927E-5
5.4236561090779904E-5
5.491169257952659E-5
5.57044998226544E-5
5.6625148160113146E-5
5.767666859472224E-5
5.885270062437167E-5
6.0136085685874765E-5
6.149881456336916E-5
6.290365541577363E-5
6.430747495871365E-5
6.566587232870367E-5
6.693837601477383E-5
6.80932290470686E-5
6.91108014449746E-5
6.99849490658508E-5
7.072212097368514E-5
7.133856111805046E-5
7.185638206506846E-5
7.229947310723409E-5
7.269009885353591E-5
7.304671218613539E-5
7.338308789189496E-5
7.370853207854625E-5
7.40287370061359E-5
7.434684699991848E-5
7.466442317191171E-5
7.498215786597299E-5
7.53003239010146E-5
7.561901725341603E-5
7.593826967371618E-5
7.625809322179072E-5
7.657849504660315E-5
7.689948140346647E-5
7.722105851558281E-5
7.754323271175893E-5
7.786601044191577E-5
7.818939827906838E-5
7.851340292057261E-5
7.88380311893803E-5
7.916329003530335E-5
7.948918653628667E-5
7.981572789969045E-5
8.014292146358276E-5
8.0470774698042E-5
8.079929520647086E-5
8.112849072692092E-5
8.145836913342954E-5
8.178893843736804E-5
8.212020678880242E-5
8.245218247786557E-5
8.278487393614318E-5
8.311828973807979E-5
8.345243860242845E-5
8.378732939382564E-5
8.412297112472566E-5
8.445937295834352E-5
8.479654421428467E-5
8.513449438101731E-5
8.547323314502801E-5
8.581277045906406E-5
8.61531166985651E-5
8.649428300997246E-5
8.683628206197608E-5
8.717912961367271E-5
8.752284768144098E-5
8.786747072434255E-5
8.821305732279156E-5
8.85597114794475E-5
8.890762011172986E-5
8.925711664982313E-5
8.960878481613001E-5
8.996362114606527E-5
9.032327845333149E-5
9.069041317311157E-5
9.106915425804719E-5
9.146569623289831E-5
9.188899040850064E-5
9.235146406932498E-5
9.286963958223687E-5
9.346446214535429E-5
9.416109273882004E-5
9.49879058142905E-5
9.597447694309052E-5
9.71484766678577E-5
9.853160895899835E-5
1.0013502278828758E-4
1.0195492433748074E-4
1.039693348357224E-4
1.0613697337320222E-4
1.0839901721430584E-4
1.1068398981494917E-4
1.1291532782158395E-4
1.1502045526736228E-4
1.169396719119248E-4
1.1863304671589259E-4
1.2008389130568404E-4
1.212981987889811E-4
1.2230043395123022E-4
1.2312692993911718E-4
1.2381860227777316E-4
1.244146083995162E-4
1.249480410271651E-4
1.2544398983821417E-4
1.259196267421734E-4
1.2638557431404214E-4
1.2684776015812037E-4
1.2730915587540472E-4
1.2777109320014196E-4
1.2823410458944593E-4
1.2869838286078272E-4
1.2916399661541819E-4
1.296309761452038E-4
1.300993421477615E-4
1.3056911358026417E-4
1.31040309352735E-4
1.3151294859971212E-4
1.3198705071065317E-4
1.3246263533353122E-4
1.3293972237700977E-4
1.334183320126736E-4
1.3389848467731897E-4
1.3438020107530452E-4
1.3486350218096853E-4
1.3534840924110764E-4
1.3583494377752617E-4
1.3632312758964923E-4
1.368129827572043E-4
1.3730453164296737E-4
1.37797796895568E-4
1.3829280145234534E-4
1.3878956854222884E-4
1.3928812168858832E-4
1.3978848471193895E-4
1.4029068173224395E-4
1.407947371703044E-4
1.4130067574721008E-4
1.4180852247992263E-4
1.4231830266955002E-4
1.4283004187661018E-4
1.433437658748526E-4
1.4385950057348035E-4
1.4437727190143388E-4
1.4489710566796535E-4
1.454190274754065E-4
1.4594306291115873E-4
1.4646923857477507E-4
1.469975851513296E-4
1.475281449541803E-4
1.4806098845004836E-4
1.4859624763750897E-4
1.4913417914955227E-4
1.4967527675677922E-4
1.5022046118956075E-4
1.5077138350797563E-4
1.5133088374824128E-4
1.5190364450314532E-4
1.524970629279672E-4
1.5312232715954696E-4
1.5379561868992067E-4
1.5453927062533432E-4
1.553826026973171E-4
1.5636205087519298E-4
1.575201505213945E-4
1.5890296482521445E-4
1.6055571918805841E-4
1.625167289300432E-4
1.648101688814096E-4
1.674387453344557E-4
1.7037775099895653E-4
1.7357213900114543E-4
1.7693799399119063E-4
1.8036905207670828E-4
1.8374782240307083E-4
1.8695965145449004E-4
1.8990711559480327E-4
1.9252178654081682E-4
1.9477088844216753E-4
1.9665758371701305E-4
1.982152346814804E-4
1.9949746692590414E-4
2.0056672023832962E-4
2.0148396331125853E-4
2.023014586123857E-4
2.0305926736670748E-4
2.0378505667882854E-4
2.044960747181937E-4
2.0520201435527714E-4
2.0590776910326002E-4
2.066155507150016E-4
2.0732625592856236E-4
2.0804021981079074E-4
2.0875757111183646E-4
2.0947837473296897E-4
2.102026795654191E-4
2.1093053162764465E-4
2.116619769098759E-4
2.123970618349422E-4
2.1313583331369654E-4
2.1387833875567892E-4
2.1462462607777652E-4
2.1537474371331037E-4
2.1612874062148732E-4
2.1688666629715803E-4
2.1764857078083013E-4
2.1841450466887703E-4
2.1918451912389823E-4
2.1995866588517797E-4
2.207369972791953E-4
2.2151956623013926E-4
2.2230642627037354E-4
2.2309763155078607E-4
2.238932368509203E-4
2.2469329758870166E-4
2.2549786982938586E-4
2.2630701029294336E-4
2.2712077635823373E-4
2.2793922606056998E-4
2.28762418075841E-4
2.2959041167789005E-4
2.3042326664418798E-4
2.312610430649335E-4
2.3210380097884127E-4
2.3295159971217365E-4
2.3380449673785603E-4
2.3466254581361055E-4
2.3552579414552171E-4
2.363942784545281E-4
2.372680202885046E-4
2.3814702205056357E-4
2.3903126751188556E-4
2.3992073473385293E-4
2.4081543612572212E-4
2.4171551044919811E-4
2.426214049649402E-4
2.435342012524955E-4
2.4445615190251394E-4
2.4539150055968455E-4
2.4634764466503187E-4
2.473366565176412E-4
2.4837709280005116E-4
2.494958909911021E-4
2.507299826573767E-4
2.5212707908016645E-4
2.537449587923265E-4
2.5564858286203444E-4
2.579045570031209E-4
2.605728966106057E-4
2.636967150691589E-4
2.67291238982389E-4
2.7133425259735105E-4
2.7576042409160174E-4
2.804617242029374E-4
2.8529519387743133E-4
2.900977534954751E-4
2.9470592737894065E-4
2.9897682635175076E-4
3.02806046479557E-4
3.061386526364813E-4
3.0897107706182617E-4
3.113440969020383E-4
3.1332929769169356E-4
3.1501283173370907E-4
3.164804185222599E-4
3.1780648698906535E-4
3.1904864664665994E-4
3.202469975157978E-4
3.214267074752613E-4
3.226020080828349E-4
3.237801312295953E-4
3.2496437387196216E-4
3.2615609386862205E-4
3.2735581745229215E-4
3.2856376443640565E-4
3.297800597493524E-4
3.310048047835484E-4
3.3223809711002683E-4
3.334800348173833E-4
3.3473071727263884E-4
3.3599024526519627E-4
3.3725872107549375E-4
3.385362485330381E-4
3.3982293306782227E-4
3.411188817553673E-4
3.424242033556262E-4
3.4373900834597877E-4
3.450634089485456E-4
3.463975191520341E-4
3.4774145472833614E-4
3.4909533324407166E-4
3.5045927406728635E-4
3.518333983694607E-4
3.5321782912298567E-4
3.546126910941473E-4
3.5601811083150163E-4
3.574342166491066E-4
3.5886113860320685E-4
3.602990084591007E-4
3.617479596410736E-4
3.632081271505746E-4
3.646796474228814E-4
3.6616265806458726E-4
3.676572973641932E-4
3.691637033822755E-4
3.706820122883547E-4
3.722123553997487E-4
3.737548540827563E-4
3.75309611316977E-4
3.768766983856881E-4
3.784561350541487E-4
3.8004786216167945E-4
3.8165170751420754E-4
3.8326735041485367E-4
3.848942985118929E-4
3.865319043060259E-4
3.881794684671296E-4
3.898365022078043E-4
3.915032473507564E-4
3.931815717734253E-4
3.94876355525309E-4
3.96597440510977E-4
3.98362115105588E-4
4.001979324861631E-4
4.021454239604556E-4
4.0426000177240176E-4
4.066121216405674E-4
4.092846972616675E-4
4.1236694083436994E-4
4.159443288731789E-4
4.2008526326491193E-4
4.248260891204329E-4
4.3015717819121116E-4
4.3601342379208217E-4
4.4227235791901524E-4
4.4876198253699675E-4
4.5527838693683467E-4
4.6161074179162497E-4
4.6756904366762283E-4
4.7300881936907077E-4
4.7784742716319934E-4
4.820686321516679E-4
4.8571520120093537E-4
4.88872347084677E-4
4.916469077289624E-4
4.941475372167211E-4
4.964699440465696E-4
4.986889931506384E-4
5.00857228499394E-4
5.030078547293866E-4
5.051597603361648E-4
5.073225977077665E-4
5.095008119747227E-4
5.116962761284641E-4
5.139097627231162E-4
5.161416449808858E-4
5.183921797889094E-4
5.206616028486001E-4
5.229501543630539E-4
5.252580839927336E-4
5.275856509986898E-4
5.299331235814292E-4
5.323007781498298E-4
5.346888986072555E-4
5.3709777565952E-4
5.395277061442274E-4
5.419789923810377E-4
5.444519415423875E-4
5.469468650442458E-4
5.494640779564415E-4
5.520038984321566E-4
5.545666471561374E-4
5.571526468112117E-4
5.59762221562656E-4
5.623956965599227E-4
5.650533974551049E-4
5.677356499372105E-4
5.704427792806171E-4
5.731751099045144E-4
5.759329649368025E-4
5.787166657688903E-4
5.815265315736162E-4
5.843628787305203E-4
5.872260200494509E-4
5.901162635858344E-4
5.930339106686721E-4
5.959792524718172E-4
5.989525639933492E-4
6.019540936055232E-4
6.04984045357792E-4
6.080425499896013E-4
6.111296193343679E-4
6.142450779689968E-4
6.173884665524385E-4
6.205589148934086E-4
6.237549916367881E-4
6.269745542019079E-4
6.302146495201957E-4
6.334715536729103E-4
6.367410832510493E-4
6.400193532889463E-4
6.433041778693588E-4
6.465972839285435E-4
6.499074066875725E-4
6.532541327235404E-4
6.566720509242998E-4
6.602143970229926E-4
6.639550187278287E-4
6.679872791134106E-4
6.724186144213975E-4
6.773600024262646E-4
6.829106194082937E-4
6.891393486031105E-4
6.960662417383478E-4
7.036480662744272E-4
7.117722020128466E-4
7.202620472910537E-4
7.288947738202664E-4
7.374292065404401E-4
7.456386746568078E-4
7.533418948630637E-4
7.604250687524439E-4
7.668505497005606E-4
7.726510412795266E-4
7.77912125942186E-4
7.827486715348991E-4
7.872814485371646E-4
7.916190450074882E-4
7.958476116598461E-4
8.000282315941485E-4
8.041997762265707E-4
8.083844324193926E-4
8.125956096293319E-4
8.168404218685038E-4
8.211227984829504E-4
8.254452382915103E-4
8.298096525605661E-4
8.342177089661971E-4
8.386709497905731E-4
8.431708261497115E-4
8.477187070066951E-4
8.523158822617914E-4
8.56963564796898E-4
8.616628923718509E-4
8.664149294803878E-4
8.712206691725694E-4
8.760810348441754E-4
8.809968819935727E-4
8.859689999465564E-4
8.90998113549663E-4
8.960848848324255E-4
9.012299146390499E-4
9.064337442299876E-4
9.116968568538211E-4
9.170196792898851E-4
9.224025833619044E-4
9.278458874227454E-4
9.333498578098457E-4
9.389147102697847E-4
9.445406113479032E-4
9.502276797334726E-4
9.559759875395199E-4
9.617855614729992E-4
9.676563838046696E-4
9.735883929586821E-4
9.795814833756676E-4
9.856355040046652E-4
9.917502542642332E-4
9.979254754629101E-4
0.0010041608343344596
0.001010455893369948
0.0010168100599214516
0.0010232225027015742
0.0010296920207885822
0.0010362168477185052
0.0010427943738282634
0.0010494207770130539
0.0010560905698349281
0.0010627961041032735
0.0010695271258075669
0.001076270542448077
0.001083010642192806
0.001089730069231765
0.0010964118787899057
0.0011030429257798176
0.00110961864154187
0.001116148901563552
0.0011226642042273546
0.001129220850558591
0.0011359033913977373
0.0011428224945796127
0.0011501067788197278
0.0011578881732253702
0.0011662819242629992
0.0011753641836611472
0.001185151653272525
0.0011955884245422176
0.0012065444389723025
0.0012178277823281908
0.001229209708421383
0.0012404577778630061
0.001251369959911634
0.0012618019713394628
0.0012716818825880664
0.001281009615497262
0.0012898431627011901
0.0012982766988213102
0.0013064171265705499
0.0013143647455737771
0.0013222012848038067
0.001329985665136458
0.001337755665877422
0.0013457774126780491
0.0013540533343670289
0.001362579751701054
0.0013713499847235286
0.0013803561313264056
0.0013895899298406271
0.0013990431116278918
0.0014087075202455712
0.0014185751430617287
0.0014286381164426913
0.001438888724748065
0.0014493193982813353
0.0014599227111475425
0.0014706913791319852
0.001481618257606337
0.001492696339461865
0.0015039187530694164
0.001515278760265844
0.001526769754366573
0.0015383852582039844
0.0015501189221913028
0.0015619645224116678
0.0015739159587320603
0.0015859672529416865
0.001598112546914328
0.0016103461007938213
0.0016226622912011552
0.0016350556094600166
0.0016475206598339587
0.0016600521577604015
0.0016726449280498514
0.001685293902983843
0.0016979941201754707
0.0017107407199205608
0.0017235289415118882
0.0017363541175227774
0.001749211664248019
0.0017620970651085282
0.0017750058415958647
0.0017879335029096681
0.0018008754604928563
0.0018138268870316655
0.00182678249144579
0.001839736173109562
0.0018526805125910432
0.0018656060570665636
0.0018785003728796197
0.001891346873654742
0.0019041234978830722
0.001916801409127988
0.0019293440201861366
0.0019417067801445172
0.0019538382716642573
0.001965683187800758
0.001977187626576612
0.001988306801239179
0.0019990146986637986
0.002009314483905645
0.0020192476951773858
0.0020288997377254808
0.002038399144845868
0.002047908758219567
0.002057608453807491
0.002067671109481817
0.0020782356932161094
0.0020893829581478405
0.002101119575995293
0.002113375214048352
0.002126014176185021
0.002138859502949814
0.0021517240160563115
0.0021644408925588
0.0021768867013675737
0.0021889923528508226
0.002200741185097693
0.00221215704707977
0.002223287473229785
0.0022341872745169048
0.0022449063648503757
0.0022554833079690495
0.002294418442064792
0.002332536397671293
0.0023698566597501348
0.0024063938288860463
0.002442159946786974
0.002477165856753044
0.002511421875623749
0.002544938073742638
0.00257772437257308
0.0026097905730362073
0.002641146362698745
0.0026718013179357967
0.002701764905210974
0.00273104648224585
0.00275965529917209
0.0027876004996720116
0.0028148911221075597
0.0028415361006378995
0.0028675442663257107
0.002892924348232273
0.002917684974501475
0.002941834673432847
0.002965381874543703
0.0029883349096204376
0.0030107020137590083
0.003032491326394414
0.0030537108923185566
0.0030743686626850506
0.003094472495997237
0.003114030159070958
0.003133049327952987
0.003151537588753535
0.0031695024383043935
0.003186951284459659
0.003203891445670105
0.003220330149108431
0.0032362745259695907
0.0032517316014072178
0.0032667082745698587
0.00328121128090868
0.003295247123743555
0.0033088219543234393
0.003321941368728092
0.003334610075816693
0.0033468313739673165
0.0033586063583724017
0.00336993277077226
0.003380803408882905
0.0033912040460897437
0.0034011108878664437
0.0034104877224981974
0.003419283114049259
0.0034274282216229623
0.003434836070973381
0.0034414032814447906
0.003447015265496794
0.003451555664590517
0.0034549201862170598
0.0034570340580804496
0.003457871129930688
0.0034574714823020158
0.003455953608790122
0.0034535172187161512
0.0034504337491441514
0.0034470238118424184
0.003443623700220776
0.003440546049238837
0.0034380418733840753
0.0034362716777715024
0.0034352917340462266
0.00343505818592166
0.003435447327147776
0.0034362865130342984
0.0034373879803287185
0.0034385780266747643
0.003439716334277675
0.0034407037258064503
0.003441479987281994
0.0034420154925800897
0.003442300785497937
0.006756169356166968
0.0067000472618323325
0.006644401565558257
0.006589221276543052
0.0065344999152026585
0.0064802328281520155
0.00642641601494897
0.0063730456889589445
0.006320118138808456
0.006267629692348573
0.00621557670908688
0.006163955578825876
0.006112762721301491
0.006061994585929277
0.006011647651558114
0.00596171842622595
0.005912203446917665
0.005863099279324849
0.005814402517607642
0.00576610978415852
0.005718217729368066
0.005670723031392681
0.005623622395924181
0.005576912555961348
0.005530590271583248
0.005484652329724272
0.005439095543950557
0.005393916754237071
0.005349112826743722
0.005304680653586532
0.005260617152595063
0.005216919267036346
0.005173583965262512
0.005130608240191072
0.005087989108429644
0.00504572360866544
0.005003808798574568
0.0049622417488303745
0.004921019531581259
0.00488013919868219
0.004839597741503342
0.0047993920186417596
0.00475951862955105
0.004719973700248947
0.004680752531522475
0.004641849041073206
0.004603254911331739
0.004564958339631804
0.00452694228634321
0.004489182142866353
0.004451642811568991
0.004414275319815239
0.004377013289253229
0.004339769842331443
0.004302435816976665
0.0042648804099163495
0.004226955478506439
0.004188504580944976
0.004149377319906622
0.004109448630101515
0.004068641382779357
0.004026949283161815
0.0039844558656791824
0.003941344881185726
0.003897897909989483
0.003854476811018275
0.003811491471993281
0.0037693566973152266
0.003728445080741217
0.0036890443986626097
0.0036513277187744555
0.0036153419037342643
0.0035810160663836263
0.0035481869613717787
0.0035166346514665086
0.003486120148672484
0.003456417475576401
0.0034273352556271433
0.003398726439456894
0.0033704878814407846
