1.285952757433475E-6
2.5906901739432227E-6
3.914869454108828E-6
5.259569006005052E-6
6.626575597135778E-6
8.018776703432475E-6
9.440628283941985E-6
1.0898608613911457E-5
1.2401494542496456E-5
1.3960232116039893E-5
1.5587159291776802E-5
1.729442039015273E-5
1.90916194733508E-5
2.0983076732669307E-5
2.2965392216080985E-5
2.5026230089386448E-5
2.7145136759279447E-5
2.9296693509298954E-5
3.1455460882373724E-5
3.360131813602755E-5
3.572339856579518E-5
3.782121507544298E-5
3.9902699808543666E-5
4.1980202961974926E-5
4.4066264609337976E-5
4.617075472925328E-5
4.829998567271242E-5
5.045734412257372E-5
5.264450574467774E-5
5.486249596543134E-5
5.582641340800739E-5
5.680493972991849E-5
5.779983169640489E-5
5.8813941191235226E-5
5.985180798508534E-5
6.092041788008986E-5
6.203005582880806E-5
6.319508333953107E-5
6.4434346532824E-5
6.577081155954927E-5
6.722998847880252E-5
6.883681703640165E-5
7.061100694193153E-5
7.256135366453887E-5
7.468019263319196E-5
7.69396953570941E-5
7.92918457808783E-5
8.167337388717713E-5
8.401556948974153E-5
8.625704019686389E-5
8.835584512536971E-5
9.029697198758668E-5
9.209244119993105E-5
9.377412632931962E-5
9.538237082276876E-5
9.695499575199706E-5
9.852044559563474E-5
1.0009622851163047E-4
1.0169120037334275E-4
1.0330913591127839E-4
1.049516418355505E-4
1.0661981347122257E-4
1.0831500560612132E-4
1.1003931431624352E-4
1.117961720299283E-4
1.1359124409181798E-4
1.154336967245603E-4
1.1733780205378946E-4
1.1932467587447863E-4
1.2142369669315001E-4
1.236728798322977E-4
1.2611728738413233E-4
1.288046020399258E-4
1.3177744057731706E-4
1.3506290964688752E-4
1.3866120905171167E-4
1.4253640354705506E-4
1.466131995894874E-4
1.5078297926225616E-4
1.5492003840803688E-4
1.5890527528253614E-4
1.626508259401396E-4
1.6611737649946767E-4
1.6931772299165793E-4
1.7230544953687898E-4
1.75153916823298E-4
1.7793453860186648E-4
1.807023183992998E-4
1.8349168627804978E-4
1.8632025334196738E-4
1.8919550717809403E-4
1.9212043101399267E-4
1.950966684120318E-4
1.981258566300199E-4
2.0121027045659137E-4
2.043535642327119E-4
2.075619986330957E-4
2.1084634682414766E-4
2.1422453458404554E-4
2.1772481029069473E-4
2.2138881602709305E-4
2.252734017081865E-4
2.2944956467053145E-4
2.339967903470408E-4
2.38991634717632E-4
2.4449083809858146E-4
2.505115081637345E-4
2.5701340825524336E-4
2.638900808719902E-4
2.7097510558612585E-4
2.780662748397104E-4
2.8496416221837216E-4
2.9151463332893475E-4
2.976409433572239E-4
3.0335337421649966E-4
3.0873309558122317E-4
3.138981010373451E-4
3.189663437854944E-4
3.240302082065105E-4
3.291482845986282E-4
3.343509255429104E-4
3.396512195733636E-4
3.4505437917568116E-4
3.5056299450753184E-4
3.561790926274993E-4
3.6190489952859833E-4
3.6774363422272774E-4
3.737010071719987E-4
3.7978781489855166E-4
3.860238556230091E-4
3.9244303396896265E-4
3.990988691950934E-4
4.060687361758915E-4
4.1345430397907173E-4
4.213752415125789E-4
4.299538781618229E-4
4.392905591577852E-4
4.4943290422482505E-4
4.603463076403521E-4
4.7189618867204714E-4
4.838525409370387E-4
4.959224737194754E-4
5.078068102600714E-4
5.19265585345938E-4
5.301702184315369E-4
5.405226369540357E-4
5.504345703798652E-4
5.600777556853935E-4
5.696279046395271E-4
5.792246740144948E-4
5.889577694260627E-4
5.988744116453178E-4
6.089955559048222E-4
6.193299913099729E-4
6.298821869515871E-4
6.406551674473731E-4
6.516512522195351E-4
6.628726709632673E-4
6.743230997688747E-4
6.860107932765492E-4
6.979538226996432E-4
7.101874887637732E-4
7.227730665141488E-4
7.358057062310373E-4
7.49417891835231E-4
7.637739885890521E-4
7.790519292373588E-4
7.954107047763131E-4
8.129471741649717E-4
8.316518536499573E-4
8.513785369861011E-4
8.718436136329497E-4
8.926649474856181E-4
9.134368795585551E-4
9.33821514295135E-4
9.536251660930923E-4
9.728308772569965E-4
9.915752693411886E-4
0.0010100828388258916
0.0010285889212028334
0.0010472853981973965
0.0010662991682408598
0.0010857006134707549
0.0011055248698346608
0.0011257906322428791
0.001146510447767403
0.0011676940533771414
0.0011893485818684944
0.0012114783888558655
0.0012340859671031814
0.0012571749884188698
0.0012807564099497413
0.0013048581173447933
0.0013295374348763498
0.0013548940142794493
0.0013810785003814463
0.0014082907964388593
0.0014367618719895996
0.0014667159580176968
0.0014983160573800133
0.0015316039798279545
0.0015664537763430632
0.0016025601815095963
0.0016394773304962682
0.0016767065806344123
0.0017138106098247494
0.0017505146806922748
0.0017867562941372153
0.0018226650732598906
0.0018584864134924028
0.001894595384112051
0.0019313038765563257
0.0019688323202856567
0.002007319059855189
0.002046846525887109
0.0020874649620945093
0.0021292057199454304
0.0021720857151038327
0.002216107633245063
0.0022612592497980484
0.002307513717204781
0.0023548322779530562
0.0024031709305748768
0.0024524922295347156
0.0025027821736989635
0.0025540699263401855
0.002606445261481545
0.0026600660899598486
0.002715147622652576
0.002771927188109632
0.00283060528099609
0.002891273348123302
0.002953849109961636
0.0030180457244878864
0.0030833963423649996
0.0031493382918909374
0.0032153358529681524
0.003280999254556079
0.0033461539898118524
0.003410834789857725
0.003480014503878009
0.0035534734102557752
0.0036309752311805194
0.0037122295029938333
0.003796895566704098
0.0038846064106056637
0.003974991184021868
0.004067686986290355
0.004162341043855995
0.0042586078864689444
0.004356145009064378
0.004454609050772052
0.004553654346285799
0.0046529361384066775
0.004752120787947422
0.004850904347114583
0.004949038556873156
0.005046359830610939
0.005142812943395856
0.005238458531249913
0.0053334540758663545
0.005428003394167196
0.005522279898478334
0.005616341634565117
0.005710066073662579
0.005803133151425747
0.005895071688707807
0.00598535942309872
0.006073541286496894
0.006159319311938059
0.006455124238427702
0.006734114660303811
0.006997063406286219
0.007244697499146738
0.007477670908066223
0.0076965670560122075
0.007901916401799844
0.00809421333596681
0.008273924748825599
0.008441490551694037
0.008597319331656363
0.008741781731805445
0.008875203385868074
0.008997859638588212
0.009109975326741942
0.009211733641814266
0.009303297736662148
0.009384846615311313
0.009456622701311633
0.009518982869131307
0.009572439244952243
0.009617673233213898
0.009655508688508245
0.009686839526789037
0.009712522305608854
0.00973326065355283
0.009749518143109533
0.009761491852466381
0.009769158496576828
0.009772375863647693
0.019181745598570117
0.018751480712368818
0.018331585451861046
0.017921430734541905
0.017520583594785206
0.01712874038696953
0.016745664708276372
0.01637114719513719
0.016004985552349537
0.015646975478710114
0.015296904586690358
0.014954545578375288
0.014619647957443999
0.014291929220395702
0.013971067768103945
0.013656701078335194
0.01334843359923153
0.013045858641219286
0.012748596535643886
0.01245634714281342
0.01216894887995415
0.011886430318911921
0.011609036546292965
0.011337213656450363
0.01107154283915034
0.010812630060706176
0.010560974449311148
0.010316851249229358
0.01008024614311987
0.009850863189362824
