3.8566121060786475E-7
7.77890466924303E-7
1.176799667298499E-6
1.5825029694916778E-6
1.9951168279460133E-6
2.4147601039268874E-6
2.8415542412612215E-6
3.2756234998125344E-6
3.7170952366867858E-6
4.166100219856542E-6
4.622772949934215E-6
5.0872519539320065E-6
5.559680001925906E-6
6.040204186598199E-6
6.528975800495025E-6
7.026149950615621E-6
7.531884868172638E-6
8.046340904825447E-6
8.56967925425782E-6
9.102060494681398E-6
9.643643104723336E-6
1.0194582150124341E-5
1.075502835870019E-5
1.1325127785257149E-5
1.190502221143255E-5
1.2494850331125795E-5
1.3094749653333125E-5
1.370485893211763E-5
1.432532083363534E-5
1.4956284496225938E-5
1.559790764682306E-5
1.6250358007293724E-5
1.6913813844795387E-5
1.758846366549962E-5
1.8274505189690348E-5
1.8972143849172083E-5
1.968159109592755E-5
2.0403062799463168E-5
2.1136777949476792E-5
2.1882957791225046E-5
2.2256164217248756E-5
2.2635715381279232E-5
2.302172662539316E-5
2.3414313886881042E-5
2.3813594412020355E-5
2.4219687481548557E-5
2.4632715118512503E-5
2.5052802767620072E-5
2.5480079940401876E-5
2.5914680812623667E-5
2.635674474239295E-5
2.6806416653861156E-5
2.7263847207875607E-5
2.77291926634745E-5
2.820261432906642E-5
2.868427751547981E-5
2.917434993944083E-5
2.9672999587245756E-5
3.0180392131764843E-5
3.069668809299954E-5
3.122204002862362E-5
3.175659011675972E-5
3.230046852724287E-5
3.285379295113878E-5
3.341666956091523E-5
3.398919550824707E-5
3.457146285182435E-5
3.516356357769734E-5
3.576559517343957E-5
3.6377666089218606E-5
3.6999900397796106E-5
3.7632441065092904E-5
3.8275451450512026E-5
3.89291149335124E-5
3.9593632854345736E-5
4.02692212028438E-5
4.0956106641313705E-5
4.165452248108374E-5
4.236470515120388E-5
4.3086891532578624E-5
4.3821317327889835E-5
4.456821644569902E-5
4.532782123413167E-5
4.61003633247226E-5
4.688607483913244E-5
4.768518975348414E-5
4.849794528209932E-5
4.932458320994135E-5
5.0165351152940234E-5
5.102050374825084E-5
5.189030377130055E-5
5.277502314810364E-5
5.3674943788151555E-5
5.459035811537396E-5
5.5521569133340295E-5
5.646888983778915E-5
5.743264179654482E-5
5.841315276422389E-5
5.9410753293142E-5
6.042577244144979E-5
6.145853285332588E-5
6.25093456705556E-5
6.357850589563584E-5
6.466628892296342E-5
6.577294894790645E-5
6.689871982727142E-5
6.804381869537787E-5
6.920845226408803E-5
7.039282530963074E-5
7.159715045338238E-5
7.282165806384333E-5
7.406660501423812E-5
7.533228116069884E-5
7.661901274747207E-5
7.79271624356325E-5
7.925712619079542E-5
8.060932774078147E-5
8.198421162965925E-5
8.338223599472774E-5
8.480386607650306E-5
8.624956919158203E-5
8.771981153123977E-5
8.92150567899099E-5
9.073576635166797E-5
9.228240060995785E-5
9.385542096825853E-5
9.545529213857246E-5
9.708248447567609E-5
9.873747621253767E-5
1.0042075556161407E-4
1.0213282269926757E-4
1.0387419165280052E-4
1.0564539206897091E-4
1.0744697077288217E-4
1.0927949294325308E-4
1.1114354265222955E-4
1.1303972246434836E-4
1.1496865178005122E-4
1.1693096366316335E-4
1.18927300022618E-4
1.2095830522926438E-4
1.2302461852505881E-4
1.2512686589015275E-4
1.2726565231928344E-4
1.2944155565491764E-4
1.316551231626554E-4
1.3390687186330805E-4
1.3619729323997805E-4
1.3852686235072594E-4
1.4089605068386376E-4
1.4330534142122737E-4
1.457552452691706E-4
1.4824631480342307E-4
1.5077915542433725E-4
1.5335443152617143E-4
1.559728672558917E-4
1.5863524211510643E-4
1.61342382457126E-4
1.6409515048460886E-4
1.6689443256075846E-4
1.697411286772447E-4
1.72636144280671E-4
1.7558038507455798E-4
1.7857475482837982E-4
1.8162015576503215E-4
1.8471749083494762E-4
1.878676671276223E-4
1.9107159977637287E-4
1.943302159080752E-4
1.9764445840220472E-4
2.0101528939526616E-4
2.0444369356576307E-4
2.079306812538106E-4
2.114772914184247E-4
2.1508459433423796E-4
2.1875369380194772E-4
2.224857285193783E-4
2.2628187216111264E-4
2.3014333167483854E-4
2.3407134335232628E-4
2.3806716639691744E-4
2.4213207399763212E-4
2.4626734231867763E-4
2.5047423827733296E-4
2.547540074359012E-4
2.591078636736611E-4
2.635369824257067E-4
2.680424990910344E-4
2.726255136855872E-4
2.7728710198334926E-4
2.82028332367369E-4
2.8685028658827964E-4
2.9175408181838055E-4
2.967408909927339E-4
3.0181195856806957E-4
3.069686095119055E-4
3.1221225043547685E-4
3.1754436307656497E-4
3.2296649154478984E-4
3.284802256085472E-4
3.340871933022916E-4
3.397890534220991E-4
3.45587489860776E-4
3.5148420887921855E-4
3.5748093953732096E-4
3.6357943680686146E-4
3.6978148647363846E-4
3.7608891082626864E-4
3.8250357426535106E-4
3.890273882456097E-4
3.956623152755953E-4
4.024103719585516E-4
4.092736312150495E-4
4.16254223869794E-4
4.233543397239179E-4
4.305762280962238E-4
4.37922197634029E-4
4.453946150010468E-4
4.529959018841478E-4
4.6072852966527625E-4
4.6859501112369727E-4
4.765978887064504E-4
4.847397192534768E-4
4.930230555792437E-4
5.014504259429024E-4
5.100243130852543E-4
5.187471350363175E-4
5.276212301503311E-4
5.366488486750732E-4
5.458321525411206E-4
5.551732239935775E-4
5.646740823269043E-4
5.743367065662972E-4
5.841630607647618E-4
5.941551179359668E-4
6.04314878707634E-4
6.146443815920066E-4
6.251457031838257E-4
6.358209483156776E-4
6.466722318512E-4
6.577022794249552E-4
6.689143379937824E-4
6.803120915406331E-4
6.918995843211324E-4
7.03681152937743E-4
7.156613673686433E-4
7.278449801320874E-4
7.402368821937414E-4
7.528420640603289E-4
7.65665580675727E-4
7.787125191104176E-4
7.919879684657817E-4
8.054969917844928E-4
8.19244599998866E-4
8.332357280396023E-4
8.474752131806334E-4
8.619677755421296E-4
8.767180004503385E-4
8.917303220999133E-4
9.070090077268078E-4
9.225581413301247E-4
9.383816059381419E-4
9.544830635538227E-4
9.708659322784248E-4
9.875333607026059E-4
0.0010044882004241688
0.0010217329783901608
0.001039269871503859
0.0010571006863904719
0.001075226847200351
0.0010936493937334906
0.0011123689909986266
0.0011313859497213514
0.0011507002555690578
0.001170311603329822
0.0011902194313294443
0.001210422951257318
0.001230921169377027
0.0012517128966806068
0.001272796747569786
0.0012942077857977323
0.001315977727497802
0.001338135080160935
0.0013607052764275894
0.001383710806032897
0.0014071713479638815
0.0014311039034999868
0.001455522929639312
0.001480440471672667
0.0015058662934149594
0.001531808003764838
0.0015582711786840569
0.0015852594781950585
0.0016127747584474552
0.001640817179216065
0.0016693853073347553
0.0016984762165505815
0.0017280855841305261
0.0017582077843032726
0.0017888359783090756
0.0018199622005049402
0.001851577439685342
0.0018836717145980974
0.0019162341426345849
0.0019492530009175405
0.001982715779530275
0.0020166092274057443
0.0020509193923287767
0.0020856316574357457
0.0021207307773093696
0.0021562009170432122
0.0021920256973248084
0.0022281882476048926
0.002264671267882908
0.002301457097802611
0.0023385277899886747
0.002375865183268645
0.002413450970941504
0.0024512667597282665
0.0024892941163943793
0.0025296666603648495
0.002572219338132147
0.0026167933682915375
0.0026632360327919096
0.002711400472870728
0.0027611454929054634
0.0028123353741738213
0.0028648396991157615
0.0029185331854761163
0.0029732955289084027
0.0030290112523158707
0.003085569560334432
0.003142864197776181
0.0032007933113811816
0.0032592593147257112
0.003318168756517461
0.0033774321927342306
0.0034369640631314144
0.003496682572568901
0.0035565095774072073
0.0036163704769127595
0.0036761941092170593
0.003735912650934877
0.003795461519127976
0.0038547792739914762
0.003913807520539944
0.003972490807767491
0.004030776524298533
0.004088614790411555
0.004145958347401665
0.004202762446359065
0.004258984739339306
0.004314585176344164
0.004369525911342775
0.004423771219691705
0.00447728742787175
0.004530042854718583
0.004582007761654511
0.004633154308211572
0.004683456508660404
0.004859232880626555
0.00502766209371649
0.005188943475991982
0.005343271713274124
0.005490836943991607
0.005631824850745998
0.005766416749914079
0.0058947896803268115
0.006017116491593319
0.006133565932131641
0.0062443027365646124
0.006349487711925648
0.006449277822115994
0.006543826270229302
0.006633282578647348
0.006717792667143571
0.006797498929551045
0.006872540309814071
0.006943052378413877
0.007009167410205946
0.0070710144645942516
0.007128719468664801
0.007182405303390327
0.0072321918923157
0.007278196291301562
0.007320532777058962
0.00735931293151375
0.007394645718681559
0.007426637550882257
0.007455392341878403
0.007481011545877843
0.007503594183147158
0.0075232368549573315
0.007540033752349018
0.007554076664370431
0.007565454991697376
0.007574255770755399
0.0075805637117218145
0.007584461251409091
0.007586028619501004
0.015002649359859043
0.014747099671131867
0.014495906704762845
0.01424899548294488
0.014006292342175614
0.01376772495506699
0.013533222331898312
0.013302714804168678
0.01307613399448157
0.012853412777879105
0.012634485239410506
0.01241928663165708
0.0122077533345925
0.011999822818916655
0.01179543361310697
0.011594525273969307
0.011397038360400109
0.011202914410275147
0.011012095920712723
0.010824526332281611
0.010640150017921367
0.010458912277328071
0.010280759337278999
0.010105638357808101
0.00993349744333285
0.009764285656858444
0.009597953034397
0.009434450595932039
0.00927373034885189
0.009115745279963061
0.008960449333095767
0.008807797370919131
0.008657745121728176
0.008510249114327947
0.008365266606295574
0.008222755512394523
0.008082674340379457
0.007944982140677431
0.0078096384745299785
0.007676603402453612
