1.748204960507541E-6
3.555366662527985E-6
5.423535163526847E-6
7.354832222033541E-6
9.351443748151459E-6
1.141561024616107E-5
1.3549617244217547E-5
1.57557885621658E-5
1.8036485373852812E-5
2.039411313233754E-5
2.2831136627845172E-5
2.535010121747749E-5
2.795365637886685E-5
3.064457698483095E-5
3.342577849320459E-5
3.6300324371683845E-5
3.927142667665685E-5
4.2342442648004306E-5
4.551687061359199E-5
4.8798347281352556E-5
5.044244133290452E-5
5.2142309177869365E-5
5.3899937043329045E-5
5.571735460713735E-5
5.7596622873892596E-5
5.953982004390376E-5
6.154902892143612E-5
6.362633029688739E-5
6.577380650274539E-5
6.79935577994002E-5
7.028773151785521E-5
7.265856052477927E-5
7.510840454987822E-5
7.763978636378037E-5
8.025541556717293E-5
8.295819593219996E-5
8.575121690922672E-5
8.863773438978946E-5
9.162114832447295E-5
9.470498430787371E-5
9.789288305361839E-5
1.0118859722721303E-4
1.0459599133619759E-4
1.0811903881062567E-4
1.1176181151542622E-4
1.1552846014526978E-4
1.1942318809124261E-4
1.2345022518234035E-4
1.2761381013136512E-4
1.3191819073978415E-4
1.3636764844141992E-4
1.4096654865526113E-4
1.4571941161983226E-4
1.5063099179999655E-4
1.5570635001228497E-4
1.6095090309431592E-4
1.6637044172555711E-4
1.719711162581027E-4
1.7775939976685324E-4
1.83742043243213E-4
1.8992603828972757E-4
1.963185965568413E-4
2.0292714621147345E-4
2.0975933781608973E-4
2.16823048202446E-4
2.2412637227917093E-4
2.316775981895949E-4
2.3948516866406554E-4
2.4755763849831745E-4
2.5590364293946537E-4
2.645318929063283E-4
2.734512094209715E-4
2.8267060129581647E-4
2.9219937845158055E-4
3.0204728145511166E-4
3.122246002561411E-4
3.227422553722098E-4
3.336118240718361E-4
3.44845509859273E-4
3.5645607000869676E-4
3.6845674670778607E-4
3.8086122206783257E-4
3.9368360854098033E-4
4.0693847218902255E-4
4.2064087339008797E-4
4.348064032794758E-4
4.494511963769612E-4
4.6459190884642367E-4
4.802456641495481E-4
4.96429979824128E-4
5.131626977524314E-4
5.304619432610644E-4
5.483461340341505E-4
5.66834047752023E-4
5.859449395891325E-4
6.056986820968062E-4
6.261158873185894E-4
6.472179702867063E-4
6.690271265077795E-4
6.9156621999711E-4
7.148592089498307E-4
7.389314015815365E-4
7.63809601918094E-4
7.895221894780983E-4
8.160991525558972E-4
8.435720722330752E-4
8.719740415127444E-4
9.013395040572067E-4
9.317040076101756E-4
9.631038831474164E-4
9.955758768003921E-4
0.0010291567733679847
0.0010638830544262208
0.0010997906281031923
0.001136914650635218
0.0011752894343112163
0.0012149484090004704
0.0012559240847263796
0.0012982479595608908
0.001341950334050967
0.0013870780838482516
0.0014336906744236053
0.001481856584366637
0.0015316501560758977
0.0015831488770712023
0.0016364310669645186
0.0016915739181380886
0.0017486518238109992
0.0018077349297274427
0.0018688878622536466
0.0019321686094676352
0.0019976275559599067
0.0020653066911052735
0.0021352390202459257
0.002207448205065643
0.002281948441864721
0.002358744557021098
0.002437832265702383
0.002519198515021722
0.00260282182798278
0.0026892116889854797
0.0027787793474645934
0.002871847027021686
0.0029686564186868483
0.003069376569882932
0.003174111257656158
0.003282905895356814
0.0033957539832142206
0.003512603089354309
0.0036333603442613334
0.0037578974452036314
0.0038860551899053694
0.004017647582965321
0.004152465578323011
0.004290280531820616
0.004430847435437922
0.004573907986483758
0.004719193512551301
0.004866427734261138
0.005015329315760455
0.005181708492450185
0.005363123922276267
0.0055573156777162765
0.005762194460421468
0.005975831318159868
0.006196447914938288
0.006422407385096688
0.006652205764608224
0.006884463954918677
0.0071179201505372535
0.007351422656729737
0.0075839230352151505
0.007814469537015948
0.008042200806382
0.008266339863682255
0.008486188394464774
0.008701121381693397
0.008910582113573798
0.00911407757852425
0.009311174225999645
0.009981973305998789
0.010597386114345053
0.011160370063055907
0.011673746531853246
0.012140206636247628
0.01256231674185923
0.012942523768334546
0.013283160325995335
0.013586449712780987
0.013854510774723107
0.014089362609188395
0.0142929290736519
0.014467043057382672
0.01461345047989932
0.014733813997761702
0.014829716428240821
0.014902663930027451
0.014954089009286482
0.014985353433976247
0.01499775113246196
0.02933670290542294
0.02835402244821668
0.027404270827625907
0.02648634120783953
0.02559916364635247
0.024741704280354746
0.023912964362737668
0.02311197917676213
0.022337816900952573
0.021589577500642127
0.020866391695364334
0.020167420008820134
0.01949185186922603
0.01883890470569434
0.018207822985917662
0.017597877159929404
0.017008362507771595
0.016438597926505247
0.015887924723583812
0.015355705498905975
