7.101235285216031E-8
1.425669367427735E-7
2.1466734455890736E-7
2.873173252393006E-7
3.6052076767816425E-7
4.342816826916906E-7
5.086041848073665E-7
5.834924752261451E-7
6.589508268647083E-7
7.349835719654572E-7
8.115950924057695E-7
8.887898125680438E-7
9.665721944544447E-7
1.0449467346381888E-6
1.1239179626212272E-6
1.2034904401968147E-6
1.2836687614747513E-6
1.3644575532999971E-6
1.4458614758685435E-6
1.5278852234095441E-6
1.6105335248551451E-6
1.6938111444582005E-6
1.777722882344256E-6
1.862273574999991E-6
1.9474680957087836E-6
2.0333113549473597E-6
2.1198083007583317E-6
2.2069639191130275E-6
2.294783234278887E-6
2.383271309206406E-6
2.472433245953117E-6
2.562274186166309E-6
2.6527993116532568E-6
2.744013845077497E-6
2.835923050833239E-6
2.9285322361675017E-6
3.0218467526420203E-6
3.1158719980543274E-6
3.2106134189703868E-6
3.3060765140589727E-6
3.402266838459744E-6
3.49919000946061E-6
3.5968517138017704E-6
3.6952577169587637E-6
3.7944138747776438E-6
3.894326147832876E-6
3.9950006188417045E-6
4.096443513384959E-6
4.198661224040574E-6
4.301660337820431E-6
4.405447666504383E-6
4.510030279083327E-6
4.61541553506101E-6
4.721611116836426E-6
4.828625058824962E-6
4.936465770420655E-6
5.0451420494138245E-6
5.154663082130613E-6
5.265038426436174E-6
5.3762779739234795E-6
5.488391888171123E-6
5.6013905169479715E-6
5.715284277690996E-6
5.83008351745722E-6
5.94579835076825E-6
6.0624384811837146E-6
6.180013014856268E-6
6.298530276490655E-6
6.417997639781213E-6
6.538421385271215E-6
6.659806598436357E-6
6.782157119493719E-6
6.90547555393373E-6
7.029763349154922E-6
7.155020938077784E-6
7.281247945583303E-6
7.408443448522227E-6
7.5366062753857794E-6
7.66573532802308E-6
7.795829905471487E-6
7.926890009336225E-6
8.058916611342108E-6
8.191911866604388E-6
8.3258792605513E-6
8.46082368282834E-6
8.596751427361864E-6
8.73367012344943E-6
8.871588607704053E-6
9.01051675044289E-6
9.15046525237104E-6
9.220433075202622E-6
9.290902055042574E-6
9.361880514692192E-6
9.433376650096375E-6
9.505398407094566E-6
9.577953396057724E-6
9.651048842431794E-6
9.724691568916117E-6
9.798888003523438E-6
9.873644207088014E-6
9.948965913813967E-6
1.0024858579032844E-5
1.0101327429283875E-5
1.0178377510960077E-5
1.02560137349197E-5
1.0334240915522134E-5
1.041306380343369E-5
1.0492487112222014E-5
1.057251553921724E-5
1.0653153781384363E-5
1.0734406547062023E-5
1.0816278564420194E-5
1.0898774587412736E-5
1.0981899399886592E-5
1.1065657818382E-5
1.1150054694037272E-5
1.123509491390549E-5
1.1320783401906019E-5
1.1407125119569866E-5
1.1494125066693659E-5
1.1581788281989779E-5
1.1670119843807485E-5
1.1759124870998528E-5
1.184880852401052E-5
1.1939176006310011E-5
1.2030232566265418E-5
1.2121983499657412E-5
1.2214434153030868E-5
1.2307589928158673E-5
1.2401456287951672E-5
1.249603876422002E-5
1.2591342967764288E-5
1.2687374601344753E-5
1.278413947613516E-5
1.2881643532301906E-5
1.2979892864344299E-5
1.307889375176944E-5
1.3178652695534947E-5
1.3279176460451665E-5
1.3380472123376924E-5
1.3482547126529486E-5
1.3585409334611916E-5
1.3689067093639112E-5
1.3793529288465468E-5
1.3898805395020823E-5
1.4004905522277499E-5
1.411184043807253E-5
1.4219621572221782E-5
1.4328260990023502E-5
1.4437771329405826E-5
1.4548165695761552E-5
1.4659457510045753E-5
1.4771660308045124E-5
1.4884787491849867E-5
1.4998852038363694E-5
1.5113866173965336E-5
1.5229841028872692E-5
1.5346786288951333E-5
1.5464709866184165E-5
1.5583617611290838E-5
1.5703513092604234E-5
1.582439746392964E-5
1.5946269440544125E-5
1.606912539677295E-5
1.619295959098054E-5
1.6317764514863376E-5
1.6443531354371308E-5
1.657025054030678E-5
1.669791235860685E-5
1.6826507584394422E-5
1.6956028100815838E-5
1.708646746390469E-5
1.7217821378327432E-5
1.735008805559466E-5
1.7483268435526793E-5
1.7617366262522716E-5
1.77523880193992E-5
1.7888342732113386E-5
1.802524166752175E-5
1.8163097952669385E-5
1.8301926147465834E-5
1.844174180287794E-5
1.8582561034200816E-5
1.8724400134098424E-5
1.8867275243685114E-5
1.9011202092785518E-5
1.915619581347766E-5
1.9302270824782115E-5
1.9449440781405546E-5
1.959771857605105E-5
1.974711638301664E-5
1.989764573047476E-5
2.0049317589679558E-5
2.020214247103296E-5
2.035613051908623E-5
2.0511291600829523E-5
2.0667635383766082E-5
2.0825171402098398E-5
2.0983909110779494E-5
2.114385792818225E-5
2.1305027268744148E-5
2.146742656722583E-5
2.1631065296259593E-5
2.1795952978738556E-5
2.1962099196385776E-5
2.212951359559349E-5
2.2298205891381207E-5
2.2468185870105686E-5
2.2639463391380695E-5
2.2812048389529804E-5
2.298595087479894E-5
2.3161180934493558E-5
2.3337748734170486E-5
2.3515664519001302E-5
2.3694938615432096E-5
2.387558143328704E-5
2.4057603468502434E-5
2.4241015306733488E-5
2.4425827628144993E-5
2.4612051213785566E-5
2.479969695404621E-5
2.498877585982068E-5
2.5179299077109284E-5
2.5371277905934703E-5
2.556472382455149E-5
2.5759648520018996E-5
2.5956063926240065E-5
2.6153982270520536E-5
2.6353416129543123E-5
2.655437849533072E-5
2.6756882851267728E-5
2.6960943257512953E-5
2.7166574444155808E-5
2.7373791909231394E-5
2.7582612017242926E-5
2.779305209219865E-5
2.800513049745473E-5
2.821886669301235E-5
2.8434281259537E-5
2.865139587748169E-5
2.887023324955555E-5
2.909081695563626E-5
2.931317123129607E-5
2.95373206645422E-5
2.97632898101967E-5
2.9991102727442937E-5
3.0220782453151562E-5
3.045235043119461E-5
3.0685825925405394E-5
3.092122545036605E-5
3.11585622589506E-5
3.1397845927706265E-5
3.1639082080033735E-5
3.1882272282301886E-5
3.212741413942496E-5
3.237450160437291E-5
3.2623525501363266E-5
3.287447424626664E-5
3.312733473153887E-5
3.3382093328405584E-5
3.363873694767011E-5
3.389725409375106E-5
3.415763584530537E-5
3.441987670039858E-5
3.468397523434579E-5
3.4949934533112205E-5
3.521776238305242E-5
3.5487471216940184E-5
3.5759077834726987E-5
3.6032602933425825E-5
3.63080704924599E-5
3.658550706777299E-5
3.686494104963715E-5
3.714640193570969E-5
3.742991966332067E-5
3.771552403444942E-5
3.800324425480506E-5
3.8293108596285414E-5
3.8585144181096055E-5
3.887937687689319E-5
3.917583128600774E-5
3.947453080826718E-5
3.977549775595697E-5
4.0078753500611655E-5
4.0384318634001527E-5
4.0692213129247624E-5
4.100245649187535E-5
4.131506789432648E-5
4.163006629066374E-5
4.1947470510737586E-5
4.226729933489035E-5
4.2589571551390385E-5
4.291430599933677E-5
4.324152159988266E-5
4.357123737844472E-5
4.390347248021495E-5
4.423824618087306E-5
4.457557789398025E-5
4.491548717616093E-5
4.525799373087209E-5
4.560311741131933E-5
4.5950878222905225E-5
4.630129632548141E-5
4.6654392035603976E-5
4.701018582896042E-5
4.736869834313527E-5
4.772995038090627E-5
4.809396291431157E-5
4.8460757089801374E-5
4.883035423488413E-5
4.920277586679962E-5
4.957804370389952E-5
4.995617968058755E-5
5.0337205966863034E-5
5.072114499371373E-5
5.1108019485798086E-5
5.149785250302638E-5
5.189066749275319E-5
5.2286488354297106E-5
5.2685339517349335E-5
5.308724603546598E-5
5.349223369519618E-5
5.390032914041923E-5
5.4311560010107245E-5
5.47259550859655E-5
5.514354444425104E-5
5.556435960359408E-5
5.598843365797523E-5
5.6415801381350725E-5
5.6846499288036436E-5
5.7280565631216514E-5
5.7718040321211985E-5
5.815896474584565E-5
5.860338147773656E-5
5.9051333857930906E-5
5.9502865452050696E-5
5.99580193840164E-5
6.0416837563010645E-5
6.087935983103702E-5
6.134562307024145E-5
6.181566031992396E-5
6.228949996155114E-5
6.276716503476686E-5
6.324867274723464E-5
6.373403423532384E-5
6.422325462089093E-5
6.47163333920455E-5
6.521326511387634E-5
6.571404045034776E-5
6.621864745318573E-5
6.672707305009938E-5
6.723930464567243E-5
6.775533173595387E-5
6.827514743380482E-5
6.879874980716522E-5
6.93261429463398E-5
6.985733769788899E-5
7.039235202957995E-5
7.09312110203234E-5
7.147394649801923E-5
7.202059637450142E-5
7.257120374579342E-5
7.312581583810192E-5
7.368448288397248E-5
7.424725700909048E-5
7.481419119952575E-5
7.538533840360968E-5
7.596075080431002E-5
7.654047927915786E-5
7.712457304747907E-5
7.771307949040796E-5
7.830604411884232E-5
7.890351065845212E-5
7.950552121883997E-5
8.011211651532883E-5
8.072333611570794E-5
8.13392186896327E-5
8.195980224431465E-5
8.25851243359015E-5
8.321522225099526E-5
8.385013315678042E-5
8.448989422112953E-5
8.513454270588276E-5
8.578411603742051E-5
8.64386518588763E-5
8.70981880680951E-5
8.776276284492208E-5
8.843241467077128E-5
8.910718234277876E-5
8.978710498426485E-5
9.047222205274542E-5
9.116257334635404E-5
9.185819900925958E-5
9.255913953647677E-5
9.326543577834354E-5
9.397712894488022E-5
9.469426061022661E-5
9.541687271737208E-5
9.614500758344873E-5
9.687870790594162E-5
9.761801677029159E-5
9.836297765952098E-5
9.911363446670558E-5
9.987003151135146E-5
1.0063221356099842E-4
1.0140022585966863E-4
1.0217411416507644E-4
1.029539247968014E-4
1.0373970469784529E-4
1.0453150151210038E-4
1.0532936368018092E-4
1.061333405557205E-4
1.0694348254353547E-4
1.077598412598977E-4
1.0858246971347799E-4
1.0941142250324429E-4
1.1024675602674577E-4
1.1108852868881308E-4
1.1193680109693357E-4
1.1279163622564965E-4
1.1365309952864531E-4
1.1452125897421087E-4
1.1539618497803875E-4
1.1627795020742075E-4
1.1716662923344573E-4
1.1806229801320753E-4
1.189650331925957E-4
1.1987491123193664E-4
1.2079200737117538E-4
1.2171639446762852E-4
1.2264814175634488E-4
1.2358731359916037E-4
1.2453396830175784E-4
1.2548815708651078E-4
1.26449923310837E-4
1.2741930201488931E-4
1.283963198680359E-4
1.2938099556097067E-4
1.3037334066069104E-4
1.3137336091121457E-4
1.3238105792680657E-4
1.33396431190236E-4
1.3441948023985083E-4
1.3545020690941984E-4
1.3648861747627295E-4
1.3753472457764902E-4
1.3858854877227462E-4
1.3965011965251428E-4
1.4071947644907594E-4
1.4179666811141775E-4
1.4288175297591277E-4
1.4397479799117493E-4
1.4507587759187495E-4
1.4618507233154753E-4
1.473024673925281E-4
1.4842815108740627E-4
1.4956221345278415E-4
1.5070474501510694E-4
1.5185583578300032E-4
1.530155744940614E-4
1.541840481193134E-4
1.5536134160780475E-4
1.565475378385351E-4
1.5774271773760483E-4
1.589469605149383E-4
1.601603439763112E-4
1.6138294487142896E-4
1.6261483924612884E-4
1.638561027750351E-4
1.6510681105913605E-4
1.6636703987993784E-4
1.676368654076439E-4
1.689163643650213E-4
1.702056141513097E-4
1.7150469293193506E-4
1.728136797001832E-4
1.7413265431670126E-4
1.7546169753198992E-4
1.768008909961655E-4
1.7815031725936564E-4
1.7951005976534582E-4
1.8088020284011874E-4
1.8226083167694832E-4
1.8365203231859644E-4
1.8505389163744163E-4
1.8646649731390359E-4
1.8788993781349229E-4
1.8932430236275375E-4
1.907696809243878E-4
1.9222616417184223E-4
1.9369384346378232E-4
1.95172810818946E-4
1.966631588920741E-4
1.9816498095181814E-4
1.9967837086181308E-4
2.012034230664273E-4
2.027402325830903E-4
2.0428889500351418E-4
2.0584950650655312E-4
2.074221638858361E-4
2.0900696459559624E-4
2.106040068182328E-4
2.1221338955696044E-4
2.13835212756307E-4
2.154695774520962E-4
2.1711658595075423E-4
2.187763420352206E-4
2.2044895119136996E-4
2.2213452084468642E-4
2.2383316059211865E-4
2.255449824088304E-4
2.2727010080440222E-4
2.290086328984421E-4
2.3076069838231776E-4
2.3252641933251057E-4
2.343059198428163E-4
2.360993254479002E-4
2.3790676232009067E-4
2.397283562349106E-4
2.415642313183474E-4
2.434145086094124E-4
2.452793044936862E-4
2.4715872908526095E-4
2.4905288465344445E-4
2.5096186420417124E-4
2.528857503318526E-4
2.5482461445342186E-4
2.567785165214191E-4
2.5874750528707215E-4
2.607316191486917E-4
2.627308875778675E-4
2.647453330696324E-4
2.667749735174773E-4
2.688198248746704E-4
2.7087990393433805E-4
2.7295523104576826E-4
2.750458325856845E-4
2.7715174302110927E-4
2.792730064334066E-4
2.814096774177709E-4
2.835618327860903E-4
2.857295706426801E-4
2.8791300890276166E-4
2.9011228336155577E-4
2.9232754544921265E-4
2.945589598195409E-4
2.9680670191853354E-4
2.9907095566362324E-4
3.013519113394474E-4
3.036497637844777E-4
3.0596471090929E-4
3.082969525553311E-4
3.1064668967576645E-4
3.13014123799466E-4
3.153994567262132E-4
3.178028903956683E-4
3.202246268735208E-4
3.226648684040236E-4
3.2512381748703827E-4
3.276016769480691E-4
3.3009864998011E-4
3.326149401454008E-4
3.351507513327266E-4
3.377062876714639E-4
3.402817534071921E-4
3.428773527456401E-4
3.454932896723648E-4
3.481297677552777E-4
3.507869899363062E-4
3.534651583173655E-4
3.5616447394470235E-4
3.5888513659459954E-4
3.616273445625574E-4
3.6439129445735676E-4
3.671771810008815E-4
3.69985196834203E-4
3.7281553233016484E-4
3.756683754125585E-4
3.785439113818676E-4
3.814423227475425E-4
3.843637890667553E-4
3.87308486789648E-4
3.902765891111758E-4
3.9326826582979893E-4
3.9628368321347574E-4
3.993230038737099E-4
4.023863866487481E-4
4.0547398649748076E-4
4.085859544061331E-4
4.117224373104101E-4
4.148835780364027E-4
4.180695152641377E-4
4.212803835181337E-4
4.2451631318957947E-4
4.277774305946164E-4
4.3106385807253195E-4
4.3437571412630207E-4
4.3771311360563353E-4
4.410761679293981E-4
4.4446498534000684E-4
4.4787967117693406E-4
4.5132032815046064E-4
4.5478705659016995E-4
4.582799546363393E-4
4.617991183369759E-4
4.653446416096626E-4
4.689166160267371E-4
4.7251513038548156E-4
4.7614027003279913E-4
4.7979211592676167E-4
4.8347074343533847E-4
4.8717622089492916E-4
4.909086079766432E-4
4.946679539344878E-4
4.984542958341608E-4
5.022676568809018E-4
5.061080449768695E-4
5.099754516400668E-4
5.138698514061015E-4
5.177912018103056E-4
5.217394440118105E-4
5.257145040753251E-4
5.297162948745331E-4
5.337447185280754E-4
5.377996692306686E-4
5.418810363034464E-4
5.459887072638665E-4
5.501225707096016E-4
5.542825188240367E-4
5.584684493422236E-4
5.626817665784808E-4
5.66923824990879E-4
5.711959303839133E-4
5.754993404318047E-4
5.798352646287892E-4
5.842048638081114E-4
5.886092493907643E-4
5.930494825276168E-4
5.97526573285765E-4
6.020414800048056E-4
6.065951089153578E-4
6.111883140751642E-4
6.158218976419944E-4
6.204966104708554E-4
6.252131529984476E-4
6.299721763614104E-4
6.347742836870246E-4
6.396200314944691E-4
6.445099311500812E-4
6.494444503292552E-4
6.544240144487633E-4
6.594490080447272E-4
6.645197760819029E-4
6.696366251885672E-4
6.74799824817774E-4
6.800096083400812E-4
6.852661740752295E-4
6.905696862711804E-4
6.959202760387147E-4
7.013180422489832E-4
7.067630524001938E-4
7.122553434583873E-4
7.177949226760831E-4
7.233817683915528E-4
7.290158308106891E-4
7.346970327727916E-4
7.404252705011684E-4
7.462004143390667E-4
7.520223094712866E-4
7.578907766315882E-4
7.63805612795955E-4
7.697665918616344E-4
7.757734653118888E-4
7.818259628663234E-4
7.879237931167381E-4
7.940666441484978E-4
8.002541841476603E-4
8.064860619943138E-4
8.127619078430572E-4
8.190813336920787E-4
8.254439339430563E-4
8.318492859549553E-4
8.382969505958578E-4
8.447864727980245E-4
8.513173821224794E-4
8.578891933403064E-4
8.645014070384079E-4
8.711535102574572E-4
8.778449771689542E-4
8.845752697963737E-4
8.913438387822356E-4
8.981501241983377E-4
9.049935563903955E-4
9.118735568411451E-4
9.187895390279135E-4
9.257409092425139E-4
9.327270673338395E-4
9.397474073279246E-4
9.468013178776012E-4
9.538881824954811E-4
9.610073795306583E-4
9.681582818620186E-4
9.753402562991954E-4
9.825526627054086E-4
9.897948528831686E-4
9.970661692917388E-4
0.0010043659436915655
0.0010116934958322112
0.0010190481323135074
0.001026429145751931
0.0010338358143736428
0.0010412674021319588
0.0010487231594109732
0.0010562023243316206
0.0010637041246257001
0.0010712277799923475
0.001078772504806031
0.0010863375110103876
0.0010939220110126068
0.0011015252203910317
0.0011093425872298365
0.0011173673402921627
0.0011255928319296893
0.001134012536930396
0.0011426200507615547
0.0011514090872768756
0.0011603734759967387
0.0011695071590965157
0.0011788041882486104
0.0011882587214594007
0.0011978650200249385
0.0012076174457024524
0.0012175104581627592
0.0012275386127557073
0.0012376965585904867
0.0012479790369078736
0.0012583808797038717
0.001268897008554044
0.001279522433584872
0.0012902522525411514
0.001301081649905278
0.001312005896033447
0.0013230203462836106
0.001334120440119531
0.0013453017001831475
0.001356559731333707
0.0013678902196564433
0.0013792889314460655
0.001390751712171531
0.0014022744854286368
0.001413853251886415
0.001425484088232415
0.0014371631461208509
0.0014488866511266475
0.0014606509017074613
0.001472452268175061
0.001484287191676813
0.0014961521831876414
0.001508043822512365
0.0015199587572981316
0.0015318937020563515
0.0015438454371933365
0.0015558108080486095
0.0015677867239396253
0.001579770157211433
0.0015917581422896082
0.0016037477747345937
0.0016157362102955607
0.0016277206639619152
0.001639698409010841
0.001651666776049722
0.0016636231520531823
0.0016755649793955888
0.0016874897548816172
0.0016993950287794866
0.0017112784038640836
0.0017231375344799941
0.0017349701256375721
0.001746773932158046
0.0017585467578862363
0.0017702864549910338
0.0017819909233740964
0.001793658110205617
0.0018052860096021157
0.0018168726624547295
0.0018284161564072199
0.0018399146259711827
0.0018513662527522205
0.001862769265746118
0.001874121941649648
0.0018854226051181683
0.001896669628893559
0.0019078614337228108
0.0019189964879915812
0.0019300733070088283
0.0019410904518987646
0.001952046528083679
0.0019629401833742227
0.001973770105719376
0.0019845350207032732
0.001995233688906198
0.0020058649032687515
0.0020164274866080367
0.002026920289430791
0.002037342188169964
0.0020476920839396437
0.0020579689018611776
0.0020681715909651737
0.0020782991246249957
0.002088350501432756
0.0021239996298757784
0.0021589819112516886
0.002193305448367336
0.0022269782585290676
0.0022600082751946158
0.002292403349473881
0.0023241712514381714
0.002355319671219842
0.0023858562199059953
0.0024157884302485775
0.0024451237572268316
0.002473869578505983
0.0025020331948377174
0.0025296218304447496
0.002556642633424393
0.0025831026761963197
0.002609008956009299
0.0026343683955120135
0.00265918784338482
0.002683474075023672
0.0027072337932639674
0.002730473629130853
0.002753200142603277
0.0027754198233807146
0.0027971390916440918
0.0028183642988049516
0.0028391017282394138
0.002859357596005399
0.002879138051543088
0.002898449178359575
0.002917296994699132
0.0029356874542006807
0.002953626446544027
0.0029711197980861553
0.0029881732724886118
0.0030047925713367154
0.003020983334751
0.0030367511419910447
0.0030521015120515563
0.0030670399042502738
0.0030815717188070165
0.0030957022974128084
0.0031094369237877105
0.0031227808242254764
0.003135739168122776
0.003148317068490057
0.003160519582440704
0.003172351711654478
0.003183818402810839
0.0031949245479874384
0.003205674985018941
0.0032160744978118223
0.003226127816611643
0.0032358396182209774
0.003245214526168755
0.003254257110835335
0.003262971889542381
0.003271363326622313
0.003279435833489013
0.0032871937687387414
0.0032946414383177992
0.003301783095800508
0.003308622942826587
0.0033151651297499835
0.0033214137565506824
0.003327372874055598
0.0033330464855037935
0.0033384385484742244
0.003343552977170967
0.0033483936450325485
0.0033529643875994507
0.003357269005540056
0.0033613112677029515
0.003365094914036226
0.00336862365819613
0.0033719011896614593
0.003374931175179445
0.003377717259394864
0.003380263064556956
0.003382572189255985
0.0033846482062097824
0.00338649465919361
0.0033881150592785588
0.003389512880606068
0.0033906915559725978
0.0033916544725230437
0.0033924049678507166
0.003392946326774527
0.0033932817790125885
0.003393414497900602
0.006752721503222539
0.006701101744334297
0.006649878148154344
0.006599047640597622
0.006548607136593537
0.006498553547239785
0.006448883787414988
0.0063995947833188835
0.006350683479476242
0.006302146844840308
0.006253981877749725
0.006206185609615187
0.006158755107326506
0.006111687474466636
0.006064979851490668
0.006018629415072018
0.005972633376835779
0.005926988981694167
0.005881693505976828
0.005836744255515112
0.005792138563800714
0.005747873790300405
0.005703947318973331
0.005660356557008589
0.00561709893377917
0.0055741718999936605
0.0055315729270191145
0.005489299506345321
0.005447349149161138
0.005405719386016618
0.005364407766548523
0.005323411859251193
0.005282729251279091
0.005242357548270644
0.005202294374186155
0.005162537371154714
0.00512308419932655
0.005083932536728558
0.005045080079121141
0.005006524539855118
0.004968263649727441
0.004930295156834284
0.004892616826420124
0.004855226440720847
0.004818121798798552
0.00478130071636517
0.0047447610255913816
0.004708500574896783
0.004672517228716447
0.004636808867238536
0.004601373386107446
0.004566208696086659
0.004531312722676124
0.0044966834056800725
0.004462318698723152
0.004428216568715707
0.00439437499527352
0.004360791970102615
0.0043274654963667315
0.004294393588063127
0.00426157426944092
0.004229005574505252
0.004196685546658985
0.004164612238540202
0.00413278371211759
0.004101198039105441
0.0040698533017541555
0.004038747594059575
0.004007879023415121
0.003977245712703521
0.003946845802791815
0.003916677455355014
0.0038867388559132065
0.003857028216927986
0.00382754378077001
0.0037982838223457925
0.0037692466511617894
0.0037404306126115144
0.0037118340882988823
0.0036834554952582485
0.0036552932839970806
0.0036273459353669247
0.0035996119563554943
0.0035720898749801193
0.003544778234541701
0.003517675587559875
0.0034907804897475665
0.0034640914943914565
0.0034376071474813835
0.003411325983878831
