3.6403319843421817E-7
3.640329963400917E-7
3.6403279425092433E-7
3.640325921667162E-7
3.6403239008746706E-7
3.6403218801317725E-7
3.6403198594384644E-7
3.6403178387947486E-7
3.640315818200627E-7
3.640313797656095E-7
3.640311777161158E-7
3.640309756715812E-7
3.64030773632006E-7
3.6403057159739007E-7
3.640303695677336E-7
3.6403016754303635E-7
3.6402996552329853E-7
3.6402976350852E-7
3.6402956149870087E-7
3.640293594938412E-7
3.6402915749394104E-7
3.6402895549900016E-7
3.6402875350901893E-7
3.64028551523997E-7
3.6402834954393486E-7
3.6402814756883187E-7
3.640279455986889E-7
3.640277436335052E-7
3.6402754167328106E-7
3.640273397180166E-7
3.6402713776771186E-7
3.6402693582236646E-7
3.640267338819809E-7
3.64026531946555E-7
3.640263300160888E-7
3.6402612809058233E-7
3.640259261700354E-7
3.640257242544485E-7
3.640255223438207E-7
3.6402532043815355E-7
3.640251185374458E-7
3.640249166416978E-7
3.6402471475090974E-7
3.640245128650814E-7
3.640243109842132E-7
3.640241091083044E-7
3.64023907237356E-7
3.6402370537136735E-7
3.6402350351033836E-7
3.6402330165426965E-7
3.6402309980316084E-7
3.640228979570121E-7
3.640226961158232E-7
3.640224942795944E-7
3.6402229244832575E-7
3.6402209062201686E-7
3.6402188880066824E-7
3.640216869842798E-7
3.640214851728513E-7
3.6402128336638314E-7
3.640210815648749E-7
3.640208797683268E-7
3.6402067797673923E-7
3.640204761901117E-7
3.64020274408444E-7
3.6402007263173697E-7
3.640198708599904E-7
3.640196690932035E-7
3.640194673313772E-7
3.640192655745113E-7
3.6401906382260556E-7
3.640188620756605E-7
3.640186603336754E-7
3.640184585966507E-7
3.640182568645866E-7
3.6401805513748286E-7
3.6401785341533937E-7
3.640176516981567E-7
3.6401744998593424E-7
3.640172482786723E-7
3.640170465763709E-7
3.640168448790301E-7
3.640166431866494E-7
3.6401644149922963E-7
3.6401623981677033E-7
3.640160381392719E-7
3.640158364667338E-7
3.640156347991563E-7
3.6401543313653944E-7
3.6401523147888343E-7
3.640150298261882E-7
3.640148281784532E-7
3.6401462653567935E-7
3.6401442489786604E-7
3.6401422326501343E-7
3.6401402163712163E-7
3.6401382001419095E-7
3.640136183962209E-7
3.6401341678321134E-7
3.6401321517516287E-7
3.6401301357207527E-7
3.640128119739485E-7
3.6401261038078237E-7
3.6401240879257777E-7
3.6401220720933387E-7
3.6401200563105083E-7
3.640118040577285E-7
3.640116024893674E-7
3.6401140092596735E-7
3.6401119936752823E-7
3.6401099781405023E-7
3.6401079626553336E-7
3.64010594721977E-7
3.6401039318338235E-7
3.6401019164974875E-7
3.640099901210762E-7
3.640097885973647E-7
3.6400958707861437E-7
3.640093855648254E-7
3.6400918405599734E-7
3.640089825521307E-7
3.640087810532254E-7
3.6400857955928127E-7
3.6400837807029826E-7
3.6400817658627633E-7
3.640079751072162E-7
3.640077736331171E-7
3.6400757216397946E-7
3.640073706998033E-7
3.640071692405877E-7
3.640069677863347E-7
3.6400676633704284E-7
3.6400656489271176E-7
3.6400636345334244E-7
3.6400616201893467E-7
3.6400596058948834E-7
3.640057591650035E-7
3.6400555774548033E-7
3.640053563309186E-7
3.6400515492131793E-7
3.6400495351667956E-7
3.640047521170026E-7
3.640045507222874E-7
3.6400434933253325E-7
3.640041479477411E-7
3.640039465679105E-7
3.640037451930415E-7
3.640035438231344E-7
3.6400334245818916E-7
3.640031410982054E-7
3.6400293974318363E-7
3.6400273839312293E-7
3.6400253704802446E-7
3.640023357078885E-7
3.6400213437271317E-7
3.6400193304250036E-7
3.640017317172493E-7
3.640015303969599E-7
3.6400132908163273E-7
3.6400112777126727E-7
3.640009264658639E-7
3.640007251654221E-7
3.640005238699424E-7
3.6400032257942483E-7
3.640001212938693E-7
3.6399992001327523E-7
3.639997187376439E-7
3.6399951746697453E-7
3.6399931620126724E-7
3.6399911494052187E-7
3.6399891368473853E-7
3.639987124339171E-7
3.6399851118805823E-7
3.639983099471615E-7
3.639981087112268E-7
3.6399790748025435E-7
3.639977062542441E-7
3.639975050331958E-7
3.639973038171101E-7
3.6399710260598664E-7
3.639969013998255E-7
3.6399670019862644E-7
3.6399649900238973E-7
3.639962978111157E-7
3.639960966248032E-7
3.6399589544345326E-7
3.6399569426706645E-7
3.6399549309564213E-7
3.6399529192918005E-7
3.6399509076767925E-7
3.639948896111418E-7
3.639946884595671E-7
3.6399448731295447E-7
3.639942861713045E-7
3.639940850346173E-7
3.6399388390289215E-7
3.639936827761299E-7
3.6399348165432993E-7
3.639932805374929E-7
3.639930794256185E-7
3.639928783187065E-7
3.6399267721675715E-7
3.639924761197706E-7
3.639922750277468E-7
3.639920739406855E-7
3.63991872858587E-7
3.639916717814514E-7
3.6399147070927834E-7
3.6399126964206804E-7
3.639910685798206E-7
3.639908675225361E-7
3.6399066647021435E-7
3.639904654228555E-7
3.6399026438045964E-7
3.6399006334302636E-7
3.639898623105559E-7
3.639896612830487E-7
3.639894602605043E-7
3.63989259242923E-7
3.639890582303045E-7
3.6398885722264896E-7
3.639886562199566E-7
3.639884552222273E-7
3.6398825422946084E-7
3.639880532416574E-7
3.639878522588173E-7
3.6398765128094015E-7
3.6398745030802616E-7
3.639872493400751E-7
3.6398704837708737E-7
3.6398684741906306E-7
3.6398664646600156E-7
3.639864455179032E-7
3.639862445747684E-7
3.639860436365967E-7
3.6398584270338836E-7
3.6398564177514286E-7
3.639854408518611E-7
3.639852399335426E-7
3.639850390201875E-7
3.6398483811179557E-7
3.63984637208367E-7
3.639844363099018E-7
3.6398423541640004E-7
3.639840345278618E-7
3.6398383364428686E-7
3.6398363276567533E-7
3.6398343189202735E-7
3.6398323102334283E-7
3.639830301596219E-7
3.639828293008642E-7
3.639826284470703E-7
3.639824275982402E-7
3.6398222675437345E-7
3.639820259154702E-7
3.639818250815306E-7
3.6398162425255465E-7
3.6398142342854217E-7
3.639812226094939E-7
3.6398102179540836E-7
3.639808209862872E-7
3.6398062018213E-7
3.639804193829362E-7
3.639802185887062E-7
3.639800177994403E-7
3.6397981701513725E-7
3.639796162357989E-7
3.639794154614239E-7
3.6397921469201296E-7
3.6397901392756606E-7
3.639788131680827E-7
3.639786124135633E-7
3.639784116640077E-7
3.6397821091941633E-7
3.639780101797887E-7
3.639778094451252E-7
3.639776087154255E-7
3.639774079906898E-7
3.6397720727091834E-7
3.639770065561108E-7
3.6397680584626793E-7
3.639766051413877E-7
3.639764044414725E-7
3.639762037465211E-7
3.6397600305653433E-7
3.639758023715113E-7
3.639756016914526E-7
3.6397540101635795E-7
3.639752003462275E-7
3.639749996810613E-7
3.6397479902085934E-7
3.639745983656219E-7
3.6397439771534835E-7
3.639741970700393E-7
3.6397399642969435E-7
3.639737957943142E-7
3.6397359516389787E-7
3.6397339453844553E-7
3.639731939179583E-7
7.279455853936824E-7
0.0029792785150342623
0.0029627626684675646
0.0029464887415131843
0.0029304551636302476
0.002914660350249081
0.0028991027029581914
0.0028837806096188947
0.0028686924444097962
0.0028538365678035297
0.002839211326478136
0.002824815053165486
0.002810646066439589
0.0027967026704472995
0.002782983154584488
0.0027694857931202937
0.002756208844772598
0.0027431505522377813
0.0027303091416778064
0.0027176828221678116
0.0027052697851074566
0.0026930682035992805
0.002681076231797419
0.0026692920042299443
0.002657713635098307
0.0026463392175571617
0.002635166822978164
0.002624194500200912
0.002613420274774707
0.002602842148194382
0.002592458097133709
0.00258226607267973
0.002572263999571415
0.0025624497754460104
0.002552821270096361
0.002543376324742528
0.002534112751320895
0.0025250283317940136
0.002516120817484192
0.002507387928434038
0.002498827352796964
0.0024904367462603386
0.0024822137315045735
0.002474155897700435
0.0024662608000476953
0.002458525959357345
0.0024509488616802325
0.0024435269579842368
0.002436257663882432
0.0024291383594143667
0.0024221663888825194
0.002415339060746025
0.002408653647573307
0.0024021073860554794
0.002395697477082121
0.0023894210858808012
0.002383275342221699
0.002377257340688628
0.0023713641410174403
0.002365592768502754
0.0023599402144737214
0.002354403436839711
0.002348979360706113
0.0023436648790609175
0.0023384568535320394
0.00233335211521562
0.0023283474655752603
0.00232343967741176
0.0023186254959033127
0.002313901639715428
0.00230926480217989
0.0023047116525423653
0.002300238837277146
0.002295842981468458
0.0022915206902568664
0.002287268550349502
0.002283083131592713
0.0022789609886053864
0.0022748986624713456
0.0022708926824888975
0.0022669395679755623
0.00226303583012596
0.0022591779739204337
0.0022553625000823778
0.0022515859070816303
0.002247844693181444
0.002244135358526532
0.002240454407269195
0.002236798349731031
0.0022331637045970862
0.0022295470011396605
0.002225944781468584
0.0022223536028049156
0.0022187700397749005
0.002215190686720903
0.0022116121600260353
0.002208031100449331
0.0022044441754678467
0.002200848081622373
0.002197239546863488
0.002193615332894345
0.0021899722375068095
0.002186307096907469
0.0021826167880300545
0.0021788982308308664
0.0021751483905637506
0.0021713642800310754
0.002167542961807499
0.0021636815504331155
0.0021597772145726013
0.002155827179137031
0.0021518287273652706
0.00214777920286168
0.002143676011587029
0.0021395166237995864
0.002135298575943284
0.002131019472480382
0.0021266769876654166
0.0021222688672579695
0.0021177929301715403
0.0021132470700560473
0.0021086292568114288
0.0021039375380300747
0.0020991700403658964
0.0020943249708279114
0.0020894006179964695
0.0020843953531599633
0.002079307631370753
0.0020741359924182907
0.0020688790617181835
0.002063535551115886
0.0020581042596037246
0.0020525840739502614
0.0020469739692410027
0.0020412730093297927
0.0020354803472001676
0.002029595225236256
0.0020236169754026686
0.002017545019333585
0.0020113788683305102
0.0020051181232690453
0.001998762474414971
0.0019923117011497343
0.001985765671606091
0.001979124342214455
0.0019723877571607624
0.001965556047756746
0.0019586294317236724
0.001951608212390812
0.0019444927778098052
0.001937283599786592
0.0019299812328321744
0.0019225863130341555
0.0019150995568507209
0.0019075217598289946
0.001899853795249776
0.0018920966127008339
0.0018842512365809191
0.0018763187645367853
0.0018683003658357445
0.0018601972796761241
0.0018520108134381934
0.0018437423408783524
0.0018353933002690972
0.0018269651924877018
0.0018184595790563356
0.0018098780801366111
0.0018012223724814358
0.001792494187347161
0.0017836953083690981
0.0017748275694033544
0.0017658928523382005
0.001756893084877947
0.0017478302383025113
0.0017387063252057781
0.0017295233972159192
0.0017202835427007266
0.0017109888844611095
0.0017016415774159376
0.0016922438062811674
0.0016827977832464306
0.001673305745652142
0.0016637699536699857
0.0016541926879899411
0.0016445762475166062
0.001634922947077785
0.0016252351151481751
0.0016155150915908034
0.0016057652254191114
0.0015959878725821564
0.0015861853937756032
0.0015763601522809875
0.0015665145118356628
0.0015566508345358312
0.0015467714787748548
0.0015368787972191037
0.0015269751348233557
0.0015170628268878893
0.001507144197159012
0.001497221555975005
0.0014872971984591177
0.0014773734027612535
0.0014674524283499206
0.0014575365143558105
0.0014476278779683813
0.0014377287128866925
0.0014278411878255097
0.0014179674450778318
0.0014081095991346705
0.0013982697353629215
0.001388449908742013
0.0013786521426600244
0.0013688784277696502
0.0013591307209044727
0.001349410944055949
0.0013397209834110785
0.0013300626884511061
0.0013204378711110648
0.0013108483050002365
0.0013012957246832152
0.001291781825021365
0.0012823082605743074
0.00127287664506098
0.001263488550879712
0.0012541455086866988
0.0012448490070321983
0.0012356004920536527
0.0012264013672249128
0.0012172529931605443
0.0012081566874743619
0.0011991137246909847
0.0011901253362093971
0.0011811927103172676
0.0011723169922548055
0.0011634992843268367
0.0011547406460617792
0.001146042094416069
0.0011374046040226787
0.0011288291074821018
0.001120316495694511
0.001111867618231271
0.001103483283744403
0.001095164260412322
0.001086911276420197
0.0010787250204732973
0.0010706061423416543
0.0010625552534342668
0.001054572927401299
0.0010466597007623489
0.0010388160735592842
0.0010310425100317365
0.0010233394393136402
0.001015707256149083
0.0010081463216257448
0.0010006569639241843
9.932394790813372E-4
9.858941317665165E-4
9.786211560683202E-4
9.71420756290663E-4
9.642931077564614E-4
9.572383576173067E-4
9.502566256675562E-4
9.433480051613537E-4
9.365125636309836E-4
9.297503437051533E-4
9.23061363925784E-4
9.164456195617961E-4
9.099030834186313E-4
9.03433706642142E-4
8.970374195155531E-4
8.907141322482653E-4
8.844637357552935E-4
8.78286102426217E-4
8.721810868824442E-4
8.661485267218665E-4
8.601882432497573E-4
8.543000421950413E-4
8.484837144109547E-4
8.427390365592724E-4
8.370657717772984E-4
8.3146367032679E-4
8.259324702241991E-4
8.204718978514775E-4
8.150816685469043E-4
8.09761487175356E-4
8.04511048677488E-4
7.993300385974628E-4
7.942181335887098E-4
7.891750018974527E-4
7.842003038236692E-4
7.79293692159283E-4
7.744548126032923E-4
7.696833041538255E-4
7.649787994769388E-4
7.603409252521107E-4
7.557693024944694E-4
7.512635468538005E-4
7.468232688903987E-4
7.424480743279337E-4
7.381375642835131E-4
7.338913354751404E-4
1.0056000360558246E-6
1.0055995255171702E-6
1.0055990149924073E-6
1.0055985044815364E-6
1.0055979939845574E-6
1.0055974835014698E-6
1.0055969730322748E-6
1.0055964625769714E-6
1.0055959521355607E-6
1.0055954417080412E-6
1.0055949312944146E-6
1.0055944208946799E-6
1.0055939105088374E-6
1.0055934001368875E-6
1.0055928897788295E-6
1.005592379434664E-6
1.005591869104392E-6
1.0055913587880108E-6
1.0055908484855237E-6
1.0055903381969278E-6
1.005589827922226E-6
1.0055893176614148E-6
1.0055888074144984E-6
1.0055882971814734E-6
1.0055877869623433E-6
1.0055872767571032E-6
1.0055867665657587E-6
1.0055862563883045E-6
1.0055857462247457E-6
1.0055852360750778E-6
1.005584725939305E-6
1.005584215817424E-6
1.0055837057094371E-6
1.0055831956153437E-6
1.0055826855351422E-6
1.0055821754688346E-6
1.0055816654164216E-6
1.0055811553779015E-6
1.0055806453532735E-6
1.0055801353425408E-6
1.0055796253457005E-6
1.0055791153627547E-6
1.0055786053937023E-6
1.0055780954385437E-6
1.0055775854972793E-6
1.0055770755699076E-6
1.0055765656564297E-6
1.0055760557568462E-6
1.0055755458711578E-6
1.0055750359993616E-6
1.005574526141462E-6
1.0055740162974542E-6
1.0055735064673405E-6
1.005572996651122E-6
1.0055724868487985E-6
1.0055719770603675E-6
1.0055714672858322E-6
1.0055709575251896E-6
1.0055704477784442E-6
1.0055699380455915E-6
1.005569428326633E-6
1.0055689186215708E-6
1.0055684089304014E-6
1.0055678992531283E-6
1.0055673895897492E-6
1.0055668799402646E-6
1.0055663703046743E-6
1.0055658606829804E-6
1.005565351075182E-6
1.0055648414812754E-6
1.0055643319012664E-6
1.0055638223351527E-6
1.005563312782932E-6
1.0055628032446075E-6
1.005562293720179E-6
1.0055617842096451E-6
1.0055612747130066E-6
1.005560765230263E-6
1.0055602557614156E-6
1.0055597463064642E-6
1.005559236865407E-6
1.0055587274382447E-6
1.005558218024981E-6
1.005557708625611E-6
1.0055571992401368E-6
1.0055566898685576E-6
1.0055561805108742E-6
1.005555671167088E-6
1.0055551618371974E-6
1.0055546525212022E-6
1.005554143219103E-6
1.0055536339308998E-6
1.005553124656593E-6
1.0055526153961824E-6
1.005552106149667E-6
1.0055515969170495E-6
1.005551087698327E-6
1.0055505784935013E-6
1.0055500693025707E-6
1.0055495601255385E-6
1.005549050962402E-6
1.0055485418131605E-6
1.0055480326778187E-6
1.0055475235563718E-6
1.0055470144488216E-6
1.0055465053551664E-6
1.0055459962754106E-6
1.0055454872095512E-6
1.0055449781575876E-6
1.0055444691195206E-6
1.0055439600953515E-6
1.0055434510850793E-6
1.0055429420887041E-6
1.0055424331062264E-6
1.0055419241376458E-6
1.0055414151829605E-6
1.0055409062421744E-6
1.0055403973152844E-6
1.005539888402293E-6
1.0055393795031977E-6
1.0055388706180007E-6
1.0055383617467E-6
1.0055378528892976E-6
1.0055373440457939E-6
1.005536835216187E-6
1.0055363264004763E-6
1.0055358175986646E-6
1.0055353088107508E-6
1.0055348000367364E-6
1.0055342912766161E-6
1.0055337825303948E-6
1.0055332737980734E-6
1.0055327650796492E-6
1.00553225637512E-6
1.0055317476844933E-6
1.0055312390077638E-6
1.0055307303449318E-6
1.0055302216959979E-6
1.0055297130609608E-6
1.0055292044398242E-6
1.0055286958325853E-6
1.0055281872392443E-6
1.0055276786598018E-6
1.0055271700942591E-6
1.0055266615426146E-6
1.0055261530048682E-6
1.0055256444810199E-6
1.0055251359710711E-6
1.0055246274750203E-6
1.0055241189928704E-6
1.0055236105246175E-6
1.0055231020702628E-6
1.0055225936298074E-6
1.0055220852032533E-6
1.0055215767905954E-6
1.005521068391838E-6
1.00552056000698E-6
1.0055200516360205E-6
1.0055195432789606E-6
1.0055190349358E-6
1.0055185266065385E-6
1.005518018291176E-6
1.0055175099897146E-6
1.0055170017021508E-6
1.0055164934284864E-6
1.0055159851687216E-6
1.0055154769228587E-6
1.0055149686908933E-6
1.0055144604728293E-6
1.0055139522686631E-6
1.0055134440783974E-6
1.0055129359020318E-6
1.0055124277395665E-6
1.005511919591E-6
1.0055114114563347E-6
1.0055109033355678E-6
1.0055103952287038E-6
1.0055098871357363E-6
1.0055093790566711E-6
1.005508870991508E-6
1.0055083629402421E-6
1.0055078549028777E-6
1.0055073468794145E-6
1.0055068388698492E-6
1.0055063308741874E-6
1.0055058228924243E-6
1.0055053149245614E-6
1.0055048069706005E-6
1.0055042990305412E-6
1.0055037911043797E-6
1.0055032831921197E-6
1.0055027752937622E-6
1.0055022674093029E-6
1.005501759538747E-6
1.0055012516820925E-6
1.0055007438393364E-6
1.0055002360104826E-6
1.0054997281955297E-6
1.0054992203944775E-6
1.0054987126073274E-6
1.0054982048340795E-6
1.005497697074731E-6
1.0054971893292839E-6
1.0054966815977398E-6
1.0054961738800966E-6
1.005495666176353E-6
1.0054951584865122E-6
1.0054946508105746E-6
1.0054941431485372E-6
1.005493635500401E-6
1.0054931278661665E-6
1.005492620245834E-6
1.0054921126394033E-6
1.0054916050468749E-6
1.0054910974682489E-6
1.005490589903523E-6
1.0054900823527013E-6
1.0054895748157802E-6
1.0054890672927606E-6
1.005488559783644E-6
1.0054880522884306E-6
1.0054875448071183E-6
1.005487037339709E-6
1.0054865298862005E-6
1.005486022446596E-6
1.0054855150208927E-6
1.0054850076090926E-6
1.0054845002111963E-6
1.0054839928272002E-6
1.0054834854571082E-6
1.0054829781009177E-6
1.0054824707586303E-6
1.0054819634302454E-6
1.0054814561157642E-6
1.005480948815187E-6
1.0054804415285113E-6
1.0054799342557366E-6
1.0054794269968674E-6
1.0054789197519006E-6
1.0054784125208365E-6
1.0054779053036767E-6
1.00547739810042E-6
1.0054768909110663E-6
1.0054763837356144E-6
1.0054758765740684E-6
1.0054753694264244E-6
1.005474862292682E-6
1.0054743551728457E-6
1.0054738480669115E-6
1.005473340974882E-6
1.0054728338967548E-6
1.0054723268325327E-6
1.005471819782215E-6
1.005471312745799E-6
1.0054708057232865E-6
1.0054702987146796E-6
1.0054697917199769E-6
1.0054692847391765E-6
1.0054687777722796E-6
1.0054682708192886E-6
1.005467763880201E-6
1.0054672569550178E-6
1.0054667500437385E-6
1.0054662431463647E-6
1.0054657362628931E-6
1.0054652293933269E-6
1.0054647225376646E-6
1.0054642156959073E-6
1.0054637088680548E-6
1.0054632020541062E-6
1.0054626952540619E-6
1.0054621884679232E-6
1.0054616816956887E-6
1.00546117493736E-6
1.0054606681929338E-6
1.0054601614624124E-6
1.0054596547457974E-6
1.0054591480430873E-6
1.005458641354281E-6
1.0054581346793809E-6
1.0054576280183842E-6
1.0054571213712951E-6
1.0054566147381103E-6
1.0054561081188317E-6
1.0054556015134552E-6
1.0054550949219845E-6
1.0054545883444205E-6
1.0054540817807633E-6
1.00545357523101E-6
1.0054530686951622E-6
1.0054525621732185E-6
1.0054520556651824E-6
1.0054515491710516E-6
1.0054510426908255E-6
1.005450536224507E-6
1.005450029772092E-6
1.0054495233335841E-6
1.005449016908982E-6
1.0054485104982861E-6
2.0108949954650353E-6
1.3883500278293463E-5
2.767168609849491E-5
4.136724716347403E-5
5.4972867237198167E-5
6.849122367475635E-5
8.192498694999072E-5
9.527682017837326E-5
1.0854937863281814E-4
1.2174530925017094E-4
1.348672501261809E-4
1.4791782999682833E-4
1.6089966770394928E-4
1.738153716431972E-4
1.8666753919242623E-4
1.994587561187163E-4
2.1219159596231354E-4
2.2486861939588655E-4
2.3749237355758863E-4
2.5006539135651615E-4
2.6259019074929043E-4
2.750692739865586E-4
2.8750512682840186E-4
2.9990021772765814E-4
3.122569969803969E-4
3.2457789584282824E-4
3.368653256141152E-4
3.491216766846271E-4
3.6134931754939147E-4
3.735505937865586E-4
3.8572782700084957E-4
3.978833137321357E-4
4.1001932432936834E-4
4.221381017902869E-4
4.3424186056740036E-4
4.463327853409438E-4
4.58413029759588E-4
4.704847151498725E-4
4.8254992919540793E-4
4.94610724587095E-4
5.06669117645676E-4
5.1872708691811E-4
5.307865717493869E-4
5.428494708314601E-4
5.549176407312283E-4
5.669928943994413E-4
5.790769996627176E-4
5.911716777007946E-4
6.032786015113574E-4
6.153993943648241E-4
6.275356282516583E-4
6.396888223247489E-4
6.5186044133958E-4
6.640518940949662E-4
6.76264531877211E-4
6.884996469106282E-4
7.00758470817376E-4
7.130421730897143E-4
7.253518595777937E-4
7.376885709960667E-4
7.500532814516077E-4
7.624468969975225E-4
7.74870254214738E-4
7.873241188253989E-4
7.998091843412399E-4
8.123260707501804E-4
8.248753232444485E-4
8.374574109935373E-4
8.500727259652567E-4
8.627215817981034E-4
8.754042127282075E-4
8.881207725739848E-4
9.008713337816768E-4
9.136558865347939E-4
9.264743379304894E-4
9.393265112258541E-4
9.522121451568943E-4
9.651308933330931E-4
9.780823237101424E-4
9.910659181434935E-4
0.0010040810720251714
0.0010171270940062705
0.0010302032058073566
0.0010433085421188656
0.0010564421505936386
0.0010696029919332222
0.0010827899400698768
0.0010960017824457433
0.001109237220390594
0.0011224948695995093
0.0011357732607114087
0.0011490708399895843
0.001162385970104783
0.0011757169310216112
0.0011890619209885243
0.001202419057631718
0.0012157863791529295
0.0012291618456310362
0.0012425433404270859
0.0012559286716922792
0.0012693155739782163
0.0012827017099485156
0.0012960846721906181
0.0013094619851266912
0.0013228311070220644
0.0013361894320895542
0.001349534292687855
0.0013628629616120834
0.0013761726544740554
0.0013894605321702054
0.0014027237034343859
0.0014159592274729218
0.0014291641166789984
0.001442335339423389
0.0014554698229182171
0.0014685644561505042
0.0014816160928818878
0.0014946215547109408
0.001507577634194244
0.0015204810980223224
0.0015333286902463846
0.0015461171355517361
0.00155884314257359
0.0015715034072508658
0.0015840946162136008
0.0015966134501993292
0.0016090565874939096
0.0016214207073920273
0.0016337024936726875
0.00164589863808482
0.0016580058438382817
0.001670020829095241
0.0016819403304571573
0.001693761106442425
0.0017054799409496986
0.0017170936467020969
0.001728599068667305
0.001739993087448797
0.0017512726226432429
0.0017624346361593774
0.0017734761354935655
0.0017843941769573868
0.0017951858688526644
0.0018058483745893384
0.0018163789157417973
0.001826774775039328
0.001837033299286411
0.0018471519022087335
0.0018571280672209805
0.0018669593501124354
0.0018766433816466907
0.0018861778700719307
0.0018955606035382499
0.0019047894524187236
0.0019138623715311653
0.0019227774022576305
0.0019315326745587595
0.0019401264088804195
0.00194855691795032
0.0019568226084622645
0.0019649219826459252
0.001972853639720539
0.0019806162772306344
0.0019882086922624574
0.0019956297825399543
0.0020028785473989426
0.002009954088639115
0.0020168556112529173
0.0020235824240308798
0.0020301339400435377
0.0020365096769994527
0.0020427092574800613
0.0020487324090513103
0.00205457896425313
0.002060248860467078
0.0020657421396637937
0.002071058948030821
0.0020761995354828433
0.0020811642550554207
0.0020859535621843696
0.0020905680138725456
0.002095008267746378
0.002099275081004318
0.0021033693092596616
0.002107291905280654
0.0021110439176303133
0.0021146264892092756
0.0021180408557045006
0.0021212883439472065
0.002124370370183273
0.002127288438259781
0.002130044137731037
0.002132639141888011
0.0021350752057147236
0.0021373541637757024
0.0021394779280383296
0.0021414484856342227
0.002143267896563546
0.0021449382913465986
0.0021464618686269214
0.0021478408927298556
0.0021490776911812478
0.00215017465219017
0.0021511342221003883
0.0021519589028144823
0.0021526512491952753
0.0021532138664485975
0.0021536494074919127
0.0021539605703128125
0.002154150095321822
0.0021542207627035202
0.0021541753897701653
0.0021540168283220107
0.0021537479620180383
0.0021533717037612774
0.0021528909931024455
0.002152308793665757
0.0021516280906004465
0.0021508518880617128
0.002149983206724423
0.002149025081333098
0.0021479805582911926
0.002146852693292994
0.0021456445490011266
0.002144359192772332
0.002142999694434489
0.002141569124117325
0.002140070550139385
0.002138507036953446
0.002136881643152579
0.0021351974195389684
0.0021334574072571643
0.0021316646359936958
0.0021298221222444073
0.0021279328676509276
0.002125999857407653
0.002124026058740227
0.002122014419456306
0.00211996786656958
0.002117889304997576
0.002115781616333585
0.0021136476576931124
0.002111490260634877
0.00210931223015643
0.002107116343764124
0.002104905350617151
0.0021026819707450303
0.0021004488943382298
0.0020982087811106396
0.002095964259733507
0.002093717927339375
0.0020914723490951075
0.00208923005784246
0.0020869935538048584
0.0020847653043587935
0.002082547743868259
0.0020803432735800346
0.002078154261578437
0.0020759830427971027
0.0020738319190857888
0.002071703159330144
0.002069598999621796
0.002067521643476793
0.002065473262099544
0.0020634559946898696
0.0020614719487906997
0.002059523200673294
0.0020576117957578667
0.0020557397490662886
0.002053909045704338
0.002052121641370496
0.0020503794628884877
0.002048684408760568
0.002047038349738521
0.0020454431294096376
0.0020439005647944347
0.0020424124469532786
0.002040980541598959
0.0020396065897121114
0.002038292308156592
0.0020370393902918982
0.0020358495065797826
0.002034724305181901
0.0020336654125460187
0.0020326744339776823
0.002031752954194721
0.0020309025378619314
0.00203012473010307
0.0020294210569879183
0.002028793025991545
0.0020282421264235496
0.0020277698298248833
0.0020273775903299
0.0020270668449915586
0.0020268390140674394
0.0020266955012648823
0.002026637693943105
0.002026666963270555
0.002026784664335812
0.002026992136210469
0.0020272907019624757
4.215380280765775E-6
4.215335464854494E-6
4.215290638667222E-6
4.21524580220901E-6
4.215200955484912E-6
4.2151560984999905E-6
4.215111231259304E-6
4.2150663537679225E-6
4.215021466030902E-6
4.214976568053309E-6
4.214931659840196E-6
4.214886741396649E-6
4.214841812727722E-6
4.214796873838494E-6
4.214751924734028E-6
4.214706965419395E-6
4.2146619958996675E-6
4.214617016179921E-6
4.21457202626523E-6
4.214527026160669E-6
4.21448201587132E-6
4.214436995402254E-6
4.214391964758555E-6
4.214346923945301E-6
4.214301872967581E-6
4.21425681183047E-6
4.214211740539057E-6
4.214166659098427E-6
4.214121567513668E-6
4.214076465789863E-6
4.214031353932109E-6
4.213986231945495E-6
4.213941099835109E-6
4.213895957606044E-6
4.213850805263396E-6
4.213805642812262E-6
4.2137604702577345E-6
4.213715287604911E-6
4.213670094858894E-6
4.213624892024783E-6
4.213579679107681E-6
4.21353445611269E-6
4.213489223044911E-6
4.21344397990945E-6
4.213398726711414E-6
4.213353463455917E-6
4.213308190148054E-6
4.213262906792942E-6
4.213217613395692E-6
4.213172309961417E-6
4.213126996495229E-6
4.21308167300225E-6
4.213036339487583E-6
4.2129909959563525E-6
4.212945642413674E-6
4.212900278864667E-6
4.212854905314458E-6
4.2128095217681655E-6
4.212764128230909E-6
4.2127187247078215E-6
4.212673311204021E-6
4.212627887724637E-6
4.212582454274798E-6
4.212537010859631E-6
4.2124915574842696E-6
4.212446094153839E-6
4.2124006208734754E-6
4.21235513764832E-6
4.212309644483502E-6
4.212264141384156E-6
4.2122186283554204E-6
4.212173105402436E-6
4.212127572530338E-6
4.212082029744276E-6
4.212036477049388E-6
4.211990914450815E-6
4.2119453419537035E-6
4.2118997595632065E-6
4.211854167284459E-6
4.21180856512262E-6
4.211762953082832E-6
4.211717331170249E-6
4.211671699390025E-6
4.211626057747306E-6
4.2115804062472564E-6
4.2115347448950285E-6
4.211489073695773E-6
4.211443392654655E-6
4.211397701776835E-6
4.211352001067464E-6
4.211306290531712E-6
4.211260570174738E-6
4.211214840001712E-6
4.211169100017795E-6
4.211123350228152E-6
4.211077590637954E-6
4.211031821252366E-6
4.2109860420765624E-6
4.2109402531157115E-6
4.210894454374989E-6
4.210848645859567E-6
4.21080282757462E-6
4.210756999525321E-6
4.210711161716851E-6
4.210665314154393E-6
4.210619456843124E-6
4.21057358978822E-6
4.210527712994868E-6
4.2104818264682505E-6
4.210435930213547E-6
4.210390024235951E-6
4.2103441085406405E-6
4.210298183132807E-6
4.21025224801765E-6
4.210206303200348E-6
4.210160348686097E-6
4.2101143844800875E-6
4.2100684105875166E-6
4.2100224270135784E-6
4.2099764337634705E-6
4.2099304308423884E-6
4.2098844182555364E-6
4.2098383960081085E-6
4.209792364105308E-6
4.209746322552337E-6
4.209700271354401E-6
4.2096542105167064E-6
4.209608140044454E-6
4.2095620599428536E-6
4.2095159702171185E-6
4.209469870872451E-6
4.2094237619140705E-6
4.209377643347182E-6
4.2093315151769974E-6
4.209285377408735E-6
4.209239230047607E-6
4.209193073098839E-6
4.209146906567647E-6
4.209100730459242E-6
4.209054544778852E-6
4.209008349531696E-6
4.208962144722997E-6
4.208915930357982E-6
4.208869706441871E-6
4.208823472979894E-6
4.2087772299772724E-6
4.208730977439241E-6
4.208684715371034E-6
4.20863844377788E-6
4.208592162665009E-6
4.208545872037655E-6
4.208499571901055E-6
4.2084532622604394E-6
4.208406943121054E-6
4.208360614488134E-6
4.208314276366912E-6
4.208267928762637E-6
4.20822157168055E-6
4.208175205125893E-6
4.208128829103909E-6
4.208082443619848E-6
4.20803604867895E-6
4.207989644286473E-6
4.207943230447657E-6
4.207896807167762E-6
4.2078503744520265E-6
4.207803932305714E-6
4.207757480734075E-6
4.207711019742364E-6
4.207664549335838E-6
4.2076180695197474E-6
4.207571580299364E-6
4.207525081679937E-6
4.207478573666739E-6
4.2074320562650256E-6
4.207385529480059E-6
4.2073389933171095E-6
4.207292447781435E-6
4.2072458928783056E-6
4.207199328612991E-6
4.207152754990762E-6
4.207106172016887E-6
4.207059579696642E-6
4.207012978035296E-6
4.206966367038124E-6
4.206919746710399E-6
4.206873117057405E-6
4.2068264780844126E-6
4.206779829796704E-6
4.206733172199559E-6
4.2066865052982636E-6
4.20663982909809E-6
4.206593143604327E-6
4.206546448822262E-6
4.206499744757184E-6
4.206453031414377E-6
4.206406308799125E-6
4.206359576916728E-6
4.206312835772466E-6
4.206266085371639E-6
4.206219325719537E-6
4.206172556821461E-6
4.2061257786826945E-6
4.206078991308538E-6
4.206032194704294E-6
4.2059853888752595E-6
4.205938573826738E-6
4.205891749564029E-6
4.2058449160924345E-6
4.205798073417259E-6
4.205751221543811E-6
4.2057043604773945E-6
4.205657490223313E-6
4.205610610786879E-6
4.205563722173402E-6
4.205516824388197E-6
4.205469917436573E-6
4.205423001323841E-6
4.20537607605532E-6
4.205329141636329E-6
4.2052821980721784E-6
4.205235245368192E-6
4.205188283529682E-6
4.205141312561976E-6
4.205094332470394E-6
4.205047343260256E-6
4.205000344936889E-6
4.204953337505622E-6
4.204906320971773E-6
4.20485929534068E-6
4.204812260617662E-6
4.204765216808055E-6
4.204718163917193E-6
4.204671101950403E-6
4.20462403091302E-6
4.204576950810381E-6
4.204529861647824E-6
4.20448276343068E-6
4.2044356561642936E-6
4.204388539854002E-6
4.20434141450514E-6
4.20429428012306E-6
4.204247136713102E-6
4.204199984280605E-6
4.204152822830922E-6
4.2041056523693986E-6
4.204058472901384E-6
4.204011284432222E-6
4.203964086967269E-6
4.203916880511867E-6
4.203869665071379E-6
4.203822440651155E-6
4.203775207256554E-6
4.203727964892924E-6
4.203680713565624E-6
4.203633453280018E-6
4.203586184041467E-6
4.203538905855326E-6
4.203491618726957E-6
4.203444322661728E-6
4.203397017665E-6
4.203349703742145E-6
4.203302380898522E-6
4.203255049139509E-6
4.203207708470466E-6
4.203160358896767E-6
4.203113000423779E-6
4.203065633056886E-6
4.203018256801453E-6
4.202970871662858E-6
4.202923477646475E-6
4.202876074757681E-6
4.202828663001865E-6
4.202781242384397E-6
4.20273381291066E-6
4.202686374586042E-6
4.202638927415921E-6
4.20259147140568E-6
4.202544006560708E-6
4.2024965328863926E-6
4.202449050388117E-6
4.202401559071277E-6
4.202354058941255E-6
4.202306550003451E-6
4.202259032263257E-6
4.202211505726068E-6
4.202163970397276E-6
4.2021164262822806E-6
4.2020688733864774E-6
4.202021311715263E-6
4.201973741274042E-6
4.201926162068213E-6
4.201878574103178E-6
4.201830977384342E-6
4.201783371917113E-6
4.201735757706888E-6
4.201688134759082E-6
4.201640503079099E-6
4.201592862672352E-6
4.20154521354425E-6
