2.0449040481925697E-5
2.0449082671069982E-5
2.0449124869379485E-5
2.0449167076849504E-5
2.044920929347532E-5
2.044925151925222E-5
4.0898672014745196E-5
0.12327101282373329
0.10253248086100783
0.085201361087656
0.0708449677712039
0.05902812812257926
0.049298823766220454
0.04122518057673389
4.778201366523457E-5
4.778204136816786E-5
4.778206904576032E-5
4.778209669799708E-5
4.7782124324863336E-5
4.778215192634423E-5
9.556441405529178E-5
0.024061591799508345
0.043466576323543435
0.059090894192991336
0.07173103800426925
0.08196569890060464
0.0901112828882705
0.09632848364894214
1.852234676795427E-4
1.8522649814819758E-4
1.8522955360943789E-4
1.8523263365271766E-4
1.8523573785585165E-4
1.852388657849624E-4
1.85242016994431E-4
