1.4621473423373118E-7
1.462146930313822E-7
1.4621465182914016E-7
1.462146106270051E-7
1.4621456942497696E-7
1.4621452822305577E-7
1.4621448702124164E-7
1.4621444581953438E-7
1.4621440461793412E-7
1.4621436341644074E-7
1.462143222150545E-7
1.4621428101377503E-7
1.462142398126026E-7
1.4621419861153708E-7
1.4621415741057855E-7
1.4621411620972696E-7
1.4621407500898238E-7
1.462140338083447E-7
1.46213992607814E-7
1.462139514073902E-7
1.462139102070734E-7
1.4621386900686358E-7
1.4621382780676066E-7
1.4621378660676473E-7
1.4621374540687568E-7
1.462137042070938E-7
1.4621366300741864E-7
1.4621362180785052E-7
1.4621358060838928E-7
1.4621353940903497E-7
1.462134982097879E-7
1.4621345701064745E-7
1.4621341581161406E-7
1.4621337461268756E-7
1.4621333341386806E-7
1.4621329221515562E-7
1.4621325101655002E-7
1.4621320981805138E-7
1.4621316861965965E-7
1.4621312742137488E-7
1.4621308622319716E-7
1.4621304502512622E-7
1.4621300382716227E-7
1.4621296262930536E-7
1.4621292143155515E-7
1.462128802339123E-7
1.4621283903637605E-7
1.4621279783894682E-7
1.4621275664162455E-7
1.4621271544440922E-7
1.4621267424730087E-7
1.4621263305029944E-7
1.462125918534049E-7
1.4621255065661734E-7
1.4621250945993675E-7
1.4621246826336302E-7
1.4621242706689628E-7
1.462123858705365E-7
1.4621234467428356E-7
1.4621230347813766E-7
1.4621226228209862E-7
1.462122210861665E-7
1.462121798903415E-7
1.4621213869462325E-7
1.4621209749901204E-7
1.4621205630350774E-7
1.4621201510811035E-7
1.4621197391281987E-7
1.4621193271763636E-7
1.4621189152255979E-7
1.4621185032759007E-7
1.4621180913272737E-7
1.4621176793797166E-7
1.4621172674332276E-7
1.4621168554878085E-7
1.462116443543457E-7
1.4621160316001773E-7
1.4621156196579664E-7
1.4621152077168234E-7
1.4621147957767512E-7
1.462114383837747E-7
1.4621139718998123E-7
1.462113559962949E-7
1.4621131480271522E-7
1.4621127360924258E-7
1.462112324158768E-7
1.4621119122261798E-7
1.4621115002946616E-7
1.4621110883642109E-7
1.4621106764348314E-7
1.4621102645065207E-7
1.4621098525792784E-7
1.4621094406531065E-7
1.462109028728002E-7
1.4621086168039688E-7
1.4621082048810035E-7
1.462107792959108E-7
1.4621073810382802E-7
1.4621069691185238E-7
1.4621065571998362E-7
1.462106145282217E-7
1.4621057333656674E-7
1.4621053214501856E-7
1.4621049095357753E-7
1.4621044976224323E-7
1.4621040857101607E-7
1.4621036737989567E-7
1.4621032618888208E-7
1.4621028499797555E-7
1.462102438071759E-7
1.4621020261648315E-7
1.462101614258975E-7
1.4621012023541864E-7
1.4621007904504651E-7
1.462100378547815E-7
1.462099966646233E-7
1.4620995547457208E-7
1.4620991428462784E-7
1.462098730947903E-7
1.4620983190505995E-7
1.462097907154363E-7
1.462097495259194E-7
1.4620970833650987E-7
1.4620966714720712E-7
1.462096259580109E-7
1.4620958476892188E-7
1.4620954357993976E-7
1.4620950239106442E-7
1.4620946120229612E-7
1.4620942001363474E-7
1.462093788250803E-7
1.4620933763663268E-7
1.4620929644829184E-7
1.4620925526005818E-7
1.4620921407193122E-7
1.4620917288391117E-7
1.462091316959982E-7
1.4620909050819191E-7
1.4620904932049268E-7
1.4620900813290035E-7
1.462089669454148E-7
1.4620892575803628E-7
1.4620888457076445E-7
1.4620884338359972E-7
1.462088021965419E-7
1.462087610095909E-7
1.462087198227469E-7
1.4620867863600962E-7
1.4620863744937924E-7
1.4620859626285598E-7
1.4620855507643954E-7
1.4620851389012984E-7
1.462084727039271E-7
1.462084315178314E-7
1.4620839033184251E-7
1.4620834914596054E-7
1.4620830796018544E-7
1.462082667745172E-7
1.4620822558895586E-7
1.462081844035012E-7
1.4620814321815378E-7
1.462081020329132E-7
1.4620806084777954E-7
1.462080196627527E-7
1.4620797847783257E-7
1.4620793729301955E-7
1.462078961083134E-7
1.4620785492371403E-7
1.4620781373922163E-7
1.4620777255483625E-7
1.4620773137055747E-7
1.462076901863859E-7
1.4620764900232098E-7
1.46207607818363E-7
1.4620756663451206E-7
1.4620752545076773E-7
1.4620748426713044E-7
1.4620744308360009E-7
1.4620740190017646E-7
1.4620736071685977E-7
1.4620731953365E-7
1.462072783505473E-7
1.4620723716755132E-7
1.4620719598466214E-7
1.4620715480187985E-7
1.4620711361920458E-7
1.4620707243663583E-7
1.4620703125417443E-7
1.4620699007181976E-7
1.46206948889572E-7
1.462069077074312E-7
1.4620686652539677E-7
1.4620682534346978E-7
1.4620678416164956E-7
1.4620674297993593E-7
1.462067017983294E-7
1.462066606168299E-7
1.4620661943543711E-7
1.4620657825415116E-7
1.4620653707297207E-7
1.4620649589190005E-7
1.4620645471093464E-7
1.4620641353007618E-7
1.4620637234932462E-7
1.4620633116867996E-7
1.4620628998814212E-7
1.462062488077113E-7
1.4620620762738731E-7
1.4620616644717013E-7
1.4620612526705986E-7
1.462060840870564E-7
1.4620604290715963E-7
1.4620600172737012E-7
1.462059605476872E-7
1.462059193681114E-7
1.4620587818864238E-7
1.462058370092802E-7
1.462057958300249E-7
1.4620575465087625E-7
1.462057134718346E-7
1.462056722928999E-7
1.4620563111407214E-7
1.4620558993535108E-7
1.4620554875673694E-7
1.462055075782297E-7
1.4620546639982928E-7
1.4620542522153581E-7
1.4620538404334931E-7
1.4620534286526917E-7
1.4620530168729618E-7
1.462052605094301E-7
1.4620521933167095E-7
1.4620517815401848E-7
1.4620513697647318E-7
1.4620509579903448E-7
1.462050546217027E-7
1.4620501344447765E-7
1.4620497226735955E-7
1.462049310903485E-7
1.4620488991344417E-7
1.462048487366468E-7
1.462048075599562E-7
1.462047663833724E-7
1.462047252068952E-7
1.4620468403052526E-7
1.462046428542621E-7
1.4620460167810584E-7
1.462045605020563E-7
1.462045193261138E-7
1.4620447815027788E-7
1.4620443697454886E-7
1.46204395798927E-7
1.4620435462341193E-7
1.462043134480032E-7
1.462042722727017E-7
1.4620423109750717E-7
1.462041899224195E-7
1.4620414874743837E-7
1.462041075725644E-7
1.4620406639779712E-7
1.462040252231367E-7
1.4620398404858324E-7
1.4620394287413637E-7
1.4620390169979659E-7
1.4620386052556364E-7
1.462038193514375E-7
1.4620377817741816E-7
1.4620373700350569E-7
1.4620369582969988E-7
1.4620365465600112E-7
1.4620361348240935E-7
1.4620357230892428E-7
1.4620353113554597E-7
1.4620348996227456E-7
1.4620344878911007E-7
1.462034076160524E-7
1.462033664431016E-7
1.462033252702575E-7
1.4620328409752039E-7
1.4620324292489016E-7
1.4620320175236642E-7
1.4620316057994975E-7
1.4620311940764007E-7
1.4620307823543717E-7
1.4620303706334097E-7
1.4620299589135176E-7
1.4620295471946925E-7
1.4620291354769355E-7
1.4620287237602483E-7
1.4620283120446282E-7
1.462027900330079E-7
1.4620274886165958E-7
1.4620270769041806E-7
1.462026665192836E-7
1.4620262534825597E-7
1.462025841773348E-7
1.462025430065207E-7
1.4620250183581346E-7
1.462024606652129E-7
1.462024194947194E-7
1.462023783243328E-7
1.4620233715405285E-7
1.4620229598387974E-7
1.4620225481381334E-7
1.4620221364385397E-7
1.4620217247400156E-7
1.462021313042556E-7
1.4620209013461663E-7
1.4620204896508463E-7
1.4620200779565937E-7
1.4620196662634104E-7
1.4620192545712946E-7
1.4620188428802456E-7
1.4620184311902643E-7
1.4620180195013538E-7
1.4620176078135126E-7
1.4620171961267377E-7
1.462016784441031E-7
1.4620163727563925E-7
1.4620159610728211E-7
1.4620155493903205E-7
1.462015137708887E-7
1.4620147260285213E-7
1.462014314349226E-7
1.4620139026709962E-7
1.4620134909938343E-7
1.4620130793177415E-7
1.4620126676427178E-7
1.4620122559687606E-7
1.4620118442958735E-7
1.4620114326240545E-7
1.4620110209533025E-7
1.4620106092836199E-7
1.4620101976150053E-7
1.4620097859474582E-7
1.4620093742809766E-7
1.4620089626155662E-7
1.4620085509512252E-7
1.462008139287952E-7
1.4620077276257468E-7
1.4620073159646078E-7
1.4620069043045377E-7
1.4620064926455359E-7
1.462006080987603E-7
1.462005669330738E-7
1.4620052576749388E-7
1.4620048460202103E-7
1.4620044343665477E-7
1.4620040227139563E-7
1.4620036110624327E-7
1.4620031994119764E-7
1.4620027877625887E-7
1.4620023761142667E-7
1.4620019644670145E-7
1.4620015528208297E-7
1.4620011411757144E-7
1.4620007295316673E-7
1.4620003178886876E-7
1.4619999062467763E-7
1.4619994946059325E-7
1.4619990829661544E-7
1.461998671327448E-7
1.461998259689809E-7
1.461997848053237E-7
1.4619974364177335E-7
1.4619970247832996E-7
1.4619966131499306E-7
1.4619962015176323E-7
1.4619957898864024E-7
1.4619953782562383E-7
1.4619949666271426E-7
1.4619945549991163E-7
1.4619941433721553E-7
1.4619937317462638E-7
1.4619933201214416E-7
1.461992908497685E-7
1.4619924968749998E-7
1.461992085253381E-7
1.4619916736328308E-7
1.461991262013346E-7
1.461990850394931E-7
1.4619904387775835E-7
1.4619900271613052E-7
1.461989615546095E-7
1.4619892039319518E-7
1.461988792318876E-7
1.4619883807068698E-7
1.4619879690959284E-7
1.4619875574860574E-7
1.461987145877253E-7
1.4619867342695172E-7
1.461986322662851E-7
1.4619859110572506E-7
1.4619854994527194E-7
1.4619850878492578E-7
1.4619846762468624E-7
1.4619842646455345E-7
1.4619838530452713E-7
1.461983441446079E-7
1.4619830298479577E-7
1.4619826182509002E-7
1.4619822066549123E-7
1.4619817950599912E-7
1.4619813834661403E-7
1.4619809718733534E-7
1.4619805602816367E-7
1.461980148690988E-7
1.461979737101406E-7
1.4619793255128937E-7
1.4619789139254455E-7
1.461978502339069E-7
1.4619780907537602E-7
1.4619776791695197E-7
1.4619772675863435E-7
1.461976856004239E-7
1.4619764444232E-7
1.4619760328432298E-7
1.461975621264325E-7
1.4619752096864915E-7
1.461974798109726E-7
1.4619743865340256E-7
1.4619739749593946E-7
1.461973563385831E-7
1.461973151813337E-7
1.4619727402419077E-7
1.4619723286715468E-7
1.461971917102255E-7
1.4619715055340295E-7
1.4619710939668741E-7
1.4619706824007836E-7
1.4619702708357615E-7
1.461969859271809E-7
1.4619694477089223E-7
1.461969036147105E-7
1.461968624586355E-7
1.461968213026673E-7
1.4619678014680578E-7
1.4619673899105123E-7
1.4619669783540335E-7
1.461966566798619E-7
1.4619661552442745E-7
1.4619657436910004E-7
1.4619653321387936E-7
1.4619649205876527E-7
1.4619645090375764E-7
1.4619640974885717E-7
1.4619636859406352E-7
1.4619632743937668E-7
1.4619628628479633E-7
1.4619624513032296E-7
1.4619620397595633E-7
1.4619616282169634E-7
1.461961216675432E-7
1.4619608051349686E-7
1.4619603935955715E-7
1.4619599820572446E-7
1.4619595705199819E-7
1.4619591589837895E-7
1.461958747448664E-7
1.4619583359146055E-7
1.461957924381617E-7
1.461957512849695E-7
1.4619571013188396E-7
1.4619566897890524E-7
1.4619562782603343E-7
1.461955866732683E-7
1.461955455206097E-7
1.4619550436805794E-7
1.4619546321561306E-7
1.4619542206327494E-7
1.4619538091104346E-7
1.4619533975891905E-7
1.4619529860690124E-7
1.4619525745499005E-7
1.4619521630318558E-7
1.4619517515148794E-7
1.4619513399989725E-7
1.4619509284841322E-7
1.4619505169703577E-7
1.4619501054576525E-7
1.461949693946014E-7
1.4619492824354423E-7
1.4619488709259394E-7
1.461948459417505E-7
1.4619480479101376E-7
1.4619476364038357E-7
1.4619472248986035E-7
1.46194681339444E-7
1.4619464018913418E-7
1.4619459903893108E-7
1.4619455788883484E-7
1.4619451673884504E-7
1.4619447558896228E-7
1.461944344391864E-7
1.4619439328951707E-7
1.4619435213995454E-7
1.4619431099049884E-7
1.461942698411498E-7
1.4619422869190744E-7
1.4619418754277195E-7
1.461941463937432E-7
1.4619410524482124E-7
1.461940640960059E-7
1.461940229472974E-7
1.4619398179869553E-7
1.461939406502005E-7
1.4619389950181236E-7
1.461938583535308E-7
1.4619381720535593E-7
1.4619377605728786E-7
1.4619373490932654E-7
1.4619369376147176E-7
1.4619365261372392E-7
1.4619361146608275E-7
1.461935703185484E-7
1.4619352917112088E-7
1.4619348802379997E-7
1.4619344687658595E-7
1.4619340572947854E-7
1.4619336458247792E-7
1.4619332343558394E-7
1.461932822887969E-7
1.4619324114211634E-7
1.4619319999554276E-7
1.4619315884907581E-7
1.461931177027155E-7
1.461930765564617E-7
1.4619303541031503E-7
1.461929942642748E-7
1.4619295311834168E-7
1.4619291197251523E-7
1.4619287082679547E-7
1.4619282968118208E-7
1.4619278853567596E-7
1.461927473902764E-7
1.4619270624498343E-7
1.461926650997974E-7
1.4619262395471802E-7
1.4619258280974493E-7
1.4619254166487903E-7
1.461925005201199E-7
1.461924593754673E-7
1.4619241823092172E-7
1.4619237708648273E-7
1.4619233594215034E-7
1.4619229479792483E-7
1.4619225365380603E-7
1.4619221250979392E-7
1.4619217136588854E-7
1.4619213022208983E-7
1.4619208907839784E-7
1.4619204793481243E-7
1.4619200679133398E-7
1.4619196564796204E-7
1.4619192450469712E-7
1.4619188336153885E-7
1.4619184221848733E-7
1.461918010755425E-7
1.4619175993270426E-7
1.4619171878997278E-7
1.4619167764734812E-7
1.4619163650483007E-7
1.4619159536241872E-7
1.461915542201144E-7
1.4619151307791647E-7
1.461914719358254E-7
1.4619143079384104E-7
1.4619138965196327E-7
1.4619134851019246E-7
1.4619130736852814E-7
1.461912662269707E-7
1.4619122508551985E-7
1.461911839441757E-7
1.461911428029385E-7
1.4619110166180776E-7
1.461910605207838E-7
1.4619101937986665E-7
1.4619097823905627E-7
1.461909370983524E-7
1.4619089595775543E-7
1.4619085481726484E-7
1.4619081367688113E-7
1.4619077253660417E-7
1.4619073139643412E-7
1.4619069025637056E-7
1.4619064911641394E-7
1.4619060797656386E-7
1.461905668368205E-7
1.4619052569718367E-7
1.4619048455765364E-7
1.461904434182306E-7
1.4619040227891404E-7
1.4619036113970414E-7
1.4619032000060109E-7
1.4619027886160466E-7
1.4619023772271503E-7
1.4619019658393203E-7
1.4619015544525562E-7
1.4619011430668607E-7
1.4619007316822317E-7
1.461900320298672E-7
1.4618999089161772E-7
1.4618994975347497E-7
1.461899086154387E-7
1.4618986747750935E-7
1.4618982633968651E-7
1.4618978520197064E-7
1.461897440643615E-7
1.4618970292685897E-7
1.4618966178946314E-7
1.4618962065217398E-7
1.4618957951499147E-7
1.4618953837791572E-7
1.4618949724094666E-7
1.4618945610408433E-7
1.461894149673286E-7
1.461893738306798E-7
1.4618933269413757E-7
1.46189291557702E-7
1.4618925042137308E-7
1.4618920928515079E-7
1.4618916814903538E-7
1.4618912701302662E-7
1.461890858771246E-7
1.4618904474132923E-7
1.4618900360564055E-7
1.4618896247005848E-7
1.4618892133458325E-7
1.461888801992147E-7
1.4618883906395264E-7
1.461887979287973E-7
1.4618875679374889E-7
1.461887156588071E-7
1.4618867452397206E-7
1.461886333892436E-7
1.461885922546218E-7
1.4618855112010676E-7
1.461885099856984E-7
1.4618846885139656E-7
1.4618842771720156E-7
1.4618838658311324E-7
1.4618834544913154E-7
1.461883043152567E-7
1.461882631814883E-7
1.4618822204782686E-7
1.461881809142721E-7
1.461881397808238E-7
1.461880986474823E-7
1.4618805751424758E-7
1.461880163811195E-7
1.4618797524809775E-7
1.4618793411518294E-7
1.4618789298237493E-7
1.461878518496736E-7
1.4618781071707897E-7
1.4618776958459095E-7
1.461877284522097E-7
1.4618768731993452E-7
1.461876461877666E-7
1.4618760505570532E-7
1.461875639237507E-7
1.461875227919029E-7
1.461874816601615E-7
1.4618744052852693E-7
1.4618739939699905E-7
1.461873582655776E-7
1.46187317134263E-7
1.4618727600305528E-7
1.4618723487195405E-7
1.461871937409595E-7
1.4618715261007167E-7
1.461871114792905E-7
1.4618707034861605E-7
1.4618702921804805E-7
1.4618698808758675E-7
1.461869469572322E-7
1.4618690582698456E-7
1.4618686469684346E-7
1.46186823566809E-7
1.4618678243688113E-7
1.4618674130706008E-7
1.4618670017734557E-7
1.4618665904773782E-7
1.4618661791823684E-7
1.461865767888423E-7
1.461865356595544E-7
1.4618649453037325E-7
1.4618645340129902E-7
1.4618641227233104E-7
1.4618637114346992E-7
1.4618633001471544E-7
1.4618628888606766E-7
1.4618624775752672E-7
1.4618620662909226E-7
1.4618616550076447E-7
1.4618612437254328E-7
1.461860832444288E-7
1.4618604211642106E-7
1.4618600098851983E-7
2.923718374662888E-7
0.0012104003087581173
0.0012073307128550414
0.0012042715619702698
0.0012012228101809085
0.0011981844146699817
0.0011951563357062872
0.0011921385366243653
0.0011891309838046697
0.0011861336466539097
0.0011831464975855636
0.0011801695120005741
0.001177202668268189
0.0011742459477069765
0.0011712993345660615
0.0011683628160064066
0.0011654363820823815
0.0011625200257233599
0.001159613742715533
0.0011567175316838725
0.0011538313940741409
0.0011509553341351156
0.001148089358900866
0.0011452334781731433
0.0011423877045038987
0.001139552053177815
0.0011367265421949955
0.0011339111922536208
0.0011311060267327534
0.0011283110716750829
0.0011255263557697355
0.0011227519103350983
0.0011199877693016365
0.0011172339691946705
0.0011144905491171214
0.0011117575507322173
0.0011090350182461112
0.00110632299839044
0.0011036215404047675
0.0011009306960188979
0.001098250519435088
0.0010955810673100661
0.0010929223987368858
0.001090274575226628
0.0010876376606898366
0.0010850117214177939
0.0010823968260634579
0.001079793045622216
0.0010772004534123213
0.001074619125055001
0.0010720491384542538
0.0010694905737763322
0.0010669435134287998
0.001064408042039247
0.0010618842464335608
0.0010593722156138077
0.001056872040735615
0.0010543838150851078
0.0010519076340554105
0.001049443595122479
0.0010469917978205988
0.0010445523437171778
0.0010421253363870166
0.0010397108813859975
0.001037309086224141
0.0010349200603380188
0.0010325439150625183
0.0010301807636019455
0.0010278307210004
0.001025493904111462
0.0010231704315671066
0.0010208604237459359
0.0010185640027405487
0.0010162812923241854
0.001014012417916505
0.0010117575065485955
0.0010095166868271004
0.001007290088897479
0.0010050778444064023
0.001002880086463256
0.0010006969496007228
9.985285697344344E-4
9.963750841216763E-4
9.942366313191627E-4
9.921133511398127E-4
9.90005384608546E-4
9.879128739171204E-4
9.858359623779076E-4
9.837747943766716E-4
9.817295153243411E-4
9.797002716077025E-4
9.776872105390552E-4
9.756904803048392E-4
9.737102299131505E-4
9.717466091402178E-4
9.697997684757725E-4
9.678698590673586E-4
9.659570326635442E-4
9.640614415560445E-4
9.621832385207099E-4
9.603225767574874E-4
9.584796098292185E-4
9.566544915993654E-4
9.548473761686252E-4
9.530584178104672E-4
9.512877709055408E-4
9.495355898750204E-4
9.478020291128602E-4
9.460872429169427E-4
9.443913854191659E-4
9.427146105144822E-4
9.410570717888393E-4
9.394189224461005E-4
9.378003152339028E-4
9.362014023685177E-4
9.346223354586551E-4
9.33063265428314E-4
9.315243424386047E-4
9.300057158086306E-4
9.285075339353972E-4
9.270299442128113E-4
9.25573092949741E-4
9.241371252871892E-4
9.227221851146243E-4
9.213284149853957E-4
9.199559560314111E-4
9.186049478769385E-4
9.172755285516923E-4
9.159678344031389E-4
9.146820000081005E-4
9.134181580836767E-4
9.121764393974961E-4
9.10956972677368E-4
9.097598845203284E-4
9.085852993011466E-4
9.074333390802856E-4
9.063041235114154E-4
9.051977697484677E-4
9.041143923522807E-4
9.030541031968778E-4
9.020170113754444E-4
9.010032231060047E-4
9.000128416368524E-4
8.990459671518346E-4
8.981026966754153E-4
8.971831239777161E-4
8.962873394794288E-4
8.954154301567908E-4
8.945674794465614E-4
8.937435671510904E-4
8.929437693435568E-4
8.921681582734008E-4
8.914168022719777E-4
8.90689765658541E-4
8.899871086465858E-4
8.893088872505823E-4
8.886551531932063E-4
8.880259538130728E-4
8.874213319730555E-4
8.868413259692651E-4
8.862859694407024E-4
8.857552912796787E-4
8.852493155430648E-4
8.847680613643995E-4
8.84311542866953E-4
8.838797690777613E-4
8.834727438427664E-4
8.830904657430355E-4
8.827329280121777E-4
8.824001184550108E-4
8.82092019367542E-4
8.818086074583024E-4
8.815498537711247E-4
8.813157236094112E-4
8.81106176461972E-4
8.8092116593046E-4
8.807606396585051E-4
8.806245392626156E-4
8.805128002648362E-4
8.804253520273098E-4
8.803621176887765E-4
8.80323014103044E-4
8.803079517795223E-4
8.803168348258681E-4
8.803495608928094E-4
8.804060211212033E-4
8.804861000913738E-4
8.805896757748206E-4
8.807166194883261E-4
8.808667958505142E-4
8.81040062740963E-4
8.812362712618578E-4
8.814552657023073E-4
8.816968835053044E-4
8.819609552374773E-4
8.822473045615737E-4
8.825557482118096E-4
8.828860959721143E-4
8.832381506572846E-4
8.836117080971324E-4
8.840065571236468E-4
8.844224795612642E-4
8.848592502201933E-4
8.85316636892922E-4
8.857944003539267E-4
8.862922943625906E-4
8.868100656693793E-4
8.873474540253666E-4
8.879041921950235E-4
8.884800059724188E-4
8.89074614200798E-4
8.896877287955777E-4
8.903190547707842E-4
8.909682902689733E-4
8.916351265946268E-4
8.923192482510735E-4
8.930203329809178E-4
8.937380518100179E-4
8.944720690950254E-4
8.952220425744955E-4
8.959876234235609E-4
8.96768456312188E-4
8.975641794670395E-4
8.983744247368891E-4
8.99198817661668E-4
9.000369775450829E-4
9.00888517530789E-4
9.017530446821741E-4
9.026301600656946E-4
9.035194588377791E-4
9.044205303352262E-4
9.053329581691864E-4
9.062563203226086E-4
9.07190189251185E-4
9.081341319877434E-4
9.090877102500858E-4
9.100504805522075E-4
9.110219943189335E-4
9.120017980038341E-4
9.129894332104851E-4
9.139844368169769E-4
9.149863411036555E-4
9.159946738840343E-4
9.170089586388337E-4
9.18028714653117E-4
9.190534571564589E-4
9.200826974660981E-4
9.211159431330047E-4
9.221526980908202E-4
9.231924628076213E-4
9.242347344403983E-4
9.252790069922632E-4
9.263247714722066E-4
9.273715160574652E-4
9.2841872625833E-4
9.29465885085349E-4
9.305124732188802E-4
9.315579691808924E-4
9.326018495089094E-4
9.336435889320641E-4
9.346826605491505E-4
9.357185360086134E-4
9.367506856903376E-4
9.377785788892167E-4
9.388016840003513E-4
9.398194687058216E-4
9.408314001629361E-4
9.41836945193835E-4
9.428355704763866E-4
9.438267427362538E-4
9.44809928940066E-4
9.457845964895312E-4
9.46750213416459E-4
9.47706248578542E-4
9.486521718558112E-4
9.49587454347683E-4
9.505115685704235E-4
9.514239886549901E-4
9.52324190545142E-4
9.532116521956445E-4
9.540858537705332E-4
9.54946277841293E-4
9.557924095848461E-4
9.566237369812382E-4
9.574397510109192E-4
9.582399458514983E-4
9.590238190738716E-4
9.597908718376031E-4
9.605406090854633E-4
9.612725397369774E-4
9.619861768809324E-4
9.626810379666725E-4
9.63356644994101E-4
9.640125247022879E-4
9.646482087565689E-4
9.652632339339726E-4
9.658571423069953E-4
9.664294814254731E-4
9.669798044965184E-4
9.675076705624393E-4
9.680126446764683E-4
9.6849429807625E-4
9.689522083549614E-4
9.693859596299645E-4
9.697951427089291E-4
9.701793552532387E-4
9.705382019386895E-4
9.70871294613328E-4
9.711782524523166E-4
9.714587021097781E-4
9.717122778675326E-4
9.719386217805831E-4
9.721373838193001E-4
9.723082220082445E-4
9.724508025614972E-4
9.725648000144461E-4
9.726498973519357E-4
9.727057861327394E-4
9.727321666101921E-4
9.727287478490314E-4
9.726952478382845E-4
9.726313936001874E-4
9.725369212950374E-4
9.724115763219366E-4
9.722551134153586E-4
9.720672967375058E-4
9.718478999663618E-4
9.715967063794126E-4
9.713135089330008E-4
9.709981103372305E-4
9.70650323126438E-4
9.702699697250998E-4
9.698568825092382E-4
9.694109038632335E-4
9.689318862320061E-4
9.684196921685774E-4
9.678741943769837E-4
9.672952757504479E-4
9.666828294048851E-4
9.660367587076921E-4
9.653569773017825E-4
9.646434091248744E-4
9.638959884240352E-4
9.631146597654708E-4
9.622993780395619E-4
9.614501084611289E-4
9.605668265649741E-4
9.59649518196652E-4
9.586981794985299E-4
9.577128168911479E-4
9.566934470498558E-4
9.556400968767732E-4
9.545528034681195E-4
9.534316140769068E-4
9.522765860710198E-4
9.510877868867641E-4
9.498652939778517E-4
9.486091947599222E-4
9.473195865505797E-4
9.459965765050599E-4
9.446402815475114E-4
9.432508282979714E-4
9.418283529950952E-4
9.403730014146411E-4
9.388849287838494E-4
9.373642996917112E-4
9.358112879952082E-4
9.342260767215833E-4
9.326088579667263E-4
9.309598327897279E-4
9.292792111036699E-4
9.275672115627251E-4
9.258240614456762E-4
9.240499965358476E-4
9.222452609976686E-4
9.204101072497649E-4
9.185447958348413E-4
9.166495952863356E-4
9.147247819919286E-4
9.127706400540802E-4
9.107874611475709E-4
9.087755443742346E-4
9.067351961149229E-4
9.046667298788073E-4
9.025704661501256E-4
9.004467322324375E-4
8.982958620905433E-4
8.961181961901187E-4
8.939140813351516E-4
8.916838705033428E-4
8.894279226795322E-4
8.871466026872271E-4
8.848402810183963E-4
8.825093336616071E-4
8.801541419285857E-4
8.777750922793287E-4
8.753725761458696E-4
8.729469897548086E-4
8.704987339486937E-4
8.6802821400638E-4
8.655358394624516E-4
8.630220239258334E-4
8.604871848976826E-4
8.579317435886467E-4
8.553561247356555E-4
8.527607564182875E-4
8.501460698748183E-4
8.475124993181204E-4
8.448604817514288E-4
8.421904567841326E-4
8.395028664476745E-4
8.367981550116816E-4
8.340767688003774E-4
8.313391560094204E-4
8.285857665232505E-4
8.258170517330447E-4
8.230334643553434E-4
8.202354582515446E-4
8.174234882482002E-4
8.145980099583572E-4
8.117594796039425E-4
8.089083538393003E-4
8.060450895760271E-4
8.031701438090831E-4
8.002839734443557E-4
7.973870351277276E-4
7.944797850757039E-4
7.915626789077583E-4
7.886361714803594E-4
7.85700716722856E-4
7.827567674752401E-4
7.798047753278948E-4
7.76845190463353E-4
7.738784615001757E-4
7.709050353390012E-4
7.679253570108471E-4
7.649398695276744E-4
7.619490137353633E-4
7.589532281690473E-4
7.559529489109877E-4
7.529486094509206E-4
7.499406405490235E-4
7.469294701015123E-4
7.439155230088829E-4
7.408992210469329E-4
7.378809827404919E-4
7.348612232400221E-4
7.318403542010219E-4
7.288187836663351E-4
7.257969159513835E-4
7.227751515323376E-4
7.197538869372963E-4
7.167335146404352E-4
7.137144229592329E-4
7.106969959547433E-4
7.076816133349267E-4
7.046686503611262E-4
7.016584777576021E-4
6.986514616242526E-4
6.956479633524461E-4
6.926483395439974E-4
6.896529419333578E-4
6.8666211731291E-4
6.836762074614667E-4
6.80695549075948E-4
6.777204737062103E-4
6.747513076930589E-4
6.717883721094316E-4
6.688319827047305E-4
6.658824498523129E-4
6.629400785001234E-4
6.600051681244524E-4
6.570780126868165E-4
6.541589005939337E-4
6.512481146607838E-4
6.483459320767302E-4
6.45452624374689E-4
6.425684574033196E-4
6.396936913021955E-4
6.368285804799528E-4
6.339733735954105E-4
6.311283135415578E-4
6.282936374324387E-4
6.25469576592914E-4
6.22656356551214E-4
6.198541970342847E-4
6.170633119658705E-4
6.14283909467326E-4
6.115161918610882E-4
6.087603556767853E-4
6.060165916599369E-4
6.032850847831984E-4
6.005660142601219E-4
5.978595535613836E-4
5.951658704334016E-4
5.924851269193799E-4
5.898174793826283E-4
5.87163078532186E-4
5.845220694506748E-4
5.818945916243484E-4
5.79280778975229E-4
5.766807598953958E-4
5.740946572832436E-4
5.715225885817641E-4
5.689646658187425E-4
5.664209956488359E-4
5.638916793974633E-4
5.613768131065077E-4
5.58876487581682E-4
5.56390788441616E-4
5.539197961685179E-4
5.514635861604287E-4
5.490222287849492E-4
5.465957894344474E-4
5.441843285826398E-4
5.417879018425316E-4
5.394065600256565E-4
5.370403492025233E-4
5.346893107642819E-4
5.323534814854785E-4
5.300328935879147E-4
5.277275748055346E-4
5.254375484502489E-4
5.231628334787036E-4
5.209034445598967E-4
5.18659392143632E-4
5.16430682529698E-4
5.142173179377844E-4
5.120192965780481E-4
5.098366127222798E-4
5.076692567756498E-4
5.055172153489381E-4
5.033804713312464E-4
5.01259003963123E-4
4.991527889100184E-4
4.970617983361143E-4
4.949860009783822E-4
4.929253622208935E-4
4.908798441692857E-4
4.888494057253978E-4
4.8683400266198224E-4
4.848335876974662E-4
4.828481105707336E-4
4.808775181158722E-4
4.789217543368443E-4
4.7698076048205754E-4
4.7505447511878143E-4
4.731428342073705E-4
4.7124577117527464E-4
4.693632169907861E-4
4.6749510023648974E-4
4.6564134718238867E-4
4.6380188185865626E-4
4.6197662612801685E-4
4.60165499757671E-4
4.583684204907851E-4
4.565853041174844E-4
4.5481606454533634E-4
4.530606138692885E-4
4.5131886244103377E-4
4.495907189377769E-4
4.478760904303939E-4
4.461748824509258E-4
4.444869990594171E-4
4.4281234291006374E-4
4.411508153166405E-4
4.3950231631719545E-4
4.3786674473800626E-4
4.362439982567461E-4
4.3463397346486847E-4
4.3303656592919097E-4
4.3145167025265103E-4
4.298791801342241E-4
4.28318988427997E-4
4.267709872013669E-4
4.2523506779237647E-4
4.2371112086614143E-4
4.221990364704011E-4
4.206987040901414E-4
4.1921001270130463E-4
4.1773285082357986E-4
4.1626710657223975E-4
4.148126677090637E-4
4.1336942169228647E-4
4.1193725572561096E-4
4.1051605680625874E-4
4.091057117720563E-4
4.0770610734756164E-4
4.063171301892258E-4
4.049386669295894E-4
4.035706042204916E-4
4.022128287753367E-4
4.008652274103692E-4
3.995276870849972E-4
3.982000949411449E-4
3.968823383416289E-4
3.9557430490759667E-4
3.9427588255498154E-4
3.929869595300273E-4
3.9170742444384534E-4
3.9043716630603447E-4
3.891760745573648E-4
3.879240391015212E-4
3.8668095033593075E-4
3.8544669918165594E-4
3.8422117711238993E-4
3.8300427618253826E-4
3.817958890544091E-4
3.8059590902450623E-4
3.7940423004895787E-4
3.782207467680728E-4
3.770453545300267E-4
3.7587794941370357E-4
3.747184282507063E-4
3.7356668864652303E-4
3.724226290008945E-4
3.7128614852736393E-4
3.701571472720257E-4
3.690355261315053E-4
3.6792118687016E-4
3.6681403213651516E-4
3.657139654789688E-4
3.64620891360746E-4
3.635347151741443E-4
3.624553432540624E-4
3.6138268289083285E-4
3.6031664234237624E-4
3.592571308456926E-4
3.5820405862767464E-4
3.5715733691530857E-4
3.5611687794521725E-4
3.5508259497260894E-4
3.5405440227961394E-4
3.530322151830322E-4
3.5201595004152376E-4
3.5100552426220585E-4
3.500008563067383E-4
3.4900186569685257E-4
3.480084730193675E-4
3.4702059993070767E-4
3.460381691609216E-4
3.450611045172157E-4
3.4408933088704227E-4
3.431227742407183E-4
3.4216136163361146E-4
3.4120502120791094E-4
3.40253682193979E-4
3.3930727491129773E-4
3.3836573076905093E-4
3.3742898226631106E-4
3.3649696299188717E-4
3.355696076238131E-4
3.346468519285094E-4
3.3372863275961883E-4
3.3281488805654287E-4
3.3190555684266693E-4
3.3100057922331083E-4
3.300998963834036E-4
3.2920345058490237E-4
3.2831118516395293E-4
3.2742304452781706E-4
3.265389741515668E-4
3.2565892057457506E-4
3.247828313967886E-4
3.239106552748132E-4
3.230423419178032E-4
3.221778420831913E-4
3.213171075722429E-4
3.204600912254712E-4
3.1960674691787814E-4
3.1875702955408696E-4
3.179108950633369E-4
3.1706830039435945E-4
3.162292035101419E-4
3.153935633826016E-4
3.145613399871542E-4
3.137324942972038E-4
3.1290698827855426E-4
3.1208478488375425E-4
3.1126584804637024E-4
3.1045014267521565E-4
3.096376346485223E-4
3.088282908080767E-4
3.0802207895331624E-4
3.072189678353965E-4
3.064189271512315E-4
3.056219275375204E-4
3.0482794056476477E-4
3.0403693873126323E-4
3.0324889545711893E-4
3.024637850782415E-4
3.016815828403547E-4
3.009022648930139E-4
3.0012580828364416E-4
2.9935219095158675E-4
2.985813917221723E-4
2.97813390300823E-4
2.9704816726716795E-4
2.962857040692043E-4
2.9552598301748944E-4
2.9476898727935326E-4
4.052729840021427E-7
4.052728707189853E-7
4.0527275743612114E-7
4.052726441535503E-7
4.052725308712727E-7
4.052724175892882E-7
4.0527230430759707E-7
4.052721910261991E-7
4.0527207774509443E-7
4.0527196446428306E-7
4.0527185118376493E-7
4.0527173790353987E-7
4.0527162462360804E-7
4.052715113439696E-7
4.0527139806462434E-7
4.0527128478557237E-7
4.0527117150681347E-7
4.0527105822834796E-7
4.0527094495017547E-7
4.0527083167229643E-7
4.0527071839471056E-7
4.052706051174179E-7
4.0527049184041853E-7
4.0527037856371236E-7
4.052702652872992E-7
4.052701520111796E-7
4.0527003873535304E-7
4.052699254598199E-7
4.052698121845797E-7
4.0526969890963275E-7
4.052695856349791E-7
4.052694723606185E-7
4.0526935908655134E-7
4.052692458127773E-7
4.0526913253929656E-7
4.05269019266109E-7
4.052689059932147E-7
4.0526879272061337E-7
4.0526867944830553E-7
4.0526856617629076E-7
4.052684529045691E-7
4.052683396331409E-7
4.052682263620058E-7
4.052681130911638E-7
4.052679998206152E-7
4.052678865503595E-7
4.052677732803973E-7
4.052676600107281E-7
4.0526754674135227E-7
4.0526743347226966E-7
4.0526732020348007E-7
4.052672069349838E-7
4.052670936667807E-7
4.0526698039887055E-7
4.0526686713125415E-7
4.0526675386393036E-7
4.052666405969003E-7
4.052665273301631E-7
4.0526641406371894E-7
4.052663007975683E-7
4.0526618753171076E-7
4.0526607426614646E-7
4.0526596100087534E-7
4.0526584773589693E-7
4.052657344712124E-7
4.052656212068205E-7
4.0526550794272214E-7
4.0526539467891686E-7
4.0526528141540477E-7
4.052651681521859E-7
4.0526505488926006E-7
4.0526494162662745E-7
4.0526482836428823E-7
4.0526471510224177E-7
4.052646018404891E-7
4.052644885790289E-7
4.0526437531786225E-7
4.0526426205698887E-7
4.052641487964085E-7
4.052640355361212E-7
4.0526392227612703E-7
4.0526380901642637E-7
4.052636957570187E-7
4.052635824979043E-7
4.0526346923908283E-7
4.052633559805547E-7
4.0526324272231965E-7
4.052631294643778E-7
4.052630162067291E-7
4.0526290294937344E-7
4.0526278969231123E-7
4.052626764355419E-7
4.052625631790658E-7
4.0526244992288295E-7
4.05262336666993E-7
4.052622234113966E-7
4.0526211015609313E-7
4.0526199690108276E-7
4.052618836463654E-7
4.052617703919417E-7
4.052616571378106E-7
4.0526154388397296E-7
4.0526143063042853E-7
4.0526131737717687E-7
4.052612041242187E-7
4.052610908715538E-7
4.0526097761918163E-7
4.052608643671028E-7
4.052607511153171E-7
4.0526063786382463E-7
4.0526052461262527E-7
4.0526041136171856E-7
4.052602981111057E-7
4.0526018486078574E-7
4.0526007161075883E-7
4.0525995836102516E-7
4.052598451115844E-7
4.0525973186243724E-7
4.052596186135825E-7
4.052595053650216E-7
4.0525939211675347E-7
4.0525927886877866E-7
4.0525916562109676E-7
4.0525905237370783E-7
4.0525893912661235E-7
4.0525882587981E-7
4.0525871263330065E-7
4.0525859938708465E-7
4.052584861411611E-7
4.0525837289553166E-7
4.0525825965019435E-7
4.052581464051509E-7
4.0525803316040033E-7
4.052579199159428E-7
4.052578066717782E-7
4.0525769342790735E-7
4.0525758018432906E-7
4.052574669410438E-7
4.052573536980525E-7
4.0525724045535317E-7
4.0525712721294787E-7
4.052570139708351E-7
4.0525690072901574E-7
4.052567874874891E-7
4.0525667424625585E-7
4.0525656100531575E-7
4.0525644776466873E-7
4.0525633452431483E-7
4.0525622128425417E-7
4.0525610804448636E-7
4.0525599480501153E-7
4.052558815658303E-7
4.0525576832694177E-7
4.0525565508834647E-7
4.052555418500442E-7
4.052554286120349E-7
4.052553153743191E-7
4.0525520213689575E-7
4.052550888997663E-7
4.0525497566292933E-7
4.0525486242638544E-7
4.05254749190135E-7
4.052546359541775E-7
4.0525452271851317E-7
4.05254409483142E-7
4.052542962480634E-7
4.0525418301327844E-7
4.052540697787864E-7
4.052539565445875E-7
4.0525384331068165E-7
4.052537300770686E-7
4.052536168437489E-7
4.052535036107222E-7
4.0525339037798863E-7
4.0525327714554777E-7
4.052531639134008E-7
4.052530506815461E-7
4.052529374499849E-7
4.052528242187166E-7
4.052527109877417E-7
4.0525259775705926E-7
4.0525248452667054E-7
4.052523712965745E-7
4.052522580667715E-7
4.0525214483726205E-7
4.0525203160804516E-7
4.052519183791216E-7
4.052518051504907E-7
4.0525169192215344E-7
4.0525157869410873E-7
4.052514654663575E-7
4.052513522388993E-7
4.0525123901173374E-7
4.0525112578486153E-7
4.0525101255828235E-7
4.052508993319963E-7
4.052507861060032E-7
4.0525067288030293E-7
4.052505596548964E-7
4.0525044642978217E-7
4.052503332049614E-7
4.0525021998043344E-7
4.05250106756199E-7
4.052499935322575E-7
4.052498803086082E-7
4.052497670852532E-7
4.052496538621905E-7
4.0524954063942076E-7
4.052494274169444E-7
4.052493141947606E-7
4.0524920097287056E-7
4.0524908775127336E-7
4.052489745299687E-7
4.052488613089576E-7
4.0524874808823904E-7
4.052486348678142E-7
4.0524852164768193E-7
4.052484084278427E-7
4.0524829520829675E-7
4.052481819890435E-7
4.0524806877008364E-7
4.0524795555141654E-7
4.0524784233304273E-7
4.052477291149617E-7
4.052476158971739E-7
4.052475026796787E-7
4.0524738946247704E-7
4.052472762455682E-7
4.0524716302895226E-7
4.0524704981262975E-7
4.052469365965997E-7
4.0524682338086336E-7
4.0524671016541943E-7
4.0524659695026863E-7
4.052464837354112E-7
4.052463705208464E-7
4.052462573065747E-7
4.052461440925962E-7
4.052460308789105E-7
4.052459176655178E-7
4.052458044524184E-7
4.052456912396115E-7
4.052455780270984E-7
4.052454648148776E-7
4.0524535160294995E-7
4.0524523839131545E-7
4.052451251799738E-7
4.0524501196892545E-7
4.052448987581699E-7
4.0524478554770727E-7
4.0524467233753813E-7
4.0524455912766117E-7
4.0524444591807786E-7
4.0524433270878726E-7
4.0524421949978983E-7
4.052441062910855E-7
4.052439930826739E-7
4.0524387987455536E-7
4.052437666667296E-7
4.052436534591973E-7
4.0524354025195797E-7
4.052434270450112E-7
4.0524331383835784E-7
4.0524320063199707E-7
4.052430874259297E-7
4.0524297422015507E-7
4.052428610146736E-7
4.0524274780948504E-7
4.052426346045892E-7
4.0524252139998657E-7
4.0524240819567694E-7
4.052422949916603E-7
4.052421817879367E-7
4.05242068584506E-7
4.0524195538136827E-7
4.052418421785235E-7
4.052417289759717E-7
4.052416157737131E-7
4.0524150257174707E-7
4.0524138937007436E-7
4.0524127616869457E-7
4.052411629676076E-7
4.0524104976681357E-7
4.0524093656631284E-7
4.0524082336610475E-7
4.0524071016618996E-7
4.0524059696656765E-7
4.052404837672391E-7
4.052403705682027E-7
4.052402573694594E-7
4.052401441710095E-7
4.0524003097285217E-7
4.0523991777498794E-7
4.052398045774166E-7
4.052396913801385E-7
4.0523957818315266E-7
4.052394649864607E-7
4.0523935179006116E-7
4.0523923859395473E-7
4.0523912539814116E-7
4.052390122026207E-7
4.05238899007393E-7
4.052387858124582E-7
4.052386726178166E-7
4.05238559423468E-7
4.052384462294118E-7
4.052383330356491E-7
4.0523821984217923E-7
4.052381066490023E-7
4.052379934561182E-7
4.052378802635271E-7
4.05237767071229E-7
4.052376538792237E-7
4.0523754068751136E-7
4.0523742749609235E-7
4.05237314304966E-7
4.0523720111413267E-7
4.0523708792359177E-7
4.052369747333444E-7
4.0523686154338973E-7
4.052367483537283E-7
4.0523663516435935E-7
4.0523652197528356E-7
4.052364087865009E-7
4.052362955980104E-7
4.052361824098137E-7
4.052360692219097E-7
4.052359560342985E-7
4.052358428469804E-7
4.052357296599551E-7
4.0523561647322246E-7
4.0523550328678327E-7
4.052353901006366E-7
4.0523527691478315E-7
4.0523516372922255E-7
4.052350505439546E-7
4.052349373589796E-7
4.0523482417429795E-7
4.0523471098990885E-7
4.05234597805813E-7
4.0523448462200985E-7
4.052343714384995E-7
4.052342582552822E-7
4.0523414507235756E-7
4.0523403188972637E-7
4.0523391870738777E-7
4.052338055253417E-7
4.0523369234358937E-7
4.052335791621293E-7
4.052334659809624E-7
4.052333528000882E-7
4.0523323961950696E-7
4.0523312643921924E-7
4.052330132592237E-7
4.052329000795209E-7
4.0523278690011177E-7
4.052326737209952E-7
4.052325605421712E-7
4.0523244736364053E-7
4.052323341854025E-7
4.052322210074575E-7
4.052321078298052E-7
4.0523199465244615E-7
4.0523188147537954E-7
4.052317682986064E-7
4.0523165512212564E-7
4.052315419459379E-7
4.0523142877004303E-7
4.052313155944413E-7
4.0523120241913223E-7
4.0523108924411623E-7
4.052309760693928E-7
4.052308628949626E-7
4.0523074972082493E-7
4.0523063654698065E-7
4.052305233734287E-7
4.052304102001696E-7
4.052302970272039E-7
4.0523018385453116E-7
4.0523007068215076E-7
4.0522995751006364E-7
4.052298443382688E-7
4.0522973116676757E-7
4.0522961799555893E-7
4.0522950482464315E-7
4.0522939165402E-7
4.0522927848369023E-7
4.052291653136527E-7
4.0522905214390845E-7
4.0522893897445703E-7
4.052288258052988E-7
4.0522871263643284E-7
4.052285994678599E-7
4.0522848629958004E-7
4.052283731315929E-7
4.052282599638989E-7
4.0522814679649725E-7
4.0522803362938867E-7
4.052279204625733E-7
4.0522780729605053E-7
4.052276941298204E-7
4.052275809638834E-7
4.052274677982392E-7
4.052273546328876E-7
4.052272414678293E-7
4.052271283030636E-7
4.0522701513859074E-7
4.0522690197441084E-7
4.0522678881052385E-7
4.052266756469294E-7
4.0522656248362813E-7
4.0522644932061946E-7
4.052263361579036E-7
4.0522622299548097E-7
4.052261098333508E-7
4.052259966715137E-7
4.052258835099695E-7
4.0522577034871774E-7
4.0522565718775947E-7
4.0522554402709316E-7
4.052254308667206E-7
4.0522531770664014E-7
4.0522520454685284E-7
4.052250913873586E-7
4.0522497822815704E-7
4.05224865069248E-7
4.0522475191063226E-7
4.05224638752309E-7
4.0522452559427903E-7
4.052244124365414E-7
4.052242992790965E-7
4.0522418612194497E-7
4.052240729650862E-7
4.052239598085199E-7
4.052238466522466E-7
4.0522373349626614E-7
4.052236203405783E-7
4.0522350718518384E-7
4.052233940300817E-7
4.0522328087527235E-7
4.0522316772075587E-7
4.0522305456653247E-7
4.052229414126014E-7
4.0522282825896377E-7
4.052227151056185E-7
4.0522260195256657E-7
4.0522248879980657E-7
4.052223756473403E-7
4.0522226249516654E-7
4.0522214934328545E-7
4.0522203619169705E-7
4.052219230404019E-7
4.0522180988939907E-7
4.0522169673868953E-7
4.052215835882722E-7
4.0522147043814834E-7
4.0522135728831696E-7
4.052212441387781E-7
4.052211309895325E-7
4.052210178405797E-7
4.0522090469191927E-7
4.0522079154355193E-7
4.0522067839547724E-7
4.052205652476958E-7
4.052204521002064E-7
4.0522033895301057E-7
4.052202258061071E-7
4.0522011265949647E-7
4.0521999951317874E-7
4.0521988636715377E-7
4.0521977322142166E-7
4.052196600759822E-7
4.0521954693083576E-7
4.052194337859818E-7
4.052193206414207E-7
4.0521920749715276E-7
4.0521909435317713E-7
4.05218981209494E-7
4.0521886806610425E-7
4.0521875492300725E-7
4.052186417802029E-7
4.052185286376914E-7
4.052184154954727E-7
4.052183023535468E-7
4.052181892119134E-7
4.052180760705729E-7
4.0521796292952553E-7
4.052178497887705E-7
4.0521773664830813E-7
4.0521762350813896E-7
4.0521751036826244E-7
4.052173972286786E-7
4.0521728408938746E-7
4.0521717095038963E-7
4.0521705781168403E-7
4.0521694467327065E-7
4.0521683153515114E-7
4.052167183973241E-7
4.052166052597895E-7
4.0521649212254815E-7
4.052163789855992E-7
4.052162658489427E-7
4.0521615271257953E-7
4.0521603957650884E-7
4.052159264407313E-7
4.0521581330524614E-7
4.0521570017005377E-7
4.0521558703515404E-7
4.052154739005474E-7
4.052153607662334E-7
4.052152476322119E-7
4.052151344984836E-7
4.052150213650476E-7
4.052149082319047E-7
4.052147950990542E-7
4.0521468196649673E-7
4.0521456883423196E-7
4.0521445570225985E-7
4.052143425705806E-7
4.0521422943919405E-7
4.052141163081E-7
4.0521400317729885E-7
4.052138900467907E-7
4.0521377691657504E-7
4.0521366378665227E-7
4.052135506570221E-7
4.0521343752768473E-7
4.052133243986402E-7
4.052132112698882E-7
4.0521309814142917E-7
4.0521298501326246E-7
4.052128718853891E-7
4.0521275875780783E-7
4.0521264563051986E-7
4.05212532503524E-7
4.0521241937682145E-7
4.052123062504113E-7
4.0521219312429396E-7
4.052120799984695E-7
4.0521196687293754E-7
4.052118537476987E-7
4.052117406227521E-7
4.052116274980982E-7
4.052115143737374E-7
4.0521140124966917E-7
4.0521128812589363E-7
4.0521117500241086E-7
4.0521106187922067E-7
4.0521094875632356E-7
4.0521083563371874E-7
4.052107225114068E-7
4.052106093893877E-7
4.0521049626766126E-7
4.0521038314622735E-7
4.052102700250863E-7
4.052101569042379E-7
4.0521004378368225E-7
4.052099306634193E-7
4.052098175434492E-7
4.052097044237714E-7
4.0520959130438697E-7
4.052094781852944E-7
4.0520936506649525E-7
4.052092519479884E-7
4.0520913882977455E-7
4.0520902571185324E-7
4.052089125942244E-7
4.052087994768886E-7
4.0520868635984523E-7
4.05208573243095E-7
4.052084601266372E-7
4.052083470104723E-7
4.052082338945995E-7
4.0520812077902E-7
4.0520800766373257E-7
4.052078945487385E-7
4.052077814340368E-7
4.0520766831962796E-7
4.052075552055113E-7
4.052074420916877E-7
4.0520732897815715E-7
4.0520721586491865E-7
4.052071027519731E-7
4.0520698963932045E-7
4.052068765269602E-7
4.052067634148927E-7
4.052066503031181E-7
4.0520653719163554E-7
4.052064240804466E-7
4.052063109695494E-7
4.052061978589455E-7
4.05206084748634E-7
4.0520597163861515E-7
4.052058585288893E-7
4.052057454194558E-7
4.0520563231031523E-7
4.0520551920146706E-7
4.0520540609291155E-7
4.0520529298464915E-7
4.0520517987667904E-7
4.0520506676900153E-7
4.052049536616171E-7
4.052048405545248E-7
4.052047274477257E-7
4.052046143412186E-7
4.0520450123500476E-7
4.052043881290832E-7
4.0520427502345513E-7
4.052041619181187E-7
4.05204048813075E-7
4.052039357083247E-7
4.052038226038665E-7
4.0520370949970106E-7
4.0520359639582826E-7
4.052034832922484E-7
4.052033701889608E-7
4.052032570859661E-7
4.052031439832639E-7
4.052030308808547E-7
4.0520291777873747E-7
4.0520280467691343E-7
4.0520269157538167E-7
4.0520257847414303E-7
4.0520246537319673E-7
4.052023522725432E-7
4.052022391721822E-7
4.052021260721138E-7
4.0520201297233855E-7
4.0520189987285523E-7
4.052017867736645E-7
4.0520167367476686E-7
4.05201560576162E-7
4.052014474778493E-7
4.0520133437982966E-7
4.052012212821024E-7
4.0520110818466795E-7
4.052009950875258E-7
4.052008819906769E-7
4.052007688941198E-7
4.0520065579785606E-7
4.052005427018844E-7
4.052004296062056E-7
4.0520031651081967E-7
4.052002034157261E-7
4.0520009032092565E-7
4.051999772264166E-7
4.051998641322014E-7
4.051997510382783E-7
4.051996379446479E-7
4.051995248513102E-7
4.0519941175826515E-7
4.051992986655125E-7
4.051991855730524E-7
4.051990724808853E-7
4.0519895938901035E-7
4.051988462974286E-7
4.051987332061392E-7
4.0519862011514224E-7
4.051985070244381E-7
4.0519839393402646E-7
4.0519828084390756E-7
4.0519816775408116E-7
4.051980546645474E-7
4.0519794157530605E-7
4.051978284863577E-7
4.0519771539770174E-7
4.0519760230933816E-7
4.051974892212678E-7
4.0519737613348933E-7
4.051972630460038E-7
4.0519714995881105E-7
4.051970368719107E-7
4.0519692378530305E-7
4.0519681069898786E-7
4.0519669761296544E-7
4.0519658452723544E-7
4.051964714417981E-7
4.0519635835665336E-7
4.05196245271801E-7
4.051961321872416E-7
4.0519601910297476E-7
4.051959060190004E-7
4.051957929353187E-7
4.0519567985192943E-7
4.0519556676883287E-7
4.051954536860289E-7
4.051953406035176E-7
4.0519522752129864E-7
4.0519511443937257E-7
4.051950013577386E-7
4.051948882763978E-7
4.051947751953491E-7
4.051946621145938E-7
4.0519454903413027E-7
4.0519443595395904E-7
4.051943228740813E-7
4.051942097944954E-7
4.051940967152025E-7
4.051939836362023E-7
8.103875149587432E-7
2.4189508865555905E-6
4.8299296533204775E-6
7.232973875730002E-6
9.628120943734857E-6
1.2015408091910853E-5
1.4394872429488347E-5
1.6766550970303678E-5
1.913048066267367E-5
2.148669841919516E-5
2.3835241146471516E-5
2.6176145774766534E-5
2.8509449287588786E-5
3.083518875120715E-5
3.315340134409829E-5
3.5464124386329624E-5
3.77673953688777E-5
4.0063251982880565E-5
4.235173214883173E-5
4.463287404570961E-5
4.6906716140048434E-5
4.9173297214947035E-5
5.143265639902149E-5
5.368483319529454E-5
5.592986751002947E-5
5.816779968150333E-5
6.0398670508720635E-5
6.262252128006697E-5
6.483939380190135E-5
6.704933042709183E-5
6.925237408347868E-5
7.144856830228232E-5
7.363795724643786E-5
7.582058573886784E-5
7.799649929067794E-5
8.016574412928333E-5
8.232836722645556E-5
8.44844163262925E-5
8.663393997310267E-5
8.877698753920211E-5
9.091360925262146E-5
9.304385622471241E-5
9.516778047765736E-5
9.728543497186696E-5
9.939687363326775E-5
1.0150215138047093E-4
1.0360132415181319E-4
1.0569444893226512E-4
1.077815837802016E-4
1.098627878540207E-4
1.1193812143861048E-4
1.1400764597164557E-4
1.16071424069715E-4
1.1812951955426446E-4
1.2018199747734488E-4
1.2222892414715718E-4
1.2427036715338422E-4
1.2630639539229694E-4
1.283370790916203E-4
1.3036248983515505E-4
1.3238270058713307E-4
1.3439778571630354E-4
1.3640782101972493E-4
1.3841288374626034E-4
1.4041305261975454E-4
1.4240840786188173E-4
1.44399031214646E-4
1.463850059625233E-4
1.483664169542246E-4
1.5034335062407052E-4
1.523158950129462E-4
1.5428413978883898E-4
1.562481762669317E-4
1.582080974292228E-4
1.601639979436796E-4
1.621159741828849E-4
1.640641242421654E-4
1.660085479571855E-4
1.679493469209859E-4
1.698866245004319E-4
1.7182048585208734E-4
1.737510379374453E-4
1.7567838953753807E-4
1.7760265126687936E-4
1.7952393558672E-4
1.8144235681761146E-4
1.8335803115123017E-4
1.852710766614642E-4
1.871816133147219E-4
1.8908976297945444E-4
1.9099564943485077E-4
1.9289939837870634E-4
1.9480113743441433E-4
1.967009961570879E-4
1.985991060387544E-4
2.0049560051262956E-4
2.023906149564295E-4
2.0428428669470188E-4
2.0617675500014994E-4
2.08068161093933E-4
2.0995864814491258E-4
2.1184836126782208E-4
2.137374475203346E-4
2.1562605589901018E-4
2.17514337334094E-4
2.1940244468314404E-4
2.212905327234671E-4
2.231787581433329E-4
2.2506727953195254E-4
2.2695625736819295E-4
2.2884585400800286E-4
2.3073623367053493E-4
2.3262756242293682E-4
2.3452000816379264E-4
2.3641374060518781E-4
2.3830893125338502E-4
2.4020575338808497E-4
2.4210438204025087E-4
2.4400499396848497E-4
2.459077676339303E-4
2.478128831736778E-4
2.497205223726672E-4
2.516308686340663E-4
2.535441069481E-4
2.5546042385932356E-4
2.573800074323209E-4
2.5930304721581666E-4
2.612297342051765E-4
2.631602608033039E-4
2.6509482077988845E-4
2.670336092290332E-4
2.689768225252251E-4
2.7092465827762883E-4
2.7287731528273843E-4
2.748349934753214E-4
2.767978938776965E-4
2.7876621854730927E-4
2.807401705226233E-4
2.8271995376728896E-4
2.8470577311263647E-4
2.8669783419843595E-4
2.886963434119749E-4
2.9070150782540936E-4
2.927135351314197E-4
2.9473263357717827E-4
2.9675901189658854E-4
2.987928792408627E-4
3.008344451073959E-4
3.0288391926697086E-4
3.049415116892855E-4
3.0700743246683896E-4
3.090818917371496E-4
3.111650996033603E-4
3.13257266053216E-4
3.1535860087643684E-4
3.1746931358051514E-4
3.195896133049457E-4
3.217197087339019E-4
3.238598080073994E-4
3.260101186309556E-4
3.281708473837833E-4
3.3034220022551403E-4
3.3252438220153155E-4
3.347175973468866E-4
3.369220485888724E-4
3.391379376482634E-4
3.413654649392649E-4
3.4360482946819146E-4
3.458562287309518E-4
3.481198586093322E-4
3.5039591326614135E-4
3.526845850392577E-4
3.549860643346276E-4
3.5730053951823744E-4
3.5962819680713024E-4
3.619692201595104E-4
3.6432379116396795E-4
3.6669208892789777E-4
3.6907428996514575E-4
3.714705680829448E-4
3.7388109426820875E-4
3.763060365732116E-4
3.787455600007231E-4
3.811998263886919E-4
3.83668994294469E-4
3.861532188787074E-4
3.886526517889431E-4
3.911674410429578E-4
3.9369773091198467E-4
3.9624366180378794E-4
3.988053701457558E-4
4.013829882679954E-4
4.039766442865729E-4
4.0658646198690616E-4
4.092125607074414E-4
4.118550552236398E-4
4.1451405563238015E-4
4.1718966723684026E-4
4.1988199043192586E-4
4.2259112059035557E-4
4.2531714794942943E-4
4.2806015749861367E-4
4.308202288679786E-4
4.335974362176039E-4
4.363918481279951E-4
4.3920352749163267E-4
4.4203253140569833E-4
4.448789110660911E-4
4.477427116627958E-4
4.506239722766848E-4
4.5352272577786195E-4
4.5643899872559564E-4
4.593728112699538E-4
4.6232417705520303E-4
4.652931031250686E-4
4.682795898299368E-4
4.712836307360648E-4
4.74305212536916E-4
4.773443149666598E-4
4.8040091071595536E-4
4.834749653500751E-4
4.865664372294672E-4
4.896752774328233E-4
4.928014296827208E-4
4.959448302739726E-4
4.991054080046955E-4
5.022830841101857E-4
5.054777721997405E-4
5.08689378196428E-4
5.11917800279897E-4
5.151629288323233E-4
5.184246463875689E-4
5.217028275835477E-4
5.249973391179984E-4
5.283080397075916E-4
5.316347800505427E-4
5.349774027927519E-4
5.383357424975186E-4
5.417096256189213E-4
5.450988704789376E-4
5.485032872482777E-4
5.519226779310911E-4
5.553568363535398E-4
5.588055481563082E-4
5.622685907910643E-4
5.657457335209844E-4
5.692367374253333E-4
5.727413554081619E-4
5.762593322111441E-4
5.797904044306289E-4
5.833343005389085E-4
5.868907409097304E-4
5.904594378481336E-4
5.940400956245553E-4
5.97632410513324E-4
6.012360708354827E-4
6.048507570060168E-4
6.084761415854582E-4
6.121118893359099E-4
6.157576572814971E-4
6.194130947732513E-4
6.230778435584081E-4
6.267515378541611E-4
6.304338044258433E-4
6.341242626695273E-4
6.378225246990591E-4
6.415281954375061E-4
6.452408727129778E-4
6.489601473588652E-4
6.526856033184049E-4
6.564168177535813E-4
6.601533611583786E-4
6.63894797476243E-4
6.676406842218636E-4
6.713905726071208E-4
6.751440076712082E-4
6.789005284148936E-4
6.826596679388641E-4
6.864209535860933E-4
6.901839070882005E-4
6.93948044715734E-4
6.977128774323129E-4
7.014779110525939E-4
7.052426464039509E-4
7.090065794918645E-4
7.12769201668888E-4
7.16529999807163E-4
7.202884564743596E-4
7.24044050113017E-4
7.277962552231798E-4
7.315445425482161E-4
7.352883792637578E-4
7.39027229169696E-4
7.42760552885087E-4
7.464878080458899E-4
7.502084495054726E-4
7.53921929537725E-4
7.576276980427303E-4
7.613252027548596E-4
7.650138894531844E-4
7.686932021740966E-4
7.72362583426041E-4
7.76021474406225E-4
7.796693152191805E-4
7.833055450971034E-4
7.86929602621805E-4
7.905409259481533E-4
7.941389530289403E-4
7.977231218409614E-4
8.01292870612251E-4
8.048476380503156E-4
8.083868635712426E-4
8.119099875295164E-4
8.154164514485128E-4
8.18905698251404E-4
8.223771724924367E-4
8.258303205884161E-4
8.292645910502678E-4
8.326794347145139E-4
8.360743049745788E-4
8.394486580117286E-4
8.428019530255626E-4
8.461336524638739E-4
8.494432222517805E-4
8.527301320199542E-4
8.559938553318095E-4
8.59233869909585E-4
8.624496578590622E-4
8.656407058928917E-4
8.688065055523389E-4
8.719465534273218E-4
8.750603513746033E-4
8.781474067340247E-4
8.812072325426088E-4
8.842393477464529E-4
8.87243277410227E-4
8.902185529242062E-4
8.931647122086397E-4
8.960812999154023E-4
8.989678676267549E-4
9.018239740510943E-4
9.046491852156135E-4
9.074430746557031E-4
9.102052236009882E-4
9.129352211579314E-4
9.156326644887941E-4
9.182971589869596E-4
9.209283184484096E-4
9.235257652393299E-4
9.260891304596748E-4
9.286180541026224E-4
9.31112185209843E-4
9.335711820224172E-4
9.359947121274038E-4
9.383824525998824E-4
9.40734090140443E-4
9.430493212080039E-4
9.453278521479037E-4
9.475693993151634E-4
9.497736891928614E-4
9.519404585055609E-4
9.540694543277076E-4
9.561604341869148E-4
9.582131661621154E-4
9.602274289765158E-4
9.622030120852602E-4
9.641397157577954E-4
9.660373511548951E-4
9.678957404002576E-4
9.697147166466779E-4
9.714941241367608E-4
9.732338182580734E-4
9.749336655928601E-4
9.765935439621015E-4
9.782133424640562E-4
9.797929615072152E-4
9.813323128376144E-4
9.82831319560542E-4
9.84289916156669E-4
9.85708048492514E-4
9.87085673825321E-4
9.884227608023173E-4
9.897192894543607E-4
9.909752511840563E-4
9.921906487482012E-4
9.933654962348349E-4
9.944998190346197E-4
9.955936538068603E-4
9.9664704843997E-4
9.976600620065612E-4
9.986327647131823E-4
9.995652378446736E-4
0.0010004575737032429
0.0010013098755423107
0.001002122257495171
0.0010028948444985501
0.0010036277722110301
0.0010043211869265715
0.0010049752454829835
0.0010055901151656307
0.0010061659736062783
0.0010067030086772781
0.0010072014183810337
0.0010076614107350477
0.0010080832036523173
0.0010084670248175318
0.0010088131115588161
0.0010091217107153943
0.0010093930785010834
0.0010096274803637838
0.0010098251908410734
0.001009986493412005
0.0010101116803451554
0.0010102010525431429
0.0010102549193835813
0.0010102735985567232
0.0010102574158997832
0.0010102067052281136
0.0010101218081633595
0.0010100030739586604
0.001009850859321081
0.001009665528231309
0.0010094474517608181
0.0010091970078865372
0.001008914581303251
0.0010086005632337406
0.0010082553512368807
0.0010078793490137605
0.001007472966211956
0.0010070366182281432
0.0010065707260090591
0.0010060757158510865
0.0010055520191984343
0.0010050000724401442
0.001004420316706026
0.0010038131976616354
0.0010031791653024062
0.001002518673747095
0.001001832181030599
0.0010011201488964484
0.001000383042588824
9.996213306444337E-4
9.98835484684315E-4
9.980259792056552E-4
9.971932913737565E-4
9.963379008142957E-4
9.954602894059852E-4
9.945609410737127E-4
9.936403415823681E-4
9.92698978331346E-4
9.917373401499316E-4
9.907559170936853E-4
9.897552002418484E-4
9.887356814959718E-4
9.87697853379811E-4
9.866422088406711E-4
9.855692410521556E-4
9.844794432186301E-4
9.833733083812852E-4
9.822513292260852E-4
9.811139978935233E-4
9.799618057904377E-4
9.78795243403855E-4
9.776148001170034E-4
9.764209640276112E-4
9.752142217684887E-4
9.739950583305713E-4
9.727639568884285E-4
9.715213986283572E-4
9.702678625791159E-4
9.690038254453755E-4
9.67729761443969E-4
9.664461421429644E-4
9.651534363037043E-4
9.638521097257527E-4
9.625426250949577E-4
9.612254418345469E-4
9.599010159593936E-4
9.585697999334814E-4
9.572322425306102E-4
9.558887886983834E-4
9.545398794255426E-4
9.531859516126682E-4
9.518274379462897E-4
9.504647667764466E-4
9.490983619977083E-4
9.477286429337156E-4
9.463560242252667E-4
9.449809157219156E-4
9.43603722377195E-4
9.42224844147403E-4
9.408446758940167E-4
9.394636072897274E-4
9.380820227280999E-4
9.367003012368932E-4
9.353188163950192E-4
9.339379362531563E-4
9.325580232580099E-4
9.311794341802442E-4
9.298025200460253E-4
9.284276260722471E-4
9.270550916053438E-4
9.256852500637684E-4
9.243184288840297E-4
9.229549494703647E-4
9.215951271479586E-4
9.202392711197197E-4
9.188876844265812E-4
9.175406639113338E-4
9.161985001859139E-4
9.148614776021436E-4
9.135298742259019E-4
9.122039618147037E-4
9.108840057985845E-4
9.095702652643582E-4
9.082629929431382E-4
9.06962435201091E-4
9.056688320334165E-4
9.043824170614796E-4
9.031034175330496E-4
9.018320543256439E-4
9.005685419528576E-4
8.993130885737286E-4
8.980658960049688E-4
8.968271597361364E-4
8.955970689475877E-4
8.943758065312499E-4
8.931635491140856E-4
8.9196046708424E-4
8.907667246198124E-4
8.895824797201652E-4
8.88407884239752E-4
8.872430839243779E-4
8.860882184498486E-4
8.84943421462953E-4
8.838088206246975E-4
8.826845376557627E-4
8.815706883840905E-4
8.804673827945657E-4
8.793747250807222E-4
8.782928136984075E-4
8.772217414213303E-4
8.761615953984829E-4
8.751124572132994E-4
8.740744029445408E-4
8.730475032288427E-4
8.720318233248351E-4
8.710274231787839E-4
8.700343574917019E-4
8.690526757878708E-4
8.680824224846632E-4
8.67123636963679E-4
8.661763536430912E-4
8.652406020511178E-4
8.643164069006047E-4
8.634037881646501E-4
8.625027611531685E-4
8.616133365903994E-4
8.607355206932401E-4
8.598693152503975E-4
8.59014717702259E-4
8.581717212214368E-4
8.573403147939475E-4
8.5652048330095E-4
8.557122076009966E-4
8.549154646127379E-4
8.541302273980228E-4
8.533564652453522E-4
8.525941437536489E-4
8.518432249162123E-4
8.511036672049465E-4
8.503754256546735E-4
8.496584519475699E-4
8.489526944976447E-4
8.4825809853521E-4
8.475746061913319E-4
8.469021565821748E-4
8.4624068589321E-4
8.455901274632537E-4
8.449504118682907E-4
8.443214670050538E-4
8.437032181742637E-4
8.43095588163581E-4
8.424984973301607E-4
8.419118636828082E-4
8.413356029636687E-4
8.407696287294527E-4
8.402138524321854E-4
8.396681834993295E-4
8.391325294134162E-4
8.386067957910219E-4
8.380908864611352E-4
8.37584703542855E-4
8.370881475224186E-4
8.36601117329482E-4
8.361235104127164E-4
8.356552228145903E-4
8.351961492454163E-4
8.34746183156587E-4
8.343052168129833E-4
8.338731413645245E-4
8.334498469169152E-4
8.330352226014634E-4
8.326291566440497E-4
8.322315364331724E-4
8.318422485871032E-4
8.314611790200671E-4
8.310882130075374E-4
8.307232352505555E-4
8.303661299390955E-4
8.300167808144551E-4
8.296750712307E-4
8.293408842150891E-4
8.290141025275587E-4
8.28694608719184E-4
8.28382285189657E-4
8.280770142437814E-4
8.277786781469525E-4
8.274871591796687E-4
8.272023396909944E-4
8.269241021510804E-4
8.266523292026629E-4
8.263869037115582E-4
8.261277088161986E-4
8.258746279761602E-4
8.256275450197208E-4
8.253863441904121E-4
8.251509101926723E-4
8.249211282364439E-4
8.246968840808883E-4
8.244780640771295E-4
8.24264555210033E-4
8.240562451391088E-4
8.238530222384227E-4
8.236547756356854E-4
8.23461395250367E-4
8.232727718309494E-4
8.23088796991314E-4
8.229093632462656E-4
8.227343640461801E-4
8.225636938108324E-4
8.223972479624123E-4
8.222349229577073E-4
8.22076616319496E-4
8.219222266671663E-4
8.217716537465619E-4
8.216247984590711E-4
8.214815628899976E-4
8.213418503361937E-4
8.212055653329968E-4
8.210726136804705E-4
8.209429024690026E-4
8.208163401041984E-4
8.206928363311762E-4
8.205723022582241E-4
8.204546503798678E-4
8.203397945993267E-4
8.202276502504268E-4
8.201181341189342E-4
8.200111644633714E-4
8.199066610353193E-4
8.198045450991966E-4
8.197047394515825E-4
8.19607168440044E-4
8.195117579815493E-4
8.194184355804093E-4
8.193271303458529E-4
8.192377730091518E-4
8.191502959404046E-4
8.190646331649508E-4
8.189807203794083E-4
8.188984949674338E-4
8.188178960151136E-4
8.187388643260984E-4
8.186613424364216E-4
8.185852746290894E-4
8.18510606948393E-4
8.184372872139955E-4
8.183652650347857E-4
8.182944918225569E-4
8.182249208054527E-4
8.181565070412743E-4
8.180892074306085E-4
8.180229807298035E-4
8.179577875638136E-4
8.178935904389074E-4
8.178303537552937E-4
8.177680438196315E-4
8.177066288574449E-4
8.176460790254757E-4
8.175863664239668E-4
8.175274651088947E-4
8.174693511041547E-4
8.174120024137166E-4
8.173553990337441E-4
8.172995229647142E-4
8.172443582235316E-4
8.171898908556001E-4
8.171361089469765E-4
8.170830026364561E-4
8.170305641277561E-4
1.8276105624307373E-6
1.8275994935549182E-6
1.827588423655693E-6
1.8275773527330743E-6
1.8275662807870763E-6
1.8275552078177134E-6
1.827544133824998E-6
1.827533058808944E-6
1.8275219827695646E-6
1.8275109057068741E-6
1.8274998276208853E-6
1.8274887485116127E-6
1.827477668379069E-6
1.827466587223268E-6
1.827455505044222E-6
1.8274444218419477E-6
1.8274333376164568E-6
1.8274222523677613E-6
1.8274111660958777E-6
1.8274000788008188E-6
1.8273889904825968E-6
1.827377901141226E-6
1.827366810776719E-6
1.8273557193890906E-6
1.8273446269783533E-6
1.827333533544521E-6
1.827322439087607E-6
1.827311343607625E-6
1.8273002471045876E-6
1.8272891495785095E-6
1.8272780510294036E-6
1.8272669514572832E-6
1.8272558508621622E-6
1.8272447492440538E-6
1.8272336466029715E-6
1.8272225429389287E-6
1.8272114382519377E-6
1.8272003325420136E-6
1.8271892258091698E-6
1.8271781180534186E-6
1.8271670092747734E-6
1.8271558994732484E-6
1.8271447886488566E-6
1.827133676801611E-6
1.8271225639315258E-6
1.8271114500386146E-6
1.8271003351228891E-6
1.827089219184364E-6
1.827078102223052E-6
1.8270669842389666E-6
1.8270558652321213E-6
1.8270447452025292E-6
1.8270336241502044E-6
1.8270225020751593E-6
1.8270113789774083E-6
1.8270002548569633E-6
1.8269891297138382E-6
1.8269780035480479E-6
1.8269668763596038E-6
1.8269557481485192E-6
1.826944618914809E-6
1.826933488658484E-6
1.8269223573795598E-6
1.826911225078046E-6
1.8269000917539606E-6
1.8268889574073162E-6
1.826877822038124E-6
1.826866685646397E-6
1.8268555482321499E-6
1.8268444097953962E-6
1.8268332703361482E-6
1.8268221298544184E-6
1.826810988350221E-6
1.826799845823569E-6
1.8267887022744765E-6
1.8267775577029565E-6
1.8267664121090216E-6
1.826755265492685E-6
1.8267441178539596E-6
1.8267329691928587E-6
1.8267218195093968E-6
1.8267106688035854E-6
1.8266995170754379E-6
1.8266883643249699E-6
1.8266772105521909E-6
1.8266660557571168E-6
1.82665489993976E-6
1.8266437431001332E-6
1.8266325852382504E-6
1.826621426354123E-6
1.8266102664477655E-6
1.826599105519191E-6
1.8265879435684116E-6
1.826576780595442E-6
1.8265656166002956E-6
1.8265544515829845E-6
1.8265432855435216E-6
1.8265321184819216E-6
1.8265209503981946E-6
1.8265097812923562E-6
1.8264986111644188E-6
1.8264874400143944E-6
1.8264762678422974E-6
1.8264650946481407E-6
1.826453920431937E-6
1.8264427451936986E-6
1.8264315689334406E-6
1.8264203916511754E-6
1.8264092133469151E-6
1.8263980340206736E-6
1.8263868536724646E-6
1.8263756723022985E-6
1.8263644899101922E-6
1.8263533064961561E-6
1.8263421220602036E-6
1.8263309366023478E-6
1.8263197501226032E-6
1.8263085626209812E-6
1.8262973740974948E-6
1.826286184552157E-6
1.8262749939849812E-6
1.8262638023959809E-6
1.8262526097851685E-6
1.826241416152558E-6
1.8262302214981602E-6
1.8262190258219903E-6
1.8262078291240595E-6
1.8261966314043826E-6
1.8261854326629715E-6
1.826174232899839E-6
1.8261630321149982E-6
1.8261518303084635E-6
1.8261406274802462E-6
1.826129423630359E-6
1.8261182187588162E-6
1.82610701286563E-6
1.8260958059508132E-6
1.8260845980143792E-6
1.82607338905634E-6
1.82606217907671E-6
1.826050968075501E-6
1.826039756052727E-6
1.8260285430084003E-6
1.8260173289425333E-6
1.8260061138551403E-6
1.8259948977462335E-6
1.825983680615825E-6
1.8259724624639282E-6
1.8259612432905572E-6
1.8259500230957226E-6
1.8259388018794383E-6
1.8259275796417178E-6
1.8259163563825745E-6
1.8259051321020204E-6
1.825893906800068E-6
1.82588268047673E-6
1.8258714531320205E-6
1.8258602247659514E-6
1.825848995378536E-6
1.8258377649697879E-6
1.8258265335397185E-6
1.8258153010883403E-6
1.8258040676156678E-6
1.8257928331217139E-6
1.8257815976064904E-6
1.82577036107001E-6
1.8257591235122864E-6
1.8257478849333325E-6
1.82573664533316E-6
1.8257254047117825E-6
1.8257141630692127E-6
1.8257029204054625E-6
1.8256916767205472E-6
1.8256804320144774E-6
1.8256691862872665E-6
1.8256579395389272E-6
1.825646691769473E-6
1.8256354429789162E-6
1.8256241931672699E-6
1.8256129423345463E-6
1.8256016904807585E-6
1.8255904376059202E-6
1.8255791837100426E-6
1.8255679287931393E-6
1.8255566728552228E-6
1.8255454158963066E-6
1.8255341579164025E-6
1.825522898915523E-6
1.8255116388936816E-6
1.8255003778508905E-6
1.825489115787163E-6
1.8254778527025127E-6
1.8254665885969503E-6
1.82545532347049E-6
1.8254440573231439E-6
1.8254327901549264E-6
1.8254215219658485E-6
1.8254102527559234E-6
1.8253989825251634E-6
1.8253877112735816E-6
1.8253764390011912E-6
1.825365165708004E-6
1.8253538913940326E-6
1.8253426160592901E-6
1.8253313397037908E-6
1.825320062327546E-6
1.8253087839305677E-6
1.8252975045128702E-6
1.8252862240744651E-6
1.8252749426153657E-6
1.8252636601355846E-6
1.8252523766351347E-6
1.8252410921140279E-6
1.8252298065722765E-6
1.8252185200098946E-6
1.8252072324268945E-6
1.8251959438232873E-6
1.8251846541990887E-6
1.8251733635543097E-6
1.8251620718889624E-6
1.825150779203061E-6
1.8251394854966176E-6
1.825128190769644E-6
1.825116895022153E-6
1.8251055982541585E-6
1.8250943004656712E-6
1.8250830016567046E-6
1.8250717018272709E-6
1.8250604009773846E-6
1.8250490991070578E-6
1.8250377962163021E-6
1.8250264923051308E-6
1.8250151873735562E-6
1.8250038814215908E-6
1.8249925744492473E-6
1.824981266456538E-6
1.8249699574434767E-6
1.8249586474100757E-6
1.824947336356349E-6
1.8249360242823062E-6
1.8249247111879613E-6
1.8249133970733284E-6
1.8249020819384176E-6
1.8248907657832418E-6
1.8248794486078146E-6
1.8248681304121492E-6
1.8248568111962571E-6
1.824845490960151E-6
1.8248341697038438E-6
1.824822847427348E-6
1.8248115241306764E-6
1.8248001998138414E-6
1.824788874476855E-6
1.8247775481197315E-6
1.8247662207424817E-6
1.8247548923451195E-6
1.8247435629276564E-6
1.8247322324901065E-6
1.8247209010324812E-6
1.824709568554793E-6
1.824698235057055E-6
1.824686900539279E-6
1.8246755650014788E-6
1.8246642284436662E-6
1.8246528908658537E-6
1.8246415522680542E-6
1.8246302126502797E-6
1.8246188720125438E-6
1.8246075303548586E-6
1.8245961876772358E-6
1.82458484397969E-6
1.8245734992622314E-6
1.8245621535248745E-6
1.8245508067676318E-6
1.8245394589905136E-6
1.8245281101935337E-6
1.8245167603767044E-6
1.8245054095400393E-6
1.8244940576835499E-6
1.8244827048072497E-6
1.8244713509111507E-6
1.8244599959952655E-6
1.8244486400596081E-6
1.8244372831041881E-6
1.8244259251290202E-6
1.8244145661341158E-6
1.8244032061194886E-6
1.824391845085149E-6
1.8243804830311116E-6
1.8243691199573877E-6
1.8243577558639908E-6
1.8243463907509322E-6
1.8243350246182263E-6
1.8243236574658846E-6
1.824312289293919E-6
1.824300920102344E-6
1.8242895498911694E-6
1.8242781786604092E-6
1.824266806410076E-6
1.8242554331401836E-6
1.824244058850742E-6
1.8242326835417635E-6
1.8242213072132625E-6
1.8242099298652513E-6
1.8241985514977413E-6
1.824187172110746E-6
1.824175791704277E-6
1.8241644102783476E-6
1.82415302783297E-6
1.824141644368158E-6
1.8241302598839219E-6
1.824118874380274E-6
1.8241074878572289E-6
1.824096100314799E-6
1.8240847117529957E-6
1.824073322171831E-6
1.824061931571319E-6
1.8240505399514711E-6
1.8240391473123E-6
1.8240277536538184E-6
1.8240163589760385E-6
1.8240049632789732E-6
1.8239935665626344E-6
1.8239821688270346E-6
1.8239707700721868E-6
1.8239593702981037E-6
1.823947969504797E-6
1.8239365676922802E-6
1.8239251648605645E-6
1.8239137610096637E-6
1.8239023561395896E-6
1.8238909502503542E-6
1.8238795433419695E-6
1.8238681354144502E-6
1.823856726467807E-6
1.8238453165020534E-6
1.8238339055172007E-6
1.8238224935132628E-6
1.8238110804902504E-6
1.823799666448177E-6
1.8237882513870558E-6
1.823776835306898E-6
1.823765418207717E-6
1.8237540000895242E-6
1.8237425809523334E-6
1.8237311607961567E-6
1.823719739621006E-6
1.8237083174268942E-6
1.823696894213834E-6
1.8236854699818373E-6
1.823674044730917E-6
1.8236626184610846E-6
1.8236511911723533E-6
1.8236397628647345E-6
1.8236283335382426E-6
1.823616903192889E-6
1.8236054718286863E-6
1.8235940394456476E-6
1.823582606043784E-6
1.823571171623109E-6
1.8235597361836347E-6
1.8235482997253736E-6
1.823536862248338E-6
1.823525423752542E-6
1.8235139842379954E-6
1.8235025437047132E-6
1.8234911021527051E-6
1.823479659581985E-6
1.8234682159925657E-6
1.8234567713844585E-6
1.8234453257576777E-6
1.8234338791122352E-6
1.823422431448142E-6
1.8234109827654112E-6
1.823399533064056E-6
1.8233880823440887E-6
1.8233766306055213E-6
1.8233651778483664E-6
1.8233537240726359E-6
1.823342269278344E-6
1.823330813465501E-6
1.8233193566341205E-6
1.823307898784216E-6
1.823296439915798E-6
1.8232849800288782E-6
1.8232735191234722E-6
1.8232620571995905E-6
1.8232505942572455E-6
1.823239130296451E-6
1.8232276653172186E-6
1.8232161993195605E-6
1.823204732303489E-6
1.8231932642690167E-6
1.823181795216157E-6
1.8231703251449203E-6
1.8231588540553208E-6
1.823147381947371E-6
1.8231359088210837E-6
1.8231244346764692E-6
1.823112959513542E-6
1.823101483332314E-6
1.8230900061327965E-6
1.823078527915003E-6
1.823067048678946E-6
1.8230555684246383E-6
1.8230440871520908E-6
1.823032604861317E-6
1.8230211215523299E-6
1.8230096372251414E-6
1.8229981518797635E-6
1.8229866655162096E-6
1.822975178134492E-6
1.8229636897346226E-6
1.8229522003166137E-6
1.8229407098804797E-6
1.8229292184262315E-6
1.8229177259538808E-6
1.8229062324634415E-6
1.8228947379549255E-6
1.8228832424283453E-6
1.8228717458837135E-6
1.8228602483210424E-6
1.8228487497403437E-6
1.8228372501416313E-6
1.8228257495249168E-6
1.8228142478902122E-6
1.822802745237531E-6
1.822791241566885E-6
1.822779736878287E-6
1.8227682311717505E-6
1.8227567244472864E-6
1.8227452167049072E-6
1.8227337079446267E-6
1.8227221981664557E-6
1.8227106873704076E-6
1.8226991755564947E-6
1.8226876627247297E-6
1.822676148875125E-6
1.822664634007693E-6
1.8226531181224457E-6
1.8226416012193955E-6
1.822630083298555E-6
1.8226185643599383E-6
1.822607044403556E-6
1.8225955234294217E-6
1.8225840014375465E-6
1.8225724784279444E-6
1.8225609544006277E-6
1.822549429355608E-6
1.8225379032928986E-6
1.822526376212512E-6
1.8225148481144604E-6
1.8225033189987555E-6
1.8224917888654112E-6
1.8224802577144386E-6
1.8224687255458506E-6
1.8224571923596598E-6
1.8224456581558794E-6
1.8224341229345209E-6
1.8224225866955971E-6
1.822411049439121E-6
1.822399511165104E-6
1.8223879718735601E-6
1.822376431564501E-6
1.822364890237939E-6
1.8223533478938863E-6
1.8223418045323567E-6
1.8223302601533616E-6
1.8223187147569144E-6
1.8223071683430274E-6
1.8222956209117112E-6
1.8222840724629805E-6
1.822272522996848E-6
1.8222609725133248E-6
1.8222494210124242E-6
1.8222378684941588E-6
1.8222263149585409E-6
1.8222147604055827E-6
1.822203204835297E-6
1.8221916482476958E-6
1.8221800906427916E-6
1.8221685320205982E-6
1.8221569723811279E-6
1.8221454117243925E-6
1.8221338500504053E-6
1.8221222873591783E-6
1.822110723650724E-6
1.8220991589250544E-6
1.822087593182182E-6
1.8220760264221216E-6
1.8220644586448832E-6
1.8220528898504795E-6
1.8220413200389242E-6
1.8220297492102286E-6
1.8220181773644066E-6
1.8220066045014695E-6
1.8219950306214313E-6
1.8219834557243033E-6
1.821971879810099E-6
1.82196030287883E-6
1.8219487249305102E-6
1.821937145965151E-6
1.8219255659827646E-6
1.821913984983365E-6
1.8219024029669636E-6
1.821890819933573E-6
1.8218792358832062E-6
1.821867650815876E-6
1.8218560647315944E-6
1.8218444776303746E-6
1.8218328895122295E-6
1.8218213003771686E-6
1.821809710225208E-6
1.8217981190563585E-6
1.8217865268706335E-6
1.821774933668046E-6
1.8217633394486087E-6
1.8217517442123333E-6
1.8217401479592321E-6
1.821728550689317E-6
1.821716952402603E-6
1.8217053530991013E-6
1.821693752778824E-6
1.8216821514417857E-6
1.8216705490879966E-6
1.8216589457174707E-6
1.8216473413302202E-6
1.8216357359262576E-6
1.8216241295055961E-6
1.8216125220682473E-6
1.8216009136142245E-6
1.8215893041435397E-6
1.8215776936562067E-6
1.821566082152238E-6
1.8215544696316456E-6
1.8215428560944423E-6
1.8215312415406412E-6
1.821519625970253E-6
1.8215080093832913E-6
1.8214963917797696E-6
1.8214847731597002E-6
1.8214731535230953E-6
1.8214615328699683E-6
1.8214499112003317E-6
1.8214382885141973E-6
1.8214266648115787E-6
1.8214150400924873E-6
1.8214034143569375E-6
1.821391787604941E-6
1.8213801598365106E-6
1.8213685310516588E-6
1.8213569012503985E-6
1.8213452704327425E-6
1.8213336385987025E-6
1.8213220057482923E-6
1.8213103718815244E-6
1.8212987369984108E-6
1.8212871010989652E-6
1.8212754641831994E-6
1.8212638262511265E-6
1.8212521873027594E-6
1.8212405473381102E-6
1.8212289063571926E-6
1.8212172643600184E-6
1.821205621346601E-6
1.821193977316952E-6
1.8211823322710847E-6
1.8211706862090117E-6
1.8211590391307457E-6
1.8211473910363005E-6
1.8211357419256865E-6
1.8211240917989184E-6
1.8211124406560082E-6
1.8211007884969688E-6
1.8210891353218135E-6
1.821077481130554E-6
1.8210658259232033E-6
1.8210541696997749E-6
1.821042512460281E-6
1.8210308542047333E-6
1.8210191949331459E-6
1.8210075346455308E-6
1.8209958733419014E-6
1.8209842110222694E-6
1.8209725476866488E-6
1.820960883335051E-6
1.8209492179674905E-6
1.8209375515839796E-6
1.820925884184531E-6
1.820914215769157E-6
1.8209025463378701E-6
1.8208908758906842E-6
1.8208792044276112E-6
1.8208675319486645E-6
1.820855858453856E-6
1.8208441839432011E-6
1.82083250841671E-6
1.8208208318743958E-6
1.8208091543162717E-6
1.8207974757423495E-6
1.8207857961526425E-6
1.8207741155471655E-6
1.8207624339259296E-6
1.8207507512889468E-6
1.8207390676362314E-6
1.820727382967796E-6
1.8207156972836517E-6
1.8207040105838138E-6
1.820692322868294E-6
1.820680634137105E-6
1.8206689443902598E-6
1.8206572536277722E-6
1.8206455618496553E-6
1.8206338690559191E-6
1.820622175246579E-6
1.8206104804216472E-6
1.8205987845811366E-6
1.82058708772506E-6
1.8205753898534308E-6
1.8205636909662598E-6
1.8205519910635622E-6
1.82054029014535E-6
1.8205285882116366E-6
1.8205168852624338E-6
1.8205051812977554E-6
1.820493476317615E-6
1.820481770322024E-6
1.8204700633109957E-6
1.8204583552845438E-6
1.8204466462426802E-6
1.820434936185419E-6
1.8204232251127715E-6
1.8204115130247515E-6
1.820399799921372E-6
1.8203880858026453E-6
1.8203763706685854E-6
1.8203646545192048E-6
1.8203529373545166E-6
1.820341219174534E-6
1.8203294999792691E-6
1.8203177797687364E-6
1.8203060585429478E-6
1.820294336301916E-6
1.820282613045654E-6
1.8202708887741742E-6
1.8202591634874905E-6
1.8202474371856162E-6
1.8202357098685645E-6
1.8202239815363472E-6
1.820212252188978E-6
1.8202005218264706E-6
1.8201887904488364E-6
1.8201770580560894E-6
1.8201653246482434E-6
1.8201535902253092E-6
1.820141854787301E-6
1.820130118334231E-6
1.8201183808661133E-6
1.8201066423829621E-6
1.8200949028847883E-6
1.820083162371605E-6
1.820071420843427E-6
1.8200596783002668E-6
1.8200479347421372E-6
1.8200361901690506E-6
1.8200244445810215E-6
1.8200126979780617E-6
1.8200009503601847E-6
1.8199892017274031E-6
1.81997745207973E-6
1.819965701417178E-6
1.819953949739762E-6
1.819942197047494E-6
1.8199304433403877E-6
1.8199186886184545E-6
1.8199069328817097E-6
1.8198951761301663E-6
1.8198834183638353E-6
1.8198716595827323E-6
1.8198598997868682E-6
1.8198481389762578E-6
1.8198363771509134E-6
1.8198246143108484E-6
1.8198128504560768E-6
1.8198010855866107E-6
1.8197893197024635E-6
1.819777552803649E-6
1.8197657848901788E-6
1.8197540159620673E-6
1.8197422460193279E-6
1.819730475061973E-6
1.8197187030900164E-6
1.8197069301034698E-6
1.8196951561023482E-6
1.819683381086665E-6
1.8196716050564322E-6
1.8196598280116633E-6
1.8196480499523715E-6
1.8196362708785699E-6
1.8196244907902724E-6
