1.299312833980939E-7
1.299312426251281E-7
1.2993120185233502E-7
1.2993116107971483E-7
1.2993112030726717E-7
1.2993107953499236E-7
1.2993103876289018E-7
1.2993099799096083E-7
1.2993095721920416E-7
1.2993091644762024E-7
1.29930875676209E-7
1.2993083490497048E-7
1.2993079413390476E-7
1.2993075336301162E-7
1.2993071259229127E-7
1.299306718217436E-7
1.299306310513687E-7
1.2993059028116644E-7
1.299305495111369E-7
1.2993050874128008E-7
1.29930467971596E-7
1.2993042720208452E-7
1.299303864327458E-7
1.2993034566357983E-7
1.2993030489458635E-7
1.299302641257658E-7
1.299302233571178E-7
1.2993018258864255E-7
1.2993014182033988E-7
1.2993010105221002E-7
1.2993006028425275E-7
1.2993001951646824E-7
1.2992997874885635E-7
1.2992993798141712E-7
1.2992989721415057E-7
1.2992985644705674E-7
1.2992981568013552E-7
1.2992977491338707E-7
1.2992973414681118E-7
1.29929693380408E-7
1.2992965261417722E-7
1.2992961184811952E-7
1.2992957108223433E-7
1.299295303165215E-7
1.2992948955098172E-7
1.2992944878561454E-7
1.2992940802041976E-7
1.2992936725539775E-7
1.2992932649054848E-7
1.2992928572587185E-7
1.2992924496136777E-7
1.2992920419703627E-7
1.2992916343287757E-7
1.299291226688914E-7
1.2992908190507779E-7
1.2992904114143691E-7
1.299290003779687E-7
1.2992895961467308E-7
1.2992891885155003E-7
1.299288780885996E-7
1.2992883732582188E-7
1.2992879656321666E-7
1.299287558007842E-7
1.2992871503852403E-7
1.2992867427643694E-7
1.2992863351452221E-7
1.2992859275277997E-7
1.2992855199121054E-7
1.2992851122981364E-7
1.299284704685893E-7
1.2992842970753765E-7
1.299283889466587E-7
1.2992834818595204E-7
1.2992830742541817E-7
1.2992826666505687E-7
1.2992822590486798E-7
1.2992818514485204E-7
1.299281443850083E-7
1.2992810362533735E-7
1.2992806286583905E-7
1.2992802210651317E-7
1.299279813473599E-7
1.2992794058837925E-7
1.299278998295711E-7
1.299278590709356E-7
1.2992781831247257E-7
1.299277775541823E-7
1.2992773679606443E-7
1.29927696038119E-7
1.2992765528034653E-7
1.299276145227462E-7
1.299275737653186E-7
1.299275330080636E-7
1.2992749225098106E-7
1.299274514940711E-7
1.2992741073733382E-7
1.299273699807689E-7
1.299273292243766E-7
1.2992728846815687E-7
1.299272477121097E-7
1.2992720695623485E-7
1.2992716620053284E-7
1.2992712544500305E-7
1.2992708468964608E-7
1.2992704393446146E-7
1.2992700317944947E-7
1.2992696242461006E-7
1.2992692166994295E-7
1.299268809154485E-7
1.2992684016112636E-7
1.299267994069772E-7
1.299267586530002E-7
1.29926717899196E-7
1.299266771455639E-7
1.299266363921045E-7
1.299265956388178E-7
1.2992655488570333E-7
1.2992651413276138E-7
1.2992647337999215E-7
1.299264326273952E-7
1.2992639187497072E-7
1.2992635112271906E-7
1.2992631037063963E-7
1.299262696187328E-7
1.2992622886699844E-7
1.299261881154365E-7
1.29926147364047E-7
1.2992610661283007E-7
1.2992606586178569E-7
1.299260251109138E-7
1.2992598436021414E-7
1.2992594360968704E-7
1.2992590285933264E-7
1.2992586210915054E-7
1.299258213591408E-7
1.2992578060930364E-7
1.2992573985963902E-7
1.299256991101469E-7
1.2992565836082695E-7
1.2992561761167964E-7
1.2992557686270493E-7
1.2992553611390246E-7
1.2992549536527255E-7
1.2992545461681506E-7
1.299254138685301E-7
1.299253731204174E-7
1.2992533237247716E-7
1.2992529162470953E-7
1.299252508771143E-7
1.2992521012969137E-7
1.2992516938244114E-7
1.2992512863536307E-7
1.2992508788845754E-7
1.2992504714172458E-7
1.299250063951638E-7
1.2992496564877551E-7
1.2992492490255978E-7
1.2992488415651639E-7
1.2992484341064542E-7
1.2992480266494682E-7
1.299247619194208E-7
1.2992472117406682E-7
1.299246804288857E-7
1.2992463968387654E-7
1.2992459893904022E-7
1.2992455819437607E-7
1.299245174498845E-7
1.2992447670556526E-7
1.299244359614182E-7
1.2992439521744368E-7
1.2992435447364161E-7
1.2992431373001195E-7
1.2992427298655468E-7
1.2992423224326968E-7
1.2992419150015718E-7
1.2992415075721692E-7
1.299241100144493E-7
1.299240692718539E-7
1.299240285294307E-7
1.2992398778718025E-7
1.299239470451018E-7
1.299239063031961E-7
1.2992386556146252E-7
1.2992382481990147E-7
1.2992378407851273E-7
1.299237433372962E-7
1.299237025962521E-7
1.2992366185538052E-7
1.299236211146812E-7
1.2992358037415423E-7
1.2992353963379956E-7
1.2992349889361738E-7
1.2992345815360732E-7
1.2992341741376993E-7
1.2992337667410453E-7
1.2992333593461188E-7
1.299232951952913E-7
1.2992325445614308E-7
1.299232137171673E-7
1.299231729783637E-7
1.2992313223973253E-7
1.299230915012737E-7
1.2992305076298718E-7
1.2992301002487307E-7
1.2992296928693113E-7
1.2992292854916168E-7
1.2992288781156427E-7
1.2992284707413952E-7
1.2992280633688695E-7
1.2992276559980667E-7
1.2992272486289882E-7
1.2992268412616308E-7
1.2992264338959973E-7
1.299226026532087E-7
1.2992256191699005E-7
1.2992252118094352E-7
1.2992248044506956E-7
1.2992243970936777E-7
1.2992239897383823E-7
1.2992235823848109E-7
1.2992231750329618E-7
1.2992227676828349E-7
1.2992223603344322E-7
1.2992219529877516E-7
1.2992215456427931E-7
1.2992211382995581E-7
1.2992207309580484E-7
1.299220323618257E-7
1.2992199162801922E-7
1.2992195089438486E-7
1.2992191016092274E-7
1.299218694276328E-7
1.2992182869451543E-7
1.2992178796157016E-7
1.299217472287971E-7
1.2992170649619636E-7
1.2992166576376793E-7
1.2992162503151164E-7
1.2992158429942767E-7
1.2992154356751605E-7
1.2992150283577658E-7
1.2992146210420943E-7
1.2992142137281428E-7
1.2992138064159156E-7
1.2992133991054115E-7
1.2992129917966298E-7
1.2992125844895697E-7
1.2992121771842318E-7
1.299211769880617E-7
1.2992113625787238E-7
1.2992109552785536E-7
1.2992105479801062E-7
1.2992101406833805E-7
1.2992097333883763E-7
1.2992093260950956E-7
1.2992089188035368E-7
1.2992085115136995E-7
1.2992081042255844E-7
1.2992076969391935E-7
1.2992072896545224E-7
1.2992068823715744E-7
1.2992064750903486E-7
1.2992060678108433E-7
1.2992056605330612E-7
1.2992052532570028E-7
1.2992048459826636E-7
1.2992044387100478E-7
1.2992040314391542E-7
1.2992036241699835E-7
1.299203216902532E-7
1.2992028096368055E-7
1.2992024023727975E-7
1.299201995110512E-7
1.2992015878499502E-7
1.2992011805911114E-7
1.299200773333991E-7
1.2992003660785952E-7
1.299199958824921E-7
1.2991995515729673E-7
1.2991991443227333E-7
1.299198737074224E-7
1.2991983298274373E-7
1.2991979225823708E-7
1.2991975153390256E-7
1.299197108097401E-7
1.2991967008575008E-7
1.2991962936193204E-7
1.299195886382862E-7
1.2991954791481243E-7
1.29919507191511E-7
1.299194664683816E-7
1.299194257454243E-7
1.2991938502263927E-7
1.299193443000263E-7
1.2991930357758555E-7
1.2991926285531676E-7
1.299192221332203E-7
1.2991918141129594E-7
1.2991914068954373E-7
1.2991909996796363E-7
1.2991905924655558E-7
1.2991901852531983E-7
1.29918977804256E-7
1.2991893708336434E-7
1.2991889636264501E-7
1.2991885564209763E-7
1.2991881492172262E-7
1.2991877420151926E-7
1.2991873348148825E-7
1.2991869276162956E-7
1.299186520419426E-7
1.2991861132242797E-7
1.2991857060308538E-7
1.2991852988391504E-7
1.2991848916491645E-7
1.2991844844609032E-7
1.2991840772743624E-7
1.299183670089542E-7
1.2991832629064432E-7
1.299182855725064E-7
1.2991824485454054E-7
1.299182041367468E-7
1.2991816341912524E-7
1.2991812270167596E-7
1.2991808198439823E-7
1.2991804126729303E-7
1.299180005503598E-7
1.2991795983359852E-7
1.2991791911700935E-7
1.299178784005923E-7
1.2991783768434728E-7
1.2991779696827432E-7
1.2991775625237363E-7
1.299177155366448E-7
1.2991767482108808E-7
1.2991763410570353E-7
1.29917593390491E-7
1.2991755267545028E-7
1.2991751196058183E-7
1.299174712458854E-7
1.2991743053136098E-7
1.2991738981700872E-7
1.2991734910282848E-7
1.2991730838882022E-7
1.2991726767498396E-7
1.299172269613198E-7
1.2991718624782762E-7
1.299171455345077E-7
1.2991710482135958E-7
1.2991706410838356E-7
1.2991702339557962E-7
1.2991698268294758E-7
1.2991694197048777E-7
1.2991690125819986E-7
1.2991686054608384E-7
1.2991681983414012E-7
1.299167791223682E-7
1.2991673841076832E-7
1.2991669769934057E-7
1.2991665698808472E-7
1.2991661627700097E-7
1.2991657556608928E-7
1.2991653485534934E-7
1.299164941447816E-7
1.2991645343438593E-7
1.2991641272416205E-7
1.2991637201411028E-7
1.299163313042305E-7
1.299162905945227E-7
1.2991624988498697E-7
1.299162091756231E-7
1.299161684664312E-7
1.2991612775741135E-7
1.2991608704856366E-7
1.2991604633988774E-7
1.2991600563138387E-7
1.2991596492305184E-7
1.299159242148919E-7
1.2991588350690402E-7
1.2991584279908788E-7
1.2991580209144388E-7
1.299157613839718E-7
1.299157206766717E-7
1.299156799695437E-7
1.2991563926258736E-7
1.2991559855580328E-7
1.2991555784919094E-7
1.2991551714275076E-7
1.2991547643648242E-7
1.2991543573038587E-7
1.2991539502446145E-7
1.2991535431870906E-7
1.2991531361312846E-7
1.299152729077198E-7
1.299152322024831E-7
1.2991519149741852E-7
1.299151507925257E-7
1.2991511008780488E-7
1.2991506938325585E-7
1.299150286788788E-7
1.2991498797467376E-7
1.2991494727064058E-7
1.2991490656677946E-7
1.2991486586309015E-7
1.2991482515957263E-7
1.2991478445622737E-7
1.2991474375305382E-7
1.2991470305005215E-7
1.299146623472225E-7
1.299146216445646E-7
1.2991458094207883E-7
1.2991454023976462E-7
1.2991449953762258E-7
1.2991445883565235E-7
1.2991441813385414E-7
1.2991437743222778E-7
1.2991433673077334E-7
1.2991429602949077E-7
1.2991425532837996E-7
1.299142146274414E-7
1.2991417392667424E-7
1.299141332260793E-7
1.2991409252565612E-7
1.299140518254048E-7
1.2991401112532553E-7
1.2991397042541794E-7
1.2991392972568244E-7
1.2991388902611855E-7
1.299138483267267E-7
1.2991380762750667E-7
1.2991376692845842E-7
1.2991372622958213E-7
1.299136855308778E-7
1.299136448323452E-7
1.2991360413398444E-7
1.2991356343579574E-7
1.2991352273777866E-7
1.2991348203993364E-7
1.2991344134226025E-7
1.2991340064475891E-7
1.299133599474294E-7
1.2991331925027145E-7
1.299132785532857E-7
1.299132378564717E-7
1.2991319715982946E-7
1.2991315646335901E-7
1.2991311576706052E-7
1.2991307507093391E-7
1.299130343749789E-7
1.2991299367919584E-7
1.2991295298358455E-7
1.2991291228814523E-7
1.299128715928777E-7
1.29912830897782E-7
1.2991279020285818E-7
1.2991274950810587E-7
1.2991270881352557E-7
1.2991266811911723E-7
1.2991262742488039E-7
1.2991258673081546E-7
1.2991254603692256E-7
1.2991250534320127E-7
1.2991246464965192E-7
1.299124239562741E-7
1.2991238326306826E-7
1.2991234257003428E-7
1.2991230187717195E-7
1.2991226118448158E-7
1.2991222049196286E-7
1.2991217979961606E-7
1.2991213910744095E-7
1.299120984154375E-7
1.299120577236059E-7
1.299120170319463E-7
1.2991197634045825E-7
1.2991193564914224E-7
1.2991189495799767E-7
1.299118542670249E-7
1.2991181357622417E-7
1.2991177288559507E-7
1.2991173219513787E-7
1.2991169150485204E-7
1.2991165081473842E-7
1.2991161012479632E-7
1.2991156943502588E-7
1.2991152874542744E-7
1.2991148805600063E-7
1.2991144736674564E-7
1.299114066776624E-7
1.2991136598875083E-7
1.2991132530001104E-7
1.2991128461144294E-7
1.2991124392304665E-7
1.2991120323482196E-7
1.2991116254676923E-7
1.2991112185888823E-7
1.2991108117117883E-7
1.2991104048364125E-7
1.2991099979627545E-7
1.299109591090812E-7
1.29910918422059E-7
1.2991087773520788E-7
1.2991083704852897E-7
1.2991079636202183E-7
1.299107556756863E-7
1.2991071498952244E-7
1.2991067430353025E-7
1.2991063361770992E-7
1.2991059293206117E-7
1.299105522465842E-7
1.2991051156127897E-7
1.2991047087614546E-7
1.2991043019118336E-7
1.299103895063931E-7
1.299103488217747E-7
1.2991030813732795E-7
1.2991026745305274E-7
1.2991022676894946E-7
1.2991018608501785E-7
1.299101454012577E-7
1.2991010471766935E-7
1.299100640342527E-7
1.2991002335100781E-7
1.2990998266793452E-7
1.2990994198503283E-7
1.2990990130230292E-7
1.299098606197446E-7
1.2990981993735788E-7
1.29909779255143E-7
1.299097385730998E-7
1.2990969789122834E-7
1.299096572095282E-7
1.2990961652799999E-7
1.2990957584664341E-7
1.2990953516545845E-7
1.2990949448444495E-7
1.2990945380360345E-7
1.299094131229335E-7
1.2990937244243511E-7
1.299093317621084E-7
1.2990929108195332E-7
1.2990925040196992E-7
1.2990920972215815E-7
1.299091690425178E-7
1.299091283630494E-7
1.2990908768375274E-7
1.2990904700462735E-7
1.299090063256738E-7
1.299089656468919E-7
1.299089249682813E-7
1.2990888428984277E-7
1.2990884361157583E-7
1.299088029334801E-7
1.299087622555564E-7
1.2990872157780413E-7
1.299086809002233E-7
1.299086402228144E-7
1.2990859954557707E-7
1.2990855886851118E-7
1.2990851819161706E-7
1.299084775148944E-7
1.2990843683834355E-7
1.299083961619641E-7
1.2990835548575613E-7
1.299083148097199E-7
1.2990827413385547E-7
1.299082334581625E-7
1.2990819278264106E-7
1.299081521072913E-7
1.29908111432113E-7
1.299080707571064E-7
1.2990803008227128E-7
1.299079894076078E-7
1.299079487331159E-7
1.2990790805879572E-7
1.2990786738464684E-7
1.2990782671066957E-7
1.2990778603686398E-7
1.2990774536322996E-7
1.2990770468976742E-7
1.2990766401647648E-7
1.2990762334335704E-7
1.299075826704093E-7
1.2990754199763305E-7
1.2990750132502837E-7
1.2990746065259534E-7
1.2990741998033366E-7
1.2990737930824355E-7
1.299073386363251E-7
1.2990729796457824E-7
1.2990725729300286E-7
1.2990721662159885E-7
1.2990717595036663E-7
1.2990713527930585E-7
1.2990709460841667E-7
1.2990705393769896E-7
1.299070132671527E-7
1.2990697259677813E-7
1.2990693192657497E-7
1.2990689125654333E-7
1.2990685058668346E-7
1.2990680991699485E-7
1.2990676924747778E-7
1.2990672857813222E-7
1.2990668790895805E-7
1.2990664723995545E-7
1.2990660657112467E-7
1.2990656590246515E-7
1.2990652523397728E-7
1.2990648456566097E-7
1.2990644389751608E-7
1.2990640322954244E-7
1.2990636256174049E-7
1.2990632189411003E-7
1.2990628122665091E-7
1.2990624055936356E-7
1.2990619989224762E-7
1.2990615922530313E-7
1.2990611855853011E-7
1.299060778919285E-7
1.2990603722549854E-7
1.2990599655924007E-7
1.2990595589315306E-7
1.2990591522723743E-7
1.299058745614933E-7
1.2990583389592065E-7
1.2990579323051958E-7
1.299057525652899E-7
1.299057119002315E-7
1.2990567123534482E-7
1.299056305706294E-7
1.2990558990608543E-7
1.2990554924171314E-7
1.299055085775123E-7
1.299054679134828E-7
1.2990542724962483E-7
1.2990538658593808E-7
1.2990534592242296E-7
1.2990530525907929E-7
1.2990526459590698E-7
1.2990522393290635E-7
1.2990518327007688E-7
1.2990514260741898E-7
1.2990510194493264E-7
1.2990506128261755E-7
1.299050206204738E-7
1.2990497995850185E-7
1.2990493929670102E-7
1.2990489863507166E-7
1.299048579736136E-7
1.2990481731232714E-7
1.2990477665121204E-7
1.2990473599026862E-7
1.299046953294963E-7
1.299046546688953E-7
1.299046140084659E-7
1.2990457334820795E-7
1.299045326881214E-7
1.2990449202820618E-7
1.2990445136846247E-7
1.2990441070888995E-7
1.2990437004948897E-7
1.2990432939025968E-7
1.299042887312012E-7
1.299042480723145E-7
1.299042074135993E-7
1.2990416675505532E-7
1.299041260966825E-7
1.2990408543848115E-7
1.299040447804513E-7
1.29904004122593E-7
1.2990396346490604E-7
1.2990392280739035E-7
1.299038821500458E-7
1.2990384149287283E-7
1.2990380083587126E-7
1.2990376017904103E-7
1.299037195223822E-7
1.2990367886589472E-7
1.2990363820957872E-7
1.2990359755343398E-7
1.2990355689746052E-7
1.2990351624165836E-7
1.2990347558602774E-7
1.299034349305685E-7
1.299033942752803E-7
1.2990335362016367E-7
1.2990331296521844E-7
1.2990327231044457E-7
1.2990323165584195E-7
1.2990319100141079E-7
1.299031503471509E-7
1.299031096930623E-7
1.299030690391451E-7
1.2990302838539895E-7
1.2990298773182432E-7
1.2990294707842124E-7
1.2990290642518947E-7
1.2990286577212888E-7
1.2990282511923952E-7
1.2990278446652135E-7
1.2990274381397462E-7
1.2990270316159938E-7
1.2990266250939552E-7
1.2990262185736286E-7
1.2990258120550145E-7
1.2990254055381147E-7
1.299024999022928E-7
1.2990245925094528E-7
1.2990241859976897E-7
1.2990237794876397E-7
1.299023372979305E-7
1.2990229664726823E-7
1.299022559967773E-7
1.2990221534645776E-7
1.2990217469630933E-7
1.2990213404633212E-7
1.299020933965265E-7
1.29902052746892E-7
1.299020120974287E-7
1.2990197144813683E-7
1.2990193079901616E-7
1.299018901500666E-7
1.2990184950128826E-7
1.2990180885268137E-7
1.2990176820424598E-7
1.2990172755598174E-7
1.2990168690788884E-7
1.2990164625996686E-7
1.2990160561221635E-7
1.2990156496463701E-7
1.2990152431722907E-7
1.2990148366999213E-7
1.2990144302292663E-7
1.299014023760323E-7
1.2990136172930948E-7
1.299013210827578E-7
1.299012804363772E-7
1.2990123979016807E-7
1.2990119914413012E-7
1.299011584982632E-7
1.2990111785256756E-7
1.2990107720704337E-7
1.2990103656169033E-7
1.299009959165085E-7
1.299009552714979E-7
1.2990091462665837E-7
1.2990087398199032E-7
1.299008333374934E-7
1.2990079269316775E-7
1.299007520490131E-7
1.2990071140502964E-7
1.2990067076121767E-7
1.2990063011757683E-7
1.2990058947410735E-7
1.299005488308089E-7
1.2990050818768186E-7
1.2990046754472587E-7
1.2990042690194107E-7
1.2990038625932736E-7
1.2990034561688488E-7
1.2990030497461348E-7
1.2990026433251358E-7
1.2990022369058478E-7
1.29900183048827E-7
1.2990014240724082E-7
1.2990010176582553E-7
1.2990006112458147E-7
1.2990002048350873E-7
1.2989997984260693E-7
1.2989993920187644E-7
1.298998985613171E-7
1.2989985792092892E-7
1.2989981728071213E-7
1.2989977664066634E-7
1.298997360007916E-7
1.2989969536108781E-7
1.2989965472155548E-7
1.298996140821943E-7
1.2989957344300448E-7
1.2989953280398556E-7
1.2989949216513815E-7
1.298994515264612E-7
1.2989941088795586E-7
1.298993702496217E-7
1.2989932961145878E-7
1.2989928897346686E-7
1.2989924833564603E-7
1.2989920769799636E-7
1.298991670605179E-7
1.298991264232106E-7
1.2989908578607438E-7
1.2989904514910945E-7
1.2989900451231542E-7
1.2989896387569261E-7
1.2989892323924094E-7
1.298988826029605E-7
1.2989884196685107E-7
1.2989880133091283E-7
2.5979744011944045E-7
0.0010765376682426277
0.001074030680757276
0.0010715337792250052
0.001069046812988355
0.0010665696340451702
0.0010641020970259417
0.0010616440591709301
0.0010591953803068528
0.0010567559228235037
0.0010543255516500655
0.0010519041342311902
0.001049491540502956
0.0010470876428686816
0.0010446923161745543
0.0010423054376851736
0.0010399268870589795
0.0010375565463236736
0.001035194299851509
0.0010328400343345757
0.0010304936387601
0.0010281550043856917
0.0010258240247146661
0.001023500595471361
0.0010211846145765347
0.0010188759821228356
0.001016574600350329
0.001014280373622144
0.001011993208400258
0.0010097130132213855
0.001007439698673009
0.0010051731773695755
0.0010029133639288632
0.00100066017494857
9.984135289830222E-4
9.961733465201458E-4
9.939395499586388E-4
9.917120635853738E-4
9.894908135530663E-4
9.872757278581279E-4
9.850667363188817E-4
9.828637705539354E-4
9.806667639609252E-4
9.78475651695479E-4
9.762903706505038E-4
9.741108594358053E-4
9.719370583579502E-4
9.697689094004968E-4
9.67606356204538E-4
9.654493440495552E-4
9.632978198346428E-4
9.611517320600325E-4
9.590110308089957E-4
9.568756677300899E-4
9.547455960197422E-4
9.526207704052178E-4
9.505011471279401E-4
9.48386683927182E-4
9.462773400241088E-4
9.441730761062303E-4
9.420738543122062E-4
9.399796382170189E-4
9.378903928175448E-4
9.358060845185098E-4
9.337266811188185E-4
9.31652151798267E-4
9.295824671046454E-4
9.275175989412255E-4
9.254575205546339E-4
9.234022065231149E-4
9.213516327451679E-4
9.193057764285857E-4
9.172646160798749E-4
9.152281314940309E-4
9.131963037447545E-4
9.111691151749894E-4
9.091465493878787E-4
9.071285912380751E-4
9.05115226823436E-4
9.031064434770986E-4
9.011022297599101E-4
8.991025754532313E-4
8.971074715521096E-4
8.951169102588E-4
8.93130884976663E-4
8.911493903043805E-4
8.891724220305724E-4
8.871999771287004E-4
8.852320537523661E-4
8.832686512308947E-4
8.813097700652961E-4
8.793554119245156E-4
8.77405579642037E-4
8.754602772127626E-4
8.735195097902333E-4
8.715832836841472E-4
8.696516063581587E-4
8.677244864280021E-4
8.658019336598607E-4
8.63883958969047E-4
8.619705744189291E-4
8.60061793220135E-4
8.581576297300294E-4
8.562580994523951E-4
8.543632190374099E-4
8.524730062818122E-4
8.505874801293366E-4
8.487066606713238E-4
8.468305691475841E-4
8.449592279474215E-4
8.430926606108919E-4
8.412308918302041E-4
8.393739474513322E-4
8.375218544757748E-4
8.356746410624775E-4
8.338323365298983E-4
8.319949713582206E-4
8.301625771916808E-4
8.283351868410239E-4
8.265128342860678E-4
8.246955546783569E-4
8.228833843439161E-4
8.210763607860587E-4
8.192745226883009E-4
8.174779099172818E-4
8.156865635257598E-4
8.13900525755639E-4
8.12119840041005E-4
8.103445510111825E-4
8.085747044937772E-4
8.06810347517725E-4
8.050515283163048E-4
8.032982963300932E-4
8.01550702209907E-4
7.998087978196625E-4
7.98072636239175E-4
7.963422717668402E-4
7.946177599222415E-4
7.928991574486613E-4
7.91186522315425E-4
7.894799137201314E-4
7.877793920907401E-4
7.860850190874583E-4
7.843968576045064E-4
7.827149717716358E-4
7.810394269554784E-4
7.793702897606633E-4
7.777076280307007E-4
7.760515108486369E-4
7.744020085374253E-4
7.727591926600389E-4
7.711231360192968E-4
7.694939126573847E-4
7.678715978550667E-4
7.662562681305597E-4
7.646480012380731E-4
7.630468761659842E-4
7.614529731346453E-4
7.598663735938104E-4
7.58287160219667E-4
7.56715416911434E-4
7.55151228787548E-4
7.535946821814165E-4
7.520458646366922E-4
7.505048649021042E-4
7.489717729257838E-4
7.474466798490965E-4
7.459296779999934E-4
7.444208608857857E-4
7.42920323185421E-4
7.414281607412114E-4
7.399444705499521E-4
7.384693507535181E-4
7.37002900628817E-4
7.355452205771854E-4
7.340964121131224E-4
7.326565778524343E-4
7.312258214996974E-4
7.298042478350814E-4
7.283919627005317E-4
7.269890729852175E-4
7.255956866103364E-4
7.24211912513188E-4
7.228378606305292E-4
7.214736418812406E-4
7.201193681481944E-4
7.187751522594497E-4
7.174411079686064E-4
7.161173499344596E-4
7.148039936998446E-4
7.135011556696943E-4
7.122089530883035E-4
7.109275040157787E-4
7.096569273037022E-4
7.083973425699291E-4
7.071488701726031E-4
7.059116311832841E-4
7.046857473592833E-4
7.034713411150806E-4
7.022685354929651E-4
7.010774541327458E-4
6.99898221240623E-4
6.987309615571858E-4
6.975758003245258E-4
6.964328632524564E-4
6.953022764838903E-4
6.941841665592807E-4
6.9307866038019E-4
6.919858851719775E-4
6.909059684455737E-4
6.898390379583768E-4
6.887852216742432E-4
6.877446477226053E-4
6.867174443566502E-4
6.857037399106637E-4
6.847036627564395E-4
6.837173412588407E-4
6.827449037304453E-4
6.817864783853086E-4
6.808421932919129E-4
6.799121763251536E-4
6.789965551175455E-4
6.78095457009533E-4
6.772090089989433E-4
6.763373376896403E-4
6.754805692392939E-4
6.746388293063771E-4
6.738122429962987E-4
6.730009348067927E-4
6.722050285724741E-4
6.714246474086243E-4
6.706599136542382E-4
6.699109488142864E-4
6.6917787350126E-4
6.684608073760054E-4
6.677598690878231E-4
6.67075176213907E-4
6.664068451981097E-4
6.657549912890384E-4
6.651197284775331E-4
6.645011694335421E-4
6.638994254423773E-4
6.633146063404143E-4
6.627468204502621E-4
6.621961745153594E-4
6.616627736341202E-4
6.611467211935741E-4
6.606481188025509E-4
6.601670662244528E-4
6.597036613096221E-4
6.59257999927331E-4
6.588301758974306E-4
6.584202809216757E-4
6.580284045147794E-4
6.57654633935197E-4
6.572990541156876E-4
6.569617475936836E-4
6.566427944415045E-4
6.563422721964255E-4
6.560602557906647E-4
6.557968174813045E-4
6.5555202678019E-4
6.553259503838181E-4
6.551186521033137E-4
6.549301927944314E-4
6.547606302877271E-4
6.546100193188498E-4
6.544784114590553E-4
6.543658550459168E-4
6.542723951143615E-4
6.541980733279588E-4
6.541429279106263E-4
6.54106993578659E-4
6.540903014732533E-4
6.540928790934703E-4
6.541147502297274E-4
6.541559348978534E-4
6.542164492737387E-4
6.542963056286321E-4
6.543955122651314E-4
6.545140734538957E-4
6.546519893711412E-4
6.548092560369408E-4
6.549858652544036E-4
6.551818045497453E-4
6.553970571133291E-4
6.556316017416764E-4
6.558854127805199E-4
6.56158460068964E-4
6.564507088847516E-4
6.567621198906942E-4
6.570926490823383E-4
6.574422477368791E-4
6.578108623633789E-4
6.581984346543382E-4
6.586049014386599E-4
6.590301946360136E-4
6.594742412127413E-4
6.599369631392249E-4
6.604182773488431E-4
6.609180956985225E-4
6.614363249309397E-4
6.619728666384159E-4
6.625276172285346E-4
6.631004678915161E-4
6.636913045694308E-4
6.643000079272078E-4
6.64926453325591E-4
6.655705107959761E-4
6.662320450172249E-4
6.669109152944762E-4
6.676069755399683E-4
6.683200742559805E-4
6.690500545198224E-4
6.697967539709849E-4
6.705600048004697E-4
6.713396337423069E-4
6.721354620672654E-4
6.729473055789123E-4
6.737749746118703E-4
6.74618274032455E-4
6.754770032416263E-4
6.763509561802967E-4
6.772399213370695E-4
6.781436817583644E-4
6.790620150609969E-4
6.799946934471911E-4
6.809414837221065E-4
6.819021473138428E-4
6.828764402959486E-4
6.838641134124771E-4
6.848649121055759E-4
6.858785765456409E-4
6.869048416640217E-4
6.879434371883274E-4
6.889940876803002E-4
6.900565125762851E-4
6.911304262303215E-4
6.92215537959802E-4
6.933115520937537E-4
6.944181680237513E-4
6.95535080257386E-4
6.966619784743911E-4
6.977985475853312E-4
6.989444677929067E-4
7.000994146558429E-4
7.012630591553622E-4
7.024350677642135E-4
7.036151025182906E-4
7.04802821090755E-4
7.059978768687228E-4
7.071999190324609E-4
7.08408592637072E-4
7.096235386966328E-4
7.108443942708496E-4
7.120707925540714E-4
7.133023629667592E-4
7.145387312493124E-4
7.157795195582558E-4
7.170243465647482E-4
7.18272827555365E-4
7.195245745351654E-4
7.207791963329488E-4
7.220362987087241E-4
7.232954844633052E-4
7.245563535500422E-4
7.258185031885781E-4
7.270815279806658E-4
7.28345020027954E-4
7.296085690516865E-4
7.308717625143298E-4
7.321341857429802E-4
7.333954220546325E-4
7.346550528831118E-4
7.359126579077305E-4
7.371678151835683E-4
7.384201012733098E-4
7.396690913806105E-4
7.409143594849121E-4
7.421554784776709E-4
7.433920202998938E-4
7.446235560809791E-4
7.458496562787386E-4
7.470698908205981E-4
7.482838292458523E-4
7.494910408489489E-4
7.506910948237133E-4
7.518835604084431E-4
7.530680070318443E-4
7.542440044596666E-4
7.554111229420262E-4
7.565689333613243E-4
7.577170073806883E-4
7.588549175928502E-4
7.599822376694114E-4
7.610985425104169E-4
7.62203408394141E-4
7.632964131270042E-4
7.643771361936155E-4
7.654451589067657E-4
7.665000645573555E-4
7.675414385641671E-4
7.68568868623395E-4
7.695819448578673E-4
7.705802599658884E-4
7.715634093695786E-4
7.72530991362707E-4
7.734826072578546E-4
7.74417861532928E-4
7.75336361976836E-4
7.762377198343307E-4
7.771215499499287E-4
7.779874709107912E-4
7.788351051885144E-4
7.796640792797772E-4
7.804740238457003E-4
7.812645738499275E-4
7.82035368695286E-4
7.827860523589936E-4
7.835162735262921E-4
7.842256857225043E-4
7.849139474433648E-4
7.855807222836037E-4
7.862256790637088E-4
7.868484919547569E-4
7.874488406013002E-4
7.880264102421862E-4
7.885808918293135E-4
7.891119821441534E-4
7.896193839120927E-4
7.901028059144361E-4
7.905619630980597E-4
7.909965766826507E-4
7.914063742654439E-4
7.917910899234096E-4
7.921504643128816E-4
7.924842447664777E-4
7.927921853873495E-4
7.930740471406629E-4
7.933295979422548E-4
7.93558612744441E-4
7.937608736189015E-4
7.939361698366299E-4
7.940842979448667E-4
7.94205061840994E-4
7.942982728433623E-4
7.943637497589729E-4
7.944013189480311E-4
7.944108143852682E-4
7.943920777180747E-4
7.943449583213618E-4
7.942693133491273E-4
7.941650077827089E-4
7.940319144757092E-4
7.938699141955503E-4
7.936788956616388E-4
7.934587555801305E-4
7.932093986752913E-4
7.929307377173619E-4
7.92622693547056E-4
7.922851950965409E-4
7.919181794069389E-4
7.915215916423911E-4
7.910953851006249E-4
7.90639521220013E-4
7.901539695831752E-4
7.896387079170655E-4
7.890937220896168E-4
7.885190061028617E-4
7.879145620826307E-4
7.872804002647472E-4
7.86616538977814E-4
7.859230046225293E-4
7.851998316476111E-4
7.844470625223222E-4
7.836647477055796E-4
7.828529456117512E-4
7.820117225730806E-4
7.811411527988157E-4
7.802413183310595E-4
7.793123089973697E-4
7.783542223601044E-4
7.773671636626276E-4
7.763512457723394E-4
7.753065891205714E-4
7.742333216394337E-4
7.731315786956057E-4
7.720015030211472E-4
7.708432446413388E-4
7.696569607996308E-4
7.684428158797236E-4
7.672009813248416E-4
7.659316355542511E-4
7.646349638770606E-4
7.633111584033612E-4
7.619604179527833E-4
7.605829479604934E-4
7.591789603807096E-4
7.57748673587768E-4
7.56292312274847E-4
7.548101073503625E-4
7.533022958321263E-4
7.51769120739316E-4
7.502108309823187E-4
7.48627681250525E-4
7.470199318981365E-4
7.453878488280375E-4
7.437317033738484E-4
7.420517721801343E-4
7.403483370809693E-4
7.386216849767847E-4
7.368721077096914E-4
7.350999019372924E-4
7.33305369005032E-4
7.31488814817229E-4
7.296505497067897E-4
7.277908883037296E-4
7.259101494025437E-4
7.240086558285183E-4
7.220867343030613E-4
7.201447153080797E-4
7.181829329495613E-4
7.162017248203652E-4
7.142014318623164E-4
7.121823982277039E-4
7.101449711402039E-4
7.080895007553592E-4
7.060163400206499E-4
7.03925844535263E-4
7.018183724095956E-4
6.996942841245893E-4
6.975539423909691E-4
6.953977120084576E-4
6.932259597250188E-4
6.910390540962424E-4
6.88837365344905E-4
6.866212652207687E-4
6.843911268607515E-4
6.821473246494553E-4
6.798902340802045E-4
6.77620231616553E-4
6.753376945544752E-4
6.730430008851448E-4
6.707365291585047E-4
6.684186583476088E-4
6.660897677138263E-4
6.637502366729736E-4
6.614004446624234E-4
6.590407710092802E-4
6.566715947996216E-4
6.54293294748938E-4
6.519062490737709E-4
6.495108353646448E-4
6.471074304602965E-4
6.446964103233244E-4
6.422781499172383E-4
6.398530230850308E-4
6.374214024292463E-4
6.349836591936559E-4
6.325401631465647E-4
6.300912824657782E-4
6.276373836252967E-4
6.251788312837622E-4
6.227159881747328E-4
6.202492149987612E-4
6.177788703173905E-4
6.153053104490451E-4
6.128288893668798E-4
6.103499585985929E-4
6.078688671283203E-4
6.053859613005019E-4
6.02901584725874E-4
6.004160781895504E-4
5.97929779561246E-4
5.954430237076366E-4
5.929561424069258E-4
5.904694642655803E-4
5.879833146373281E-4
5.854980155443436E-4
5.83013885600743E-4
5.805312399383035E-4
5.780503901345129E-4
5.755716441428728E-4
5.730953062255521E-4
5.706216768883301E-4
5.681510528178749E-4
5.656837268213644E-4
5.632199877684263E-4
5.607601205354358E-4
5.583044059521507E-4
5.558531207506865E-4
5.534065375168431E-4
5.509649246437685E-4
5.485285462879637E-4
5.460976623276082E-4
5.436725283232384E-4
5.412533954807125E-4
5.388405106165263E-4
5.364341161253821E-4
5.340344499500911E-4
5.31641745553721E-4
5.292562318940337E-4
5.268781334001446E-4
5.245076699514405E-4
5.221450568586852E-4
5.197905048473488E-4
5.174442200431108E-4
5.151064039594847E-4
5.127772534876392E-4
5.104569608882821E-4
5.081457137856592E-4
5.058436951636068E-4
5.035510833636643E-4
5.012680520851805E-4
4.989947703874068E-4
4.967314026935769E-4
4.944781087968871E-4
4.922350438684037E-4
4.900023584668155E-4
4.877801985500579E-4
4.8556870548871836E-4
4.833680160812414E-4
4.811782625708645E-4
4.7899957266428467E-4
4.76832069551969E-4
4.746758719301495E-4
4.7253109402439357E-4
4.703978456147759E-4
4.6827623206256003E-4
4.661663543384077E-4
4.6406830905203666E-4
4.619821884833167E-4
4.599080806147518E-4
4.57846069165317E-4
4.557962336256177E-4
4.5375864929431765E-4
4.5173338731582227E-4
4.497205147191485E-4
4.4772009445797153E-4
4.4573218545178637E-4
4.4375684262817656E-4
4.4179411696610186E-4
4.3984405554022384E-4
4.3790670156619495E-4
4.3598209444686733E-4
4.340702698194179E-4
4.321712596033154E-4
4.3028509204911353E-4
4.2841179178801917E-4
4.265513798822043E-4
4.247038738758207E-4
4.228692878466928E-4
4.2104763245861675E-4
4.192389150142724E-4
4.174431395086886E-4
4.156603066832143E-4
4.138904140799812E-4
4.121334560968162E-4
4.1038942404255914E-4
4.0865830619275296E-4
4.069400878456862E-4
4.052347513787304E-4
4.0354227630495673E-4
4.018626393299848E-4
4.001958144090441E-4
3.985417728042105E-4
3.969004831417622E-4
3.952719114696757E-4
3.93656021315177E-4
3.9205277374234455E-4
3.904621274097337E-4
3.888840386279798E-4
3.8731846141736866E-4
3.857653475653263E-4
3.842246466838178E-4
3.826963062666129E-4
3.8118027174640327E-4
3.7967648655174195E-4
3.7818489216376316E-4
3.767054281726963E-4
3.752380323341005E-4
3.7378264062483727E-4
3.7233918729873144E-4
3.7090760494191955E-4
3.6948782452782893E-4
3.680797754718171E-4
3.6668338568539917E-4
3.6529858163008097E-4
3.639252883707606E-4
3.625634296286704E-4
3.6121292783387925E-4
3.59873704177284E-4
3.5854567866212063E-4
3.5722877015494716E-4
3.559228964361078E-4
3.5462797424963457E-4
3.5334391935260126E-4
3.52070646563891E-4
3.5080806981238675E-4
3.4955610218454815E-4
3.483146559713931E-4
3.4708364271483186E-4
3.4586297325338804E-4
3.4465255776726313E-4
3.4345230582275027E-4
3.4226212641598307E-4
3.410819280160112E-4
3.3991161860720163E-4
3.387511057309461E-4
3.37600296526682E-4
3.364590977722069E-4
3.3532741592329186E-4
3.3420515715259423E-4
3.3309222738782943E-4
3.3198853234924815E-4
3.30893977586388E-4
3.2980846851409065E-4
3.287319104477988E-4
3.276642086381182E-4
3.2660526830466055E-4
3.2555499466913973E-4
3.245132929877387E-4
3.234800685827601E-4
3.224552268735185E-4
3.2143867340652293E-4
3.204303138849226E-4
3.1943005419720786E-4
3.184378004452167E-4
3.1745345897138844E-4
3.1647693638530767E-4
3.1550813958953187E-4
3.145469758046981E-4
3.1359335259391926E-4
3.126471778864797E-4
3.1170836000081985E-4
3.107768076668292E-4
3.098524300474489E-4
3.089351367595744E-4
3.08024837894296E-4
3.071214440364405E-4
3.062248662834709E-4
3.053350162636999E-4
3.044518061538622E-4
3.0357514869602743E-4
3.0270495721388096E-4
3.018411456283592E-4
3.0098362847266904E-4
3.0013232090668436E-4
2.9928713873072967E-4
2.9844799839876115E-4
2.976148170309583E-4
2.967875124257159E-4
2.959660030710751E-4
2.9515020815557865E-4
2.943400475785679E-4
2.9353544195991966E-4
2.9273631264925673E-4
2.919425817346172E-4
2.911541720505943E-4
2.903710071859807E-4
2.895930114908945E-4
2.8882011008340866E-4
2.880522288557046E-4
2.8728929447974287E-4
2.8653123441247703E-4
2.8577797690060064E-4
2.8502945098484914E-4
2.842855865038779E-4
2.8354631409769276E-4
2.828115652106909E-4
2.8208127209426053E-4
2.8135536780900895E-4
2.8063378622659866E-4
2.799164620311991E-4
2.792033307205675E-4
2.7849432860678805E-4
2.7778939281664344E-4
2.7708846129165997E-4
2.7639147278780925E-4
2.7569836687491153E-4
2.750090839357079E-4
2.7432356516464857E-4
2.73641752566368E-4
2.7296358895389816E-4
2.722890179466058E-4
2.7161798396784783E-4
2.7095043224240094E-4
2.702863087936121E-4
2.696255604403467E-4
2.689681347936856E-4
2.683139802534E-4
2.676630460042337E-4
2.670152820119733E-4
2.663706390193176E-4
2.6572906854157994E-4
2.650905228621878E-4
2.644549550280392E-4
2.6382231884468306E-4
2.6319256887134503E-4
2.625656604158181E-4
2.6194154952920455E-4
3.601879680652249E-7
3.601878565369686E-7
3.601877450091723E-7
3.6018763348183606E-7
3.601875219549596E-7
3.6018741042854327E-7
3.6018729890258676E-7
3.601871873770904E-7
3.601870758520536E-7
3.60186964327477E-7
3.601868528033602E-7
3.6018674127970344E-7
3.6018662975650656E-7
3.6018651823376957E-7
3.601864067114924E-7
3.6018629518967535E-7
3.6018618366831807E-7
3.6018607214742073E-7
3.6018596062698327E-7
3.6018584910700554E-7
3.601857375874878E-7
3.6018562606843E-7
3.601855145498319E-7
3.6018540303169354E-7
3.601852915140154E-7
3.601851799967969E-7
3.601850684800383E-7
3.601849569637395E-7
3.6018484544790037E-7
3.6018473393252123E-7
3.6018462241760193E-7
3.601845109031425E-7
3.6018439938914267E-7
3.6018428787560276E-7
3.6018417636252263E-7
3.6018406484990223E-7
3.6018395333774166E-7
3.601838418260408E-7
3.6018373031479987E-7
3.601836188040187E-7
3.601835072936971E-7
3.6018339578383547E-7
3.6018328427443326E-7
3.6018317276549116E-7
3.6018306125700846E-7
3.6018294974898607E-7
3.601828382414226E-7
3.601827267343193E-7
3.601826152276759E-7
3.601825037214921E-7
3.601823922157678E-7
3.6018228071050304E-7
3.6018216920569874E-7
3.60182057701353E-7
3.6018194619746774E-7
3.6018183469404214E-7
3.601817231910763E-7
3.601816116885696E-7
3.6018150018652277E-7
3.6018138868493603E-7
3.601812771838084E-7
3.6018116568314047E-7
3.6018105418293254E-7
3.6018094268318386E-7
3.6018083118389523E-7
3.6018071968506574E-7
3.601806081866962E-7
3.601804966887862E-7
3.601803851913357E-7
3.6018027369434496E-7
3.6018016219781374E-7
3.6018005070174214E-7
3.6017993920612984E-7
3.601798277109775E-7
3.601797162162846E-7
3.601796047220512E-7
3.6017949322827755E-7
3.601793817349632E-7
3.6017927024210847E-7
3.6017915874971336E-7
3.6017904725777777E-7
3.6017893576630175E-7
3.601788242752854E-7
3.6017871278472814E-7
3.601786012946308E-7
3.6017848980499265E-7
3.601783783158143E-7
3.6017826682709543E-7
3.60178155338836E-7
3.601780438510357E-7
3.601779323636956E-7
3.6017782087681454E-7
3.601777093903929E-7
3.601775979044311E-7
3.6017748641892833E-7
3.6017737493388537E-7
3.6017726344930144E-7
3.601771519651771E-7
3.6017704048151266E-7
3.6017692899830717E-7
3.601768175155612E-7
3.6017670603327484E-7
3.6017659455144774E-7
3.6017648307008005E-7
3.601763715891716E-7
3.601762601087231E-7
3.6017614862873317E-7
3.601760371492034E-7
3.601759256701327E-7
3.6017581419152166E-7
3.601757027133693E-7
3.601755912356771E-7
3.6017547975844394E-7
3.601753682816696E-7
3.601752568053555E-7
3.6017514532950027E-7
3.601750338541047E-7
3.601749223791681E-7
3.60174810904691E-7
3.601746994306733E-7
3.601745879571147E-7
3.601744764840152E-7
3.601743650113757E-7
3.6017425353919507E-7
3.6017414206747387E-7
3.601740305962122E-7
3.601739191254095E-7
3.601738076550657E-7
3.601736961851817E-7
3.6017358471575714E-7
3.601734732467916E-7
3.6017336177828515E-7
3.601732503102381E-7
3.6017313884265016E-7
3.6017302737552173E-7
3.601729159088521E-7
3.6017280444264225E-7
3.6017269297689146E-7
3.6017258151159977E-7
3.601724700467673E-7
3.6017235858239424E-7
3.6017224711848014E-7
3.6017213565502534E-7
3.6017202419202974E-7
3.601719127294934E-7
3.6017180126741603E-7
3.6017168980579786E-7
3.601715783446389E-7
3.601714668839394E-7
3.601713554236989E-7
3.6017124396391734E-7
3.6017113250459564E-7
3.6017102104573197E-7
3.6017090958732803E-7
3.6017079812938313E-7
3.601706866718974E-7
3.601705752148709E-7
3.601704637583036E-7
3.601703523021956E-7
3.601702408465459E-7
3.60170129391356E-7
3.60170017936625E-7
3.60169906482353E-7
3.6016979502853974E-7
3.601696835751862E-7
3.601695721222917E-7
3.601694606698555E-7
3.601693492178791E-7
3.6016923776636165E-7
3.60169126315303E-7
3.6016901486470364E-7
3.601689034145633E-7
3.60168791964882E-7
3.601686805156594E-7
3.601685690668964E-7
3.6016845761859186E-7
3.6016834617074655E-7
3.6016823472336045E-7
3.6016812327643296E-7
3.6016801182996445E-7
3.601679003839555E-7
3.601677889384049E-7
3.6016767749331375E-7
3.6016756604868156E-7
3.601674546045077E-7
3.6016734316079367E-7
3.6016723171753833E-7
3.6016712027474145E-7
3.6016700883240403E-7
3.6016689739052575E-7
3.601667859491059E-7
3.6016667450814495E-7
3.60166563067643E-7
3.601664516276002E-7
3.6016634018801637E-7
3.601662287488911E-7
3.6016611731022515E-7
3.6016600587201766E-7
3.6016589443426946E-7
3.6016578299697993E-7
3.601656715601489E-7
3.601655601237776E-7
3.6016544868786474E-7
3.601653372524102E-7
3.601652258174152E-7
3.6016511438287894E-7
3.601650029488015E-7
3.6016489151518293E-7
3.601647800820231E-7
3.601646686493225E-7
3.6016455721707986E-7
3.601644457852964E-7
3.6016433435397217E-7
3.601642229231065E-7
3.6016411149269964E-7
3.601640000627519E-7
3.601638886332623E-7
3.6016377720423177E-7
3.601636657756604E-7
3.601635543475471E-7
3.6016344291989277E-7
3.6016333149269744E-7
3.6016322006596073E-7
3.601631086396831E-7
3.601629972138638E-7
3.601628857885036E-7
3.6016277436360215E-7
3.601626629391589E-7
3.601625515151747E-7
3.601624400916492E-7
3.601623286685827E-7
3.6016221724597425E-7
3.601621058238249E-7
3.6016199440213424E-7
3.601618829809028E-7
3.6016177156012927E-7
3.601616601398147E-7
3.6016154871995865E-7
3.6016143730056127E-7
3.60161325881623E-7
3.601612144631431E-7
3.601611030451218E-7
3.6016099162755926E-7
3.6016088021045516E-7
3.601607687938099E-7
3.601606573776233E-7
3.6016054596189557E-7
3.601604345466256E-7
3.6016032313181466E-7
3.601602117174627E-7
3.6016010030356905E-7
3.6015998889013425E-7
3.601598774771577E-7
3.6015976606463996E-7
3.601596546525805E-7
3.6015954324098003E-7
3.601594318298378E-7
3.6015932041915445E-7
3.6015920900892943E-7
3.60159097599163E-7
3.6015898618985523E-7
3.6015887478100616E-7
3.6015876337261506E-7
3.601586519646829E-7
3.601585405572092E-7
3.60158429150194E-7
3.601583177436374E-7
3.6015820633753905E-7
3.6015809493189976E-7
3.6015798352671844E-7
3.601578721219957E-7
3.601577607177319E-7
3.60157649313926E-7
3.6015753791057866E-7
3.6015742650769005E-7
3.6015731510525985E-7
3.601572037032879E-7
3.6015709230177476E-7
3.601569809007202E-7
3.601568695001234E-7
3.601567580999856E-7
3.601566467003061E-7
3.6015653530108484E-7
3.601564239023223E-7
3.601563125040177E-7
3.601562011061722E-7
3.6015608970878443E-7
3.6015597831185576E-7
3.6015586691538496E-7
3.6015575551937273E-7
3.601556441238189E-7
3.6015553272872347E-7
3.6015542133408634E-7
3.6015530993990793E-7
3.601551985461872E-7
3.60155087152925E-7
3.601549757601215E-7
3.6015486436777606E-7
3.6015475297588904E-7
3.601546415844607E-7
3.601545301934903E-7
3.6015441880297844E-7
3.6015430741292476E-7
3.601541960233295E-7
3.601540846341923E-7
3.601539732455135E-7
3.601538618572932E-7
3.6015375046953096E-7
3.601536390822271E-7
3.601535276953817E-7
3.6015341630899445E-7
3.601533049230651E-7
3.6015319353759434E-7
3.6015308215258204E-7
3.601529707680276E-7
3.601528593839322E-7
3.601527480002939E-7
3.601526366171143E-7
3.601525252343932E-7
3.6015241385213026E-7
3.601523024703254E-7
3.6015219108897855E-7
3.601520797080899E-7
3.601519683276601E-7
3.60151856947688E-7
3.601517455681742E-7
3.6015163418911853E-7
3.601515228105212E-7
3.6015141143238183E-7
3.601513000547007E-7
3.6015118867747815E-7
3.6015107730071305E-7
3.6015096592440667E-7
3.601508545485582E-7
3.601507431731679E-7
3.601506317982357E-7
3.601505204237615E-7
3.6015040904974556E-7
3.601502976761882E-7
3.601501863030882E-7
3.601500749304466E-7
3.60149963558263E-7
3.601498521865377E-7
3.6014974081527044E-7
3.601496294444614E-7
3.6014951807411036E-7
3.6014940670421755E-7
3.6014929533478246E-7
3.6014918396580534E-7
3.6014907259728674E-7
3.6014896122922606E-7
3.601488498616235E-7
3.6014873849447886E-7
3.6014862712779234E-7
3.601485157615633E-7
3.6014840439579297E-7
3.6014829303048044E-7
3.601481816656258E-7
3.6014807030122947E-7
3.6014795893729104E-7
3.601478475738103E-7
3.601477362107881E-7
3.601476248482234E-7
3.601475134861168E-7
3.601474021244684E-7
3.6014729076327803E-7
3.6014717940254546E-7
3.601470680422708E-7
3.601469566824539E-7
3.601468453230955E-7
3.601467339641945E-7
3.601466226057517E-7
3.60146511247767E-7
3.6014639989023996E-7
3.6014628853317123E-7
3.601461771765596E-7
3.601460658204066E-7
3.6014595446471133E-7
3.6014584310947415E-7
3.601457317546947E-7
3.601456204003734E-7
3.6014550904650917E-7
3.601453976931036E-7
3.6014528634015536E-7
3.601451749876656E-7
3.601450636356333E-7
3.6014495228405876E-7
3.601448409329425E-7
3.6014472958228385E-7
3.601446182320834E-7
3.6014450688233975E-7
3.6014439553305494E-7
3.601442841842276E-7
3.6014417283585835E-7
3.601440614879465E-7
3.6014395014049246E-7
3.6014383879349686E-7
3.601437274469583E-7
3.60143616100878E-7
3.60143504755255E-7
3.6014339341009023E-7
3.6014328206538315E-7
3.601431707211338E-7
3.6014305937734214E-7
3.6014294803400816E-7
3.601428366911325E-7
3.60142725348714E-7
3.6014261400675345E-7
3.6014250266525054E-7
3.6014239132420555E-7
3.601422799836182E-7
3.6014216864348873E-7
3.601420573038163E-7
3.6014194596460245E-7
3.6014183462584583E-7
3.6014172328754693E-7
3.601416119497059E-7
3.601415006123225E-7
3.6014138927539694E-7
3.601412779389283E-7
3.601411666029185E-7
3.6014105526736564E-7
3.601409439322705E-7
3.601408325976328E-7
3.6014072126345315E-7
3.601406099297312E-7
3.6014049859646673E-7
3.601403872636598E-7
3.6014027593131054E-7
3.6014016459941907E-7
3.601400532679851E-7
3.601399419370088E-7
3.6013983060648984E-7
3.6013971927642855E-7
3.601396079468254E-7
3.6013949661767916E-7
3.60139385288991E-7
3.601392739607603E-7
3.601391626329868E-7
3.601390513056713E-7
3.601389399788131E-7
3.6013882865241265E-7
3.6013871732646947E-7
3.601386060009843E-7
3.601384946759564E-7
3.6013838335138617E-7
3.6013827202727285E-7
3.601381607036177E-7
3.601380493804202E-7
3.6013793805767943E-7
3.601378267353969E-7
3.601377154135718E-7
3.601376040922039E-7
3.601374927712935E-7
3.6013738145084104E-7
3.601372701308454E-7
3.6013715881130765E-7
3.6013704749222723E-7
3.6013693617360443E-7
3.601368248554389E-7
3.6013671353773075E-7
3.601366022204804E-7
3.601364909036873E-7
3.6013637958735143E-7
3.6013626827147317E-7
3.6013615695605247E-7
3.6013604564108906E-7
3.60135934326583E-7
3.601358230125347E-7
3.601357116989436E-7
3.601356003858094E-7
3.601354890731335E-7
3.6013537776091416E-7
3.6013526644915275E-7
3.6013515513784857E-7
3.6013504382700164E-7
3.601349325166123E-7
3.6013482120668017E-7
3.6013470989720506E-7
3.6013459858818803E-7
3.601344872796278E-7
3.601343759715251E-7
3.601342646638797E-7
3.6013415335669173E-7
3.601340420499607E-7
3.601339307436875E-7
3.601338194378713E-7
3.601337081325126E-7
3.6013359682761075E-7
3.6013348552316664E-7
3.601333742191794E-7
3.601332629156501E-7
3.6013315161257754E-7
3.601330403099627E-7
3.6013292900780453E-7
3.60132817706104E-7
3.6013270640486084E-7
3.6013259510407454E-7
3.60132483803746E-7
3.6013237250387424E-7
3.601322612044603E-7
3.601321499055026E-7
3.601320386070029E-7
3.601319273089603E-7
3.6013181601137497E-7
3.6013170471424663E-7
3.6013159341757516E-7
3.6013148212136136E-7
3.601313708256048E-7
3.601312595303053E-7
3.60131148235463E-7
3.601310369410778E-7
3.601309256471498E-7
3.6013081435367895E-7
3.6013070306066544E-7
3.601305917681091E-7
3.6013048047600925E-7
3.6013036918436725E-7
3.60130257893182E-7
3.601301466024541E-7
3.6013003531218337E-7
3.601299240223696E-7
3.601298127330132E-7
3.6012970144411336E-7
3.6012959015567124E-7
3.601294788676858E-7
3.601293675801575E-7
3.601292562930864E-7
3.6012914500647234E-7
3.601290337203155E-7
3.6012892243461556E-7
3.601288111493728E-7
3.6012869986458704E-7
3.601285885802582E-7
3.6012847729638627E-7
3.601283660129719E-7
3.601282547300145E-7
3.601281434475137E-7
3.6012803216547015E-7
3.601279208838836E-7
3.6012780960275397E-7
3.6012769832208163E-7
3.6012758704186594E-7
3.601274757621076E-7
3.6012736448280624E-7
3.601272532039614E-7
3.60127141925574E-7
3.601270306476435E-7
3.601269193701697E-7
3.601268080931533E-7
3.6012669681659383E-7
3.601265855404906E-7
3.6012647426484513E-7
3.601263629896564E-7
3.6012625171492433E-7
3.601261404406496E-7
3.6012602916683164E-7
3.601259178934706E-7
3.601258066205661E-7
3.601256953481193E-7
3.601255840761287E-7
3.6012547280459524E-7
3.601253615335185E-7
3.601252502628989E-7
3.6012513899273614E-7
3.601250277230302E-7
3.60124916453781E-7
3.601248051849888E-7
3.6012469391665355E-7
3.601245826487751E-7
3.6012447138135333E-7
3.6012436011438863E-7
3.6012424884788075E-7
3.601241375818296E-7
3.6012402631623527E-7
3.6012391505109794E-7
3.6012380378641737E-7
3.6012369252219324E-7
3.601235812584264E-7
3.6012346999511586E-7
3.6012335873226266E-7
3.6012324746986596E-7
3.6012313620792633E-7
3.601230249464433E-7
3.6012291368541684E-7
3.6012280242484735E-7
3.6012269116473467E-7
3.6012257990507875E-7
3.6012246864587896E-7
3.6012235738713694E-7
3.6012224612885104E-7
3.6012213487102196E-7
3.601220236136496E-7
3.601219123567343E-7
3.601218011002753E-7
3.601216898442733E-7
3.6012157858872753E-7
3.601214673336389E-7
3.6012135607900697E-7
3.6012124482483156E-7
3.601211335711129E-7
3.601210223178509E-7
3.601209110650457E-7
3.601207998126972E-7
3.6012068856080493E-7
3.601205773093698E-7
3.60120466058391E-7
3.6012035480786904E-7
3.601202435578037E-7
3.6012013230819503E-7
3.6012002105904237E-7
3.601199098103474E-7
3.601197985621083E-7
3.601196873143261E-7
3.6011957606700033E-7
3.601194648201312E-7
3.6011935357371877E-7
3.60119242327763E-7
3.601191310822639E-7
3.6011901983722114E-7
3.60118908592635E-7
3.6011879734850567E-7
3.6011868610483216E-7
3.6011857486161625E-7
3.601184636188557E-7
3.6011835237655297E-7
3.601182411347061E-7
3.601181298933159E-7
3.60118018652382E-7
3.6011790741190503E-7
3.6011779617188434E-7
3.601176849323202E-7
3.601175736932125E-7
3.601174624545614E-7
3.601173512163668E-7
3.601172399786288E-7
3.6011712874134693E-7
3.601170175045219E-7
3.601169062681533E-7
3.60116795032241E-7
3.6011668379678543E-7
3.60116572561786E-7
3.6011646132724297E-7
3.6011635009315654E-7
3.6011623885952667E-7
3.6011612762635323E-7
3.6011601639363604E-7
3.6011590516137565E-7
3.601157939295714E-7
3.6011568269822353E-7
3.601155714673321E-7
3.6011546023689724E-7
3.6011534900691866E-7
3.601152377773964E-7
3.6011512654833083E-7
3.601150153197211E-7
3.601149040915681E-7
3.6011479286387157E-7
3.601146816366314E-7
3.601145704098474E-7
3.6011445918351984E-7
3.601143479576486E-7
3.6011423673223365E-7
3.6011412550727516E-7
3.6011401428277297E-7
3.601139030587271E-7
3.601137918351374E-7
3.60113680612004E-7
3.6011356938932735E-7
3.601134581671067E-7
3.601133469453424E-7
3.601132357240344E-7
3.6011312450318274E-7
3.601130132827873E-7
3.601129020628481E-7
3.601127908433652E-7
3.6011267962433876E-7
3.6011256840576823E-7
3.6011245718765446E-7
3.601123459699966E-7
3.601122347527948E-7
3.601121235360493E-7
3.6011201231976024E-7
3.601119011039275E-7
3.6011178988855105E-7
3.601116786736304E-7
3.6011156745916606E-7
3.6011145624515823E-7
3.6011134503160626E-7
3.6011123381851085E-7
3.601111226058712E-7
3.6011101139368813E-7
3.601109001819612E-7
3.601107889706901E-7
3.601106777598757E-7
3.6011056654951707E-7
3.601104553396147E-7
3.6011034413016847E-7
3.601102329211785E-7
3.601101217126445E-7
3.6011001050456667E-7
3.601098992969451E-7
3.6010978808977934E-7
3.601096768830701E-7
3.6010956567681683E-7
3.6010945447101934E-7
3.601093432656784E-7
3.6010923206079344E-7
3.601091208563645E-7
3.6010900965239173E-7
3.601088984488753E-7
3.6010878724581437E-7
3.601086760432098E-7
3.6010856484106125E-7
3.601084536393689E-7
3.6010834243813254E-7
3.6010823123735203E-7
3.6010812003702796E-7
3.6010800883715976E-7
3.601078976377475E-7
3.6010778643879137E-7
3.60107675240291E-7
3.601075640422469E-7
3.601074528446589E-7
3.6010734164752683E-7
3.6010723045085014E-7
3.6010711925463043E-7
3.601070080588662E-7
3.601068968635581E-7
3.6010678566870583E-7
3.6010667447430993E-7
3.6010656328036974E-7
3.601064520868851E-7
3.6010634089385727E-7
3.6010622970128435E-7
3.601061185091684E-7
3.6010600731750785E-7
3.60105896126303E-7
3.601057849355547E-7
3.601056737452619E-7
3.6010556255542524E-7
3.6010545136604405E-7
3.601053401771194E-7
3.601052289886503E-7
3.6010511780063733E-7
3.601050066130797E-7
3.601048954259785E-7
3.601047842393331E-7
3.6010467305314355E-7
3.601045618674095E-7
3.6010445068213183E-7
3.6010433949731006E-7
3.601042283129435E-7
3.601041171290332E-7
3.601040059455788E-7
3.601038947625803E-7
3.6010378358003727E-7
3.601036723979503E-7
3.6010356121631914E-7
3.601034500351437E-7
3.6010333885442436E-7
3.601032276741601E-7
3.6010311649435265E-7
3.601030053150005E-7
3.60102894136104E-7
3.6010278295766353E-7
3.601026717796785E-7
3.601025606021494E-7
3.601024494250766E-7
3.6010233824845844E-7
3.601022270722972E-7
3.6010211589659104E-7
3.6010200472134074E-7
3.601018935465464E-7
3.6010178237220746E-7
3.6010167119832464E-7
3.601015600248967E-7
3.601014488519256E-7
3.6010133767940945E-7
3.6010122650734934E-7
3.6010111533574493E-7
3.6010100416459586E-7
3.60100892993903E-7
3.601007818236651E-7
3.601006706538836E-7
3.6010055948455755E-7
3.6010044831568705E-7
3.601003371472722E-7
3.6010022597931326E-7
3.6010011481180966E-7
3.6010000364476197E-7
3.600998924781698E-7
3.600997813120331E-7
3.600996701463522E-7
3.6009955898112693E-7
3.600994478163575E-7
3.600993366520429E-7
3.6009922548818474E-7
3.60099114324782E-7
7.201977839995972E-7
1.8824751783788625E-6
3.7591168772189193E-6
5.6299615707973354E-6
7.495044818950793E-6
9.354401286577073E-6
1.1208064762990057E-5
1.3056068181124504E-5
1.4898443636585931E-5
1.673522240654258E-5
1.8566434968455258E-5
2.0392111018642834E-5
2.221227949068027E-5
2.402696857362664E-5
2.5836205730079885E-5
2.764001771405898E-5
2.9438430588709055E-5
3.123146974382941E-5
3.301915991322365E-5
3.480152519186878E-5
3.657858905290674E-5
3.8350374364452426E-5
4.011690340622384E-5
4.1878197885989395E-5
4.3634278955835945E-5
4.5385167228256186E-5
4.713088279205758E-5
4.887144522809186E-5
5.0606873624806946E-5
5.233718659362445E-5
5.406240228414094E-5
5.5782538399156925E-5
5.749761220953419E-5
5.9207640568884005E-5
6.0912639928089186E-5
6.261262634965896E-5
6.430761552192493E-5
6.59976227730742E-5
6.768266308502766E-5
6.93627511071623E-5
7.103790116988522E-5
7.270812729805476E-5
7.437344322426372E-5
7.603386240197477E-5
7.768939801852243E-5
7.93400630079778E-5
8.098587006388654E-5
8.262683165187411E-5
8.426296002213515E-5
8.58942672217976E-5
8.752076510717632E-5
8.914246535591322E-5
9.075937947901214E-5
9.237151883277193E-5
9.397889463061946E-5
9.558151795484951E-5
9.717939976827663E-5
9.877255092580305E-5
1.0036098218590105E-4
1.0194470422202629E-4
1.0352372763395605E-4
1.0509806295906146E-4
1.0666772068351939E-4
1.0823271125346437E-4
1.0979304508609039E-4
1.1134873258070341E-4
1.1289978412973257E-4
1.1444621012970023E-4
1.1598802099216069E-4
1.1752522715460799E-4
1.190578390913613E-4
1.2058586732442904E-4
1.2210932243435942E-4
1.2362821507107833E-4
1.25142555964724E-4
1.266523559364804E-4
1.2815762590941252E-4
1.2965837691930902E-4
1.3115462012554366E-4
1.3264636682194282E-4
1.341336284476829E-4
1.3561641659821455E-4
1.3709474303620804E-4
1.3856861970254117E-4
1.4003805872732112E-4
1.4150307244095467E-4
1.4296367338525348E-4
1.444198743246058E-4
1.4587168825718724E-4
1.4731912842624135E-4
1.4876220833141463E-4
1.5020094174016447E-4
1.5163534269922678E-4
1.5306542554616493E-4
1.544912049209928E-4
1.559126957778736E-4
1.5732991339690458E-4
1.5874287339598454E-4
1.6015159174277577E-4
1.6155608476674582E-4
1.62956369171316E-4
1.6435246204609747E-4
1.657443808792302E-4
1.6713214356982032E-4
1.6851576844048542E-4
1.6989527424999678E-4
1.7127068020604173E-4
1.7264200597807915E-4
1.7400927171031831E-4
1.7537249803480171E-4
1.7673170608460803E-4
1.780869175071585E-4
1.7943815447765032E-4
1.8078543971259529E-4
1.8212879648348622E-4
1.8346824863056522E-4
1.8480382057672269E-4
1.8613553734150363E-4
1.8746342455523628E-4
1.887875084732754E-4
1.9010781599035814E-4
1.914243746550779E-4
1.927372126844727E-4
1.9404635897872282E-4
1.9535184313596357E-4
1.966536954672032E-4
1.9795194701135101E-4
1.9924662955035055E-4
2.0053777562441675E-4
2.018254185473737E-4
2.031095924220852E-4
2.0439033215599028E-4
2.0566767347671874E-4
2.0694165294780402E-4
2.082123079844735E-4
2.0947967686952198E-4
2.1074379876926476E-4
2.1200471374955204E-4
2.1326246279186015E-4
2.145170878094379E-4
2.1576863166351124E-4
2.1701713817953825E-4
2.1826265216350779E-4
2.195052194182775E-4
2.2074488675994465E-4
2.2198170203424235E-4
2.2321571413294792E-4
2.2444697301031392E-4
2.256755296994913E-4
2.2690143632895393E-4
2.281247461389112E-4
2.2934551349769838E-4
2.3056379391813496E-4
2.3177964407385018E-4
2.329931218155518E-4
2.3420428618725077E-4
2.354131974424039E-4
2.3661991705998799E-4
2.3782450776048644E-4
2.3902703352177325E-4
2.4022755959488617E-4
2.4142615251968892E-4
2.4262288014038823E-4
2.438178116209121E-4
2.450110174601355E-4
2.4620256950692865E-4
2.4739254097503254E-4
2.4858100645773143E-4
2.497680419423238E-4
2.50953724824366E-4
2.521381339216889E-4
2.5332134948815904E-4
2.5450345322717205E-4
2.5568452830486974E-4
2.5686465936308446E-4
2.5804393253193737E-4
2.592224354421463E-4
2.6040025723697097E-4
2.615774885838198E-4
2.627542216854784E-4
2.63930550290949E-4
2.651065697058916E-4
2.662823768026406E-4
2.6745807002977683E-4
2.686337494212672E-4
2.698095166051022E-4
2.7098547481146874E-4
2.721617288804081E-4
2.733383852689458E-4
2.745155520576788E-4
2.7569333895681084E-4
2.7687185731159914E-4
2.7805122010720966E-4
2.7923154197294993E-4
2.804129391858816E-4
2.8159552967376323E-4
2.827794330173365E-4
2.839647704519116E-4
2.851516648682528E-4
2.863402408127261E-4
2.8753062448671194E-4
2.887229437452442E-4
2.899173280948663E-4
2.911139086906946E-4
2.9231281833263763E-4
2.935141914607982E-4
2.947181641500076E-4
2.9592487410347545E-4
2.9713446064555583E-4
2.983470647135866E-4
2.995628288488026E-4
3.0078189718629755E-4
3.0200441544402074E-4
3.0323053091077615E-4
3.0446039243322274E-4
3.0569415040186524E-4
3.069319567359849E-4
3.08173964867522E-4
3.0942032972389985E-4
3.1067120770974404E-4
3.1192675668749903E-4
3.1318713595693764E-4
3.144525062335109E-4
3.157230296255772E-4
3.1699886961043935E-4
3.1828019100922075E-4
3.195671599605396E-4
3.208599438929749E-4
3.2215871149632883E-4
3.234636326916311E-4
3.247748785999213E-4
3.2609262150977067E-4
3.2741703484353906E-4
3.287482931223541E-4
3.300865719297979E-4
3.314320478743129E-4
3.327848985503034E-4
3.341453024979096E-4
3.355134391614906E-4
3.3688948884675305E-4
3.38273632676579E-4
3.3966605254549814E-4
3.410669310728349E-4
3.424764515545009E-4
3.438947979134497E-4
3.453221546487838E-4
3.467587067835124E-4
3.482046398109572E-4
3.4966013963982337E-4
3.5112539253790933E-4
3.5260058507447233E-4
3.540859040612779E-4
3.555815364922741E-4
3.570876694819723E-4
3.586044902024793E-4
3.6013218581921374E-4
3.6167094342532774E-4
3.6322094997481434E-4
3.647823922143223E-4
3.663554566137007E-4
3.6794032929527717E-4
3.695371959618752E-4
3.711462418235836E-4
3.7276765152332566E-4
3.744016090612047E-4
3.76048297717649E-4
3.777078999754097E-4
3.7938059744038825E-4
3.8106657076133696E-4
3.827659995484536E-4
3.844790622908869E-4
3.8620593627318206E-4
3.879467974906841E-4
3.897018205639397E-4
3.914711786521105E-4
3.932550433654335E-4
3.950535846767627E-4
3.968669708322097E-4
3.9869536826092866E-4
4.005389414840773E-4
4.0239785302297623E-4
4.0427226330652416E-4
4.0616233057787985E-4
4.080682108004694E-4
4.09990057563345E-4
4.1192802198594946E-4
4.138822526223067E-4
4.158528953647021E-4
4.1784009334687347E-4
4.1984398684679323E-4
4.218647131890355E-4
4.239024066468183E-4
4.2595719834375285E-4
4.2802921615534446E-4
4.301185846102977E-4
4.3222542479167525E-4
4.343498542379792E-4
4.3649198684415794E-4
4.3865193276265463E-4
4.408297983045131E-4
4.430256858405988E-4
4.452396937029984E-4
4.4747191608665403E-4
4.497224429512853E-4
4.5199135992365853E-4
4.54278748200263E-4
4.5658468445045324E-4
4.5890924072011503E-4
4.612524843359169E-4
4.636144778102111E-4
4.659952787466425E-4
4.683949397465233E-4
4.7081350831605016E-4
4.7325102677440593E-4
4.757075321628326E-4
4.781830561547219E-4
4.8067762496678876E-4
4.831912592714061E-4
4.8572397411014907E-4
4.882757788086199E-4
4.908466768926275E-4
4.934366660057529E-4
4.960457378284325E-4
4.986738779985419E-4
5.013210660335864E-4
5.039872752546127E-4
5.06672472711772E-4
5.093766191117683E-4
5.12099668747087E-4
5.148415694272455E-4
5.176022624119347E-4
5.203816823462759E-4
5.231797571981849E-4
5.259964081979136E-4
5.288315497798102E-4
5.316850895264072E-4
5.345569281148575E-4
5.37446959265811E-4
5.40355069694737E-4
5.432811390658111E-4
5.462250399483931E-4
5.491866377761543E-4
5.521657908089126E-4
5.551623500972175E-4
5.581761594497817E-4
5.61207055403744E-4
5.642548671978664E-4
5.673194167486997E-4
5.704005186297635E-4
5.734979800537951E-4
5.766116008580935E-4
5.797411734930294E-4
5.828864830137388E-4
5.860473070750758E-4
5.892234159298216E-4
5.924145724302179E-4
5.956205320328508E-4
5.98841042806926E-4
6.020758454459542E-4
6.053246732829019E-4
6.085872523088122E-4
6.11863301194931E-4
6.151525313183798E-4
6.18454646791388E-4
6.217693444940813E-4
6.250963141108838E-4
6.284352381705497E-4
6.317857920898094E-4
6.351476442206607E-4
6.385204559013337E-4
6.419038815109038E-4
6.452975685275892E-4
6.48701157590715E-4
6.521142825663779E-4
6.555365706167656E-4
6.58967642273166E-4
6.624071115126555E-4
6.658545858384444E-4
6.693096663638715E-4
6.727719479000794E-4
6.762410190472618E-4
6.79716462289596E-4
6.831978540936999E-4
6.866847650107194E-4
6.90176759781942E-4
6.936733974479347E-4
6.971742314611825E-4
7.006788098021811E-4
7.04186675098988E-4
7.076973647501307E-4
7.112104110509041E-4
7.147253413229687E-4
7.182416780472232E-4
7.217589389999028E-4
7.252766373918673E-4
7.287942820109895E-4
7.32311377367685E-4
7.358274238433607E-4
7.393419178419379E-4
7.428543519441926E-4
7.4636421506499E-4
7.49870992613268E-4
7.533741666547657E-4
7.568732160773566E-4
7.603676167589723E-4
7.638568417380462E-4
7.673403613863364E-4
7.708176435841527E-4
7.742881538978078E-4
7.777513557592798E-4
7.812067106479846E-4
7.846536782745505E-4
7.880917167665436E-4
7.915202828560638E-4
7.949388320690417E-4
7.98346818916255E-4
8.017436970858905E-4
8.051289196376077E-4
8.085019391979685E-4
8.118622081571545E-4
8.152091788668872E-4
8.185423038394257E-4
8.218610359475417E-4
8.251648286254121E-4
8.284531360702413E-4
8.317254134446242E-4
8.349811170794261E-4
8.38219704677158E-4
8.414406355157015E-4
8.446433706522909E-4
8.478273731276185E-4
8.509921081700064E-4
8.54137043399474E-4
8.572616490316274E-4
8.603653980812644E-4
8.634477665655602E-4
8.665082337067284E-4
8.695462821340841E-4
8.725613980853349E-4
8.755530716070358E-4
8.785207967540906E-4
8.814640717881626E-4
8.843823993749268E-4
8.872752867800093E-4
8.901422460635435E-4
8.929827942731964E-4
8.957964536356024E-4
8.985827517460374E-4
9.013412217562901E-4
9.040714025605747E-4
9.06772838979409E-4
9.094450819413282E-4
9.120876886623739E-4
9.14700222823196E-4
9.172822547437133E-4
9.198333615552346E-4
9.223531273698889E-4
9.248411434473488E-4
9.272970083586655E-4
9.297203281472016E-4
9.321107164865005E-4
9.344677948350601E-4
9.367911925878711E-4
9.390805472246891E-4
9.41335504454875E-4
9.435557183588329E-4
9.45740851525847E-4
9.478905751883121E-4
9.500045693522828E-4
9.520825229242092E-4
9.541241338338467E-4
9.561291091532528E-4
9.580971652117838E-4
9.600280277070349E-4
9.619214318116908E-4
9.637771222761809E-4
9.655948535271066E-4
9.673743897614047E-4
9.691155050361331E-4
9.708179833539017E-4
9.724816187438486E-4
9.741062153381614E-4
9.75691587444044E-4
9.772375596111432E-4
9.787439666943836E-4
9.802106539121905E-4
9.816374768999894E-4
9.830243017591163E-4
9.84371005100939E-4
9.856774740862825E-4
9.86943606460122E-4
9.881693105814723E-4
9.893545054485311E-4
9.904991207190334E-4
9.916030967257942E-4
9.92666384487502E-4
9.93688945714643E-4
9.94670752810718E-4
9.956117888686026E-4
9.965120476621695E-4
9.973715336331324E-4
9.981902618731392E-4
9.989682581011048E-4
9.997055586358687E-4
0.0010004022103641368
0.001001058270703769
0.0010016738075624072
0.0010022488992915413
0.001002783634635928
0.001003278112678578
0.0010037324427811533
0.0010041467445199889
0.0010045211476176457
0.0010048557918701528
0.0010051508270699137
0.001005406412924365
0.0010056227189704538
0.0010057999244849369
0.0010059382183906331
0.0010060377991586425
0.001006098874706621
0.001006121662293143
0.0010061063884082818
0.0010060532886604012
0.0010059626076593456
0.0010058345988959605
0.0010056695246181393
0.0010054676557033884
0.0010052292715280915
0.0010049546598334604
0.0010046441165882812
0.0010042979458486005
0.001003916459614375
0.0010034999776831661
0.0010030488275010404
0.001002563344010706
0.001002043869497006
0.0010014907534298214
0.0010009043523045767
0.0010002850294803245
9.996331550155679E-4
9.989491055019924E-4
9.982332638959952E-4
9.97486019348358E-4
9.967077670320187E-4
9.958989079680697E-4
9.950598488500718E-4
9.941910018668669E-4
9.932927845238966E-4
9.923656194631408E-4
9.914099342818443E-4
9.904261613500863E-4
9.894147376273042E-4
9.883761044779E-4
9.873107074859252E-4
9.862189962691564E-4
9.851014242924514E-4
9.839584486806276E-4
9.827905300308598E-4
9.815981322248532E-4
9.80381722240661E-4
9.79141769964563E-4
9.778787480027354E-4
9.765931314931358E-4
9.752853979175305E-4
9.739560269137967E-4
9.726055000886111E-4
9.712343008305974E-4
9.698429141240825E-4
9.684318263634744E-4
9.67001525168418E-4
9.655524991998225E-4
9.640852379767806E-4
9.626002316945806E-4
9.610979710437784E-4
9.595789470305336E-4
9.580436507981946E-4
9.564925734502896E-4
9.549262058749553E-4
9.533450385709258E-4
9.517495614751334E-4
9.501402637919991E-4
9.485176338245221E-4
9.468821588071746E-4
9.452343247407813E-4
9.435746162293216E-4
9.419035163188247E-4
9.402215063384113E-4
9.385290657434912E-4
9.36826671961231E-4
9.351148002383573E-4
9.333939234912899E-4
9.316645121587599E-4
9.299270340568658E-4
9.28181954236727E-4
9.264297348446532E-4
9.246708349850472E-4
9.229057105859153E-4
9.211348142671418E-4
9.193585952115418E-4
9.175774990387256E-4
9.157919676818161E-4
9.140024392670418E-4
9.122093479962721E-4
9.104131240324988E-4
9.086141933882997E-4
9.068129778173288E-4
9.050098947088068E-4
9.032053569851315E-4
9.013997730025059E-4
8.995935464547161E-4
8.977870762800058E-4
8.959807565710756E-4
8.941749764882538E-4
8.923701201757855E-4
8.905665666813243E-4
8.887646898785615E-4
8.869648583930586E-4
8.85167435531234E-4
8.83372779212549E-4
8.815812419048513E-4
8.797931705628984E-4
8.78008906570055E-4
8.762287856831418E-4
8.744531379804545E-4
8.726822878128987E-4
8.709165537582578E-4
8.691562485785948E-4
8.67401679180733E-4
8.656531465798155E-4
8.63910945865947E-4
8.621753661738454E-4
8.60446690655528E-4
8.587251964559914E-4
8.570111546918457E-4
8.55304830432895E-4
8.536064826866342E-4
8.519163643856107E-4
8.502347223776556E-4
8.485617974189005E-4
8.468978241696218E-4
8.452430311927831E-4
8.435976409553286E-4
8.4196186983211E-4
8.403359281124726E-4
8.387200200094454E-4
8.37114343671448E-4
8.355190911965455E-4
8.339344486491347E-4
8.323605960790892E-4
8.307977075432715E-4
8.292459511293631E-4
8.277054889819993E-4
8.261764773311549E-4
8.246590665226993E-4
8.231534010511053E-4
8.216596195942715E-4
8.20177855050358E-4
8.187082345766512E-4
8.172508796303621E-4
8.15805906011306E-4
8.143734239064696E-4
8.129535379363071E-4
8.115463472028346E-4
8.101519453393923E-4
8.087704205620359E-4
8.074018557225225E-4
8.060463283628275E-4
8.047039107711289E-4
8.033746700392287E-4
8.020586681213569E-4
8.007559618942682E-4
7.99466603218625E-4
7.981906390016033E-4
7.96928111260632E-4
7.956790571882735E-4
7.944435092181332E-4
7.932214950918021E-4
7.920130379267386E-4
7.908181562850334E-4
7.896368642430717E-4
7.884691714619512E-4
7.873150832586699E-4
7.861746006780269E-4
7.850477205651239E-4
7.839344356385359E-4
7.828347345639791E-4
7.817486020285007E-4
7.806760188151447E-4
7.796169618779854E-4
7.785714044175731E-4
7.7753931595664E-4
7.765206624161481E-4
7.755154061914839E-4
7.745235062289048E-4
7.73544918102081E-4
7.725795940887765E-4
7.716274832475303E-4
7.706885314944025E-4
7.697626816796731E-4
7.688498736644608E-4
7.679500443972699E-4
7.670631279903705E-4
7.661890557960116E-4
7.653277564824202E-4
7.64479156109519E-4
7.636431782044141E-4
7.628197438365002E-4
7.62008771692266E-4
7.612101781496876E-4
7.604238773521911E-4
7.596497812822116E-4
7.588877998342373E-4
7.58137840887358E-4
7.573998103772956E-4
7.566736123678545E-4
7.559591491218029E-4
7.55256321171125E-4
7.545650273866671E-4
7.538851650470837E-4
7.532166299071316E-4
7.525593162652614E-4
7.519131170304754E-4
7.512779237884454E-4
7.506536268668549E-4
7.500401153999967E-4
7.494372773925234E-4
7.488449997824294E-4
7.482631685031733E-4
7.476916685449693E-4
7.471303840152126E-4
7.465791981980434E-4
7.460379936130172E-4
7.455066520728801E-4
7.449850547404485E-4
7.444730821845642E-4
7.439706144351299E-4
7.434775310372052E-4
7.429937111041785E-4
7.425190333699655E-4
7.420533762402743E-4
7.41596617842923E-4
7.411486360771603E-4
7.407093086620435E-4
7.402785131838559E-4
7.398561271425116E-4
7.394420279970523E-4
7.390360932100986E-4
7.386382002913702E-4
7.382482268402141E-4
7.378660505871756E-4
7.374915494345675E-4
7.371246014960999E-4
7.367650851355204E-4
7.364128790042961E-4
7.360678620783287E-4
7.357299136937269E-4
7.353989135816053E-4
7.350747419019584E-4
7.347572792765671E-4
7.344464068210038E-4
7.341420061756774E-4
7.338439595359628E-4
7.335521496814311E-4
7.332664600041691E-4
7.329867745361859E-4
7.327129779759535E-4
7.324449557140349E-4
7.321825938578941E-4
7.319257792557887E-4
7.31674399519838E-4
7.314283430482685E-4
7.311874990468083E-4
7.309517575492573E-4
7.307210094372686E-4
7.304951464593324E-4
7.30274061248974E-4
7.300576473421716E-4
7.298457991940407E-4
7.296384121947423E-4
7.294353826846789E-4
7.292366079689681E-4
7.290419863312041E-4
7.288514170465212E-4
7.286648003939934E-4
7.284820376683559E-4
7.283030311910673E-4
7.281276843207544E-4
7.279559014630168E-4
7.277875880796152E-4
7.276226506970807E-4
7.274609969147355E-4
7.273025354121317E-4
7.271471759559559E-4
7.269948294063822E-4
7.268454077229092E-4
7.266988239696765E-4
7.265549923202937E-4
7.264138280621861E-4
7.262752476004725E-4
7.261391684613852E-4
1.6343866755230397E-6
1.6343801246257287E-6
1.6343735729982038E-6
1.6343670206405144E-6
1.6343604675527091E-6
1.6343539137348364E-6
1.6343473591869445E-6
1.6343408039090845E-6
1.6343342479013034E-6
1.6343276911636505E-6
1.6343211336961756E-6
1.6343145754989261E-6
1.634308016571952E-6
1.634301456915302E-6
1.6342948965290238E-6
1.634288335413166E-6
1.634281773567778E-6
1.634275210992909E-6
1.634268647688607E-6
1.634262083654919E-6
1.634255518891896E-6
1.6342489533995856E-6
1.6342423871780367E-6
1.6342358202272959E-6
1.6342292525474124E-6
1.6342226841384351E-6
1.6342161150004124E-6
1.6342095451333922E-6
1.6342029745374237E-6
1.6341964032125556E-6
1.6341898311588342E-6
1.634183258376308E-6
1.6341766848650261E-6
1.6341701106250366E-6
1.634163535656388E-6
1.6341569599591265E-6
1.6341503835333013E-6
1.6341438063789609E-6
1.6341372284961528E-6
1.6341306498849248E-6
1.6341240705453253E-6
1.6341174904774018E-6
1.6341109096812017E-6
1.6341043281567746E-6
1.6340977459041657E-6
1.634091162923425E-6
1.6340845792145988E-6
1.6340779947777344E-6
1.634071409612882E-6
1.634064823720087E-6
1.6340582370993978E-6
1.6340516497508623E-6
1.6340450616745284E-6
1.6340384728704428E-6
1.6340318833386523E-6
1.634025293079205E-6
1.6340187020921494E-6
1.6340121103775315E-6
1.6340055179353994E-6
1.633998924765801E-6
1.6339923308687844E-6
1.633985736244394E-6
1.6339791408926784E-6
1.6339725448136853E-6
1.6339659480074612E-6
1.633959350474055E-6
1.633952752213512E-6
1.6339461532258795E-6
1.6339395535112047E-6
1.6339329530695337E-6
1.6339263519009162E-6
1.6339197500053981E-6
1.6339131473830252E-6
1.6339065440338453E-6
1.6338999399579047E-6
1.6338933351552512E-6
1.633886729625933E-6
1.6338801233699947E-6
1.6338735163874824E-6
1.6338669086784429E-6
1.633860300242925E-6
1.6338536910809742E-6
1.6338470811926372E-6
1.6338404705779613E-6
1.6338338592369929E-6
1.6338272471697784E-6
1.6338206343763632E-6
1.6338140208567954E-6
1.6338074066111219E-6
1.6338007916393868E-6
1.6337941759416383E-6
1.6337875595179223E-6
1.6337809423682857E-6
1.633774324492774E-6
1.633767705891434E-6
1.6337610865643116E-6
1.6337544665114543E-6
1.6337478457329083E-6
1.6337412242287183E-6
1.6337346019989305E-6
1.633727979043591E-6
1.6337213553627478E-6
1.6337147309564452E-6
1.6337081058247295E-6
1.6337014799676478E-6
1.633694853385244E-6
1.6336882260775653E-6
1.633681598044658E-6
1.6336749692865678E-6
1.63366833980334E-6
1.6336617095950208E-6
1.6336550786616558E-6
1.6336484470032918E-6
1.6336418146199739E-6
1.6336351815117474E-6
1.6336285476786579E-6
1.633621913120752E-6
1.6336152778380745E-6
1.633608641830671E-6
1.6336020050985865E-6
1.633595367641868E-6
1.63358872946056E-6
1.6335820905547091E-6
1.6335754509243592E-6
1.6335688105695562E-6
1.633562169490346E-6
1.6335555276867733E-6
1.6335488851588838E-6
1.6335422419067235E-6
1.6335355979303371E-6
1.6335289532297693E-6
1.6335223078050665E-6
1.633515661656273E-6
1.6335090147834337E-6
1.633502367186595E-6
1.6334957188658011E-6
1.633489069821097E-6
1.6334824200525271E-6
1.6334757695601382E-6
1.6334691183439736E-6
1.63346246640408E-6
1.6334558137405002E-6
1.6334491603532806E-6
1.6334425062424654E-6
1.6334358514080997E-6
1.6334291958502286E-6
1.6334225395688966E-6
1.6334158825641476E-6
1.6334092248360276E-6
1.6334025663845806E-6
1.63339590720985E-6
1.633389247311884E-6
1.633382586690724E-6
1.6333759253464158E-6
1.6333692632790039E-6
1.6333626004885326E-6
1.6333559369750465E-6
1.6333492727385902E-6
1.633342607779208E-6
1.6333359420969442E-6
1.633329275691844E-6
1.6333226085639486E-6
1.6333159407133058E-6
1.6333092721399579E-6
1.6333026028439504E-6
1.6332959328253268E-6
1.6332892620841308E-6
1.6332825906204087E-6
1.6332759184342024E-6
1.6332692455255588E-6
1.633262571894519E-6
1.6332558975411277E-6
1.6332492224654293E-6
1.6332425466674682E-6
1.6332358701472867E-6
1.6332291929049307E-6
1.6332225149404431E-6
1.6332158362538688E-6
1.63320915684525E-6
1.633202476714631E-6
1.6331957958620568E-6
1.6331891142875706E-6
1.6331824319912155E-6
1.6331757489730357E-6
1.6331690652330747E-6
1.6331623807713758E-6
1.6331556955879834E-6
1.6331490096829393E-6
1.63314232305629E-6
1.633135635708076E-6
1.633128947638343E-6
1.633122258847133E-6
1.6331155693344894E-6
1.6331088791004573E-6
1.6331021881450785E-6
1.633095496468397E-6
1.6330888040704557E-6
1.6330821109512989E-6
1.6330754171109693E-6
1.6330687225495096E-6
1.6330620272669643E-6
1.6330553312633749E-6
1.6330486345387848E-6
1.6330419370932372E-6
1.633035238926776E-6
1.6330285400394443E-6
1.6330218404312845E-6
1.6330151401023395E-6
1.633008439052653E-6
1.6330017372822664E-6
1.6329950347912246E-6
1.6329883315795685E-6
1.6329816276473428E-6
1.63297492299459E-6
1.632968217621353E-6
1.6329615115276737E-6
1.6329548047135946E-6
1.6329480971791593E-6
1.632941388924409E-6
1.6329346799493878E-6
1.6329279702541386E-6
1.6329212598387028E-6
1.6329145487031226E-6
1.632907836847442E-6
1.6329011242717027E-6
1.6328944109759475E-6
1.632887696960219E-6
1.6328809822245602E-6
1.6328742667690124E-6
1.6328675505936184E-6
1.6328608336984206E-6
1.6328541160834618E-6
1.632847397748783E-6
1.632840678694427E-6
1.6328339589204366E-6
1.6328272384268527E-6
1.632820517213718E-6
1.6328137952810744E-6
1.6328070726289648E-6
1.632800349257431E-6
1.6327936251665147E-6
1.6327869003562597E-6
1.6327801748267064E-6
1.6327734485778962E-6
1.6327667216098721E-6
1.6327599939226756E-6
1.6327532655163475E-6
1.6327465363909318E-6
1.6327398065464688E-6
1.6327330759830021E-6
1.6327263447005707E-6
1.632719612699218E-6
1.6327128799789855E-6
1.6327061465399152E-6
1.6326994123820483E-6
1.632692677505426E-6
1.6326859419100895E-6
1.6326792055960822E-6
1.6326724685634445E-6
1.6326657308122193E-6
1.6326589923424467E-6
1.632652253154167E-6
1.6326455132474235E-6
1.632638772622257E-6
1.6326320312787097E-6
1.6326252892168205E-6
1.632618546436633E-6
1.632611802938188E-6
1.6326050587215276E-6
1.6325983137866913E-6
1.6325915681337206E-6
1.6325848217626578E-6
1.6325780746735432E-6
1.6325713268664175E-6
1.6325645783413224E-6
1.6325578290982987E-6
1.632551079137387E-6
1.6325443284586286E-6
1.6325375770620652E-6
1.6325308249477365E-6
1.632524072115684E-6
1.632517318565949E-6
1.6325105642985728E-6
1.6325038093135953E-6
1.6324970536110574E-6
1.6324902971910005E-6
1.6324835400534637E-6
1.6324767821984898E-6
1.632470023626118E-6
1.6324632643363885E-6
1.6324565043293438E-6
1.6324497436050222E-6
1.6324429821634667E-6
1.6324362200047175E-6
1.6324294571288139E-6
1.6324226935357965E-6
1.6324159292257064E-6
1.632409164198584E-6
1.6324023984544686E-6
1.6323956319934015E-6
1.6323888648154222E-6
1.6323820969205718E-6
1.6323753283088906E-6
1.6323685589804198E-6
1.6323617889351986E-6
1.6323550181732662E-6
1.6323482466946648E-6
1.6323414744994328E-6
1.6323347015876115E-6
1.6323279279592405E-6
1.63232115361436E-6
1.632314378553009E-6
1.6323076027752292E-6
1.6323008262810594E-6
1.6322940490705408E-6
1.6322872711437111E-6
1.632280492500613E-6
1.6322737131412835E-6
1.6322669330657645E-6
1.632260152274095E-6
1.6322533707663146E-6
1.632246588542464E-6
1.6322398056025823E-6
1.6322330219467093E-6
1.6322262375748849E-6
1.6322194524871476E-6
1.632212666683538E-6
1.6322058801640967E-6
1.6321990929288617E-6
1.6321923049778723E-6
1.632185516311169E-6
1.6321787269287919E-6
1.6321719368307785E-6
1.632165146017168E-6
1.6321583544880014E-6
1.6321515622433173E-6
1.6321447692831556E-6
1.6321379756075554E-6
1.6321311812165543E-6
1.6321243861101934E-6
1.6321175902885128E-6
1.6321107937515502E-6
1.6321039964993457E-6
1.6320971985319373E-6
1.6320903998493642E-6
1.6320836004516672E-6
1.6320768003388828E-6
1.6320699995110507E-6
1.6320631979682114E-6
1.6320563957104016E-6
1.6320495927376631E-6
1.6320427890500333E-6
1.6320359846475508E-6
1.6320291795302554E-6
1.6320223736981844E-6
1.632015567151378E-6
1.6320087598898739E-6
1.6320019519137122E-6
1.6319951432229313E-6
1.631988333817568E-6
1.6319815236976633E-6
1.6319747128632536E-6
1.6319679013143792E-6
1.6319610890510782E-6
1.6319542760733894E-6
1.6319474623813512E-6
1.6319406479750024E-6
1.6319338328543809E-6
1.631927017019525E-6
1.6319202004704739E-6
1.6319133832072645E-6
1.6319065652299364E-6
1.631899746538529E-6
1.6318929271330791E-6
1.6318861070136242E-6
1.631879286180204E-6
1.631872464632856E-6
1.6318656423716184E-6
1.6318588193965294E-6
1.6318519957076272E-6
1.6318451713049497E-6
1.6318383461885353E-6
1.631831520358423E-6
1.6318246938146516E-6
1.631817866557256E-6
1.631811038586276E-6
1.6318042099017493E-6
1.6317973805037131E-6
1.631790550392206E-6
1.631783719567266E-6
1.6317768880289306E-6
1.6317700557772367E-6
1.6317632228122243E-6
1.631756389133929E-6
1.6317495547423902E-6
1.6317427196376441E-6
1.6317358838197278E-6
1.6317290472886815E-6
1.631722210044541E-6
1.6317153720873444E-6
1.6317085334171287E-6
1.6317016940339317E-6
1.6316948539377922E-6
1.6316880131287456E-6
1.63168117160683E-6
1.6316743293720837E-6
1.6316674864245443E-6
1.6316606427642481E-6
1.6316537983912328E-6
1.631646953305535E-6
1.631640107507193E-6
1.6316332609962428E-6
1.6316264137727233E-6
1.6316195658366717E-6
1.6316127171881244E-6
1.6316058678271173E-6
1.631599017753689E-6
1.6315921669678755E-6
1.631585315469716E-6
1.6315784632592464E-6
1.6315716103365022E-6
1.6315647567015229E-6
1.6315579023543439E-6
1.6315510472950035E-6
1.6315441915235372E-6
1.6315373350399827E-6
1.631530477844376E-6
1.6315236199367538E-6
1.6315167613171538E-6
1.6315099019856122E-6
1.6315030419421671E-6
1.6314961811868525E-6
1.631489319719707E-6
1.6314824575407663E-6
1.631475594650068E-6
1.631468731047649E-6
1.6314618667335434E-6
1.631455001707791E-6
1.631448135970426E-6
1.6314412695214865E-6
1.6314344023610067E-6
1.6314275344890253E-6
1.6314206659055778E-6
1.631413796610701E-6
1.6314069266044316E-6
1.6314000558868044E-6
1.6313931844578567E-6
1.6313863123176245E-6
1.6313794394661453E-6
1.6313725659034532E-6
1.6313656916295866E-6
1.6313588166445803E-6
1.63135194094847E-6
1.6313450645412923E-6
1.6313381874230827E-6
1.6313313095938793E-6
1.6313244310537165E-6
1.63131755180263E-6
1.6313106718406559E-6
1.63130379116783E-6
1.631296909784189E-6
1.6312900276897701E-6
1.6312831448846071E-6
1.6312762613687364E-6
1.6312693771421943E-6
1.6312624922050148E-6
1.631255606557235E-6
1.6312487201988925E-6
1.63124183313002E-6
1.6312349453506536E-6
1.6312280568608301E-6
1.6312211676605849E-6
1.6312142777499528E-6
1.6312073871289694E-6
1.6312004957976716E-6
1.6311936037560937E-6
1.6311867110042721E-6
1.6311798175422426E-6
1.631172923370039E-6
1.6311660284876967E-6
1.6311591328952521E-6
1.6311522365927402E-6
1.6311453395801974E-6
1.6311384418576564E-6
1.6311315434251543E-6
1.631124644282726E-6
1.631117744430407E-6
1.6311108438682325E-6
1.6311039425962371E-6
1.6310970406144568E-6
1.631090137922926E-6
1.6310832345216807E-6
1.6310763304107555E-6
1.6310694255901855E-6
1.6310625200600044E-6
1.6310556138202487E-6
1.631048706870953E-6
1.6310417992121526E-6
1.6310348908438797E-6
1.6310279817661713E-6
1.6310210719790627E-6
1.6310141614825883E-6
1.6310072502767837E-6
1.6310003383616823E-6
1.6309934257373198E-6
1.6309865124037301E-6
1.630979598360947E-6
1.6309726836090076E-6
1.6309657681479456E-6
1.630958851977795E-6
1.6309519350985908E-6
1.6309450175103668E-6
1.6309380992131588E-6
1.6309311802070002E-6
1.6309242604919267E-6
1.6309173400679728E-6
1.6309104189351722E-6
1.6309034970935584E-6
1.6308965745431664E-6
1.6308896512840307E-6
1.6308827273161852E-6
1.630875802639664E-6
1.6308688772545027E-6
1.6308619511607354E-6
1.6308550243583962E-6
1.6308480968475188E-6
1.6308411686281359E-6
1.6308342397002833E-6
1.6308273100639958E-6
1.630820379719306E-6
1.6308134486662486E-6
1.6308065169048572E-6
1.6307995844351658E-6
1.630792651257209E-6
1.630785717371021E-6
1.6307787827766337E-6
1.6307718474740835E-6
1.6307649114634028E-6
1.6307579747446264E-6
1.630751037317787E-6
1.6307440991829183E-6
1.630737160340054E-6
1.6307302207892285E-6
1.630723280530476E-6
1.63071633956383E-6
1.630709397889324E-6
1.6307024555069914E-6
1.630695512416866E-6
1.6306885686189803E-6
1.630681624113368E-6
1.630674678900063E-6
1.6306677329790995E-6
1.630660786350511E-6
1.6306538390143287E-6
1.6306468909705904E-6
1.6306399422193247E-6
1.630632992760568E-6
1.6306260425943524E-6
1.6306190917207111E-6
1.6306121401396786E-6
1.630605187851286E-6
1.630598234855568E-6
1.630591281152559E-6
1.6305843267422895E-6
1.6305773716247957E-6
1.6305704158001086E-6
1.6305634592682613E-6
1.6305565020292869E-6
1.6305495440832193E-6
1.6305425854300902E-6
1.630535626069933E-6
1.630528666002781E-6
1.630521705228668E-6
1.6305147437476257E-6
1.6305077815596875E-6
1.6305008186648865E-6
1.6304938550632555E-6
1.630486890754826E-6
1.6304799257396328E-6
1.630472960017707E-6
1.6304659935890812E-6
1.6304590264537896E-6
1.6304520586118647E-6
1.6304450900633375E-6
1.6304381208082408E-6
1.63043115084661E-6
1.6304241801784746E-6
1.6304172088038682E-6
1.6304102367228236E-6
1.6304032639353742E-6
1.6303962904415504E-6
1.6303893162413858E-6
1.6303823413349101E-6
1.6303753657221597E-6
1.6303683894031662E-6
1.6303614123779604E-6
1.6303544346465754E-6
1.630347456209044E-6
1.6303404770653971E-6
1.6303334972156674E-6
1.6303265166598888E-6
1.6303195353980925E-6
1.630312553430309E-6
1.6303055707565725E-6
1.6302985873769135E-6
1.6302916032913643E-6
1.6302846184999578E-6
1.6302776330027261E-6
1.630270646799701E-6
1.630263659890913E-6
1.6302566722763956E-6
1.63024968395618E-6
1.6302426949302994E-6
1.6302357051987852E-6
1.6302287147616684E-6
1.6302217236189808E-6
1.6302147317707551E-6
1.6302077392170229E-6
1.6302007459578159E-6
1.6301937519931654E-6
1.6301867573231026E-6
1.6301797619476597E-6
1.6301727658668688E-6
1.630165769080762E-6
1.6301587715893686E-6
1.6301517733927217E-6
1.6301447744908535E-6
1.6301377748837938E-6
1.6301307745715748E-6
1.630123773554228E-6
1.6301167718317862E-6
1.6301097694042787E-6
1.6301027662717372E-6
1.6300957624341941E-6
1.6300887578916795E-6
1.6300817526442263E-6
1.6300747466918626E-6
1.630067740034624E-6
1.6300607326725386E-6
1.6300537246056393E-6
1.630046715833956E-6
1.6300397063575209E-6
1.630032696176365E-6
1.6300256852905185E-6
1.6300186737000132E-6
1.6300116614048804E-6
1.6300046484051494E-6
1.6299976347008524E-6
1.6299906202920213E-6
1.6299836051786852E-6
1.6299765893608758E-6
1.6299695728386253E-6
1.6299625556119627E-6
1.6299555376809188E-6
1.6299485190455252E-6
1.6299414997058132E-6
1.629934479661812E-6
1.6299274589135527E-6
1.6299204374610673E-6
1.6299134153043873E-6
1.629906392443541E-6
1.6298993688785588E-6
1.629892344609473E-6
1.629885319636313E-6
1.6298782939591113E-6
1.6298712675778955E-6
1.6298642404926976E-6
1.6298572127035477E-6
1.629850184210477E-6
1.6298431550135153E-6
1.629836125112693E-6
1.6298290945080427E-6
1.629822063199591E-6
1.6298150311873703E-6
1.6298079984714103E-6
1.6298009650517409E-6
1.629793930928394E-6
1.6297868961013983E-6
1.6297798605707846E-6
1.6297728243365827E-6
1.6297657873988228E-6
1.6297587497575355E-6
1.6297517114127512E-6
1.6297446723644991E-6
1.6297376326128092E-6
1.6297305921577125E-6
1.6297235509992375E-6
1.6297165091374153E-6
1.6297094665722748E-6
1.629702423303847E-6
1.629695379332162E-6
1.6296883346572483E-6
1.6296812892791368E-6
1.6296742431978568E-6
1.6296671964134379E-6
1.6296601489259102E-6
1.6296531007353035E-6
1.6296460518416478E-6
1.6296390022449734E-6
1.6296319519453085E-6
1.629624900942683E-6
1.629617849237127E-6
1.629610796828671E-6
1.6296037437173428E-6
1.629596689903172E-6
1.6295896353861886E-6
1.6295825801664227E-6
1.6295755242439027E-6
1.6295684676186581E-6
1.6295614102907193E-6
1.6295543522601148E-6
1.6295472935268743E-6
1.6295402340910273E-6
1.629533173952603E-6
1.6295261131116305E-6
1.6295190515681395E-6
1.6295119893221588E-6
1.6295049263737174E-6
1.6294978627228457E-6
1.6294907983695707E-6
1.6294837333139227E-6
1.6294766675559312E-6
1.6294696010956247E-6
1.6294625339330324E-6
1.6294554660681837E-6
1.6294483975011065E-6
1.6294413282318317E-6
1.6294342582603868E-6
1.6294271875868012E-6
1.6294201162111045E-6
1.6294130441333244E-6
1.6294059713534901E-6
1.629398897871631E-6
1.6293918236877754E-6
1.6293847488019517E-6
1.6293776732141895E-6
1.6293705969245169E-6
1.6293635199329618E-6
1.629356442239553E-6
1.629349363844321E-6
1.629342284747294E-6
1.6293352049484988E-6
1.6293281244479652E-6
1.6293210432457213E-6
1.6293139613417962E-6
1.6293068787362186E-6
1.6292997954290173E-6
1.6292927114202208E-6
1.629285626709856E-6
1.629278541297952E-6
1.629271455184537E-6
1.6292643683696394E-6
1.6292572808532881E-6
1.6292501926355108E-6
1.6292431037163368E-6
1.6292360140957929E-6
1.6292289237739075E-6
1.6292218327507098E-6
1.6292147410262282E-6
1.62920764860049E-6
1.6292005554735234E-6
1.6291934616453558E-6
1.6291863671160166E-6
1.629179271885534E-6
1.629172175953934E-6
1.6291650793212468E-6
1.6291579819874997E-6
1.6291508839527202E-6
1.6291437852169363E-6
1.6291366857801762E-6
1.6291295856424682E-6
1.6291224848038396E-6
1.629115383264318E-6
1.6291082810239315E-6
1.6291011780827103E-6
1.6290940744406779E-6
1.6290869700978634E-6
1.6290798650542956E-6
1.629072759310001E-6
1.6290656528650088E-6
1.6290585457193453E-6
1.6290514378730383E-6
1.629044329326114E-6
1.6290372200786035E-6
1.6290301101305307E-6
1.6290229994819248E-6
1.629015888132814E-6
1.6290087760832249E-6
1.6290016633331838E-6
1.6289945498827206E-6
1.628987435731862E-6
1.6289803208806336E-6
1.6289732053290646E-6
1.628966089077181E-6
1.6289589721250096E-6
1.62895185447258E-6
1.6289447361199181E-6
1.6289376170670513E-6
1.628930497314007E-6
1.6289233768608121E-6
