0.00000000000000000000
0.00000000000000000000
0.00000000000000000000
0.00000000000000000000
0.00000000000000000000
0.00000000000000000000
0.00000000000000000000
0.00000000000000000000
0.00000000000000000000
0.00000000000000000000
0.00000000000000000000
0.00000000000000000000
0.00000000000000000000
0.00000000000000000000
0.00000000000000000000
0.00100000000000000002
0.00100000000000000002
0.00300000000000000006
0.00900000000000000105
0.02200000000000000566
0.03299999999999999462
0.04900000000000000883
0.06099999999999999173
0.07600000000000001199
0.08700000000000002176
0.09999999999999997780
0.11499999999999996336
0.12899999999999997580
0.29800000000000004263
0.48699999999999987743
0.70300000000000006928
0.97499999999999986677
2.00099999999999988987
3.14400000000000012790
4.39400000000000012790
5.83799999999999918998
6.97799999999999975842
8.94100000000000072475
10.33500000000000085265
12.16300000000000025580
13.73300000000000231637
