7.825170629891972E-8
1.570430916500037E-7
2.363780703419231E-7
3.1626064582593474E-7
3.966949091761855E-7
4.776850206722102E-7
5.59235166544852E-7
6.413494819594716E-7
7.240319356855886E-7
8.072861875792639E-7
8.911154520654282E-7
9.755224383534083E-7
1.0605094989967392E-6
1.1460792415650884E-6
1.232235979041575E-6
1.3189864504315148E-6
1.4063347495447546E-6
1.4942849984198997E-6
1.582841347518425E-6
1.6720079759200604E-6
1.761789091519471E-6
1.8521889312242748E-6
1.9432117611543574E-6
2.0348618768425305E-6
2.127143603436563E-6
2.220061295902532E-6
2.3136193392295677E-6
2.40782214863599E-6
2.502674169776849E-6
2.598179878952845E-6
2.694343783320731E-6
2.7911704211051204E-6
2.888664361811777E-6
2.9868302064423486E-6
3.0856725877106214E-6
3.185196170260299E-6
3.2854056508842133E-6
3.386305758745178E-6
3.4879012555983505E-6
3.5901969360151376E-6
3.6931976276087495E-6
3.796908191261283E-6
3.901333521352528E-6
4.006478545990275E-6
4.112348227242396E-6
4.218947561370548E-6
4.32628157906551E-6
4.4343553456843674E-6
4.543173961489261E-6
4.652742561887926E-6
4.7630663176760465E-6
4.874150435281258E-6
4.986000157009043E-6
5.098620761290381E-6
5.212017562931165E-6
5.326195913363531E-6
5.441161200898996E-6
5.556918850983402E-6
5.673474326453829E-6
5.790833127797303E-6
5.909000793411445E-6
6.027982899867038E-6
6.147785062172483E-6
6.268412934040207E-6
6.389872208154997E-6
6.512168616444353E-6
6.635307930350698E-6
6.759295961105695E-6
6.884138560006429E-6
7.009841618693685E-6
7.136411069432246E-6
7.263852885393187E-6
7.392173080938393E-6
7.52137771190727E-6
7.651472875905735E-6
7.782464712598117E-6
7.914359404002138E-6
8.047163174788034E-6
8.180882292583599E-6
8.31552306828756E-6
8.451091856396027E-6
8.587595055349934E-6
8.725039107915784E-6
8.863430501620968E-6
9.00277576927661E-6
9.143081489641426E-6
9.28435428830938E-6
9.426600838948594E-6
9.569827865084132E-6
9.714042142709248E-6
9.859250504136526E-6
1.0005459843668455E-5
1.0152677125877672E-5
1.0300909397534342E-5
1.0450163804475287E-5
1.0600447614920664E-5
1.0751768250802412E-5
1.0904133328399339E-5
1.1057550708708666E-5
1.1212028556150058E-5
1.1289323694633285E-5
1.1367157103569542E-5
1.1445534275411645E-5
1.152446105004994E-5
1.160394350978084E-5
1.1683987755030393E-5
1.1764599511197648E-5
1.1845783568727378E-5
1.1927543031166303E-5
1.2009878423146473E-5
1.2092786883605852E-5
1.217626177896885E-5
1.2260293279140846E-5
1.2344870727524603E-5
1.2429988447579438E-5
1.2515659014561627E-5
1.2601920145258095E-5
1.2688775911977883E-5
1.2776230415032897E-5
1.2864287782924224E-5
1.2952952172529852E-5
1.3042227769293877E-5
1.3132118787417647E-5
1.322262947005231E-5
1.3313764089493347E-5
1.3405526947376917E-5
1.3497922374877975E-5
1.3590954732910362E-5
1.3684628412328962E-5
1.3778947834133879E-5
1.3873917449676543E-5
1.3969541740868158E-5
1.4065825220390206E-5
1.4162772431907225E-5
1.426038795028157E-5
1.4358676381790897E-5
1.4457642364347638E-5
1.4557290567720704E-5
1.4657625693759896E-5
1.475865247662236E-5
1.4860375683001601E-5
1.4962800112358744E-5
1.5065930597156335E-5
1.5169772003094533E-5
1.5274329229349417E-5
1.5379607208814228E-5
1.548561090834239E-5
1.5592345328993353E-5
1.56998155062806E-5
1.580802651042216E-5
1.591698344659297E-5
1.6026691455180234E-5
1.6137155712040357E-5
1.624838142875861E-5
1.6360373852910664E-5
1.6473138268326333E-5
1.6586679995355546E-5
1.670100439113614E-5
1.681611684986376E-5
1.693202280306377E-5
1.7048727719864752E-5
1.716623710727418E-5
1.728455651045548E-5
1.740369151300697E-5
1.752364773724233E-5
1.764443084447248E-5
1.7766046535289093E-5
1.7888500549849188E-5
1.8011798668161226E-5
1.813594671037224E-5
1.8260950537056063E-5
1.8386816049502603E-5
1.8513549190008066E-5
1.8641155942166074E-5
1.8769642331160005E-5
1.8899014424055734E-5
1.902927833009673E-5
1.916044020100044E-5
1.929250623125815E-5
1.9425482658440326E-5
1.9559375763510612E-5
1.969419187115516E-5
1.982993735013775E-5
1.996661861369718E-5
2.0104242120016567E-5
2.0242814372807813E-5
2.0382341922084903E-5
2.052283136523679E-5
2.0664289348573568E-5
2.080672256960624E-5
2.0950137780448957E-5
2.1094541792906646E-5
2.12399414860501E-5
2.13863438173828E-5
2.1533755839076527E-5
2.1682184721161856E-5
2.183163778395508E-5
2.1982122542251144E-5
2.2133646763708836E-5
2.228621854304956E-5
2.2439846391687663E-5
2.259453933853181E-5
2.275030703114037E-5
2.2907159816384735E-5
2.3065108765813606E-5
2.3224165593446185E-5
2.3384342402162157E-5
2.3545651122650852E-5
2.3708102675458485E-5
2.3871705734923503E-5
2.4036465032080987E-5
2.420237950083653E-5
2.4369440665224955E-5
2.453763191657013E-5
2.4706929390449515E-5
2.4877306983659554E-5
2.504877026911416E-5
2.522141566020454E-5
2.5395251297134187E-5
2.5570285375159502E-5
2.5746526144998765E-5
2.5923981913251397E-5
2.61026610428271E-5
2.6282571953386227E-5
2.6463723121789746E-5
2.6646123082559368E-5
2.6829780428347767E-5
2.7014703810418056E-5
2.7200901939132708E-5
2.7388383584451745E-5
2.7577157576439595E-5
2.7767232805780046E-5
2.795861822429952E-5
2.8151322845498225E-5
2.8345355745088197E-5
2.854072606153786E-5
2.8737442996623938E-5
2.893551581598851E-5
2.913495384970155E-5
2.933576649282876E-5
2.9537963206003474E-5
2.974155351600288E-5
2.9946547016327215E-5
3.0152953367782108E-5
3.0360782299063247E-5
3.0570043607342266E-5
3.0780747158854975E-5
3.099290288948863E-5
3.1206520805370597E-5
3.142161098345584E-5
3.163818357211368E-5
3.185624879171188E-5
3.2075816935199894E-5
3.2296898368687835E-5
3.251950353202307E-5
3.274364293936206E-5
3.296932717973743E-5
3.3196566917620736E-5
3.34253728934782E-5
3.365575592432077E-5
3.388772690424704E-5
3.41212968049782E-5
3.435647667638541E-5
3.459327764700829E-5
3.483171092456329E-5
3.5071787796443745E-5
3.5313519630207934E-5
3.55569178740574E-5
3.5801994057302806E-5
3.604875979081856E-5
3.629722676748424E-5
3.654740676261342E-5
3.679931163436865E-5
3.705295332416257E-5
3.73083438570442E-5
3.756549534207179E-5
3.782441997266829E-5
3.808513002696475E-5
3.8347637868126934E-5
3.861195594466923E-5
3.887809679075817E-5
3.914607302650712E-5
3.941589735827257E-5
3.968758257896264E-5
3.996114156837876E-5
4.0236587293628204E-5
4.0513932809661595E-5
4.079319126003097E-5
4.107437587801262E-5
4.1357499988327234E-5
4.164257700980662E-5
4.192962045954275E-5
4.221864395930553E-5
4.250966124537422E-5
4.2802686183396746E-5
4.3097732790492055E-5
4.339481526752454E-5
4.369394804524763E-5
4.3995145848684226E-5
4.4298423784415595E-5
4.460379745512363E-5
4.491128310334171E-5
4.522089778154108E-5
4.553265953675953E-5
4.584658758333699E-5
4.616270241551111E-5
4.6481025782054196E-5
4.680158042874446E-5
4.712438933725756E-5
4.7449474544754525E-5
4.777685526958756E-5
4.8106545074529915E-5
4.843854845744444E-5
4.877285728966718E-5
4.910944777367771E-5
4.9448278129467324E-5
4.978929051159652E-5
5.0132476959389316E-5
5.047802797137207E-5
5.0825959685227075E-5
5.117628835305993E-5
5.152903034333283E-5
5.188420214279814E-5
5.2241820358429364E-5
5.2601901719343914E-5
5.2964463078711265E-5
5.332952141564298E-5
5.369709383705907E-5
5.406719757952535E-5
5.443985001105886E-5
5.481506863289712E-5
5.5192871081225525E-5
5.5573275128860766E-5
5.5956298686886386E-5
5.634195980623675E-5
5.673027667922623E-5
5.712126764102007E-5
5.751495117104566E-5
5.7911345894339804E-5
5.8310470582828905E-5
5.8712344156542806E-5
5.911698568475579E-5
5.952441438705628E-5
5.9934649634340326E-5
6.0347710949729E-5
6.076361800940781E-5
6.118239064338394E-5
6.160404883616512E-5
6.20286127273519E-5
6.245610261214834E-5
6.288653894178658E-5
6.331994232386497E-5
6.375633352259815E-5
6.419573345898065E-5
6.463816321086046E-5
6.508364401292341E-5
6.553219725658835E-5
6.598384448981036E-5
6.643860741679556E-5
6.689650789762269E-5
6.73575679477754E-5
6.7821809737582E-5
6.828925559156466E-5
6.875992798769783E-5
6.923384955657486E-5
6.971104308048372E-5
7.019153149239387E-5
7.067533787485034E-5
7.11624854587803E-5
7.165299762220907E-5
7.214689788888755E-5
7.264420992683197E-5
7.314495754677506E-5
7.364916470053109E-5
7.415685547927513E-5
7.466805411173527E-5
7.518278496230411E-5
7.57010725290621E-5
7.622294144172466E-5
7.674841645950615E-5
7.727752246890714E-5
7.781028448143127E-5
7.834672763123264E-5
7.888687717270877E-5
7.943075847805521E-5
7.997839703480443E-5
8.052981844340226E-5
8.108504841488712E-5
8.164411276879585E-5
8.22070374314793E-5
8.277384843513222E-5
8.334457191799007E-5
8.391923412640962E-5
8.449786141988448E-5
8.508048028056473E-5
8.566711732952376E-5
8.62577993529137E-5
8.685255334226757E-5
8.745140655447876E-5
8.805438659826509E-5
8.866152158730501E-5
8.92728403336967E-5
8.988837258734774E-5
9.050814932118788E-5
9.113220305052261E-5
9.17605681546662E-5
9.23932811372887E-5
9.303038071650252E-5
9.36719076149195E-5
9.431790358536836E-5
9.496840984393017E-5
9.5623464415517E-5
9.628309780632136E-5
9.69473274798576E-5
9.7616151513834E-5
9.828954199541272E-5
9.89674373233076E-5
9.964973780338E-5
1.003364168835935E-4
1.0102780474233589E-4
1.0172393413965243E-4
1.0242483823064139E-4
1.0313055056774837E-4
1.0384110510223702E-4
1.045565361848649E-4
1.0527687856579478E-4
1.0600216739376503E-4
1.067324382145473E-4
1.0746772696871707E-4
1.0820806998876124E-4
1.0895350399554881E-4
1.0970406609418761E-4
1.104597937692917E-4
1.1122072487968089E-4
1.1198689765253539E-4
1.1275835067703057E-4
1.1353512289746811E-4
1.1431725360592678E-4
1.1510478243445677E-4
1.1589774934683161E-4
1.1669619462988053E-4
1.1750015888442132E-4
1.1830968301580979E-4
1.1912480822412553E-4
1.1994557599401135E-4
1.2077202808418336E-4
1.2160420651663063E-4
1.224421535655158E-4
1.232859117458018E-4
1.241355238016085E-4
1.24991032694325E-4
1.258524815904883E-4
1.2671991384944126E-4
1.2759337301078576E-4
1.2847290278164737E-4
1.2935854702375888E-4
1.3025034974038265E-4
1.311483550630798E-4
1.3205260723833924E-4
1.329631506140818E-4
1.338800296260467E-4
1.3480328878407718E-4
1.3573297265830859E-4
1.3666912586527926E-4
1.376117930539682E-4
1.385610188917707E-4
1.395168480504234E-4
1.404793251918898E-4
1.4144849495421001E-4
1.4242440193733025E-4
1.4340709068891758E-4
1.4439660569016822E-4
1.4539299134162058E-4
1.4639629194897677E-4
1.474065517089444E-4
1.4842381469510596E-4
1.494481248438181E-4
1.504795259401582E-4
1.5151806160391165E-4
1.5256377527562339E-4
1.536167102027067E-4
1.5467690942562413E-4
1.5574441576415412E-4
1.568192718037446E-4
1.5790151988198054E-4
1.5899120207518345E-4
1.600883601851779E-4
1.611930357262895E-4
1.6230526991265748E-4
1.634251036460143E-4
1.6455257750416465E-4
1.656877317305377E-4
1.6683060622539313E-4
1.6798124053958493E-4
1.691396738722417E-4
1.703059450744116E-4
1.7148009266162716E-4
1.7266215483961882E-4
1.738521695489822E-4
1.7505017453652293E-4
1.762562121787732E-4
1.7747032944294454E-4
1.7869257791271816E-4
1.7992301388917715E-4
1.8116169857072058E-4
1.8240869830149763E-4
1.8366408485153598E-4
1.849279356485592E-4
1.8620033381708023E-4
1.874813678565953E-4
1.8877113024529308E-4
1.900697152658414E-4
1.913772152737797E-4
1.9269371439214252E-4
1.940192801902981E-4
1.9535395359774897E-4
1.9669773731939818E-4
1.9805058024668733E-4
1.994123628882372E-4
2.0078306644922222E-4
2.021632376818042E-4
2.035529667355294E-4
2.0495234448808798E-4
2.0636146242818216E-4
2.0778041254165602E-4
2.0920928720083153E-4
2.1064817905698887E-4
2.120971809359342E-4
2.135563857365948E-4
2.1502588633258882E-4
2.1650577547670754E-4
2.1799614570826032E-4
2.1949708926322686E-4
2.2100869798715995E-4
2.225310632507914E-4
2.2406427586828305E-4
2.2560842601807734E-4
2.271636031662963E-4
2.2872989599263363E-4
2.3030739231869887E-4
2.318961790387626E-4
2.3349634205285124E-4
2.351079662021535E-4
2.367311352066844E-4
2.3836593160516696E-4
2.4001243669708453E-4
2.4167073048685984E-4
2.4334089163012345E-4
2.4502299738201635E-4
2.467171235475033E-4
2.484233444336358E-4
2.5014173280374043E-4
2.518723598334876E-4
2.5361529506879476E-4
2.5537060638553547E-4
2.571383599510149E-4
2.589186201871632E-4
2.6071144973542924E-4
2.625169094233221E-4
2.643350582325697E-4
2.66165953268866E-4
2.6800964973316266E-4
2.698662008944798E-4
2.717356580641923E-4
2.736180705717723E-4
2.7551348574194413E-4
2.774219488732276E-4
2.793435032178293E-4
2.812781899628666E-4
2.8322604821287605E-4
2.8518711497359055E-4
2.8716142513695046E-4
2.8914901146731597E-4
2.911499045888667E-4
2.931641329741388E-4
2.9519172293369467E-4
2.972326986068846E-4
2.992870819536771E-4
3.013548927475368E-4
3.034361485693162E-4
3.0553086480214665E-4
3.076390546272987E-4
3.097607290209887E-4
3.1189589675212185E-4
3.140445643809377E-4
3.162067362585679E-4
3.18382414527488E-4
3.205715991228804E-4
3.227742877749555E-4
3.249904760122986E-4
3.2722015716639294E-4
3.2946332237757147E-4
3.3171996060280884E-4
3.3399005862603214E-4
3.3627360107201567E-4
3.3857057042549417E-4
3.408809470580003E-4
3.4320470926609123E-4
3.4554183332626616E-4
3.4789229357398834E-4
3.5025674756966434E-4
3.5263582762722523E-4
3.5503014152376476E-4
3.57440273281156E-4
3.5986678403567425E-4
3.623102130047108E-4
3.647710785428271E-4
3.6724987924691507E-4
3.697470950152352E-4
3.722631878805497E-4
3.7479860241335376E-4
3.77353764698694E-4
3.799290803393372E-4
3.825249303840738E-4
3.851416636591559E-4
3.8777958613002764E-4
3.904389473384472E-4
3.931199237187227E-4
3.958225940763106E-4
3.985469124878435E-4
4.012929430961338E-4
4.0406153716411337E-4
4.0685289061922965E-4
4.0966718310106334E-4
4.1250457831851586E-4
4.1536522440146784E-4
4.1824925424701205E-4
4.211567858603105E-4
4.2408792269015136E-4
4.2704275395928046E-4
4.300213549895618E-4
4.3302378752204523E-4
4.3605010003200655E-4
4.391003280390169E-4
4.42174494412115E-4
4.4527260967014545E-4
4.4839467227731966E-4
4.5154066893406656E-4
4.5471057486323936E-4
4.5790435409173073E-4
4.611219597275585E-4
4.643633342324881E-4
4.6762840969024363E-4
4.709171080703658E-4
4.7422934148778315E-4
4.775650124581404E-4
4.8092401414895006E-4
4.8430623062661594E-4
4.877115370993948E-4
4.911398001563303E-4
4.9459087800224E-4
4.98064620688778E-4
5.015608703416498E-4
5.050794613840269E-4
5.086202207561946E-4
5.121829681315053E-4
5.15767516128682E-4
5.193736705205039E-4
5.230012304389537E-4
5.26649988576847E-4
5.303197313860039E-4
5.340102392720106E-4
5.377212867856132E-4
5.414526428107972E-4
5.452040707495772E-4
5.489753287035772E-4
5.527661696524083E-4
5.565763416289166E-4
5.604055878913219E-4
5.642536470923127E-4
5.681202534451137E-4
5.720051368865955E-4
5.759080232374447E-4
5.798286343594415E-4
5.837666883099015E-4
5.877218994932898E-4
5.916939788100766E-4
5.956826338028583E-4
5.99687568799779E-4
6.03708485055309E-4
6.077450808883907E-4
6.117970518180143E-4
6.158640906962554E-4
6.199458878387863E-4
6.240421311529573E-4
6.281525062634232E-4
6.322766966354163E-4
6.364143836956931E-4
6.405652469512408E-4
6.447289641058278E-4
6.4890521117456E-4
6.530936625966475E-4
6.57293991346714E-4
6.615058690451681E-4
6.65728966068459E-4
6.699629516604634E-4
6.742074940469265E-4
6.784622605558733E-4
6.827269177483019E-4
6.870011315653667E-4
6.91384084788768E-4
6.958727024646976E-4
7.004639568215726E-4
7.05154866955186E-4
7.099424986152648E-4
7.148239641143055E-4
7.197964223724621E-4
7.248570790937316E-4
7.3000318703139E-4
7.352320462361613E-4
7.405410040792692E-4
7.459274548212557E-4
7.513888374721745E-4
7.569226325556956E-4
7.625263563862958E-4
7.681975508659894E-4
7.739337694768338E-4
7.797325592741827E-4
7.855914381427246E-4
7.915078603028521E-4
7.974791750821092E-4
8.035029191990061E-4
8.095776888277445E-4
8.157013137669365E-4
8.218716594143126E-4
8.280866263234308E-4
8.343441497651624E-4
8.406421992939414E-4
8.469787783187295E-4
8.533519236786177E-4
8.597597052230752E-4
8.662002253967346E-4
8.726716188287142E-4
8.791720519264236E-4
8.856997224737892E-4
8.922528592338647E-4
8.988297215558103E-4
9.054285989861389E-4
9.120478108842488E-4
9.186857060421554E-4
9.253406623084008E-4
9.320110862160916E-4
9.386954126150332E-4
9.453921043079028E-4
9.520996516904353E-4
9.58816572395582E-4
9.655414109415858E-4
9.722727383839542E-4
9.790091519712725E-4
9.857492748048368E-4
9.924917555020497E-4
9.992352678635616E-4
0.0010059785105440888
0.001012720206726908
0.0010194591038019708
0.001026193973047592
0.00103292360931569
0.0010396468307205605
0.0010463624783310873
0.001053069415866437
0.001059766529395134
0.0010664527270375168
0.0010731269386715315
0.0010797881156418305
0.0010864352304721435
0.0010930672765808841
0.001099683267999953
0.001106282239096727
0.001112863244299187
0.0011194253578241317
0.0011259676734084974
0.0011324893040436945
0.0011389893817129863
0.0011454670571318173
0.0011519214994911186
0.0011583518962035265
0.0011647574526524838
0.001171137391944225
0.0011774909546625697
0.001183817398626528
0.001190115998650701
0.0011963860463083894
0.0012026268496974526
0.0012088377332088607
0.001215018037297874
0.0012211671182579243
0.0012272843479970792
0.0012333691138171135
0.0012394208181952214
0.001245438878568306
0.0012514227271199303
0.001257371810570033
0.0012632855899675016
0.0012691635404859472
0.0012750051512230968
0.0012808099250046015
0.0012865773781934667
0.001292307040507012
0.0012979984548442953
0.0013036511771283778
0.0013237216031717933
0.0013434539358613432
0.0013628518798303778
0.0013819191052671608
0.0014006592484762472
0.0014190759125374108
0.0014371726680849656
0.0014549530542234536
0.0014724205795771008
0.0014895787234320682
0.001506430936863722
0.001522980643634752
0.0015392312406359845
0.0015551860965008152
0.0015708485491115975
0.0015862219004875956
0.001601309406847508
0.001616114264545708
0.001630639591524409
0.0016448884031569483
0.0016588635741095466
0.0016725677905616127
0.0016860038669068453
0.0016991757043920363
0.001712086304281017
0.0017247386390382745
0.001737135652583248
0.0017492802605424715
0.001761175350499616
0.001772823782243407
0.0017842283880134732
0.001795391972744131
0.0018063173143061022
0.0018170071637462074
0.001827464245525047
0.0018376912577526732
0.001847690872422264
0.0018574657356418708
0.0018670184678641546
0.001876351664114241
0.0018854678942156118
0.0018943697030141204
0.001903059610600101
0.0019115401125286066
0.0019198136800377922
0.0019278827602654447
0.0019357497764637013
0.0019434171282119307
0.0019508871916278378
0.0019581623195767594
0.0019652448418792197
0.0019721370655166955
0.001978841274835682
0.0019853597317499856
0.0019916946759413368
0.0019978483250582962
0.0020038228749134665
0.0020096204996790457
0.002015243352080718
0.002020693563589884
0.0020259732446143044
0.0020310844846870755
0.002036029352654022
0.0020408098968595157
0.002045428145330697
0.002049886105960123
0.002054185766686891
0.0020583290956761955
0.0020623180414973755
0.0020661545333004482
0.0020698404809911266
0.0020733777754043574
0.002076768288476379
0.002080013873415322
0.0020831163648703547
0.0020860775790993583
0.002088899314135217
0.0020915833499506693
0.002094131448621757
0.0020965453544898606
0.0020988267943223785
0.002100977477472037
0.0021029990960348102
0.002104893325006507
0.0021066618224380622
0.002108306229589399
0.002109828171082121
0.0021112292550508087
0.0021125110732930627
0.0021136752014183557
0.002114723198995607
0.002115656609699699
0.002116476961456882
0.002117185766589358
0.0021177845219592308
0.0021182747091122557
0.0021186577944220407
0.002118935229235797
0.0021191084500231778
0.002119178878530717
0.004219284002393715
0.004190239414521353
0.004161394765362333
0.004132748679325613
0.0041042997907100144
0.004076046743838564
0.00404798819327004
0.004020122804104348
0.003992449252392265
0.003964966225644989
0.0039376724234083706
0.00391056655781412
0.0038836473539380907
0.0038569135497956855
0.0038303638948607326
0.003803997147774931
0.003777812072047601
0.0037518074280067882
0.003725981961675588
0.0037003343903145775
0.00367486338367703
0.0036495675340743787
0.0036244453185020793
0.0035994953504579646
0.0035747171347259624
0.0035501094889658813
0.0035256712389769625
0.0035014012186418433
0.003477298269870913
0.0034533612425470444
0.0034295889944707097
0.003405980391305461
0.0033825343065238067
0.00335924962135346
0.0033361252247239206
0.003313160013213483
0.003290352890996564
0.003267702769791412
0.003245208568808157
0.003222869214697255
0.0032006836414982627
0.0031786507905889366
0.003156769610634768
0.0031350390575387668
0.0031134580943916463
0.003092025691422355
0.0030707408259489075
0.0030496024823296174
0.0030286096519145877
0.0030077613329976063
0.00298705653076833
0.002966494257264813
0.0029460735313263575
0.0029257933785467056
0.002905652831227514
0.002885650928332193
0.0028657867154400422
0.002846059244700695
0.0028264675747888945
0.0028070107708595754
0.002787687904503231
0.002768498053701646
0.0027494403027838537
0.0027305137423824714
0.002711717469390284
0.002693050586917168
0.002674512204247262
0.0026561014367964928
0.002637817406070332
0.002619659239621904
0.0026016260710103128
0.002583717039759343
0.0025659312913163543
0.002548267977011523
0.0025307262540173394
0.00251330528530839
0.002496004239621405
0.0024788222914155977
0.0024617586208332616
0.00244481241366066
0.0024279828612891624
0.002411269160676647
0.002394670514309198
0.0023781861301630427
0.002361815221666744
0.002345557007663695
0.0023294107123748133
0.0023133755653615504
0.0022974508014891406
0.002281635660890101
0.0022659293889280394
0.0022503312361617065
0.0022348404583094053
0.0022194563162137248
0.0022041780758067257
0.00218900500807568
0.0021739363890295894
0.0021589714996667854
0.0021441096259441905
0.0021293500587490073
0.3072004177789756
