0.003681218103549689
0.007362421786948733
0.011043610268605295
0.014724823061552683
0.01840608279342215
0.018406098798613782
0.018406082304367515
0.01840604010017782
0.018405955323524424
0.01840590078748371
0.018405960526152437
0.018405994042897163
0.018405982407225633
0.01840592376658674
0.018405759677308363
0.01840562763666638
0.01840570742958718
0.01840578198383621
0.01840576269006163
0.018405640092647044
0.018405401483668034
0.018405303323631987
0.01840551607112957
0.018405410936726735
0.018405132485338878
0.018405142947291574
0.01840549013731268
0.01840568317642239
0.018404135303767975
0.018403412333578166
0.018405276958414957
0.018408292406430236
0.0184074764550722
0.018395492088645153
0.018399023166891924
0.01841425139579103
0.018423437294819656
0.01840447670920001
0.018336433590619875
0.018415854359057272
0.01848968490162751
0.01846905335249827
0.018309740081724903
0.017997189604352034
0.01881373483516274
0.018858172878493323
0.018365339896143307
0.017512946943396744
0.016434511448966776
0.022897214746719373
0.019080939819355238
0.01590073611859033
0.013250643514516802
0.011042222507513778
0.0552108531459406
