5.0168103548622095E-8
1.0039828994295447E-7
1.5069049759257034E-7
2.0104466486987558E-7
2.5146073011308076E-7
3.0193863163072617E-7
3.524783077110463E-7
4.030796966460473E-7
4.5374273679900614E-7
5.044673667965627E-7
5.552535260681929E-7
6.061011563271167E-7
6.570102055307919E-7
7.079806381862273E-7
7.590124614202176E-7
8.101057890570913E-7
8.612609945210271E-7
9.12479064716229E-7
9.637623934936987E-7
1.0151165027531258E-6
1.066553647503646E-6
1.1181000914495705E-6
1.1698102133596789E-6
1.2217926823862447E-6
1.2742566974857714E-6
1.3275891598579658E-6
1.3824749194684176E-6
1.4400681303443687E-6
1.502195553939502E-6
1.5715719747480994E-6
1.6518969092218342E-6
1.7475707567265324E-6
1.862652691136658E-6
1.9984829969732957E-6
2.149397540308328E-6
2.2971426197290215E-6
2.411166458463879E-6
2.4780531103697887E-6
2.545029541446715E-6
2.6120956931765254E-6
2.679251506951048E-6
2.7464969240743633E-6
2.8138318857651257E-6
2.881256333158971E-6
2.948770207310838E-6
3.016373449197335E-6
3.0840659997191838E-6
3.1518477997035984E-6
3.2197187899067222E-6
3.287678911016077E-6
3.355728103653004E-6
3.4238663083751608E-6
3.492093465679002E-6
3.5604095160022667E-6
3.6288143997265448E-6
3.6973080571797697E-6
3.7658904286388033E-6
3.8345614543319885E-6
3.903321074441763E-6
3.97216922910722E-6
4.041105858426783E-6
4.110130902460792E-6
4.179244301234187E-6
4.2484459947391705E-6
4.317735922937895E-6
4.3871140257651675E-6
4.456580243131166E-6
4.526134514924225E-6
4.595776781013466E-6
4.6655069812517325E-6
4.735325055478265E-6
4.8052309435215735E-6
4.8752245852021945E-6
4.94530592033561E-6
5.0154748887350756E-6
5.085731430214473E-6
5.156075484591293E-6
5.226506991689426E-6
5.297025891342181E-6
5.3676321233952305E-6
5.438325627709593E-6
5.509106344164539E-6
5.579974212660684E-6
5.650929173122999E-6
5.721971165503807E-6
5.793100129785928E-6
5.864316005985697E-6
5.935618734156057E-6
6.0070082543897435E-6
6.07848450682236E-6
6.150047431635601E-6
6.221696969060363E-6
6.293433059379962E-6
6.365255642933395E-6
6.437164660118547E-6
6.509160051395417E-6
6.581241757289449E-6
6.6534097183948076E-6
6.725663875377688E-6
6.798004168979639E-6
6.87043054002097E-6
6.942942929404095E-6
7.015541278116963E-6
7.088225527236357E-6
7.160995617931568E-6
7.233851491467608E-6
7.306793089208851E-6
7.379820352622482E-6
7.45293322328201E-6
7.5261316428708405E-6
7.599415553185818E-6
7.67278489614088E-6
7.746239613770525E-6
7.819779648233578E-6
7.893404941816819E-6
7.967115436938603E-6
8.040911076152568E-6
8.11479180215142E-6
8.188757557770599E-6
8.262808285992084E-6
8.336943929948119E-6
8.411164432925112E-6
8.485469738367376E-6
8.559859789881056E-6
8.634334531237917E-6
8.708893906379333E-6
8.783537859420095E-6
8.858266334652507E-6
8.933079276550233E-6
9.007976629772276E-6
9.082958339167072E-6
9.15802434977645E-6
9.233174606839717E-6
9.308409055797777E-6
9.383727642297161E-6
9.459130312194202E-6
9.5346170115592E-6
9.610187686680516E-6
9.685842284068855E-6
9.761580750461506E-6
9.83740303282642E-6
9.91330907836676E-6
9.989298834524838E-6
1.0065372248986804E-5
1.0141529269686705E-5
1.0217769844810994E-5
1.0294093922802881E-5
1.037050145236671E-5
1.0446992382472457E-5
1.0523566662360182E-5
1.0600224241544492E-5
1.067696506981903E-5
1.0753789097261136E-5
1.0830696274236227E-5
1.0907686551402464E-5
1.0984759879715442E-5
1.1061916210432666E-5
1.113915549511839E-5
1.1216477685648136E-5
1.129388273421349E-5
1.1371370593326839E-5
1.144894121582605E-5
1.1526594554879428E-5
1.1604330563990305E-5
1.1682149197002044E-5
1.1760050408102823E-5
1.1838034151830531E-5
1.1916100383077675E-5
1.1994249057096323E-5
1.2072480129503103E-5
1.2150793556284089E-5
1.222918929379993E-5
1.2307667298790756E-5
1.2386227528381396E-5
1.246486994008635E-5
1.2543594491814936E-5
1.2622401141876466E-5
1.2701289848985246E-5
1.278026057226609E-5
1.2859313271259182E-5
1.2938447905925525E-5
1.3017664436652212E-5
1.3096962824257573E-5
1.317634302999662E-5
1.3255805015566363E-5
1.333534874311123E-5
1.3414974175228252E-5
1.3494681274972724E-5
1.3574470005863621E-5
1.3654340331888895E-5
1.373429221751115E-5
1.3814325627673082E-5
1.3894440527803066E-5
1.3974636883820674E-5
1.4054914662142357E-5
1.4135273829687016E-5
1.421571435388169E-5
1.429623620266712E-5
1.437683934450362E-5
1.4457523748376804E-5
1.448812128025471E-5
1.451873793089413E-5
1.4549373732483403E-5
1.4580028717800752E-5
1.4610702920226478E-5
1.464139637377099E-5
1.4672109113149611E-5
1.4702841173987174E-5
1.4733592593379286E-5
1.4764363411410546E-5
1.4795153675189366E-5
1.4825963449352209E-5
1.4856792842824213E-5
1.4887642075470083E-5
1.4918511640239433E-5
1.4949402688115194E-5
1.498031791908703E-5
1.5011263590350968E-5
1.5042253918579325E-5
1.5073320451989237E-5
1.510453141366247E-5
1.513603032581626E-5
1.516811043363594E-5
1.5201352641391222E-5
1.5236870366098564E-5
1.527672339139656E-5
1.532457820307606E-5
1.5386689112694308E-5
1.547323382814608E-5
1.5599726346824725E-5
1.578840544071406E-5
1.606849003663776E-5
1.6473241788102936E-5
1.703130848219647E-5
1.7748457890300698E-5
1.857552880059027E-5
1.9363610527189474E-5
1.985024825017378E-5
1.9891491683140488E-5
1.9932762186601473E-5
1.9974059788839287E-5
2.0015384518737618E-5
2.0056736405784468E-5
2.0098115480076188E-5
2.0139521772321165E-5
2.0180955313843734E-5
2.0222416136587507E-5
2.026390427311963E-5
2.030541975663443E-5
2.03469626209573E-5
2.0388532900548466E-5
2.043013063050696E-5
2.0471755846574492E-5
2.0513408585139417E-5
2.0555088883240485E-5
2.0596796778571118E-5
2.0638532309483135E-5
2.0680295514990857E-5
2.0722086434775098E-5
2.076390510918742E-5
2.0805751579253773E-5
2.084762588667904E-5
2.088952807385091E-5
2.0931458183844045E-5
2.0973416260424297E-5
2.1015402348052798E-5
2.1057416491890304E-5
2.1099458737801376E-5
2.1141529132358605E-5
2.1183627722846776E-5
2.1225754557267472E-5
2.1267909684343117E-5
2.1310093153521546E-5
2.1352305014980112E-5
2.1394545319630325E-5
2.143681411912227E-5
2.147911146584878E-5
2.152143741295041E-5
2.1563792014319383E-5
2.1606175324604406E-5
2.1648587399215104E-5
2.1691028294327035E-5
2.1733498066885454E-5
2.1775996774610612E-5
2.1818524476002186E-5
2.1861081230343862E-5
2.1903667097708247E-5
2.1946282138961438E-5
2.1988926415767715E-5
2.2031599990594473E-5
2.2074302926716937E-5
2.2117035288223046E-5
2.215979714001813E-5
2.220258854783004E-5
2.224540957821384E-5
2.2288260298556893E-5
2.233114077708363E-5
2.23740510828607E-5
2.2416991285801894E-5
2.245996145667315E-5
2.2502961667097617E-5
2.254599198956084E-5
2.2589052497415618E-5
2.263214326488755E-5
2.267526436707946E-5
2.2718415879977566E-5
2.2761597880455865E-5
2.2804810446281524E-5
2.2848053656120564E-5
2.2891327589542622E-5
2.293463232702638E-5
2.2977967949965078E-5
2.3021334540671897E-5
2.306473218238478E-5
2.3108160959272444E-5
2.315162095643962E-5
2.31951122599324E-5
2.3238634956743593E-5
2.328218913481857E-5
2.3325774883060388E-5
2.3369392291335774E-5
2.3413041450480087E-5
2.345672245230343E-5
2.3500435389595876E-5
2.3544180356133477E-5
2.3587957446683463E-5
2.3631766757010218E-5
2.3675608383880793E-5
2.3719482425070755E-5
2.3763388979370004E-5
2.3807328146588025E-5
2.385130002756035E-5
2.389530472415359E-5
2.393934233927198E-5
2.3983412976862763E-5
2.4027516741922058E-5
2.407165374050089E-5
2.4115824079710963E-5
2.4160027867730627E-5
2.4204265213810566E-5
2.4248536228280307E-5
2.4292841022553283E-5
2.4337179709133856E-5
2.438155240162222E-5
2.4425959214721362E-5
2.4470400264242443E-5
2.4514875667111104E-5
2.455938554137358E-5
2.4603930006202374E-5
2.464850918190285E-5
2.4693123189919063E-5
2.4737772152839796E-5
2.4782456194404793E-5
2.482717543951107E-5
2.48719300142187E-5
2.4916720045757038E-5
2.49615456625313E-5
2.5006406994128165E-5
2.5051304171322547E-5
2.509623732608323E-5
2.514120659157945E-5
2.5186212102187267E-5
2.5231253993495066E-5
2.5276332402310826E-5
2.5321447466667594E-5
2.5366599325830037E-5
2.5411788120300766E-5
2.5457013991826358E-5
2.550227708340399E-5
2.5547577539287493E-5
2.5592915504993777E-5
2.5638291127308954E-5
2.5683704554294787E-5
2.572915593529515E-5
2.577464542094194E-5
2.582017316316186E-5
2.5865739315182483E-5
2.591134403153847E-5
2.595698746807818E-5
2.600266978196999E-5
2.604839113170827E-5
2.609415167712028E-5
2.6139951579372077E-5
2.6185791000974818E-5
2.6231670105791592E-5
2.6277589059043133E-5
2.6323548027314726E-5
2.6369547178562115E-5
2.6415586682117943E-5
2.646166670869834E-5
2.650778743040893E-5
2.6553949020751268E-5
2.6600151654629223E-5
2.6646395508355256E-5
2.6692680759656655E-5
2.6739007587681886E-5
2.678537617300706E-5
2.6831786697642083E-5
2.6878239345036753E-5
2.6924734300087222E-5
2.6971271749142675E-5
2.7017851880010888E-5
2.706447488196522E-5
2.7111140945751295E-5
2.715785026359451E-5
2.7204603029211434E-5
2.7251399437829628E-5
2.7298239686235945E-5
2.7345123972903405E-5
2.7392052498345028E-5
2.743902546609465E-5
2.7486043085395946E-5
2.753310557843996E-5
2.7580213199446982E-5
2.7627366283885904E-5
2.7674565372562802E-5
2.7721811517123748E-5
2.776910701388189E-5
2.7816457121839343E-5
2.7863873978610438E-5
2.7911385279149422E-5
2.7959052950447576E-5
2.800701209854899E-5
2.805554957106996E-5
2.8105256843700716E-5
2.8157316131099354E-5
2.8214013099676103E-5
2.827961158079479E-5
2.8361762307162508E-5
2.8473739897502604E-5
2.863692484595517E-5
2.8884278835097135E-5
2.9263724776885356E-5
2.9838398283459237E-5
3.068060649336086E-5
3.185218239550672E-5
3.3354701511491664E-5
3.5004068621955204E-5
3.619961850374668E-5
3.626095069345903E-5
3.632233544179353E-5
3.638377294293182E-5
3.644526339259052E-5
3.6506806988028734E-5
3.65684039280575E-5
3.663005441304759E-5
3.6691758644938575E-5
3.675351682724733E-5
3.681532916507713E-5
3.687719586512609E-5
3.693911713569651E-5
3.700109318670402E-5
3.7063124229686536E-5
3.712521047781345E-5
3.718735214589543E-5
3.724954945039283E-5
3.731180260942664E-5
3.7374111842786434E-5
3.743647737194146E-5
3.749889942004923E-5
3.756137821196646E-5
3.762391397425751E-5
3.768650693520596E-5
3.7749157324823315E-5
3.781186537485986E-5
3.787463131881463E-5
3.7937455391945324E-5
3.8000337831279385E-5
3.8063278875623425E-5
3.812627876557457E-5
3.8189337743530256E-5
3.825245605369941E-5
3.8315633942112334E-5
3.8378871656632274E-5
3.8442169446965454E-5
3.850552756467219E-5
3.8568946263177774E-5
3.8632425797783065E-5
3.8695966425676174E-5
3.875956840594254E-5
3.882323199957669E-5
3.888695746949263E-5
3.895074508053654E-5
3.901459509949563E-5
3.907850779511137E-5
3.9142483438089825E-5
3.9206522301112784E-5
3.927062465884994E-5
3.9334790787969625E-5
3.939902096715024E-5
3.9463315477091585E-5
3.9527674600527E-5
3.959209862223388E-5
3.965658782904598E-5
3.972114250986442E-5
3.978576295566935E-5
3.985044945953189E-5
3.991520231662494E-5
3.9980021824235493E-5
4.004490828177573E-5
4.0109861990795106E-5
4.017488325499125E-5
4.023997238022238E-5
4.0305129674518154E-5
4.03703554480923E-5
4.043565001335271E-5
4.050101368491463E-5
4.056644677961144E-5
4.0631949616505884E-5
4.069752251690286E-5
4.076316580435972E-5
4.082887980469842E-5
4.089466484601722E-5
4.096052125870213E-5
4.1026449375437926E-5
4.109244953121987E-5
4.1158522063365846E-5
4.122466731152675E-5
4.129088561769846E-5
4.135717732623316E-5
4.142354278385041E-5
4.148998233964924E-5
4.1556496345117825E-5
4.162308515414663E-5
4.1689749123038016E-5
4.1756488610518587E-5
4.182330397774916E-5
4.1890195588336875E-5
4.195716380834534E-5
4.202420900630581E-5
4.2091331553228964E-5
4.215853182261421E-5
4.22258101904617E-5
4.229316703528205E-5
4.2360602738108245E-5
4.2428117682505255E-5
4.249571225458065E-5
4.256338684299565E-5
4.263114183897497E-5
4.269897763631754E-5
4.276689463140615E-5
4.28348932232187E-5
4.290297381333716E-5
4.2971136805958515E-5
4.303938260790392E-5
4.310771162862923E-5
4.317612428023481E-5
4.324462097747454E-5
4.3313202137766246E-5
4.3381868181200376E-5
4.345061953055061E-5
4.351945661128209E-5
4.358837985156138E-5
4.365738968226511E-5
4.37264865369897E-5
4.3795670852059853E-5
4.386494306653736E-5
4.393430362223033E-5
4.400375296370141E-5
4.407329153827654E-5
4.414291979605362E-5
4.42126381899102E-5
4.428244717551305E-5
4.435234721132417E-5
4.44223387586112E-5
4.4492422281453796E-5
4.4562598246751554E-5
4.46328671242324E-5
4.470322938645948E-5
4.477368550883898E-5
4.484423596962733E-5
4.4914881249938214E-5
4.498562183375006E-5
4.505645820791261E-5
4.5127390862154095E-5
4.5198420289087594E-5
4.526954698421798E-5
4.534077144594803E-5
4.541209417558484E-5
4.548351567734603E-5
4.5555036458366166E-5
4.5626657028701966E-5
4.569837790133873E-5
4.577019959219552E-5
4.584212262013079E-5
4.591414750694837E-5
4.598627477740152E-5
4.605850495919913E-5
4.613083858301011E-5
4.620327618246809E-5
4.6275818294176756E-5
4.634846545771359E-5
4.642121821563466E-5
4.649407711347894E-5
4.656704269977206E-5
4.6640115526030474E-5
4.67132961467651E-5
4.6786585119485384E-5
4.6859983004702234E-5
4.693349036593157E-5
4.700710776969877E-5
4.7080835785546366E-5
4.71546749860397E-5
4.722862594677735E-5
4.7302689246401586E-5
4.7376865466610035E-5
4.745115519217156E-5
4.7525559010947046E-5
4.760007751392809E-5
4.76747112953212E-5
4.7749460952769505E-5
4.7824327087964415E-5
4.78993103083532E-5
4.797441123187262E-5
4.8049630499845374E-5
4.812496881141404E-5
4.820042701349984E-5
4.827600633046922E-5
4.8351708936615154E-5
4.842753934808015E-5
4.850350772060694E-5
4.8579637454184094E-5
4.86559822397404E-5
4.8732663149339424E-5
4.880994683155953E-5
4.8888404916836365E-5
4.896922743032516E-5
4.90548152049486E-5
4.9149851883080285E-5
4.9263150287369916E-5
4.941097450249588E-5
4.962074237679593E-5
4.9937356426165356E-5
5.043146307747841E-5
5.120567891764367E-5
5.2395682080503314E-5
5.4154700934544426E-5
5.658526560373679E-5
5.949107056753926E-5
6.177306976123412E-5
6.186696441831491E-5
6.196098532762754E-5
6.205513309168856E-5
6.214940831669975E-5
6.224381161257881E-5
6.233834359299387E-5
6.243300487539556E-5
6.25277960810505E-5
6.262271783507384E-5
6.27177707664616E-5
6.281295550812451E-5
6.290827269691918E-5
6.300372297368203E-5
6.309930698326096E-5
6.319502537454703E-5
6.329087880050836E-5
6.338686791821936E-5
6.348299338889489E-5
6.357925587792004E-5
6.367565605488261E-5
6.37721945936025E-5
6.386887217216527E-5
6.396568947294872E-5
6.406264718265646E-5
6.415974599234668E-5
6.425698659746073E-5
6.435436969785393E-5
6.445189599782335E-5
6.454956620613753E-5
6.464738103606325E-5
6.474534120539458E-5
6.484344743647976E-5
6.494170045624875E-5
6.5040100996239E-5
6.513864979262308E-5
6.523734758623319E-5
6.533619512258729E-5
6.543519315191414E-5
6.55343424291769E-5
6.563364371409884E-5
6.57330977711854E-5
6.583270536974802E-5
6.593246728392576E-5
6.60323842927105E-5
6.613245717996414E-5
6.623268673444313E-5
6.633307374981786E-5
6.643361902469242E-5
6.653432336262499E-5
6.663518757214692E-5
6.673621246678008E-5
6.683739886505605E-5
6.693874759053302E-5
6.704025947181275E-5
6.714193534255693E-5
6.72437760415029E-5
6.734578241247847E-5
6.744795530441756E-5
6.75502955713727E-5
6.76528040725299E-5
6.775548167222061E-5
6.785832923993467E-5
6.79613476503312E-5
6.806453778325061E-5
6.816790052372408E-5
6.827143676198477E-5
6.837514739347546E-5
6.847903331885884E-5
6.858309544402451E-5
6.868733468009679E-5
6.879175194344204E-5
6.889634815567416E-5
6.900112424366017E-5
6.910608113952603E-5
6.921121978066102E-5
6.931654110972055E-5
6.942204607462946E-5
6.952773562858589E-5
6.963361073006189E-5
6.973967234280496E-5
6.98459214358392E-5
6.995235898346464E-5
7.005898596525765E-5
7.016580336606843E-5
7.027281217602074E-5
7.038001339050766E-5
7.048740801019082E-5
7.059499704099424E-5
7.070278149410164E-5
7.081076238595159E-5
7.091894073823039E-5
7.102731757786821E-5
7.113589393703044E-5
7.124467085311119E-5
7.135364936872454E-5
7.14628305316971E-5
7.157221539505818E-5
7.168180501702913E-5
7.179160046101433E-5
7.190160279558961E-5
7.201181309448981E-5
7.212223243659715E-5
7.223286190592944E-5
7.234370259162433E-5
7.245475558792744E-5
7.256602199417566E-5
7.267750291478422E-5
7.27891994592292E-5
7.290111274203116E-5
7.301324388273942E-5
7.312559400591248E-5
7.323816424110194E-5
7.335095572283257E-5
7.346396959058329E-5
7.357720698876706E-5
7.369066906671086E-5
7.380435697863474E-5
7.391827188362987E-5
7.403241494563627E-5
7.414678733342067E-5
7.426139022055347E-5
7.437622478538389E-5
7.44912922110169E-5
7.460659368528806E-5
7.472213040073687E-5
7.483790355458283E-5
7.495391434869832E-5
7.50701639895804E-5
7.518665368832569E-5
7.530338466059951E-5
7.542035812661032E-5
7.553757531107823E-5
7.56550374432072E-5
7.577274575665411E-5
7.589070148949833E-5
7.600890588421156E-5
7.612736018762506E-5
7.624606565089797E-5
7.636502352948604E-5
7.648423508310712E-5
7.660370157570837E-5
7.672342427543341E-5
7.684340445458598E-5
7.696364338959693E-5
7.708414236098778E-5
7.720490265333554E-5
7.732592555523754E-5
7.744721235927207E-5
7.756876436196504E-5
7.769058286374954E-5
7.781266916892919E-5
7.793502458564045E-5
7.80576504258124E-5
7.818054800512926E-5
7.830371864298941E-5
7.842716366246657E-5
7.855088439026888E-5
7.867488215669834E-5
7.879915829560994E-5
7.892371414436958E-5
7.904855104428815E-5
7.917367034104158E-5
7.929907338508263E-5
7.942476153203663E-5
7.955073614308813E-5
7.967699858535816E-5
7.980355023226625E-5
7.99303924638857E-5
8.005752666728938E-5
8.018495423689323E-5
8.031267657481359E-5
8.044069509129162E-5
8.056901120533475E-5
8.069762634600966E-5
8.082654195562606E-5
8.095575949821646E-5
8.108528048254154E-5
8.121510652396633E-5
8.13452395079287E-5
8.147568201248193E-5
8.160643837493294E-5
8.173751731798356E-5
8.186893824885576E-5
8.200074596174892E-5
8.213304398661458E-5
8.22660679899177E-5
8.240034226646339E-5
8.253700224968502E-5
8.267843533860201E-5
8.282950459401074E-5
8.299978484942439E-5
8.320807404471209E-5
8.348727679986879E-5
8.389419221391954E-5
8.452439321656969E-5
8.552755429366408E-5
8.71215278032004E-5
8.95895074128968E-5
9.31968921777246E-5
9.7776707982219E-5
1.0156775990616546E-4
1.0172111873262053E-4
1.0187479084458277E-4
1.0202877781922494E-4
1.0218308124641065E-4
1.0233770272872773E-4
1.024926438815228E-4
1.0264790633292587E-4
1.0280349172387066E-4
1.0295940170810819E-4
1.0311563795221646E-4
1.0327220213560385E-4
1.0342909595050697E-4
1.0358632110198512E-4
1.0374387930790746E-4
1.0390177229893488E-4
1.0406000181850177E-4
1.0421856962278543E-4
1.0437747748067732E-4
1.0453672717374639E-4
1.0469632049619972E-4
1.0485625925483555E-4
1.0501654526899766E-4
1.0517718037051753E-4
1.0533816640366118E-4
1.0549950522506559E-4
1.0566119870367255E-4
1.058232487206609E-4
1.0598565716937172E-4
1.0614842595523292E-4
1.06311556995677E-4
1.0647505222005757E-4
1.0663891356956198E-4
1.0680314299711961E-4
1.0696774246730711E-4
1.0713271395625207E-4
1.0729805945153025E-4
1.074637809520626E-4
1.0762988046800786E-4
1.0779636002065123E-4
1.0796322164229513E-4
1.0813046737613829E-4
1.0829809927616063E-4
1.0846611940699966E-4
1.0863452984383041E-4
1.0880333267223306E-4
1.0897252998806851E-4
1.091421238973454E-4
1.0931211651608568E-4
1.0948250997018902E-4
1.0965330639529542E-4
1.0982450793664177E-4
1.0999611674892214E-4
1.1016813499614129E-4
1.1034056485146793E-4
1.1051340849708703E-4
1.1068666812404794E-4
1.1086034593211168E-4
1.1103444412959875E-4
1.1120896493322995E-4
1.1138391056797169E-4
1.115592832668747E-4
1.1173508527091395E-4
1.1191131882882648E-4
1.1208798619694672E-4
1.1226508963904141E-4
1.1244263142614383E-4
1.1262061383638484E-4
1.1279903915482424E-4
1.1297790967327976E-4
1.1315722769015601E-4
1.1333699551027179E-4
1.1351721544468547E-4
1.1369788981052055E-4
1.1387902093079007E-4
1.1406061113422035E-4
1.14242662755072E-4
1.1442517813296121E-4
1.1460815961268228E-4
1.147916095440254E-4
1.1497553028159776E-4
1.151599241846395E-4
1.1534479361684311E-4
1.1553014094617129E-4
1.1571596854467091E-4
1.159022787882918E-4
1.1608907405669958E-4
1.162763567330943E-4
1.1646412920402046E-4
1.1665239385918467E-4
1.1684115309126917E-4
1.1703040929574229E-4
1.1722016487067696E-4
1.1741042221655866E-4
1.1760118373610084E-4
1.1779245183405594E-4
1.1798422891702963E-4
1.1817651739329176E-4
1.183693196725879E-4
1.1856263816595309E-4
1.1875647528552312E-4
1.1895083344434577E-4
1.1914571505619295E-4
1.1934112253537504E-4
1.1953705829654983E-4
1.1973352475453663E-4
1.1993052432412784E-4
1.2012805941990235E-4
1.2032613245603771E-4
1.2052474584612272E-4
1.2072390200297127E-4
1.2092360333843406E-4
1.2112385226321506E-4
1.2132465118668334E-4
1.2152600251668803E-4
1.217279086593726E-4
1.219303720189903E-4
1.221333949977197E-4
1.223369799954805E-4
1.2254112940974824E-4
1.2274584563537344E-4
1.229511310643979E-4
1.2315698808587112E-4
1.2336341908566987E-4
1.235704264463183E-4
1.2377801254680236E-4
1.2398617976239494E-4
1.2419493046447535E-4
1.2440426702034656E-4
1.246141917930625E-4
1.2482470714124546E-4
1.2503581541891285E-4
1.2524751897529835E-4
1.254598201546789E-4
1.25672721296196E-4
1.2588622473368595E-4
1.261003327955034E-4
1.2631504780435062E-4
1.2653037207710293E-4
1.2674630792464104E-4
1.2696285765167821E-4
1.271800235565917E-4
1.2739780793125522E-4
1.276162130608687E-4
1.2783524122379422E-4
1.2805489469138657E-4
1.2827517572783115E-4
1.2849608658997935E-4
1.287176295271817E-4
1.289398067811306E-4
1.291626205856951E-4
1.293860731667607E-4
1.2961016674207224E-4
1.298349035210705E-4
1.3006028570474088E-4
1.302863154854493E-4
1.3051299504679328E-4
1.3074032656344177E-4
1.3096831220098538E-4
1.311969541157812E-4
1.3142625459238797E-4
1.31656216040537E-4
1.318868409921404E-4
1.321181320983381E-4
1.323500921265755E-4
1.3258272395772142E-4
1.3281603058322203E-4
1.33050015102287E-4
1.332846807191134E-4
1.335200307401426E-4
1.337560685713601E-4
1.3399279771563713E-4
1.3423022177014876E-4
1.344683444239518E-4
1.347071694559684E-4
1.3494670073412987E-4
1.3518694221779947E-4
1.3542789796947122E-4
1.3566957219215384E-4
1.3591196933643478E-4
1.361550943921402E-4
1.3639895365723944E-4
1.366435567093999E-4
1.3688892132839467E-4
1.3713508545951258E-4
1.373821354922447E-4
1.3763027119345023E-4
1.37879950329991E-4
1.381322005584653E-4
1.3838926930565267E-4
1.3865592870090438E-4
1.389419921362105E-4
1.3926799600240001E-4
1.3967097398334712E-4
1.4021791804828379E-4
1.410285315854611E-4
1.4230237147399408E-4
1.443519836340385E-4
1.4762319614348448E-4
1.526058915577257E-4
1.592189426450016E-4
1.6491345764644058E-4
1.6518565395527346E-4
1.6545861777989636E-4
1.6573235417244967E-4
1.6600686820772485E-4
1.6628216498149135E-4
1.6655824960885317E-4
1.6683512722262845E-4
1.6711280297174966E-4
1.673912820196916E-4
1.6767056954292207E-4
1.6795067072937643E-4
1.6823159077695258E-4
1.6851333489203505E-4
1.6879590828803434E-4
1.6907931618395376E-4
1.6936356380298E-4
1.6964865637108793E-4
1.6993459911567594E-4
1.7022139726421918E-4
1.7050905604294524E-4
1.7079758067552563E-4
1.710869763818E-4
1.7137724837650576E-4
1.7166840186804428E-4
1.71960442057254E-4
1.72253374136212E-4
1.725472032870513E-4
1.7284193468079855E-4
1.7313757347623486E-4
1.7343412481877007E-4
1.7373159383933867E-4
1.7402998565331808E-4
1.7432930535945748E-4
1.7462955803883412E-4
1.749307487538233E-4
1.752328825470846E-4
1.7553596444057042E-4
1.7583999943454837E-4
1.7614499250664353E-4
1.7645094861090037E-4
1.7675787267685408E-4
1.7706576960862554E-4
1.773746442840315E-4
1.7768450155371336E-4
1.779953462402736E-4
1.783071831374409E-4
1.786200170092416E-4
1.789338525891934E-4
1.7924869457950864E-4
1.795645476503208E-4
1.7988141643891607E-4
1.8019930554899239E-4
1.805182195499231E-4
1.8083816297603981E-4
1.8115914032593245E-4
1.814811560617571E-4
1.818042146085639E-4
1.821283203536389E-4
1.8245347764585506E-4
1.8277969079504356E-4
1.8310696407137334E-4
1.834353017047484E-4
1.8376470788421554E-4
1.8409518675738758E-4
1.8442674242987679E-4
1.8475937896474416E-4
1.8509310038196172E-4
1.8542791065788363E-4
1.8576381372473465E-4
1.8610081347010649E-4
1.864389137364717E-4
1.867781183207021E-4
1.871184309736074E-4
1.8745985539948E-4
1.8780239525565515E-4
1.881460541520773E-4
1.88490835650883E-4
1.8883674326599569E-4
1.8918378046272341E-4
1.8953195065738137E-4
1.8988125721690954E-4
1.90231703458512E-4
1.9058329264930667E-4
1.9093602800597572E-4
1.9128991269443845E-4
1.9164494982952773E-4
1.920011424746768E-4
1.9235849364161752E-4
1.9271700629008764E-4
1.9307668332754988E-4
1.9343752760891502E-4
1.9379954193628345E-4
1.941627290586872E-4
1.945270916718464E-4
1.948926324179309E-4
1.9525935388533863E-4
1.9562725860847334E-4
1.9599634906753671E-4
1.9636662768832784E-4
1.9673809684205294E-4
1.9711075884513824E-4
1.9748461595905944E-4
1.97859670390171E-4
1.9823592428955082E-4
1.9861337975284662E-4
1.9899203882013476E-4
1.993719034757856E-4
1.9975297564833654E-4
2.0013525721037064E-4
2.005187499784071E-4
2.0090345571279272E-4
2.012893761176115E-4
2.016765128405869E-4
2.0206486747300443E-4
2.024544415496329E-4
2.0284523654865677E-4
2.0323725389161343E-4
2.0363049494333897E-4
2.040249610119166E-4
2.0442065334863853E-4
2.0481757314796755E-4
2.052157215475085E-4
2.0561509962798468E-4
2.0601570841322395E-4
2.0641754887014332E-4
2.0682062190874664E-4
2.0722492838213085E-4
2.076304690864817E-4
2.0803724476109955E-4
2.0844525608840824E-4
2.0885450369398514E-4
2.0926498814658826E-4
2.096767099581931E-4
2.100896695840312E-4
2.105038674226394E-4
2.109193038159071E-4
2.113359790491372E-4
2.1175389335110136E-4
2.1217304689411233E-4
2.1259343979409187E-4
2.1301507211064676E-4
2.1343794384715256E-4
2.1386205495083595E-4
2.1428740531286632E-4
2.1471399476844928E-4
2.151418230969282E-4
2.1557089002188646E-4
2.160011952112533E-4
2.164327382774208E-4
2.1686551877735574E-4
2.1729953621272085E-4
2.1773479003000355E-4
2.1817127962063694E-4
2.1860900432114176E-4
2.190479634132522E-4
2.194881561240662E-4
2.1992958162618035E-4
2.2037223903784563E-4
2.2081616726093753E-4
2.21261404448828E-4
2.2170798801395233E-4
2.2215595463531893E-4
2.2260534026596407E-4
2.2305618014034043E-4
2.2350850878165044E-4
2.2396236000912773E-4
2.2441776694525186E-4
2.2487476202291416E-4
2.253333769925192E-4
2.2579364292904376E-4
2.2625559023903456E-4
2.2671924866757577E-4
2.2718464730527032E-4
2.2765181459535617E-4
2.28120778341405E-4
2.285915657168268E-4
2.2906420327984797E-4
2.2953871700434616E-4
2.3001513235552576E-4
2.304934744891855E-4
2.3097376878344883E-4
2.3145604224255096E-4
2.3194032712927653E-4
2.324266701408644E-4
2.3291515498864157E-4
2.334059564377304E-4
2.338994659044838E-4
2.3439657447095182E-4
2.3489929000847356E-4
2.3541203638843716E-4
2.3594428677114012E-4
2.3651722593011625E-4
2.3716987492741583E-4
2.3797582742551487E-4
2.39074000222586E-4
2.407087332085993E-4
2.4328613189891112E-4
2.474267815773244E-4
2.538834222830711E-4
2.6271806052400237E-4
2.7057118978515536E-4
2.710970921471138E-4
2.716251879709681E-4
2.7215548849472573E-4
2.726880044933259E-4
2.732227462840751E-4
2.737597237320418E-4
2.74298946255406E-4
2.748404228307607E-4
2.7538416199837066E-4
2.7593017186738493E-4
2.7647846012100903E-4
2.770290340216287E-4
2.7758190041589343E-4
2.781370657397551E-4
2.78694536023461E-4
2.792543168965173E-4
2.7981641359258645E-4
2.8038083095436765E-4
2.809475734384197E-4
2.815166451199484E-4
2.8208804969754984E-4
2.826617904979192E-4
2.8323787048050727E-4
2.838162922421525E-4
2.843970580216595E-4
2.849801697043444E-4
2.8556562882653885E-4
2.861534365800562E-4
2.867435938166196E-4
2.873361010522479E-4
2.8793095847160654E-4
2.885281659323226E-4
2.891277229692531E-4
2.8972962879872806E-4
2.903338823227475E-4
2.9094048213314363E-4
2.9154942651571174E-4
2.9216071345429284E-4
2.9277434063483234E-4
2.9339030544940056E-4
2.9400860500017106E-4
2.9462923610336556E-4
2.952521952931745E-4
2.958774788256303E-4
2.9650508268244555E-4
2.971350025748273E-4
2.9776723394725273E-4
2.9840177198120466E-4
2.9903861159888374E-4
2.9967774746688015E-4
3.003191739998116E-4
3.009628853639398E-4
3.01608875480739E-4
3.0225713803043756E-4
3.0290766645554E-4
3.0356045396429354E-4
3.0421549353414366E-4
3.048727779151478E-4
3.055322996333606E-4
3.0619405099419E-4
3.068580240857181E-4
3.075242107819953E-4
3.081926027463052E-4
3.0886319143439393E-4
3.095359680976773E-4
3.102109237864088E-4
3.10888049352831E-4
3.115673354542837E-4
3.122487725562942E-4
3.129323509356328E-4
3.1361806068334387E-4
3.1430589170774315E-4
3.1499583373739384E-4
3.1568787632404836E-4
3.163820088455709E-4
3.1707822050881785E-4
3.1777650035250723E-4
3.1847683725005487E-4
3.191792199123771E-4
3.198836368906794E-4
3.205900765792068E-4
3.212985272179748E-4
3.220089768954754E-4
3.227214135513508E-4
3.234358249790458E-4
3.241521988284383E-4
3.2487052260843466E-4
3.255907836895494E-4
3.2631296930645546E-4
3.270370665605143E-4
3.2776306242226816E-4
3.284909437339311E-4
3.2922069721183343E-4
3.299523094488546E-4
3.3068576691682713E-4
3.314210559689239E-4
3.321581628420132E-4
3.3289707365899456E-4
3.336377744311143E-4
3.343802510602517E-4
3.351244893411902E-4
3.3587047496386164E-4
3.366181935155662E-4
3.3736763048317433E-4
3.381187712553061E-4
3.388716011244855E-4
3.396261052892783E-4
3.4038226885640315E-4
3.411400768428245E-4
3.4189951417782337E-4
3.4266056570504515E-4
3.434232161845379E-4
3.441874502947461E-4
3.4495325263451243E-4
3.457206077250367E-4
3.4648950001182774E-4
3.4725991386662933E-4
3.480318335893289E-4
3.488052434098429E-4
3.495801274899871E-4
3.503564699253275E-4
3.511342547470068E-4
3.5191346592355395E-4
3.5269408736268346E-4
3.534761029130587E-4
3.5425949636604825E-4
3.5504425145747333E-4
3.558303518693036E-4
3.5661778123137727E-4
3.574065231230695E-4
3.5819656107496044E-4
3.589878785704795E-4
3.5978045904753395E-4
3.605742859001174E-4
3.6136934247990566E-4
3.6216561209783066E-4
3.629630780256376E-4
3.6376172349742917E-4
3.645615317111897E-4
3.653624858302944E-4
3.66164568984997E-4
3.669677642739098E-4
3.677720547654627E-4
3.68577423499341E-4
3.693838534879152E-4
3.7019132771765495E-4
3.709998291505204E-4
3.7180934072534206E-4
3.7261984535918573E-4
3.734313259487042E-4
3.7424376537146246E-4
3.750571464872662E-4
3.7587145213945663E-4
3.7668666515620626E-4
3.7750276835178497E-4
3.783197445278274E-4
3.791375764745672E-4
3.799677819575803E-4
3.808101828723587E-4
3.8166460253741274E-4
3.825308656850635E-4
3.834087984523002E-4
3.842982283716933E-4
3.8519898436234956E-4
3.8611089672092657E-4
3.8703379711269937E-4
3.879675185626763E-4
3.8891189544676787E-4
3.898667634830032E-4
3.908319597228057E-4
3.918073225423176E-4
3.927926916337803E-4
3.93787907997006E-4
3.9479281393098705E-4
3.9580725302589204E-4
3.968310701561021E-4
3.9786411147640135E-4
3.989062244274469E-4
3.99957257768388E-4
4.0101706168711786E-4
4.0208548812755064E-4
4.031623917090419E-4
4.042476322210269E-4
4.053410811987729E-4
4.0644263878469275E-4
4.075522757731095E-4
4.086701354643772E-4
4.09796773050616E-4
4.109337005389754E-4
4.120845856784064E-4
4.1325779504691274E-4
4.1447360552371656E-4
4.157699706335322E-4
4.1722128456639167E-4
4.1897530384648804E-4
4.2130423036158306E-4
4.246831641038272E-4
4.2987782835108174E-4
4.378825077570829E-4
4.4893222386230904E-4
4.5902833378189296E-4
4.602194983038933E-4
4.61416009334923E-4
4.6261774320434336E-4
4.638245773386188E-4
4.650363902538551E-4
4.662530615483939E-4
4.674744718954496E-4
4.687005030357738E-4
4.6993103777038695E-4
4.711659599533343E-4
4.7240515448449937E-4
4.7364850730244703E-4
4.748959053773202E-4
4.7614723670377334E-4
4.7740239029394395E-4
4.786612561704834E-4
4.799237253596E-4
4.811896898841735E-4
4.8245904275689755E-4
4.8373167797345374E-4
4.850074905057456E-4
4.862863762951635E-4
4.8756823224587923E-4
4.888529562182091E-4
4.90140447021981E-4
4.914306044099769E-4
4.927233290713818E-4
4.940185226252985E-4
4.953160876142856E-4
4.966159274979406E-4
4.979179466465183E-4
4.992220503345935E-4
5.005281447347525E-4
5.018361369113311E-4
5.031459348141899E-4
5.044574472725159E-4
5.057705839886791E-4
5.070852555321111E-4
5.084013733332271E-4
5.097188496773886E-4
5.110375976988954E-4
5.123575313750112E-4
5.136785655200406E-4
5.150006157794276E-4
5.163235986238923E-4
5.176474313436077E-4
5.189720320424094E-4
5.202973196320407E-4
5.216232138264311E-4
5.22949635136013E-4
5.242765048620652E-4
5.256037450911069E-4
5.269312786893065E-4
5.282590292969312E-4
5.295869213228447E-4
5.309148799390147E-4
5.322428310750697E-4
5.335707014128855E-4
5.348984183811997E-4
5.36225910150274E-4
5.375531056265643E-4
5.388799344474464E-4
5.402063269759664E-4
5.415322142956152E-4
5.4285752820515E-4
5.441822012134322E-4
5.455061665343093E-4
5.4682935808152E-4
5.481517104636369E-4
5.494731589790348E-4
5.507936396108892E-4
5.521130890222167E-4
5.534314445509306E-4
5.547486442049374E-4
5.560646266572635E-4
5.573793312411988E-4
5.586926979454885E-4
5.6000466740955E-4
5.613151809186996E-4
5.626241803994458E-4
5.639316084147748E-4
5.652374081594858E-4
5.665415234555546E-4
5.67843898747515E-4
5.691444790978818E-4
5.704432101825891E-4
5.717400382864753E-4
5.730349102987678E-4
5.743277737086295E-4
5.756185766007089E-4
5.769072676507172E-4
5.78193796121058E-4
5.794781118564536E-4
5.807601652796191E-4
5.820399073869475E-4
5.833172897442438E-4
5.845922644824635E-4
5.85864784293487E-4
5.871348024259268E-4
5.88402272680944E-4
5.896671494081136E-4
5.909293875012945E-4
5.921889423945372E-4
5.934457700580162E-4
5.946998269939835E-4
5.959510702327508E-4
5.971994573286963E-4
5.984449463562995E-4
5.996874959061958E-4
6.009270650812528E-4
6.021636134926848E-4
6.03397101256186E-4
6.046274889880733E-4
6.058547378014762E-4
6.070788093025387E-4
6.082996655866475E-4
6.095172692346791E-4
6.107315833092806E-4
6.11942571351165E-4
6.131501973754367E-4
6.143544258679347E-4
6.155552217816044E-4
6.167525505328834E-4
6.179463779981284E-4
6.191366705100375E-4
6.203233948541228E-4
6.215065182651893E-4
6.226860084238369E-4
6.238618334529952E-4
6.250339619144655E-4
6.262023628054998E-4
6.273670055553893E-4
6.285278600220822E-4
6.296848964888204E-4
6.308380856607969E-4
6.319873986618428E-4
6.331328070311171E-4
6.342742827198358E-4
6.354117980880217E-4
6.365453259012544E-4
6.376748393274689E-4
6.388003119337527E-4
6.399217176831811E-4
6.410390309316552E-4
6.421522264247743E-4
6.432612792947201E-4
6.443661650571722E-4
6.454668596082263E-4
6.465633392213481E-4
6.476555805443369E-4
6.487435605963132E-4
6.498272567647281E-4
6.50906646802384E-4
6.51981708824487E-4
6.530524213057013E-4
6.541187630772446E-4
6.585206527539362E-4
6.628831919708954E-4
6.672066092118515E-4
6.714911318017572E-4
6.757369859122841E-4
6.799443965672924E-4
6.841135876482979E-4
6.882447818998828E-4
6.923382009351027E-4
6.963940652408646E-4
7.004125941832828E-4
7.043940060129985E-4
7.083385178704887E-4
7.122463457913463E-4
7.161177047115378E-4
7.199528084726417E-4
7.237518698270677E-4
7.275151004433229E-4
7.312427109113781E-4
7.349349107485348E-4
7.385919084068656E-4
7.422139112856017E-4
7.458011257586338E-4
7.493537572470059E-4
7.528720104221653E-4
7.563560897799245E-4
7.598062012392733E-4
7.632225565010158E-4
7.66605384637432E-4
7.699549620932361E-4
7.732716881724383E-4
7.765562693747941E-4
7.798101555164083E-4
7.830365373853062E-4
7.862425479993854E-4
7.894462151242349E-4
7.926811256812922E-4
7.960148040543051E-4
7.995869141440627E-4
8.036641890728007E-4
8.087300275443805E-4
8.155949293045676E-4
8.253618287065742E-4
8.383991992591615E-4
8.505682134864464E-4
8.533284846711806E-4
8.560580395210539E-4
8.587570670882809E-4
8.614257554377889E-4
8.640642916519645E-4
8.666728618354018E-4
8.692516511196239E-4
8.718008436677518E-4
8.743206226791986E-4
8.7681117039431E-4
8.79272668098995E-4
8.817052961293349E-4
8.841092338761696E-4
8.864846597896647E-4
8.888317513838532E-4
8.911506852411668E-4
8.934416370169272E-4
8.957047814438378E-4
8.979402923364532E-4
9.001483425956008E-4
9.023291042128194E-4
9.044827482747585E-4
9.06609444967545E-4
9.087093635811652E-4
9.10782672513789E-4
9.128295392761013E-4
9.148501304955958E-4
9.168446119208615E-4
9.188131484258418E-4
9.207559040140802E-4
9.226730418229339E-4
9.245647241277943E-4
9.264311123462469E-4
9.282723670422613E-4
9.300886479303212E-4
9.31880113879551E-4
9.336469229178338E-4
9.353892322358896E-4
9.37107198191346E-4
9.388009763128007E-4
9.404707213038415E-4
9.421165870470586E-4
9.437387266080583E-4
9.453372922394196E-4
9.469124353846618E-4
9.484643066821876E-4
9.499930559692E-4
9.514988322856106E-4
9.529817838779213E-4
9.544420582030991E-4
9.558798019324217E-4
9.572951609553104E-4
9.586882803831511E-4
9.600593045530791E-4
9.614083770317778E-4
9.627356406192219E-4
9.640412373524346E-4
9.653253085092129E-4
9.66587994611835E-4
9.678294354307623E-4
9.690497699883043E-4
9.702491365622823E-4
9.714276726896785E-4
9.725855151702547E-4
9.73722800070159E-4
9.748396627255294E-4
9.75936237746056E-4
9.770126590185465E-4
9.780690597104744E-4
9.791055722734928E-4
9.801223284469506E-4
9.811194592613906E-4
9.820970950420204E-4
9.830553654121732E-4
9.839943992967627E-4
9.849143249256978E-4
9.858152698373067E-4
9.866973608817354E-4
9.875607242243163E-4
9.88405485348956E-4
9.89231769061464E-4
9.900396994928992E-4
9.908294001028909E-4
9.91600993682937E-4
9.923546023596944E-4
9.930903475982556E-4
9.938083502054047E-4
9.945087303328557E-4
9.951916074804924E-4
9.958571004995706E-4
9.965053275959195E-4
9.971364063331315E-4
9.977504536357149E-4
9.98347585792269E-4
9.989279184585982E-4
9.994915666608649E-4
0.0010000386447986732
0.0010005692666481796
0.001001083545365173
0.0010015815934881292
0.001002063522941282
0.0010025294450376476
0.0010029794704820533
0.001003413709374146
0.001003832271211389
0.0010042352648920437
0.0010046227987181402
0.0010049949803984267
0.0010053519170513119
0.0010056937152077906
0.0010060204808143586
0.0010063323192359172
0.0010066293352586442
0.0010069116330928783
0.0010071793163759744
0.0010074324881751558
0.0010076712509903326
0.0010078957067569268
0.0010081059568486906
0.0010083021020804775
0.001008484242711041
0.0010086524784457852
0.0010088069084395286
0.0010089476312992486
0.001009074745086798
0.001009188347321623
0.0010092885349834754
0.0010093754045150908
0.001009449051824871
0.0010095095722895484
0.001009557060756838
0.0010095916115480763
0.001009613318460852
0.001009622274771613
0.001009618573238279
0.0010096023061028294
0.0010095735650938729
0.0010095324414292227
0.001009479025818456
0.0010094134084654425
0.0010093356790708764
0.001009245926834811
0.0010091442404591498
0.0010090307081501394
0.0010089054176208652
0.0010087684560937122
0.0010086199103028295
0.0010084598664965813
0.0010082884104399754
0.0010081056274170931
0.0010079116022335024
0.001007706419218666
0.001007490162228318
0.0010072629146468625
0.0010070247593897202
0.001973850958028705
0.0019668464958221012
0.001959867367979626
0.0019529134813534976
0.0019459847431422125
0.0019390810608892596
0.0019322023424818192
0.0019253484961494927
0.0019185194304630153
0.0019117150543329887
0.0019049352770086128
0.0018981800080764112
0.0018914491574589893
0.0018847426354137652
0.0018780603525317204
0.0018714022197361714
0.0018647681482815114
0.001858158049751991
0.0018515718360605192
0.0018450094194475118
0.0018384707124799947
0.001831955628051405
0.001825464079383702
0.0018189959800367355
0.001812551243939796
0.0018061297854898603
0.0017997315198447581
0.001793356363772561
0.0017870042380458537
0.00178067507401033
0.0017743688311108831
0.0017680855423187075
0.0017618254283563862
0.0017555891758622168
0.001749378592141372
0.0017431980912561277
0.0017370598254763038
0.001730986482040432
0.0017250248100408728
0.0017192748092463518
0.0017139324259135766
0.0017093617854365064
0.00170618870246705
0.00170528737547426
0.001706989161142472
0.0017081087321797978
0.0017019656321301988
0.001695845019599295
0.0016897468112173032
0.0016836709239253125
0.0016776172749741265
0.0016715857819231091
0.0016655763626390544
0.001659588935295006
0.001653623418369158
0.001647679730643678
0.0016417577912036156
0.0016358575194357395
0.0016299788350274433
0.001624121657965599
0.0016182859085354612
0.001612471507319556
0.0016066783751965564
0.0016009064333401945
0.0015951556032181638
0.0015894258065910162
0.0015837169655110704
0.0015780290023213392
0.0015723618396544267
0.001566715400431468
0.0015610896078610385
0.001555484385438102
0.0015498996569429182
0.0015443353464400069
0.001538791378277072
0.0015332676770839486
0.0015277641677715608
0.001522280775530862
0.001516817425831801
0.0015113740444222773
0.0015059505573271122
0.0015005468908470046
0.001495162971557516
0.0014897987263080392
0.0014844540822207782
0.0014791289666897338
0.001473823307379693
0.0014685370322252082
0.0014632700694296062
0.001458022347463983
0.0014527937950661973
0.0014475843412398834
0.0014423939152534606
0.0014372224466391464
0.0014320698651919686
0.0014269361009687936
0.0014218210842873356
0.001416724745725206
0.0014116470161189268
0.001406587826562967
0.001401547108408795
0.0013965247932639006
0.0013915208129908594
0.0013865350997063657
0.0013815675857802945
0.001376618203834753
0.0013716868867431511
0.0013667735676292428
0.0013618781798662106
0.0013570006570757318
0.001352140933127047
0.0013472989421360428
0.001342474618464325
0.0013376678967183077
0.0013328787117483012
0.0013281069986476014
0.001323352692751571
0.0013186157296367577
0.0013138960451199867
0.0013091935752574506
0.0013045082563438383
0.001299840024911432
0.0012951888177292238
0.0012905545718020334
0.0012859372243696242
0.0012813367129058406
0.0012767529751177098
0.0012721859489445988
0.0012676355725573323
0.001263101784357327
0.0012585845229757424
0.0012540837272726163
0.001249599336336009
0.0012451312894811593
0.0012406795262496296
0.001236243986408469
0.0012318246099493602
0.0012274213370877998
0.0012230341082622366
0.0012186628641332727
0.0012143075455828024
0.0012099680937132028
0.0012056444498465158
0.0012013365555236116
0.0011970443525033895
0.0011927677827619496
0.0011885067884917877
0.0011842613121009924
0.0011800312962124372
0.0011758166836629723
0.0011716174175026351
0.001167433440993848
0.0011632646976106268
0.0011591111310377993
0.0011549726851702005
0.0011508493041119062
0.0011467409321754406
0.001142647513881005
0.001138568993955698
0.0011345053173327409
0.001130456429150717
0.0011264222747527956
0.0011224027996859767
0.0011183979497003161
0.0011144076707481831
0.001110431908983495
0.001106470610760971
0.0011025237226353728
0.0010985911913607646
0.0010946729638897726
0.001090768987372832
0.0010868792091574585
0.0010830035767875061
0.0010791420380024388
0.0010752945407365956
0.0010714610331184597
0.0010676414634699439
0.0010638357803056603
0.0010600439323322052
0.0010562658684474305
0.0010525015377397464
0.0010487508894873937
0.00104501387315775
0.0010412904384066043
0.001037580535077477
0.0010338841132008928
0.0010302011229937002
0.0010265315148583708
0.001022875239382306
0.0010192322473371346
0.001015602489678048
0.0010119859175430931
0.0010083824822524985
0.0010047921353079957
0.0010012148283921293
9.976505133675974E-4
9.94099142276567E-4
9.905606673400096E-4
9.870350409570251E-4
9.83522215704186E-4
0.28099546976447093
