3.2109264944339964E-8
6.423782303500562E-8
9.638610009957978E-8
1.285553647190596E-7
1.607490023654263E-7
1.9297542945547822E-7
2.2525439368837606E-7
2.576298225845991E-7
2.9019442587793847E-7
3.2313357772002397E-7
3.5679723587893723E-7
3.91803257776281E-7
4.291689295129891E-7
4.704284392188332E-7
5.176268859280724E-7
5.729923849003645E-7
6.379637546754638E-7
7.111983842527404E-7
7.856672125041942E-7
8.479672233471765E-7
8.90710385398345E-7
9.334860328138764E-7
9.762941169618293E-7
1.0191345891203256E-6
1.0620074004777127E-6
1.1049125021326708E-6
1.147849845094387E-6
1.1908193802826751E-6
1.2338210585281232E-6
1.2768548305722273E-6
1.3199206470675611E-6
1.363018458577881E-6
1.4061482155783065E-6
1.4493098684554423E-6
1.4925033675075349E-6
1.535728662944625E-6
1.578985704888684E-6
1.6222744433737612E-6
1.6655948283461517E-6
1.7089468096645305E-6
1.752330337100109E-6
1.795745360336786E-6
1.8391918289713085E-6
1.8826696925134152E-6
1.926178900385991E-6
1.9697194019252297E-6
2.0132911463807876E-6
2.0568940829159514E-6
2.1005281606077717E-6
2.1441933284472555E-6
2.187889535339473E-6
2.2316167301037898E-6
2.275374861473966E-6
2.3191638780983602E-6
2.3629837285400635E-6
2.406834361277093E-6
2.4507157247025257E-6
2.494627767124683E-6
2.538570436767308E-6
2.5825436817696927E-6
2.6265474501869E-6
2.6705816899898845E-6
2.7146463490657066E-6
2.7587413752176665E-6
2.8028667161655E-6
2.847022319545552E-6
2.8912081329109185E-6
2.9354241037316706E-6
2.9796701793949905E-6
3.0239463072053715E-6
3.0682524343847808E-6
3.1125885080728515E-6
3.156954475327044E-6
3.2013502831228483E-6
3.245775878353954E-6
3.2902312078324365E-6
3.3347162182889147E-6
3.3792308563728024E-6
3.423775068652386E-6
3.468348801615134E-6
3.5129520016677935E-6
3.5575846151366173E-6
3.6022465882675303E-6
3.646937867226349E-6
3.6916583980989455E-6
3.736408126891455E-6
3.781186999530471E-6
3.825994961863202E-6
3.870831959657723E-6
3.915697938603135E-6
3.960592844309785E-6
4.005516622309431E-6
4.05046921805548E-6
4.0954505769231264E-6
4.140460644209636E-6
4.185499365134474E-6
4.230566684839569E-6
4.275662548389467E-6
4.320786900771544E-6
4.365939686896235E-6
4.411120851597257E-6
4.456330339631734E-6
4.5015680956805175E-6
4.546834064348267E-6
4.592128190163803E-6
4.637450417580226E-6
4.682800690975133E-6
4.728178954650871E-6
4.773585152834729E-6
4.81901922967913E-6
4.864481129261935E-6
4.909970795586538E-6
4.9554881725821676E-6
5.001033204104123E-6
5.046605833933907E-6
5.0922060057795335E-6
5.137833663275728E-6
5.1834887499841085E-6
5.229171209393468E-6
5.274880984920008E-6
5.320618019907462E-6
5.366382257627487E-6
5.412173641279715E-6
5.457992113992191E-6
5.503837618821391E-6
5.549710098752617E-6
5.595609496700116E-6
5.641535755507409E-6
5.687488817947483E-6
5.7334686267230304E-6
5.779475124466689E-6
5.825508253741297E-6
5.871567957040108E-6
5.917654176787026E-6
5.963766855336945E-6
6.0099059349758366E-6
6.056071357921125E-6
6.10226306632189E-6
6.148481002259086E-6
6.1947251077458446E-6
6.240995324727716E-6
6.287291595082849E-6
6.333613860622323E-6
6.379962063090422E-6
6.426336144164809E-6
6.472736045456815E-6
6.51916170851172E-6
6.565613074808984E-6
6.612090085762497E-6
6.658592682720932E-6
6.705120806967849E-6
6.751674399722111E-6
6.798253402138056E-6
6.844857755305802E-6
6.891487400251527E-6
6.938142277937639E-6
6.984822329263199E-6
7.031527495064108E-6
7.078257716113343E-6
7.125012933121312E-6
7.171793086736076E-6
7.218598117543702E-6
7.2654279660683555E-6
7.312282572772817E-6
7.359161878058589E-6
7.406065822266276E-6
7.4529943456757965E-6
7.499947388506718E-6
7.54692489091855E-6
7.59392679301091E-6
7.640953034824027E-6
7.688003556338834E-6
7.735078297477339E-6
7.782177198102958E-6
7.82930019802067E-6
7.87644723697751E-6
7.92361825466267E-6
7.970813190707947E-6
8.01803198468796E-6
8.065274576120436E-6
8.112540904466587E-6
8.159830909131345E-6
8.207144529463705E-6
8.254481704757E-6
8.301842374249231E-6
8.349226477123333E-6
8.396633952507533E-6
8.444064739475705E-6
8.491518777047549E-6
8.538996004189E-6
8.586496359812482E-6
8.634019782777342E-6
8.681566211890015E-6
8.72913558590445E-6
8.776727843522383E-6
8.824342923393673E-6
8.871980764116627E-6
8.91964130423829E-6
8.96732448225481E-6
9.015030236611837E-6
9.06275850570463E-6
9.110509227878637E-6
9.158282341429642E-6
9.20607778460421E-6
9.253895495600024E-6
9.301735412566127E-6
9.349597473603315E-6
9.39748161676442E-6
9.445387780054815E-6
9.493315901432588E-6
9.541265918808948E-6
9.589237770048554E-6
9.637231392969834E-6
9.685246725345525E-6
9.733283704902595E-6
9.781342269323056E-6
9.829422356244107E-6
9.877523903258458E-6
9.925646847914703E-6
9.973791127717753E-6
1.0021956680129184E-5
1.0070143442567403E-5
1.0118351352408317E-5
1.0166580346985407E-5
1.0214830363590315E-5
1.0263101339473142E-5
1.0311393211842634E-5
1.0359705917866898E-5
1.0408039394673415E-5
1.045639357934965E-5
1.0504768408943342E-5
1.0553163820462914E-5
1.060157975087774E-5
1.0650016137118646E-5
1.0698472916078255E-5
1.0746950024611353E-5
1.0795447399535253E-5
1.0843964977630172E-5
1.0892502695639759E-5
1.094106049027122E-5
1.098963829819593E-5
1.103823605604968E-5
1.1086853700433222E-5
1.1135491167912499E-5
1.1184148395019129E-5
1.1232825318250804E-5
1.1281521874071595E-5
1.1330237998912477E-5
1.1378973629171703E-5
1.1427728701215054E-5
1.1476503151376422E-5
1.1525296915958275E-5
1.1574109931231774E-5
1.1622942133437434E-5
1.1671793458785369E-5
1.1720663843455836E-5
1.1769553223599659E-5
1.1818461535338467E-5
1.1867388714765356E-5
1.1916334697945038E-5
1.1965299420914423E-5
1.2014282819683045E-5
1.2063284830233472E-5
1.2112305388521636E-5
1.2161344430477352E-5
1.2210401892004788E-5
1.2259477708982773E-5
1.230857181726522E-5
1.2357684152681773E-5
1.2406814651037964E-5
1.245596324811579E-5
1.2505129879674152E-5
1.2554314481449317E-5
1.2603516989155166E-5
1.2652737338483972E-5
1.2701975465106494E-5
1.2751231304672597E-5
1.2800504792811825E-5
1.2849795865133557E-5
1.289910445722765E-5
1.2948430504664822E-5
1.2997773942997137E-5
1.3047134707758532E-5
1.3096512734465032E-5
1.3145907958615599E-5
1.3195320315692292E-5
1.3244749741161274E-5
1.329419617047421E-5
1.3343659539072202E-5
1.3393139782397078E-5
1.3442636835927004E-5
1.3492150635286534E-5
1.3541681116581597E-5
1.3591228217400036E-5
1.3640791879727982E-5
1.3690372058254647E-5
1.3739968743435866E-5
1.3789582023910774E-5
1.3839212250948766E-5
1.3888860459790803E-5
1.3906420153287164E-5
1.3923988334857762E-5
1.3941581791978953E-5
1.3959240025796125E-5
1.3977053135184868E-5
1.3995220059753849E-5
1.4014165282383036E-5
1.4034762203765879E-5
1.4058739244123747E-5
1.4089375448855575E-5
1.4132609159912482E-5
1.4198649736786204E-5
1.4303930898785723E-5
1.4473158867170575E-5
1.4740171481513415E-5
1.5145090726067441E-5
1.5724124251983472E-5
1.648683143307821E-5
1.737612175762032E-5
1.8216645099937674E-5
1.871581025036805E-5
1.87403901213587E-5
1.876496947754345E-5
1.8789548297255562E-5
1.8814126558881474E-5
1.8838704240861653E-5
1.8863281321690144E-5
1.8887857779915583E-5
1.8912433594141133E-5
1.893700874302479E-5
1.8961583205279626E-5
1.898615695967446E-5
1.9010729985033534E-5
1.9035302260237364E-5
1.905987376422275E-5
1.9084444475983084E-5
1.9109014374568826E-5
1.913358343908768E-5
1.915815164870469E-5
1.9182718982642957E-5
1.9207285420183684E-5
1.92318509406665E-5
1.9256415523489772E-5
1.9280979148111E-5
1.930554179404698E-5
1.9330103440874186E-5
1.9354664068229037E-5
1.9379223655808272E-5
1.9403782183369314E-5
1.942833963073033E-5
1.945289597777094E-5
1.9477451204431826E-5
1.9502005290716027E-5
1.95265582166884E-5
1.95511099624764E-5
1.957566050827023E-5
1.960020983432323E-5
1.9624757920952064E-5
1.9649304748537187E-5
1.9673850297523174E-5
1.969839454841868E-5
1.972293748179743E-5
1.9747479078297896E-5
1.9772019318624025E-5
1.9796558183545278E-5
1.9821095653897308E-5
1.9845631710581977E-5
1.9870166334567682E-5
1.989469950688994E-5
1.991923120865151E-5
1.9943761421022782E-5
1.9968290125242087E-5
1.9992817302616062E-5
2.0017342934519986E-5
2.004186700239801E-5
2.0066389487763734E-5
2.009091037220038E-5
2.0115429637360844E-5
2.0139947264968906E-5
2.01644632368184E-5
2.01889775347745E-5
2.021349014077375E-5
2.0238001036824186E-5
2.0262510205006E-5
2.028701762747178E-5
2.0311523286446776E-5
2.0336027164229324E-5
2.036052924319126E-5
2.0385029505778062E-5
2.0409527934509444E-5
2.043402451197961E-5
2.045851922085762E-5
2.048301204388771E-5
2.0507502963889764E-5
2.05319919637593E-5
2.0556479026468548E-5
2.058096413506593E-5
2.0605447272677317E-5
2.062992842250567E-5
2.0654407567831775E-5
2.06788846920144E-5
2.0703359778491204E-5
2.0727832810778107E-5
2.0752303772470862E-5
2.0776772647244212E-5
2.0801239418853313E-5
2.0825704071133577E-5
2.0850166588001005E-5
2.087462695345287E-5
2.0899085151567818E-5
2.092354116650629E-5
2.0947994982511287E-5
2.0972446583908114E-5
2.0996895955105202E-5
2.10213430805945E-5
2.1045787944951598E-5
2.1070230532836432E-5
2.10946708289934E-5
2.1119108818251853E-5
2.1143544485526663E-5
2.11679778158184E-5
2.1192408794213622E-5
2.1216837405885772E-5
2.124126363609487E-5
2.1265687470188738E-5
2.129010889360269E-5
2.131452789186027E-5
2.1338944450573593E-5
2.13633585554437E-5
2.138777019226128E-5
2.1412179346906525E-5
2.1436586005350093E-5
2.146099015365314E-5
2.1485391777967932E-5
2.1509790864538145E-5
2.1534187399699455E-5
2.1558581369879703E-5
2.1582972761599585E-5
2.160736156147289E-5
2.163174775620699E-5
2.16561313326033E-5
2.168051227755773E-5
2.1704890578060812E-5
2.1729266221198506E-5
2.175363919415266E-5
2.177800948420105E-5
2.1802377078718204E-5
2.182674196517552E-5
2.1851104131142055E-5
2.1875463564284506E-5
2.1899820252368223E-5
2.192417418325717E-5
2.194852534491457E-5
2.1972873725403357E-5
2.199721931288656E-5
2.202156209562799E-5
2.2045902061992028E-5
2.2070239200444957E-5
2.209457349955486E-5
2.211890494799217E-5
2.2143233534530162E-5
2.2167559248045412E-5
2.2191882077518444E-5
2.2216202012033717E-5
2.2240519040780493E-5
2.2264833153053223E-5
2.228914433825191E-5
2.231345258588262E-5
2.233775788555813E-5
2.236206022699803E-5
2.2386359600029396E-5
2.2410655994587478E-5
2.24349494007157E-5
2.2459239808566562E-5
2.248352720840194E-5
2.2507811590593385E-5
2.253209294562301E-5
2.255637126408364E-5
2.2580646536679372E-5
2.2604918754226282E-5
2.262918790765247E-5
2.2653453987998956E-5
2.267771698641991E-5
2.270197689418326E-5
2.2726233702671353E-5
2.2750487403380874E-5
2.2774737987924032E-5
2.2798985448028495E-5
2.2823229775538404E-5
2.28474709624144E-5
2.2871709000734494E-5
2.2895943882694037E-5
2.2920175600607017E-5
2.294440414690588E-5
2.296862951414229E-5
2.2992851694987674E-5
2.3017070682233578E-5
2.3041286468792445E-5
2.3065499047697782E-5
2.308970841210481E-5
2.311391455529134E-5
2.3138117470657467E-5
2.316231715172696E-5
2.3186513592147043E-5
2.3210706785689487E-5
2.3234896726250924E-5
2.325908340785325E-5
2.3283266824644184E-5
2.3307446970897762E-5
2.333162384101506E-5
2.335579742952462E-5
2.3379967731082925E-5
2.34041347404749E-5
2.3428298452614327E-5
2.3452458862544988E-5
2.347661596544011E-5
2.3500769756603966E-5
2.3524920231471835E-5
2.3549067385610666E-5
2.3573211214719518E-5
2.3597351714630196E-5
2.3621488881308055E-5
2.364562271085177E-5
2.366975319949475E-5
2.369388034360502E-5
2.3718004139686138E-5
2.3742124584377717E-5
2.376624167445564E-5
2.3790355406833084E-5
2.3814465778560574E-5
2.3838572786826858E-5
2.386267642895941E-5
2.388677670242491E-5
2.391087360482975E-5
2.3934967133920547E-5
2.3959057287585024E-5
2.398314406385219E-5
2.4007227460892948E-5
2.4031307477020716E-5
2.4055384110692274E-5
2.4079457360507567E-5
2.4103527225211086E-5
2.412759370369173E-5
2.4151656794983942E-5
2.417571649826793E-5
2.419977281287025E-5
2.4223825738264476E-5
2.4247875274071564E-5
2.4271921420060628E-5
2.429596417614964E-5
2.4320003542405292E-5
2.4344039519044215E-5
2.436807210643369E-5
2.439210130509137E-5
2.441612711568677E-5
2.4440149539040943E-5
2.446416857612783E-5
2.44881842280745E-5
2.45121964961616E-5
2.4536205381824242E-5
2.4560210886652022E-5
2.4584213012390127E-5
2.460821176093977E-5
2.4632207134358636E-5
2.46561991348614E-5
2.4680187764820447E-5
2.4704173026766457E-5
2.4728154923389073E-5
2.4752133457536763E-5
2.477610863221858E-5
2.480008045060376E-5
2.4824048916022588E-5
2.4848014031967083E-5
2.487197580209159E-5
2.489593423021301E-5
2.491988932031195E-5
2.4943841076532637E-5
2.4967789503183858E-5
2.4991734604739775E-5
2.5015676385839922E-5
2.5039614851290177E-5
2.5063550006063124E-5
2.508748185529881E-5
2.5111410404305494E-5
2.513533565855945E-5
2.5159257623706484E-5
2.518317630556205E-5
2.520709171011187E-5
2.5231003843513255E-5
2.525491271209734E-5
2.5278818322375144E-5
2.530272068105611E-5
2.532661979510765E-5
2.535051567194043E-5
2.5374408319979365E-5
2.539829775038336E-5
2.5422183982106996E-5
2.544606705644905E-5
2.5469947077835088E-5
2.549382432522136E-5
2.5517699548364517E-5
2.554157473404186E-5
2.556545503082808E-5
2.558935343909308E-5
2.561330187854097E-5
2.5637376436031688E-5
2.5661752924445756E-5
2.568682450867937E-5
2.5713440520017412E-5
2.5743369483510964E-5
2.5780151631608688E-5
2.583057760937874E-5
2.5907160238994773E-5
2.603137107922927E-5
2.62382016472434E-5
2.6580992528098483E-5
2.7133330196377045E-5
2.7983342458471143E-5
2.921082459795036E-5
3.0826901517812956E-5
3.262507942325536E-5
3.3924021644521884E-5
3.395691007789536E-5
3.398979626047505E-5
3.402268019253279E-5
3.405556187450165E-5
3.4088441306978004E-5
3.4121318490720593E-5
3.4154193426652176E-5
3.418706611585962E-5
3.421993655959444E-5
3.4252804759273133E-5
3.4285670716478737E-5
3.4318534432959834E-5
3.435139591063236E-5
3.4384255151579947E-5
3.441711215805378E-5
3.444996693247421E-5
3.448281947743077E-5
3.4515669795682504E-5
3.454851789015903E-5
3.4581363763961485E-5
3.461420742036179E-5
3.464704886280478E-5
3.4679888094907765E-5
3.471272512046178E-5
3.474555994343188E-5
3.477839256795746E-5
3.481122299835383E-5
3.484405123911208E-5
3.487687729489962E-5
3.490970117056179E-5
3.4942522871121067E-5
3.49753424017789E-5
3.500815976791603E-5
3.50409749750929E-5
3.507378802905078E-5
3.510659893571187E-5
3.51394077011806E-5
3.517221433174372E-5
3.5205018833871555E-5
3.523782121421796E-5
3.527062147962215E-5
3.530341963710822E-5
3.53362156938866E-5
3.536900965735419E-5
3.540180153509615E-5
3.543459133488557E-5
3.546737906468399E-5
3.550016473264361E-5
3.5532948347106476E-5
3.55657299166062E-5
3.559850944986808E-5
3.5631286955810396E-5
3.5664062443544804E-5
3.5696835922377174E-5
3.572960740180855E-5
3.5762376891535844E-5
3.5795144401451956E-5
3.582790994164824E-5
3.586067352241309E-5
3.5893435154234623E-5
3.592619484780038E-5
3.595895261399862E-5
3.5991708463918676E-5
3.60244624088525E-5
3.605721446029482E-5
3.608996462994409E-5
3.612271292970362E-5
3.6155459371682005E-5
3.6188203968194256E-5
3.6220946731762724E-5
3.62536876751174E-5
3.628642681119745E-5
3.63191641531519E-5
3.635189971433955E-5
3.638463350833178E-5
3.641736554891116E-5
3.6450095850074254E-5
3.648282442603132E-5
3.6515551291207494E-5
3.654827646024374E-5
3.658099994799822E-5
3.661372176954564E-5
3.664644194018047E-5
3.667916047541542E-5
3.6711877390984195E-5
3.674459270284142E-5
3.677730642716384E-5
3.681001858035146E-5
3.6842729179027696E-5
3.687543824004112E-5
3.6908145780466433E-5
3.6940851817604404E-5
3.697355636898364E-5
3.700625945236169E-5
3.703896108572503E-5
3.7071661287291166E-5
3.7104360075508265E-5
3.7137057469057596E-5
3.7169753486853134E-5
3.720244814804348E-5
3.7235141472012157E-5
3.726783347837904E-5
3.7300524187000614E-5
3.7333213617972097E-5
3.736590179162756E-5
3.739858872854083E-5
3.743127444952679E-5
3.746395897564219E-5
3.749664232818698E-5
3.752932452870464E-5
3.756200559898391E-5
3.759468556105912E-5
3.7627364437211404E-5
3.76600422499699E-5
3.7692719022112335E-5
3.772539477666633E-5
3.7758069536910315E-5
3.779074332637451E-5
3.7823416168841786E-5
3.785608808834878E-5
3.788875910918732E-5
3.792142925590421E-5
3.795409855330345E-5
3.7986767026447015E-5
3.8019434700655026E-5
3.805210160150812E-5
3.808476775484706E-5
3.8117433186774714E-5
3.8150097923656264E-5
3.818276199212146E-5
3.821542541906402E-5
3.8248088231643986E-5
3.828075045728781E-5
3.831341212369018E-5
3.83460732588146E-5
3.837873389089353E-5
3.8411394048431216E-5
3.844405376020347E-5
3.847671305525877E-5
3.850937196291958E-5
3.8542030512783345E-5
3.85746887347232E-5
3.8607346658889364E-5
3.864000431570947E-5
3.867266173589075E-5
3.870531895041984E-5
3.873797599056456E-5
3.8770632887874564E-5
3.880328967418228E-5
3.883594638160444E-5
3.886860304254247E-5
3.890125968968361E-5
3.893391635600244E-5
3.8966573074761323E-5
3.899922987951131E-5
3.903188680409384E-5
3.906454388264106E-5
3.909720114957709E-5
3.912985863961914E-5
3.9162516387778216E-5
3.919517442936039E-5
3.92278327999676E-5
3.9260491535498536E-5
3.929315067215043E-5
3.932581024641868E-5
3.9358470295098944E-5
3.9391130855287316E-5
3.9423791964382697E-5
3.9456453660085765E-5
3.948911598040198E-5
3.952177896364066E-5
3.955444264841734E-5
3.958710707365455E-5
3.961977227858199E-5
3.9652438302738456E-5
3.968510518597197E-5
3.971777296844157E-5
3.975044169061751E-5
3.978311139328271E-5
3.9815782117533916E-5
3.9848453904781256E-5
3.9881126796751355E-5
3.991380083548645E-5
3.994647606334607E-5
3.997915252300838E-5
4.0011830257470387E-5
4.0044509310049015E-5
4.007718972438217E-5
4.010987154442977E-5
4.014255481447462E-5
4.0175239579123264E-5
4.020792588330703E-5
4.024061377228217E-5
4.027330329163258E-5
4.030599448726814E-5
4.0338687405428165E-5
4.0371382092680524E-5
4.04040785959234E-5
4.043677696238585E-5
4.046947723962876E-5
4.050217947554606E-5
4.053488371836456E-5
4.05675900166464E-5
4.060029841928853E-5
4.063300897552403E-5
4.066572173492352E-5
4.069843674739506E-5
4.073115406318586E-5
4.076387373288244E-5
4.079659580741199E-5
4.0829320338042786E-5
4.0862047376385465E-5
4.089477697439357E-5
4.0927509184363865E-5
4.0960244058938695E-5
4.0992981651105085E-5
4.102572201419659E-5
4.105846520189328E-5
4.1091211268223866E-5
4.112396026756485E-5
4.115671225464283E-5
4.118946728453368E-5
4.122222541266514E-5
4.125498669481611E-5
4.128775118711812E-5
4.132051894605612E-5
4.135329002846839E-5
4.138606449154882E-5
4.141884239284646E-5
4.1451623790266355E-5
4.148440874207033E-5
4.151719730687871E-5
4.154998954366953E-5
4.1582785511780305E-5
4.161558527090782E-5
4.164838888110994E-5
4.1681196402805494E-5
4.1714007896775384E-5
4.17468234241632E-5
4.177964304647528E-5
4.181246682558235E-5
4.1845294823719674E-5
4.1878127103487926E-5
4.191096372785342E-5
4.194380476014885E-5
4.197665026407476E-5
4.20095003036992E-5
4.204235494345837E-5
4.207521424815828E-5
4.210807828297407E-5
4.214094711345141E-5
4.217382080550693E-5
4.220669942542864E-5
4.223958303987662E-5
4.227247171588391E-5
4.230536552085667E-5
4.23382645225746E-5
4.2371168789192094E-5
4.2404078389238605E-5
4.24369933916188E-5
4.246991386561334E-5
4.250283988087945E-5
4.253577150745214E-5
4.256870881574302E-5
4.2601651876542316E-5
4.263460076101911E-5
4.2667555540721156E-5
4.270051628757611E-5
4.273348307389327E-5
4.276645597236569E-5
4.279943505607901E-5
4.28324203985404E-5
4.28654120737707E-5
4.289841015660122E-5
4.293141472360356E-5
4.296442585594215E-5
4.299744364792598E-5
4.3030468232021243E-5
4.30634998501854E-5
4.3096539052058486E-5
4.312958723085301E-5
4.316264803202285E-5
4.319573094871014E-5
4.322886022016128E-5
4.3262096152590935E-5
4.329558448607302E-5
4.3329666616109844E-5
4.336511627418536E-5
4.340362673723246E-5
4.344876828681145E-5
4.350777453691584E-5
4.3594913265641635E-5
4.373602988956416E-5
4.397623905874455E-5
4.439049405100373E-5
4.5093673680951515E-5
4.624565194435298E-5
4.8037105580366926E-5
5.061170375400519E-5
5.377268244650128E-5
5.62797338912483E-5
5.632339713317325E-5
5.636706581744108E-5
5.6410740008196265E-5
5.6454419769940445E-5
5.649810516753903E-5
5.6541796266218766E-5
5.65854931315729E-5
5.662919582956203E-5
5.6672904426516056E-5
5.671661898913682E-5
5.676033958450075E-5
5.680406628005938E-5
5.6847799143643735E-5
5.6891538243465505E-5
5.693528364811925E-5
5.697903542658514E-5
5.702279364823194E-5
5.706655838281774E-5
5.7110329700493646E-5
5.715410767180726E-5
5.719789236770213E-5
5.724168385952327E-5
5.7285482219017895E-5
5.732928751833942E-5
5.7373099830047957E-5
5.7416919227115345E-5
5.7460745782925835E-5
5.7504579571279875E-5
5.7548420666395935E-5
5.7592269142914424E-5
5.7636125075898276E-5
5.7679988540837635E-5
5.772385961365204E-5
5.776773837069213E-5
5.7811624888743756E-5
5.785551924502986E-5
5.789942151721349E-5
5.794333178340028E-5
5.7987250122141876E-5
5.8031176612437295E-5
5.8075111333737926E-5
5.8119054365947905E-5
5.816300578942871E-5
5.820696568500021E-5
5.8250934133945604E-5
5.829491121801285E-5
5.833889701941649E-5
5.838289162084307E-5
5.842689510545123E-5
5.84709075568765E-5
5.851492905923266E-5
5.85589596971152E-5
5.8602999555604165E-5
5.8647048720266485E-5
5.869110727715904E-5
5.87351753128319E-5
5.8779252914328905E-5
5.882334016919427E-5
5.88674371654711E-5
5.891154399170709E-5
5.8955660736956014E-5
5.899978749078079E-5
5.9043924343255404E-5
5.908807138496894E-5
5.913222870702718E-5
5.9176396401055796E-5
5.922057455920275E-5
5.926476327414076E-5
5.930896263907023E-5
5.9353172747722335E-5
5.939739369436052E-5
5.9441625573783736E-5
5.948586848132964E-5
5.953012251287471E-5
5.95743877648408E-5
5.961866433419347E-5
5.966295231844741E-5
5.970725181566768E-5
5.9751562924471845E-5
5.9795885744033694E-5
5.98402203740853E-5
5.9884566914917474E-5
5.992892546738592E-5
5.997329613290961E-5
6.001767901347621E-5
6.006207421164228E-5
6.010648183053766E-5
6.015090197386556E-5
6.0195334745906235E-5
6.023978025151863E-5
6.028423859614358E-5
6.0328709885804724E-5
6.0373194227110814E-5
6.0417691727259356E-5
6.04622024940368E-5
6.050672663582207E-5
6.055126426158759E-5
6.0595815480902456E-5
6.064038040393333E-5
6.068495914144724E-5
6.0729551804813405E-5
6.07741585060052E-5
6.081877935760086E-5
6.086341447278832E-5
6.0908063965364276E-5
6.09527279497372E-5
6.099740654092877E-5
6.104209985457578E-5
6.108680800693295E-5
6.1131531114873E-5
6.117626929588939E-5
6.122102266809746E-5
6.126579135023675E-5
6.131057546167214E-5
6.135537512239542E-5
6.140019045302686E-5
6.144502157481742E-5
6.148986860964933E-5
6.153473168003809E-5
6.157961090913348E-5
6.162450642072245E-5
6.166941833922797E-5
6.171434678971236E-5
6.175929189787857E-5
6.18042537900703E-5
6.184923259327466E-5
6.189422843512187E-5
6.193924144388832E-5
6.198427174849526E-5
6.202931947851336E-5
6.207438476416052E-5
6.211946773630479E-5
6.216456852646498E-5
6.220968726681194E-5
6.225482409016926E-5
6.22999791300134E-5
6.234515252047674E-5
6.239034439634684E-5
6.243555489306719E-5
6.248078414673922E-5
6.252603229412227E-5
6.25712994726349E-5
6.261658582035433E-5
6.266189147601845E-5
6.270721657902696E-5
6.275256126944021E-5
6.279792568798136E-5
6.284330997603625E-5
6.288871427565377E-5
6.293413872954703E-5
6.297958348109361E-5
6.302504867433544E-5
6.30705344539803E-5
6.311604096540108E-5
6.316156835463671E-5
6.320711676839249E-5
6.325268635404034E-5
6.329827725961891E-5
6.334388963383404E-5
6.33895236260585E-5
6.343517938633278E-5
6.348085706536481E-5
6.35265568145296E-5
6.357227878587104E-5
6.361802313209932E-5
6.366379000659321E-5
6.370957956339829E-5
6.375539195722895E-5
6.380122734346572E-5
6.384708587815764E-5
6.389296771801997E-5
6.393887302043522E-5
6.398480194345307E-5
6.403075464578872E-5
6.407673128682477E-5
6.412273202660812E-5
6.416875702585255E-5
6.421480644593615E-5
6.426088044890168E-5
6.430697919745682E-5
6.435310285497162E-5
6.439925158548056E-5
6.444542555367999E-5
6.44916249249284E-5
6.453784986524604E-5
6.458410054131378E-5
6.463037712047254E-5
6.467667977072214E-5
6.472300866072167E-5
6.476936395978797E-5
6.481574583789494E-5
6.486215446567262E-5
6.490859001440595E-5
6.495505265603562E-5
6.500154256315403E-5
6.504805990900751E-5
6.509460486749375E-5
6.51411776131602E-5
6.518777832120508E-5
6.523440716747386E-5
6.528106432846023E-5
6.53277499813028E-5
6.53744643037869E-5
6.542120747434018E-5
6.546797967203353E-5
6.551478107657905E-5
6.556161186832866E-5
6.560847222827314E-5
6.565536233804095E-5
6.570228237989555E-5
6.574923253673562E-5
6.579621299209298E-5
6.584322393013137E-5
6.58902655356432E-5
6.593733799405129E-5
6.598444149140455E-5
6.603157621437816E-5
6.607874235026968E-5
6.612594008700062E-5
6.61731696131121E-5
6.622043111776457E-5
6.626772479073472E-5
6.631505082241591E-5
6.636240940381455E-5
6.640980072654855E-5
6.645722498284681E-5
6.650468236554501E-5
6.655217306808624E-5
6.659969728451778E-5
6.664725520948888E-5
6.669484703824859E-5
6.674247296664644E-5
6.679013319112686E-5
6.683782790872897E-5
6.688555731708421E-5
6.693332161441411E-5
6.69811209995288E-5
6.702895567182386E-5
6.707682583127947E-5
6.712473167845616E-5
6.717267341449474E-5
6.722065124111291E-5
6.72686653606035E-5
6.731671597583127E-5
6.736480329023157E-5
6.741292750780771E-5
6.74610888331287E-5
6.750928747132609E-5
6.755752362809264E-5
6.760579750967936E-5
6.765410932289289E-5
6.770245927509334E-5
6.77508475741914E-5
6.779927442864644E-5
6.7847740047463E-5
6.789624464018955E-5
6.794478841691408E-5
6.799337158826357E-5
6.804199436539937E-5
6.809065696001648E-5
6.813935958433836E-5
6.818810245111669E-5
6.823688577362798E-5
6.82857097656695E-5
6.833457464155793E-5
6.838348061612616E-5
6.84324279047203E-5
6.848141672319666E-5
6.853044728792027E-5
6.857951981576204E-5
6.862863452410003E-5
6.86777916308275E-5
6.872699135439439E-5
6.877623391394521E-5
6.88255195297842E-5
6.887484842486173E-5
6.89242208294441E-5
6.8973636995412E-5
6.902309723878799E-5
6.907260206318181E-5
6.912215250882875E-5
6.91717511129024E-5
6.922140447725484E-5
6.927112993270688E-5
6.932097230453161E-5
6.937104473029833E-5
6.942162465711629E-5
6.947337146279251E-5
6.952780074370303E-5
6.958827486323226E-5
6.966197720714048E-5
6.976410990081393E-5
6.992347727650559E-5
7.019352826613685E-5
7.067002376566556E-5
7.151261295493835E-5
7.296807446812521E-5
7.537755083888971E-5
7.909175495458832E-5
8.399050479024388E-5
8.812076260855197E-5
8.818177378042994E-5
8.824282422041941E-5
8.83039141325466E-5
8.836504372198008E-5
8.842621319505735E-5
8.848742275929653E-5
8.854867262342063E-5
8.860996299737281E-5
8.867129409233374E-5
8.873266612074018E-5
8.879407929630111E-5
8.88555338340122E-5
8.89170299501739E-5
8.897856786240497E-5
8.904014778965816E-5
8.910176995223374E-5
8.91634345717946E-5
8.922514187137688E-5
8.928689207540543E-5
8.934868540970745E-5
8.94105221015195E-5
8.947240237950488E-5
8.953432647376095E-5
8.959629461583242E-5
8.965830703871918E-5
8.972036397688958E-5
8.978246566628673E-5
8.984461234434004E-5
8.990680424997306E-5
8.99690416236122E-5
9.00313247071939E-5
9.009365374417376E-5
9.015602897953329E-5
9.02184506597854E-5
9.028091903298311E-5
9.034343434872514E-5
9.040599685816073E-5
9.046860681399603E-5
9.053126447049916E-5
9.059397008350412E-5
9.06567239104174E-5
9.071952621021918E-5
9.078237724347001E-5
9.084527727231116E-5
9.090822656047098E-5
9.097122537326635E-5
9.103427397760351E-5
9.109737264198342E-5
9.116052163650016E-5
9.122372123284637E-5
9.12869717043115E-5
9.135027332578332E-5
9.141362637374984E-5
9.147703112629865E-5
9.154048786311688E-5
9.160399686549337E-5
9.166755841631296E-5
9.17311728000623E-5
9.17948403028242E-5
9.185856121227826E-5
9.192233581769833E-5
9.19861644099531E-5
9.205004728149948E-5
9.211398472638613E-5
9.217797704024548E-5
9.224202452029552E-5
9.23061274653333E-5
9.237028617573332E-5
9.243450095344316E-5
9.249877210198142E-5
9.256309992643255E-5
9.262748473344112E-5
9.269192683121183E-5
9.27564265294985E-5
9.282098413960645E-5
9.288559997438086E-5
9.295027434820634E-5
9.301500757699825E-5
9.307979997819818E-5
9.314465187076897E-5
9.320956357518823E-5
9.327453541343913E-5
9.333956770900982E-5
9.340466078687997E-5
9.346981497351967E-5
9.353503059687817E-5
9.360030798638051E-5
9.366564747291618E-5
9.373104938883435E-5
9.379651406793432E-5
9.386204184545975E-5
9.39276330580889E-5
9.399328804392518E-5
9.405900714249287E-5
9.412479069472406E-5
9.419063904295286E-5
9.425655253090445E-5
9.432253150368829E-5
9.43885763077869E-5
9.445468729104732E-5
9.452086480267215E-5
9.458710919320963E-5
9.46534208145413E-5
9.47198000198779E-5
9.478624716374413E-5
9.485276260197032E-5
9.491934669168169E-5
9.498599979128851E-5
9.505272226047625E-5
9.511951446019299E-5
9.518637675264002E-5
9.525330950126017E-5
9.53203130707275E-5
9.538738782693589E-5
9.545453413698732E-5
9.552175236918103E-5
9.558904289300182E-5
9.565640607910915E-5
9.572384229932444E-5
9.579135192661874E-5
9.585893533510424E-5
9.592659290001727E-5
9.599432499771035E-5
9.606213200563845E-5
9.613001430234624E-5
9.619797226745735E-5
9.626600628165971E-5
9.633411672669553E-5
9.640230398534468E-5
9.647056844141916E-5
9.653891047974211E-5
9.660733048614072E-5
9.667582884743084E-5
9.674440595140454E-5
9.681306218681787E-5
9.688179794337477E-5
9.695061361171893E-5
9.701950958341576E-5
9.708848625094142E-5
9.715754400766917E-5
9.722668324785587E-5
9.72959043666283E-5
9.736520775996917E-5
9.743459382470347E-5
9.750406295848743E-5
9.757361555979031E-5
9.764325202788486E-5
9.771297276283035E-5
9.778277816545997E-5
9.785266863736783E-5
9.792264458089313E-5
9.799270639910774E-5
9.806285449580132E-5
9.81330892754671E-5
9.820341114328796E-5
9.827382050512306E-5
9.834431776749208E-5
9.84149033375626E-5
9.848557762313439E-5
9.855634103262649E-5
9.86271939750613E-5
9.869813686005216E-5
9.876917009778634E-5
9.884029409901452E-5
9.891150927503153E-5
9.898281603766613E-5
9.905421479926303E-5
9.91257059726722E-5
9.91972899712307E-5
9.926896720875056E-5
9.934073809950306E-5
9.941260305820414E-5
9.948456250000049E-5
9.955661684045447E-5
9.962876649553016E-5
9.970101188157652E-5
9.977335341531696E-5
9.984579151382965E-5
9.991832659453699E-5
9.999095907518938E-5
1.0006368937384908E-4
1.001365179088782E-4
1.0020944509892312E-4
1.0028247136289792E-4
1.00355597119973E-4
1.0042882278955763E-4
1.0050214879128776E-4
1.0057557554500706E-4
1.0064910347075837E-4
1.0072273298876441E-4
1.0079646451941428E-4
1.0087029848324966E-4
1.0094423530094923E-4
1.0101827539331524E-4
1.0109241918125611E-4
1.0116666708577608E-4
1.0124101952795689E-4
1.013154769289443E-4
1.013900397099355E-4
1.0146470829216124E-4
1.0153948309687407E-4
1.0161436454533033E-4
1.0168935305878188E-4
1.017644490584542E-4
1.0183965296553688E-4
1.0191496520116773E-4
1.0199038618641799E-4
1.0206591634227823E-4
1.0214155608964448E-4
1.0221730584930233E-4
1.022931660419141E-4
1.0236913708800414E-4
1.0244521940794532E-4
1.0252141342194066E-4
1.0259771955001607E-4
1.0267413821199987E-4
1.0275066982751254E-4
1.0282731481594943E-4
1.0290407359646967E-4
1.0298094658798029E-4
1.0305793420912212E-4
1.0313503687825562E-4
1.032122550134493E-4
1.0328958903246195E-4
1.0336703935273131E-4
1.0344460639135978E-4
1.0352229056509945E-4
1.0360009229033927E-4
1.03678011983092E-4
1.0375605005897766E-4
1.0383420693321153E-4
1.0391248302059278E-4
1.0399087873548707E-4
1.0406939449181408E-4
1.041480307030343E-4
1.0422678778213557E-4
1.0430566614162023E-4
1.0438466619348886E-4
1.0446378834923243E-4
1.045430330198118E-4
1.0462240061564938E-4
1.0470189154661498E-4
1.0478150622201163E-4
1.0486124505056206E-4
1.0494110844039716E-4
1.0502109679904169E-4
1.05101210533402E-4
1.051814500497516E-4
1.0526181575371894E-4
1.0534230805027663E-4
1.054229273437243E-4
1.0550367403767963E-4
1.0558454853506302E-4
1.056655512380867E-4
1.0574668254823984E-4
1.0582794286627937E-4
1.0590933259221285E-4
1.0599085212529052E-4
1.0607250186398912E-4
1.0615428220600273E-4
1.0623619354822639E-4
1.0631823628674781E-4
1.064004108168337E-4
1.064827175329152E-4
1.0656515682857941E-4
1.0664772909655505E-4
1.0673043472870073E-4
1.068132741159935E-4
1.0689624764851614E-4
1.069793557154466E-4
1.0706259870504785E-4
1.071459770046587E-4
1.0722949100070263E-4
1.0731314107873811E-4
1.0739692762366435E-4
1.0748085102042954E-4
1.0756491167339613E-4
1.0764911001362394E-4
1.0773344652207785E-4
1.0781792180065171E-4
1.0790253678285203E-4
1.079872933413435E-4
1.080721959909136E-4
1.0815725652494431E-4
1.0824250626265213E-4
1.0832802739408419E-4
1.084140305855517E-4
1.0850104050774116E-4
1.0859032317699889E-4
1.0868483185586948E-4
1.0879121247964291E-4
1.0892465054289534E-4
1.091149221403992E-4
1.0942043542496111E-4
1.0995341813117872E-4
1.1091504479066486E-4
1.1264345810921212E-4
1.1565672387916266E-4
1.205792515794463E-4
1.274510316939297E-4
1.3351941673059667E-4
1.3361525841061874E-4
1.337112299494692E-4
1.338073320121974E-4
1.3390356527333942E-4
1.3399993041672708E-4
1.3409642813527972E-4
1.3419305913081633E-4
1.3428982411385566E-4
1.343867238034251E-4
1.3448375892687015E-4
1.3458093021966578E-4
1.3467823842522542E-4
1.3477568429471937E-4
1.3487326858688877E-4
1.3497099206786326E-4
1.350688555109794E-4
1.3516685969660602E-4
1.352650054119588E-4
1.3536329345093242E-4
1.354617246139245E-4
1.355602997076582E-4
1.3565901954502068E-4
1.357578849448836E-4
1.3585689673194473E-4
1.3595605573655639E-4
1.360553627945629E-4
1.3615481874713816E-4
1.362544244406231E-4
1.363541807263683E-4
1.3645408846057333E-4
1.3655414850413157E-4
1.3665436172247483E-4
1.3675472898542167E-4
1.3685525116701976E-4
1.3695592914540224E-4
1.3705676380263636E-4
1.3715775602457186E-4
1.3725890670069976E-4
1.373602167240068E-4
1.3746168699082896E-4
1.3756331840071486E-4
1.3766511185628094E-4
1.3776706826307435E-4
1.378691885294345E-4
1.3797147356635908E-4
1.3807392428736656E-4
1.3817654160836355E-4
1.3827932644751466E-4
1.3838227972510705E-4
1.3848540236342916E-4
1.385886952866327E-4
1.386921594206136E-4
1.3879579569288402E-4
1.388996050324473E-4
1.3900358836967653E-4
1.3910774663619424E-4
1.3921208076474675E-4
1.3931659168909337E-4
1.3942128034388207E-4
1.3952614766453715E-4
1.396311945871391E-4
1.3973642204831937E-4
1.398418309851368E-4
1.3994742233497552E-4
1.4005319703542827E-4
1.4015915602419202E-4
1.4026530023895662E-4
1.403716306172997E-4
1.4047814809657998E-4
1.4058485361383526E-4
1.4069174810567861E-4
1.4079883250819178E-4
1.4090610775683375E-4
1.4101357478632875E-4
1.4112123453058036E-4
1.4122908792256364E-4
1.4133713589423573E-4
1.414453793764365E-4
1.4155381929879387E-4
1.4166245658963608E-4
1.4177129217589563E-4
1.4188032698301476E-4
1.4198956193486583E-4
1.420989979536504E-4
1.42208635959822E-4
1.4231847687199065E-4
1.4242852160684563E-4
1.4253877107906282E-4
1.4264922620122643E-4
1.4275988788374359E-4
1.4287075703476543E-4
1.4298183456010305E-4
1.430931213631496E-4
1.4320461834480284E-4
1.4331632640338497E-4
1.4342824643456847E-4
1.4354037933129646E-4
1.4365272598371338E-4
1.437652872790855E-4
1.4387806410173242E-4
1.4399105733295262E-4
1.4410426785095337E-4
1.442176965307788E-4
1.4433134424424426E-4
1.4444521185986506E-4
1.445593002427896E-4
1.446736102547326E-4
1.447881427539098E-4
1.4490289859497485E-4
1.4501787862895228E-4
1.451330837031763E-4
1.452485146612289E-4
1.453641723428769E-4
1.4548005758401294E-4
1.4559617121659616E-4
1.457125140685909E-4
1.4582908696391097E-4
1.459458907223634E-4
1.4606292615958812E-4
1.4618019408700603E-4
1.4629769531176374E-4
1.4641543063667777E-4
1.465334008601821E-4
1.46651606776278E-4
1.467700491744788E-4
1.468887288397623E-4
1.4700764655251836E-4
1.4712680308850154E-4
1.472461992187779E-4
1.4736583570968637E-4
1.474857133227814E-4
1.4760583281479356E-4
1.4772619493758082E-4
1.4784680043808418E-4
1.4796765005828543E-4
1.4808874453515837E-4
1.4821008460063454E-4
1.4833167098155206E-4
1.4845350439962032E-4
1.4857558557137778E-4
1.4869791520815133E-4
1.4882049401601768E-4
1.4894332269576335E-4
1.4906640194284782E-4
1.4918973244736747E-4
1.493133148940165E-4
1.4943714996205258E-4
1.4956123832526012E-4
1.4968558065191597E-4
1.49810177604758E-4
1.4993502984094693E-4
1.5006013801203725E-4
1.5018550276394365E-4
1.5031112473690885E-4
1.504370045654726E-4
1.5056314287844496E-4
1.506895402988702E-4
1.50816197444002E-4
1.5094311492527495E-4
1.510702933482743E-4
1.5119773331270924E-4
1.5132543541238803E-4
1.5145340023518821E-4
1.5158162836303505E-4
1.5171012037187192E-4
1.5183887683163983E-4
1.5196789830624913E-4
1.5209718535356154E-4
1.5222673852536132E-4
1.5235655836733742E-4
1.5248664541905844E-4
1.5261700021395298E-4
1.5274762327928962E-4
1.528785151361529E-4
1.5300967629942858E-4
1.5314110727778028E-4
1.532728085736331E-4
1.53404780683153E-4
1.53537024096232E-4
1.5366953929646978E-4
1.5380232676115435E-4
1.5393538696124932E-4
1.5406872036137744E-4
1.542023274198021E-4
1.5433620858841635E-4
1.544703643127262E-4
1.5460479503183951E-4
1.5473950117844546E-4
1.5487448317881135E-4
1.5500974145276315E-4
1.5514527641367448E-4
1.5528108846845707E-4
1.5541717801754667E-4
1.5555354545489515E-4
1.556901911679571E-4
1.5582711553768354E-4
1.55964318938507E-4
1.5610180173833776E-4
1.562395642985538E-4
1.5637760697398962E-4
1.565159301129325E-4
1.56654534057109E-4
1.5679341914168733E-4
1.56932585695261E-4
1.57072034039848E-4
1.5721176449088394E-4
1.5735177735721567E-4
1.5749207294109654E-4
1.5763265153818218E-4
1.5777351343752527E-4
1.579146589215708E-4
1.5805608826615627E-4
1.5819780174050445E-4
1.583397996072189E-4
1.5848208212228813E-4
1.586246495350773E-4
1.5876750208833023E-4
1.5891064001816432E-4
1.590540635540715E-4
1.5919777291891838E-4
1.5934176832894286E-4
1.5948604999375612E-4
1.5963061811634342E-4
1.5977547289306221E-4
1.599206145136446E-4
1.6006604316119797E-4
1.6021175901220644E-4
1.6035776223653368E-4
1.6050405299742395E-4
1.606506314515025E-4
1.6079749774878236E-4
1.609446520326655E-4
1.610920944399467E-4
1.6123982510081407E-4
1.6138784413885664E-4
1.6153615167106725E-4
1.6168474780784678E-4
1.6183363265300885E-4
1.6198280630378735E-4
1.621322688508364E-4
1.6228202037823998E-4
1.6243206096351807E-4
1.6258239067763077E-4
1.6273300958498464E-4
1.6288391774344074E-4
1.630351152043221E-4
1.6318660201241868E-4
1.6333837820599534E-4
1.634904438168E-4
1.6364279887007448E-4
1.637954433845564E-4
1.6394837737249265E-4
1.6410160083964528E-4
1.6425511378530413E-4
1.6440891620228936E-4
1.6456300807696906E-4
1.6471738938926081E-4
1.6487206011264779E-4
1.6502702021418573E-4
1.65182269654514E-4
1.6533780838786456E-4
1.6549363636207567E-4
1.6564975351860117E-4
1.658061597925196E-4
1.6596285511254972E-4
1.6611983940105924E-4
1.662771125740767E-4
1.664346745413047E-4
1.665925252061307E-4
1.6675066446564092E-4
1.6690909221063298E-4
1.670678083256299E-4
1.6722681268889912E-4
1.6738610517249365E-4
1.675456856423577E-4
1.6770556134070085E-4
1.678657394186111E-4
1.6802622694036604E-4
1.6818703089600955E-4
1.6834815823999836E-4
1.6850961600964437E-4
1.686714116815278E-4
1.6883355421761612E-4
1.6899605705263324E-4
1.6915894638030708E-4
1.6932228344665985E-4
1.6948622263960185E-4
1.696511578477934E-4
1.6981807835051628E-4
1.69989402151125E-4
1.7017084991561413E-4
1.7037667877859553E-4
1.7063541565044726E-4
1.7100591718569854E-4
1.7160911876115797E-4
1.726763561513977E-4
1.7462523045681634E-4
1.7814929613563788E-4
1.8417770726051035E-4
1.9298667463648654E-4
2.0106370081192566E-4
2.0123557997100822E-4
2.0140787108906575E-4
2.0158057887648131E-4
2.0175370796632407E-4
2.0192726291493488E-4
2.021012482024814E-4
2.0227566823354038E-4
2.0245052733765405E-4
2.0262582976989156E-4
2.0280157971141124E-4
2.029777812700137E-4
2.0315443848069174E-4
2.033315553061832E-4
2.0350913563751434E-4
2.0368718329454477E-4
2.0386570202650465E-4
2.04044695512536E-4
2.0422416736221865E-4
2.0440412111610964E-4
2.0458456024626887E-4
2.047654881567776E-4
2.0494690818427226E-4
2.0512882359844992E-4
2.0531123760259614E-4
2.0549415333409214E-4
2.0567757386492628E-4
2.0586150220220078E-4
2.0604594128863785E-4
2.0623089400308145E-4
2.064163631609954E-4
2.0660235151495724E-4
2.0678886175515642E-4
2.0697589650988342E-4
2.0716345834601043E-4
2.0735154976948654E-4
2.0754017322581733E-4
2.0772933110053734E-4
2.0791902571969413E-4
2.0810925935032086E-4
2.0830003420090374E-4
2.0849135242185732E-4
2.086832161059825E-4
2.088756272889374E-4
2.0906858794969083E-4
2.0926210001098603E-4
2.0945616533979351E-4
2.0965078574776162E-4
2.0984596299167225E-4
2.1004169877388007E-4
2.1023799474276884E-4
2.1043485249318042E-4
2.1063227356686476E-4
2.1083025945291454E-4
2.1102881158819575E-4
2.1122793135778473E-4
2.1142762009539873E-4
2.116278790838144E-4
2.1182870955530487E-4
2.1203011269205292E-4
2.1223208962657414E-4
2.124346414421319E-4
2.1263776917315884E-4
2.128414738056579E-4
2.1304575627762638E-4
2.132506174794483E-4
2.1345605825431505E-4
2.1366207939861766E-4
2.138686816623493E-4
2.1407586574950552E-4
2.1428363231848016E-4
2.1449198198245873E-4
2.1470091530980488E-4
2.1491043282445956E-4
2.1512053500631346E-4
2.153312222916056E-4
2.1554249507329593E-4
2.1575435370144877E-4
2.1596679848360888E-4
2.1617982968517613E-4
2.163934475297818E-4
2.1660765219965836E-4
2.1682244383600257E-4
2.1703782253935222E-4
2.172537883699383E-4
2.1747034134805837E-4
2.1768748145442685E-4
2.179052086305415E-4
2.181235227790306E-4
2.183424237640125E-4
2.1856191141144353E-4
2.1878198550947086E-4
2.1900264580877393E-4
2.1922389202291425E-4
2.194457238286772E-4
2.196681408664112E-4
2.1989114274036982E-4
2.2011472901904236E-4
2.2033889923549706E-4
2.2056365288770487E-4
2.2078898943887797E-4
2.2101490831779263E-4
2.212414089191198E-4
2.214684906037441E-4
2.2169615269909527E-4
2.2192439449946041E-4
2.2215321526630782E-4
2.223826142286001E-4
2.2261259058311157E-4
2.2284314349474177E-4
2.230742720968234E-4
2.233059754914331E-4
2.235382527496996E-4
2.2377110291210605E-4
2.240045249887958E-4
2.2423851795987465E-4
2.2447308077570586E-4
2.247082123572117E-4
2.2494391159617245E-4
2.2518017735551066E-4
2.2541700846959235E-4
2.2565440374451446E-4
2.2589236195839286E-4
2.2613088186164797E-4
2.2636996217729398E-4
2.2660960160121653E-4
2.2684979880245923E-4
2.2709055242349976E-4
2.2733186108053044E-4
2.2757372336372806E-4
2.2781613783754042E-4
2.2805910304094605E-4
2.2830261748773393E-4
2.2854667966676662E-4
2.2879128804225297E-4
2.290364410540136E-4
2.2928213711773652E-4
2.2952837462525394E-4
2.2977515194478844E-4
2.300224674212246E-4
2.3027031937635688E-4
2.3051870610915078E-4
2.3076762589599678E-4
2.3101707699095972E-4
2.312670576260309E-4
2.3151756601138098E-4
2.3176860033560301E-4
2.3202015876596152E-4
2.3227223944863388E-4
2.3252484050895533E-4
2.3277796005166397E-4
2.33031596161132E-4
2.332857469016116E-4
2.335404103174685E-4
2.337955844334155E-4
2.3405126725474954E-4
2.3430745676758318E-4
2.3456415093907215E-4
2.3482134771764696E-4
2.3507904503324093E-4
2.3533724079751524E-4
2.3559593290408028E-4
2.3585511922872743E-4
2.3611479762964085E-4
2.363749659476238E-4
2.3663562200631582E-4
2.3689676361240904E-4
2.3715838855586376E-4
2.374204946101268E-4
2.3768307953233775E-4
2.3794614106354702E-4
2.382096769289206E-4
2.3847368483795266E-4
2.3873816248467272E-4
2.390031075478472E-4
2.3926851769118937E-4
2.395343905635589E-4
2.3980072379916706E-4
2.400675150177719E-4
2.4033476182488216E-4
2.4060246181195643E-4
2.408706125565897E-4
2.4113921162271945E-4
2.414082565608172E-4
2.4167774490807322E-4
2.4194767418859688E-4
2.422180419136022E-4
2.4248884558159784E-4
2.4276008267856962E-4
2.430317506781749E-4
2.4330384704192109E-4
2.4357636921934882E-4
2.4384931464821748E-4
2.4412268075468287E-4
2.4439646495348063E-4
2.4467066464809817E-4
2.449452772309613E-4
2.4522030008359826E-4
2.454957305768243E-4
2.457715660709134E-4
2.460478039157646E-4
2.463244414510791E-4
2.466014760065256E-4
2.468789049019166E-4
2.4715672544736446E-4
2.474349349434574E-4
2.4771353068141975E-4
2.479925099432769E-4
2.4827187000201904E-4
2.485516081217606E-4
2.4883172155790325E-4
2.49112207557291E-4
2.493930633583762E-4
2.496742861913688E-4
2.499558732783925E-4
2.502378218336456E-4
2.505201290635515E-4
2.508027921669088E-4
2.5108580833504675E-4
2.513691747519711E-4
2.5165288859451963E-4
2.519369470325025E-4
2.52221347228857E-4
2.5250608633978943E-4
2.5279116151491953E-4
2.5307656989742794E-4
2.533623086241942E-4
2.5364837482594245E-4
2.539347656273819E-4
2.5422147814734464E-4
2.54508509498924E-4
2.5479585678961386E-4
2.5508351712144725E-4
2.553714875911281E-4
2.556597652901676E-4
2.559483473050168E-4
2.562372307172007E-4
2.565264126034483E-4
2.568158900358243E-4
2.5710566008186264E-4
2.5739571980468574E-4
2.5768606626313926E-4
2.5797669651191887E-4
2.5826760760169266E-4
2.585587965792275E-4
2.588502604875129E-4
2.5914199636588715E-4
2.594340012501525E-4
2.5972627217270126E-4
2.6001880616263284E-4
2.6031160024587985E-4
2.6060465144531544E-4
2.6089795678088017E-4
2.6119151326969137E-4
2.614853179261666E-4
2.6177936776212865E-4
2.620736597869296E-4
2.6236819100755246E-4
2.626629584287345E-4
2.629579590530693E-4
2.632531898811238E-4
2.635486479115414E-4
2.63844330141155E-4
2.641402335650946E-4
2.644363551768886E-4
2.647326919685778E-4
2.6502924093081454E-4
2.6532599905296857E-4
2.656229633232316E-4
2.6592013072871724E-4
2.662174982555668E-4
2.665150628890461E-4
2.668128216136503E-4
2.6711077141319985E-4
2.6740890927095504E-4
2.677104346821736E-4
2.6801531462204665E-4
2.683235162469408E-4
2.6863500689524287E-4
2.6894975409214625E-4
2.692677255674809E-4
2.6958888931543593E-4
2.6991321378542723E-4
2.7024066847230305E-4
2.705712256882102E-4
2.709048657282649E-4
2.712415914845515E-4
2.715814685188497E-4
2.719247314146581E-4
2.7227205650446734E-4
2.726252362991544E-4
2.7298878398395577E-4
2.7337521458456124E-4
2.7380966875483755E-4
2.743464554879525E-4
2.751047305360058E-4
2.7632623833499364E-4
2.784753389340116E-4
2.823761084462641E-4
2.892222874107449E-4
2.995545039775139E-4
3.093296490214928E-4
3.097002665566656E-4
3.1007331730097506E-4
3.1044877237418886E-4
3.10826603063098E-4
3.1120678082078375E-4
3.115892772658416E-4
3.1197406418165285E-4
3.1236111351562527E-4
3.127503973784544E-4
3.13141888043381E-4
3.135355579454585E-4
3.1393137968080994E-4
3.143293260059039E-4
3.1472936983682086E-4
3.1513148424853446E-4
3.1553564247417334E-4
3.159418179043238E-4
3.163499840862861E-4
3.167601147233801E-4
3.171721836742283E-4
3.175861649520402E-4
3.1800203272391674E-4
3.1841976131013523E-4
3.1883932518345917E-4
3.1926069896843855E-4
3.1968385744070825E-4
3.2010877552630446E-4
3.2053542830096755E-4
3.2096379098946285E-4
3.2139383896489284E-4
3.2182554774801137E-4
3.222588930065561E-4
3.226938505545651E-4
3.2313039635170014E-4
3.2356850650258606E-4
3.240081572561387E-4
3.244493250048944E-4
3.2489198628435714E-4
3.2533611777233064E-4
3.2578169628826666E-4
3.26228698792607E-4
3.2667710238612984E-4
3.271268843093107E-4
3.275780219416606E-4
3.2803049280109376E-4
3.284842745432805E-4
3.2893934496100794E-4
3.293956819835491E-4
3.2985326367602027E-4
3.3031206823875815E-4
3.307720740066837E-4
3.312332594486803E-4
3.316956031669725E-4
3.32159083896495E-4
3.326236805042823E-4
3.330893719888544E-4
3.335561374795889E-4
3.34023956236128E-4
3.344928076477575E-4
3.34962671232802E-4
3.354335266380237E-4
3.359053536380208E-4
3.363781321346239E-4
3.3685184215630605E-4
3.3732646385757875E-4
3.3780197751841277E-4
3.382783635436376E-4
3.3875560246235864E-4
3.3923367492737054E-4
3.397125617145785E-4
3.4019224372241607E-4
3.4067270197126175E-4
3.411539176028771E-4
3.4163587187981766E-4
3.42118546184874E-4
3.4260192202049803E-4
3.430859810082374E-4
3.435707048881712E-4
3.4405607551834974E-4
3.4454207487423326E-4
3.450286850481414E-4
3.455158882486837E-4
3.460036668002279E-4
3.46492003142327E-4
3.469808798291887E-4
3.4747027952912197E-4
3.4796018502399506E-4
3.484505792086916E-4
3.4894144509057466E-4
3.4943276578894793E-4
3.4992452453452285E-4
3.5041670466888204E-4
3.509092896439518E-4
3.514022630214767E-4
3.518956084724828E-4
3.5238930977676966E-4
3.5288335082237046E-4
3.5337771560504786E-4
3.538723882277651E-4
3.5436735290017855E-4
3.5486259393811907E-4
3.553580957630845E-4
3.5585384290172384E-4
3.563498199853399E-4
3.568460117493767E-4
3.5734240303291793E-4
3.578389787781896E-4
3.583357240300537E-4
3.588326239355214E-4
3.593296637432492E-4
3.598268288030512E-4
3.6032410456540893E-4
3.608214765809776E-4
3.613189305001042E-4
3.6181645207234114E-4
3.6231402714596394E-4
3.628116416674873E-4
3.63309281681194E-4
3.638069333286504E-4
3.6430458284823373E-4
3.648022165746597E-4
3.652998209385168E-4
3.6579738246578523E-4
3.662948877773847E-4
3.667923235886945E-4
3.672896767091021E-4
3.6778693404153644E-4
3.6828408258201113E-4
3.687811094191596E-4
3.692780017337913E-4
3.697747467984295E-4
3.7027133197686346E-4
3.707677447236939E-4
3.7126397258389096E-4
3.7176000319234776E-4
3.722558242734246E-4
3.7275142364052554E-4
3.732467891956399E-4
3.737419089289166E-4
3.7423677091821816E-4
3.7473136332868805E-4
3.7522567441232403E-4
3.757196925075352E-4
3.7621340603871765E-4
3.7670680351583143E-4
3.7719987353396645E-4
3.7769260477292087E-4
3.781849859967802E-4
3.7867700605349175E-4
3.7916865387445413E-4
3.796599184740901E-4
3.801507889494384E-4
3.806412544797338E-4
3.8113130432599924E-4
3.81620927830635E-4
3.8211011441700757E-4
3.82598853589046E-4
3.830871349308327E-4
3.835749481062032E-4
3.8406228285834255E-4
3.845491290093836E-4
3.8503547646001526E-4
3.8552131518907655E-4
3.860066352531644E-4
3.8649142678624657E-4
3.869756799992609E-4
3.874593851797279E-4
3.879425326913663E-4
3.8842511297369845E-4
3.8890711654167363E-4
3.8938853398527717E-4
3.8986935596915106E-4
3.903495732322165E-4
3.908291765872895E-4
3.9130815692070656E-4
3.9178650519194896E-4
3.9226421243326957E-4
3.927412697493199E-4
3.932176683167736E-4
3.936933993839726E-4
3.941684542705358E-4
3.9464282436701254E-4
3.9511650113451495E-4
3.95589476104343E-4
3.9606174087763633E-4
3.965332871250088E-4
3.970041065861892E-4
3.9747419106966224E-4
3.9794353245232143E-4
3.984121226791073E-4
3.9887995376265586E-4
3.993470177829529E-4
3.998133068869758E-4
4.0027881328835615E-4
4.007435292670214E-4
4.0120744716886243E-4
4.0167055940538006E-4
4.0213285845334663E-4
4.025943368544685E-4
4.030549872150409E-4
4.035148022056131E-4
4.039737745606523E-4
4.04431897078213E-4
4.048891626195926E-4
4.05345564109012E-4
4.058010945332758E-4
4.0625574694144934E-4
4.0670951444452555E-4
4.0716239021510456E-4
4.0761436748706296E-4
4.0806543955523394E-4
4.085155997750865E-4
4.089648415624023E-4
4.0941315839295236E-4
4.0986054380218645E-4
4.103069913849159E-4
4.107524947949929E-4
4.1119704774500166E-4
4.116406440059397E-4
4.1208327740691655E-4
4.125249418348323E-4
4.129656312340835E-4
4.134053396062398E-4
4.1384406100974903E-4
4.142817895596319E-4
4.147185194271741E-4
4.151542448396254E-4
4.155889600799066E-4
4.160226594862997E-4
4.1645533745215366E-4
4.1688698842559224E-4
4.173176069092144E-4
4.177471874598007E-4
4.1817572468802136E-4
4.1860321325814295E-4
4.190296478877399E-4
4.19455023347405E-4
4.1987933446046167E-4
4.203025761026796E-4
4.207247432019865E-4
4.211458307381815E-4
4.215658337426606E-4
4.219847472981298E-4
4.224025665383222E-4
4.2281928664772824E-4
4.2323490286130686E-4
4.2364941046421655E-4
4.2406280479153686E-4
4.244750812279932E-4
4.248862352076921E-4
4.25296262213833E-4
4.257051577784559E-4
4.261129174821566E-4
4.26519536953832E-4
4.269250118704031E-4
4.2732933795655223E-4
4.2773251098445907E-4
4.2813452677353846E-4
4.2853538119017276E-4
4.289350701474589E-4
4.293335896049397E-4
4.297309355683494E-4
4.3012710408935924E-4
4.3052209126531054E-4
4.309158932389719E-4
4.3130850619827425E-4
4.316999263760642E-4
4.3209015004984987E-4
4.324791735415473E-4
4.3286699321723693E-4
4.3325360548690674E-4
4.3363900680421327E-4
4.3402319366622576E-4
4.3579549196525374E-4
4.3755680479090847E-4
4.3930717584066977E-4
4.410466486610785E-4
4.427752666488915E-4
4.444930730539365E-4
4.462001109879028E-4
4.478964234531437E-4
4.495820534372679E-4
4.512570442182491E-4
4.529214403242641E-4
4.5457529047096166E-4
4.562186562908118E-4
4.578516374929549E-4
4.5947444208762673E-4
4.6108757588855635E-4
4.626923359920967E-4
4.642920480962859E-4
4.658969298790924E-4
4.675270842949974E-4
4.6922755032879497E-4
4.7110337310646657E-4
4.7337881029725057E-4
4.765078010464719E-4
4.8134031839737197E-4
4.891820249710036E-4
5.007656293735776E-4
5.120045710683409E-4
5.134491540415397E-4
5.148836296139904E-4
5.163080394501268E-4
5.177224250682652E-4
5.191268278410908E-4
5.20521288996102E-4
5.219058496160994E-4
5.232805506396417E-4
5.24645432861506E-4
5.260005369331559E-4
5.273459033632033E-4
5.286815725178619E-4
5.300075846214098E-4
5.313239797566474E-4
5.326307978653525E-4
5.339280787487273E-4
5.352158620678673E-4
5.36494187344194E-4
5.377630939599133E-4
5.390226211584742E-4
5.402728080449955E-4
5.415136935867305E-4
5.427453166134973E-4
5.439677158181315E-4
5.451809297569313E-4
5.463849968500803E-4
5.475799553821086E-4
5.487658435023137E-4
5.499426992252106E-4
5.511105604309572E-4
5.52269464865789E-4
5.534194501424595E-4
5.545605537406674E-4
5.556928130074775E-4
5.568162651577653E-4
5.579309472746362E-4
5.590368963098512E-4
5.601341490842493E-4
5.612227422881792E-4
5.623027124819193E-4
5.633740960960884E-4
5.644369294320778E-4
5.6549124866247E-4
5.665370898314427E-4
5.675744888551998E-4
5.686034815223771E-4
5.696241034944545E-4
5.706363903061818E-4
5.716403773659701E-4
5.726360999563154E-4
5.736235932341991E-4
5.746028922315001E-4
5.755740318554068E-4
5.765370468887991E-4
5.774919719906762E-4
5.784388416965536E-4
5.793776904188505E-4
5.803085524473034E-4
5.812314619493616E-4
5.821464529705806E-4
5.830535594350228E-4
5.839528151456506E-4
5.848442537847194E-4
5.857279089141726E-4
5.866038139760265E-4
5.874720022927704E-4
5.883325070677478E-4
5.891853613855484E-4
5.900305982123888E-4
5.908682503965056E-4
5.916983506685378E-4
5.925209316419022E-4
5.93336025813187E-4
5.941436655625264E-4
5.94943883153974E-4
5.957367107358961E-4
5.965221803413371E-4
5.973003238883979E-4
5.980711731806139E-4
5.988347599073242E-4
5.995911156440535E-4
6.003402718528695E-4
6.010822598827689E-4
6.018171109700291E-4
6.025448562385945E-4
6.032655267004336E-4
6.039791532559033E-4
6.046857666941178E-4
6.053853976933103E-4
6.060780768211987E-4
6.067638345353469E-4
6.07442701183517E-4
6.081147070040352E-4
6.087798821261566E-4
6.094382565704049E-4
6.10089860248949E-4
6.107347229659369E-4
6.113728744178665E-4
6.120043441939275E-4
6.126291617763607E-4
6.132473565408018E-4
6.138589577566388E-4
6.144639945873465E-4
6.150624960908535E-4
6.156544912198675E-4
6.162400088222397E-4
6.168190776412978E-4
6.173917263161841E-4
6.179579833822137E-4
6.185178772712028E-4
6.190714363118099E-4
6.196186887298843E-4
6.201596626487881E-4
6.206943860897464E-4
6.212228869721791E-4
6.217451931140309E-4
6.222613322321127E-4
6.227713319424268E-4
6.232752197605091E-4
6.237730231017446E-4
6.242647692817054E-4
6.247504855164905E-4
6.252301989230282E-4
6.2570393651943E-4
6.261717252252892E-4
6.266335918620282E-4
6.270895631532101E-4
6.27539665724865E-4
6.279839261058131E-4
6.28422370727977E-4
6.288550259267141E-4
6.29281917941122E-4
6.297030729143667E-4
6.301185168939953E-4
6.305282758322543E-4
6.30932375586391E-4
6.313308419189915E-4
6.317237004982713E-4
6.321109768983989E-4
6.324926965998006E-4
6.328688849894756E-4
6.332395673613081E-4
6.336047689163604E-4
6.339645147631918E-4
6.34318829918168E-4
6.346677393057562E-4
6.350112677588327E-4
6.353494400189905E-4
6.356822807368327E-4
6.360098144722906E-4
6.363320656949024E-4
6.366490587841277E-4
6.369608180296403E-4
6.372673676316302E-4
6.375687317010963E-4
6.378649342601418E-4
6.381559992422751E-4
6.384419504926957E-4
6.387228117685961E-4
6.389986067394437E-4
6.392693589872796E-4
6.395350920070101E-4
6.397958292066891E-4
6.400515939078114E-4
6.403024093456061E-4
6.405482986693078E-4
6.407892849424564E-4
6.4102539114318E-4
6.412566401644712E-4
6.41483054814483E-4
6.417046578167968E-4
6.419214718107146E-4
6.421335193515411E-4
6.423408229108485E-4
6.425434048767734E-4
6.427412875542849E-4
6.429344931654621E-4
6.431230438497799E-4
6.433069616643642E-4
6.434862685842959E-4
6.436609865028513E-4
6.438311372317989E-4
6.439967425016691E-4
6.441578239620127E-4
6.443144031816836E-4
6.444665016491034E-4
6.446141407725316E-4
6.447573418803289E-4
6.44896126221232E-4
6.450305149646129E-4
6.45160529200751E-4
6.452861899410889E-4
6.454075181185027E-4
6.455245345875668E-4
6.456372601248052E-4
6.457457154289645E-4
6.458499211212738E-4
6.459498977456905E-4
6.460456657691796E-4
6.461372455819514E-4
6.462246574977362E-4
6.463079217540242E-4
6.463870585123456E-4
6.46462087858491E-4
6.465330298027983E-4
6.465999042803821E-4
6.466627311514053E-4
6.467215302013117E-4
6.467763211410944E-4
6.468271236075336E-4
6.468739571634522E-4
6.469168412979605E-4
6.469557954267139E-4
6.469908388921362E-4
6.470219909636974E-4
6.470492708381354E-4
6.470726976397088E-4
6.470922904204446E-4
6.471080681603727E-4
6.471200497677761E-4
6.471282540794262E-4
6.471326998608337E-4
6.47133405806472E-4
6.471303905400354E-4
6.471236726146642E-4
6.471132705131887E-4
6.47099202648363E-4
6.470814873631075E-4
6.470601429307345E-4
6.470351875551925E-4
6.47006639371298E-4
6.469745164449638E-4
6.469388367734378E-4
6.46899618285534E-4
6.468568788418591E-4
6.468106362350525E-4
6.467609081900018E-4
6.46707712364087E-4
6.466510663473984E-4
6.465909876629708E-4
6.465274937670065E-4
6.464606020490996E-4
6.46390329832469E-4
6.463166943741741E-4
6.462397128653494E-4
6.461594024314161E-4
6.460757801323145E-4
6.459888629627189E-4
6.458986678522643E-4
6.458052116657683E-4
6.457085112034403E-4
6.456085832011114E-4
6.455054443304509E-4
6.453991111991815E-4
6.452896003512963E-4
6.451769282672813E-4
6.450611113643195E-4
6.449421659965191E-4
6.448201084551177E-4
6.446949549687049E-4
6.445667217034268E-4
6.444354247632007E-4
6.443010801899374E-4
6.441637039637307E-4
6.440233120030915E-4
6.438799201651406E-4
6.437335442458232E-4
6.435841999801243E-4
6.434319030422604E-4
6.43276669045903E-4
6.431185135443765E-4
6.429574520308666E-4
0.0012455191412184114
0.0012425281704221696
0.0012395445514190816
0.0012365682658588152
0.0012335992954371536
0.0012306376218961333
0.0012276832270248033
0.001224736092662373
0.0012217962007096857
0.0012188635331694426
0.001215938072282642
0.0012130198009783217
0.0012101087043134306
0.001207204773947388
0.0012043080216228156
0.0012014185184859442
0.0011985365059447757
0.0011956626972168057
0.0011927990669731168
0.0011899525242794445
0.0011871362324919537
0.0011843805710992047
0.0011817602863493143
0.0011794413825378814
0.001177773284673548
0.0011774358389572688
0.0011795147358821551
0.0011846888779925562
0.0011897089053848652
0.0011868014171139967
0.0011839011563973207
0.0011810081051458277
0.001178122245315618
0.0011752435589077893
0.0011723720279683278
0.0011695076345879965
0.0011666503609022228
0.0011638001890909935
0.0011609571013787377
0.0011581210800342306
0.001155292107370465
0.0011524701657445594
0.0011496552375576362
0.001146847305254732
0.0011440463513246611
0.0011412523582999387
0.001138465308756648
0.0011356851853143442
0.0011329119706359537
0.0011301456474276533
0.0011273861984387682
0.0011246336064616718
0.0011218878543316716
0.0011191489249269158
0.0011164168011682655
0.0011136914660192126
0.0011109729024857608
0.0011082610936163277
0.0011055560225016368
0.0011028576722746078
0.0011001660261102688
0.0010974810672256371
0.001094802778879617
0.0010921311443729059
0.0010894661470478865
0.0010868077702885183
0.0010841559975202403
0.0010815108122098705
0.0010788721978655057
0.001076240138036406
0.0010736146163129092
0.0010709956163263232
0.0010683831217488194
0.0010657771162933475
0.0010631775837135126
0.0010605845078034937
0.0010579978723979388
0.0010554176613718587
0.0010528438586405338
0.0010502764481594082
0.001047715413924001
0.001045160739969804
0.0010426124103721708
0.0010400704092462306
0.0010375347207467979
0.0010350053290682523
0.0010324822184444545
0.0010299653731486499
0.0010274547774933689
0.0010249504158303285
0.0010224522725503365
0.0010199603320831903
0.0010174745788975959
0.0010149949975010516
0.0010125215724397624
0.0010100542882985502
0.00100759312970075
0.0010051380813081098
0.001002689127820709
0.0010002462539768604
9.978094445530045E-4
9.953786843636297E-4
9.929539582611713E-4
9.905352511359155E-4
9.88122547915911E-4
9.857158335668749E-4
9.83315093092099E-4
9.809203115323506E-4
9.785314739657917E-4
9.761485655078811E-4
9.737715713112749E-4
9.714004765657498E-4
9.690352664980932E-4
9.666759263720307E-4
9.643224414881234E-4
9.619747971836765E-4
9.596329788326483E-4
9.572969718455676E-4
9.549667616694361E-4
9.526423337876378E-4
9.503236737198565E-4
9.480107670219746E-4
9.457035992859929E-4
9.434021561399397E-4
9.411064232477766E-4
9.388163863093146E-4
9.365320310601253E-4
9.34253343271452E-4
9.319803087501149E-4
9.297129133384348E-4
9.274511429141385E-4
9.251949833902666E-4
9.229444207151035E-4
9.206994408720629E-4
9.184600298796273E-4
9.162261737912496E-4
9.139978586952598E-4
9.117750707147927E-4
9.095577960076941E-4
9.073460207664321E-4
9.051397312180224E-4
9.029389136239282E-4
9.007435542799885E-4
8.98553639516322E-4
8.963691556972507E-4
8.941900892212087E-4
8.920164265206646E-4
8.898481540620286E-4
8.876852583455799E-4
8.855277259053665E-4
8.833755433091426E-4
8.812286971582647E-4
8.790871740876249E-4
8.76950960765554E-4
8.748200438937483E-4
8.726944102071827E-4
8.70574046474033E-4
8.684589394955876E-4
8.663490761061671E-4
8.642444431730445E-4
8.621450275963615E-4
8.600508163090499E-4
8.579617962767481E-4
8.558779544977201E-4
8.537992780027737E-4
8.517257538551841E-4
8.496573691506086E-4
8.475941110170114E-4
8.455359666145724E-4
8.434829231356238E-4
8.414349678045637E-4
8.393920878777686E-4
8.373542706435208E-4
8.353215034219336E-4
8.332937735648668E-4
8.312710684558457E-4
8.292533755099907E-4
8.272406821739278E-4
8.252329759257285E-4
8.232302442748091E-4
8.21232474761869E-4
8.192396549588085E-4
8.172517724686498E-4
8.152688149254654E-4
8.132907699942893E-4
8.113176253710595E-4
8.093493687825181E-4
8.073859879861567E-4
8.054274707701227E-4
8.034738049531538E-4
8.015249783844984E-4
7.995809789438419E-4
7.976417945412268E-4
7.957074131169904E-4
7.937778226416643E-4
7.918530111159248E-4
7.899329665705061E-4
7.88017677066129E-4
7.861071306934247E-4
7.842013155728589E-4
7.823002198546625E-4
7.804038317187573E-4
7.785121393746772E-4
7.766251310614984E-4
7.747427950477647E-4
7.728651196314169E-4
7.70992093139722E-4
7.691237039291854E-4
7.672599403855066E-4
7.654007909234708E-4
7.635462439869071E-4
7.616962880486042E-4
7.598509116102353E-4
7.580101032022926E-4
7.561738513840144E-4
7.543421447433099E-4
7.525149718966925E-4
7.506923214892082E-4
7.488741821943591E-4
7.470605427140452E-4
7.452513917784785E-4
7.434467181461236E-4
7.416465106036256E-4
7.398507579657326E-4
7.380594490752375E-4
7.362725728029044E-4
7.3449011804739E-4
7.327120737351895E-4
7.309384288205525E-4
7.291691722854269E-4
7.274042931393802E-4
7.256437804195416E-4
7.23887623190521E-4
7.221358105443487E-4
7.203883316004031E-4
7.186451755053499E-4
7.169063314330637E-4
7.151717885845725E-4
7.134415361879766E-4
7.117155634983934E-4
7.099938597978832E-4
7.082764143953894E-4
7.06563216626653E-4
7.04854255854178E-4
7.031495214671315E-4
7.014490028812997E-4
6.997526895390133E-4
6.980605709090829E-4
6.963726364867312E-4
6.946888757935275E-4
6.930092783773302E-4
6.913338338122068E-4
6.896625316983848E-4
6.87995361662171E-4
6.863323133559006E-4
6.846733764578609E-4
6.830185406722397E-4
6.813677957290427E-4
6.797211313840459E-4
6.780785374187293E-4
6.764400036402014E-4
6.748055198811452E-4
6.731750759997545E-4
6.715486618796685E-4
6.699262674299056E-4
6.683078825848065E-4
6.666934973039646E-4
6.650831015721668E-4
6.634766853993326E-4
6.618742388204496E-4
6.602757518955071E-4
6.586812147094389E-4
6.570906173720606E-4
6.555039500180084E-4
6.539212028066738E-4
6.523423659221427E-4
6.507674295731396E-4
6.491963839929573E-4
6.476292194394056E-4
6.460659261947383E-4
6.445064945656067E-4
6.429509148829846E-4
6.413991775021171E-4
6.398512728024581E-4
6.383071911876104E-4
6.367669230852606E-4
6.352304589471271E-4
6.336977892488931E-4
6.321689044901534E-4
6.30643795194348E-4
6.291224519087069E-4
6.276048652041939E-4
6.260910256754392E-4
6.245809239406867E-4
6.230745506417334E-4
6.21571896443869E-4
6.200729520358236E-4
6.18577708129701E-4
6.170861554609263E-4
6.155982847881841E-4
0.26209153558115383
