2.5396530422922353E-7
5.223951088616666E-7
8.029687321036411E-7
1.086095252494852E-6
1.3616498474846768E-6
1.6388342096163194E-6
1.917657240263811E-6
2.1981279427822787E-6
2.4802554240683533E-6
2.764048896139569E-6
3.049517677732885E-6
3.336671195922568E-6
3.6255189877576517E-6
3.9160707019191205E-6
4.208336100397156E-6
4.502325060188609E-6
4.798047575014929E-6
5.09551375706089E-6
5.394733838734318E-6
5.695718174447136E-6
5.9984772424179266E-6
6.303021646496434E-6
6.609362118010229E-6
6.917509517633791E-6
7.2274748372804585E-6
7.539269202017396E-6
7.852903872004082E-6
8.16839024445444E-6
8.485739855623058E-6
8.804964382815896E-6
9.126075646425591E-6
9.449085611991802E-6
9.774006392287087E-6
1.01008502494283E-5
1.0429629597014192E-5
1.0760357002289481E-5
1.1093045188336006E-5
1.1427707036292399E-5
1.1764355587604627E-5
1.2103004046314449E-5
1.2443665781402246E-5
1.2786354329226056E-5
1.3131083396161428E-5
1.3477866861696496E-5
1.3826718782594255E-5
1.4177653399564526E-5
1.4530685149778346E-5
1.4885828692773129E-5
1.5243098966483173E-5
1.5602511309695078E-5
1.596408172788782E-5
1.6327827461773168E-5
1.669376818016928E-5
1.7061928429533392E-5
1.7432342548657654E-5
1.7805064289029873E-5
1.8180185159180616E-5
1.855786843974754E-5
1.893841038787717E-5
1.932234681867687E-5
1.971063210499988E-5
2.0104927722804688E-5
2.0508045601154167E-5
2.092459042994924E-5
2.1361820855430595E-5
2.183067902718415E-5
2.234655654338091E-5
2.2929978471880238E-5
2.3605996875296963E-5
2.4400329514807723E-5
2.5076712546123333E-5
2.586803577447935E-5
2.6720052219936368E-5
2.750750046001721E-5
2.804101785364812E-5
2.824922519324872E-5
2.8458664479248284E-5
2.866934681557431E-5
2.8881283453038988E-5
2.9094485791102497E-5
2.930896537965489E-5
2.952473392081681E-5
2.974180327076078E-5
2.996018544155383E-5
3.0179892603022305E-5
3.0400937084640462E-5
3.0623331377443404E-5
3.0847088135965206E-5
3.10722201802037E-5
3.12987404976124E-5
3.1526662245120575E-5
3.175599875118196E-5
3.198676351785305E-5
3.221897022290208E-5
3.245263272194776E-5
3.268776505063019E-5
3.292438142681267E-5
3.3162496252816006E-5
3.3402124117684564E-5
3.364327979948468E-5
3.388597826763571E-5
3.413023468527312E-5
3.437606441164365E-5
3.4623483004533014E-5
3.4872506222724595E-5
3.512315002849012E-5
3.5375430590110936E-5
3.562936428443045E-5
3.588496769943855E-5
3.614225763688991E-5
3.640125111496623E-5
3.666196537100341E-5
3.692441786434252E-5
3.718862627944642E-5
3.745460852962803E-5
3.772238276220732E-5
3.799196736700285E-5
3.826338099250425E-5
3.8536642579470595E-5
3.881177143335332E-5
3.908878738160621E-5
3.936771111294172E-5
3.9648564898583135E-5
3.9931374098374926E-5
4.0216170243428705E-5
4.0502997211168024E-5
4.0791923315664556E-5
4.1083064414361275E-5
4.137662694986904E-5
4.167298595554966E-5
4.1972822301262805E-5
4.227735647231443E-5
4.25887326746046E-5
4.291062448476955E-5
4.3249144497075674E-5
4.3614130368029576E-5
4.402105181219491E-5
4.449208494525825E-5
4.505811808204885E-5
4.5760236830690905E-5
4.6646953726977717E-5
4.7766144843734096E-5
4.914649340457742E-5
5.07582768028761E-5
5.2428514694601745E-5
5.368508813334607E-5
5.405341918771233E-5
5.4424238624465625E-5
5.479757192097023E-5
5.517344486816808E-5
5.555188357410737E-5
5.593291446759684E-5
5.631656430198544E-5
5.6702860159072936E-5
5.70918294531468E-5
5.7483499935149124E-5
5.78778996969687E-5
5.827505717585858E-5
5.8675001158973054E-5
5.907776078802221E-5
5.94833655640381E-5
5.9891845352248475E-5
6.030323038705032E-5
6.071755127707833E-5
6.113483901036127E-5
6.155512495955738E-5
6.197844088726338E-5
6.240481895138677E-5
6.28342917105746E-5
6.326689212968905E-5
6.370265358532098E-5
6.414160987133302E-5
6.458379520442259E-5
6.50292442296932E-5
6.547799202622938E-5
6.593007411265982E-5
6.638552645270373E-5
6.684438546068735E-5
6.730668800702305E-5
6.777247142364254E-5
6.824177350937385E-5
6.871463253526339E-5
6.919108724984585E-5
6.967117688439822E-5
7.015494115827255E-5
7.064242028456742E-5
7.113365497676796E-5
7.162868645788711E-5
7.212755647570031E-5
7.263030733236884E-5
7.313698194718833E-5
7.364762399397373E-5
7.416227820315954E-5
7.468099101994679E-5
7.520381201596921E-5
7.573079686111237E-5
7.626201345272407E-5
7.67975542834634E-5
7.733756082814646E-5
7.788227047086315E-5
7.843210449923271E-5
7.898782860525321E-5
7.955083703100136E-5
8.012363945521802E-5
8.071066547904344E-5
8.131953976390137E-5
8.196300605701668E-5
8.266231780961711E-5
8.344888535744547E-5
8.43687002537173E-5
8.548787165570297E-5
8.689261919350069E-5
8.868356438743553E-5
9.095499155066465E-5
9.373430855131554E-5
9.680252085637958E-5
9.925145225306742E-5
9.99234460685569E-5
1.0060063161258503E-4
1.0128306470297934E-4
1.0197080180844394E-4
1.026639000646957E-4
1.0336241729098371E-4
1.040664120068738E-4
1.0477594344919858E-4
1.0549107158906521E-4
1.0621185714883035E-4
1.0693836161894953E-4
1.0767064727462189E-4
1.0840877719214366E-4
1.0915281526490454E-4
1.0990282621895067E-4
1.1065887562805608E-4
1.1142102992823726E-4
1.1218935643165731E-4
1.1296392333986924E-4
1.1374479975634765E-4
1.1453205569826706E-4
1.1532576210748534E-4
1.1612599086069696E-4
1.1693281477872008E-4
1.1774630763488929E-4
1.185665441625259E-4
1.1939360006146308E-4
1.2022755200359931E-4
1.2106847763746989E-4
1.2191645559181245E-4
1.2277156547811736E-4
1.2363388789214924E-4
1.2450350441443308E-4
1.2538049760969807E-4
1.2626495102527227E-4
1.2715694918843628E-4
1.2805657760274025E-4
1.2896392274331777E-4
1.2987907205127376E-4
1.3080211392734882E-4
1.3173313772534847E-4
1.3267223374653807E-4
1.3361949323788226E-4
1.345750084009349E-4
1.3553887242716858E-4
1.3651117959570324E-4
1.3749202551373166E-4
1.3848150767529845E-4
1.394797267145621E-4
1.4048678914113218E-4
1.415028131683469E-4
1.4252794084867952E-4
1.435623627631557E-4
1.4460636706893512E-4
1.4566043454115356E-4
1.467254179623872E-4
1.4780287135045681E-4
1.4889563614804802E-4
1.500088508317725E-4
1.5115162636787353E-4
1.523397103957523E-4
1.5360084510871022E-4
1.5497697126372619E-4
1.5653201036009993E-4
1.5836355228815094E-4
1.6060784622992668E-4
1.6343986221943052E-4
1.670537295229053E-4
1.7157717382273267E-4
1.7675613048445966E-4
1.810706801488921E-4
1.823389842515306E-4
1.8361818769043636E-4
1.8490840914124E-4
1.8620976954076705E-4
1.8752239214207546E-4
1.8884640255834243E-4
1.9018192879611214E-4
1.9152910127841853E-4
1.928880528582657E-4
1.9425891882294196E-4
1.956418368896217E-4
1.970369471927101E-4
1.9844439226334186E-4
1.998643170014691E-4
2.0129686864092276E-4
2.027421967078511E-4
2.042004529729017E-4
2.0567179139751156E-4
2.0715636807466163E-4
2.086543411644296E-4
2.1016587082467054E-4
2.1169111913714212E-4
2.1323025002938166E-4
2.1478342919262466E-4
2.16350823996056E-4
2.1793260339766172E-4
2.195289378519532E-4
2.2113999921480866E-4
2.227659606456892E-4
2.2440699650745744E-4
2.2606328226402992E-4
2.2773499437608034E-4
2.2942231019501E-4
2.3112540785538146E-4
2.3284446616601617E-4
2.3457966449994441E-4
2.363311826833953E-4
2.3809920088402016E-4
2.398838994985635E-4
2.4168545904028373E-4
2.4350406002662749E-4
2.453398828681874E-4
2.4719310776127987E-4
2.490639145896254E-4
2.509524828479963E-4
2.5285899161784E-4
2.5478361966364436E-4
2.56726545804803E-4
2.5868794990425135E-4
2.606680152105376E-4
2.626669336080088E-4
2.6468491697940934E-4
2.667222211217259E-4
2.6877919482144963E-4
2.708563780670192E-4
2.7295469361218077E-4
2.750758106761652E-4
2.7722281586842564E-4
2.7940141285214616E-4
2.8162199491029225E-4
2.839030892843967E-4
2.862790935374012E-4
2.888029089872124E-4
2.9155790094463814E-4
2.9467782175489316E-4
2.9835921443717043E-4
3.02871318562565E-4
3.085424863347099E-4
3.1564818771660905E-4
3.239202470354167E-4
3.310619671290944E-4
3.3352320497468643E-4
3.3600723267090585E-4
3.385143928327591E-4
3.410450359060723E-4
3.435995190846205E-4
3.461782052691377E-4
3.487814620670773E-4
3.514096608320338E-4
3.5406317574175166E-4
3.567423829136675E-4
3.5944765955696237E-4
3.621793831601298E-4
3.6493793071305905E-4
3.6772367796270396E-4
3.705369987013682E-4
3.733782640867236E-4
3.7624784199264316E-4
3.791460963899855E-4
3.820733867564772E-4
3.850300675148518E-4
3.8801648749843537E-4
3.910329894433812E-4
3.9407990950677174E-4
3.971575768098326E-4
4.0026631300551206E-4
4.034064318696987E-4
4.065782389153797E-4
4.0978203102903007E-4
4.13018096128575E-4
4.162867128422533E-4
4.1958815020774575E-4
4.229226673909314E-4
4.2629051342366785E-4
4.2969192695998734E-4
4.331271360501325E-4
4.3659635793185666E-4
4.400997988384362E-4
4.4363765382287603E-4
4.472101065977908E-4
4.5081732939055905E-4
4.544594828134822E-4
4.581367157490885E-4
4.6184916525171586E-4
4.6559695646893127E-4
4.6938020259220704E-4
4.731990048602058E-4
4.7705345267048726E-4
4.8094362392960254E-4
4.848695859372954E-4
4.888313974630497E-4
4.928291134475053E-4
4.968627953749769E-4
5.009325336392806E-4
5.050384946915749E-4
5.091810181407811E-4
5.133608119066819E-4
5.175793344281744E-4
5.218395228179321E-4
5.261471392864282E-4
5.305131806846372E-4
5.349580359520218E-4
5.395245027547503E-4
5.442776128886517E-4
5.493211421887361E-4
5.548271081721053E-4
5.610574051264799E-4
5.683871292477823E-4
5.773021306926848E-4
5.882629722697929E-4
6.010158989062104E-4
6.123980553307622E-4
6.172686649494675E-4
6.221963223181624E-4
6.271821578075206E-4
6.322271990992401E-4
6.373323743653135E-4
6.424985153757474E-4
6.477263605361179E-4
6.530165578562762E-4
6.58369667851562E-4
6.637861663777949E-4
6.69266447401334E-4
6.748108257054619E-4
6.804195395343091E-4
6.860927531755557E-4
6.918305594830651E-4
6.976329823406557E-4
7.034999790681317E-4
7.094314427707081E-4
7.154272046329522E-4
7.214870361583043E-4
7.276106513552702E-4
7.337977088713294E-4
7.400478140755835E-4
7.463605210911681E-4
7.527353347784254E-4
7.591717126698047E-4
7.656690668574666E-4
7.722267658345239E-4
7.788441362908501E-4
7.855204648643726E-4
7.922549998487319E-4
7.990469528581958E-4
8.058955004506943E-4
8.127997857098047E-4
8.197589197865484E-4
8.267719834017907E-4
8.338380283100541E-4
8.409560787255736E-4
8.481251327113294E-4
8.553441635319332E-4
8.626121209712543E-4
8.699279326159462E-4
8.772905051067375E-4
8.846987253610804E-4
8.92151461775167E-4
8.99647565424081E-4
9.071858713047172E-4
9.147651997268496E-4
9.223843580976689E-4
9.300421436601624E-4
9.377373484391881E-4
9.454687691389884E-4
9.532352278561305E-4
9.610356158307801E-4
9.688689850426395E-4
9.767347365728513E-4
9.84632999249628E-4
9.925653713002704E-4
0.0010005363318935918
0.0010085558438797312
0.0010169233781943663
0.0010256705969161227
0.0010348543495930654
0.0010445770845576455
0.001055025225847167
0.0010664998562727318
0.0010794542899224542
0.0010945058444462286
0.0011122836332002667
0.0011325603583529004
0.0011513878828188166
0.0011621390803288143
0.001173061118582204
0.001184144636136579
0.0011953804921009926
0.0012067597621031542
0.0012182737343216852
0.0012299139055824983
0.001241671977518298
0.0012535398527902778
0.00126550963137108
0.0012775736068880916
0.0012897242630261821
0.0013019542699889606
0.0013142564810177098
0.0013266239289671021
0.0013390498229368364
0.0013515275449583863
0.0013640506467359774
0.0013766128464410337
0.001389208025559217
0.0014018302257893208
0.001414473645993209
0.0014271326391960188
0.0014398017096358677
0.0014524755098623452
0.0014651488378829818
0.001477816634357037
0.0014904739798358329
0.0015031160920489532
0.0015157383232355971
0.0015283361575204025
0.001540905208333049
0.0015534412158709928
0.0015659400446046425
0.0015783976808243685
0.0015908102302286575
0.0016031739155528085
0.001615485074237574
0.0016277401561370823
0.0016399357212655385
0.0016520684375821825
0.0016641350788141873
0.0016761325223176938
0.0016880577469783632
0.0016999078311559772
0.0017116799506854913
0.001723371376966227
0.0017349794752174763
0.0017465017030888251
0.0017579356100678833
0.001769278838702734
0.0017805291299241655
0.0017916843374788782
0.0018027424621914073
0.0018137017283744582
0.0018245607475621338
0.0018353188582165717
0.0018459768095742198
0.001856538096757218
0.0018955067359015117
0.0019335665157518922
0.001970775784303076
0.0020072172443622773
0.0020430198375938576
0.0020784013931425343
0.0021137040942027733
0.0021494408985193243
0.0021863185879758104
0.0022250849815653555
0.0022655816461427222
0.002303554626877998
0.0023317225385707224
0.002359103615117831
0.002385710867294226
0.0024115571216390577
0.0024366550228840022
0.0024610170363507933
0.002484655450318427
0.0025075823783603807
0.00252980976165221
0.0025513493712499146
0.0025722128103394283
0.0025924115164575874
0.0026119567636848813
0.00263085966481044
0.002649131173469495
0.0026667820862536938
0.0026838230447946455
0.002700264537820932
0.002716116903189026
0.002731390329888329
0.0027460948600207284
0.0027602403907549702
0.0027738366762561175
0.002786893329590464
0.002799419824606166
0.002811425497789906
0.002822919550099872
0.0028339110487753845
0.002844408929123392
0.0028544219962822184
0.002863958926962737
0.002873028271167313
0.002881638453886822
0.002889797776775898
0.0028975144198068407
0.0029047964429022963
0.002911651787547076
0.0029180882783793496
0.002924113624761438
0.0029297354223305396
0.002934961154529652
0.0029397981941191266
0.002944253804669536
0.0029483351420372993
0.0029520492558264637
0.002955403090845106
0.002958403488577481
0.0029610571887242827
0.002963370830938672
0.002965350957063314
0.00296700401458298
0.002968336362927803
0.002969354286280686
0.0029700640208483774
0.0029704718134772
0.002970584046401421
0.0029704074976205403
0.0029699498710946304
0.005875463409400558
0.0058173856968069945
0.005759918363055409
0.005703089247063562
0.00564694455559873
0.0055915664348474125
0.005537107840906715
0.005483820474982693
0.005432092493520711
0.005382467950657134
0.005335523149680969
0.005291094914157364
0.005245695625787276
0.005193457691645924
0.005141745370362466
0.005090553314899989
0.005039876233181626
0.0049897088875209454
0.00494004609405822
0.004890882722202641
0.004842213694080276
0.004794033983987799
0.0047463386178519425
0.004699122672694527
0.004652381276103117
0.004606109605707137
0.004560302888659507
0.004514956401123608
0.004470065467765662
0.004425625461252325
0.004381631801753602
0.004338079956450842
0.004294965439049943
0.004252283809299562
0.0042100306725144036
0.004168201679103407
0.0041267925241029
0.004085798946714599
0.0040452167298484125
0.004005041699670004
0.003965269725153087
0.0039258967176363565
0.003886918630385058
0.003848331458157108
0.0038101312367737243
0.0037723140426945585
0.003734875992597203
0.0036978132429611433
0.003661121989655971
0.0036247984675339337
0.0035888389500267092
0.003553239748746389
0.003517997213090617
0.0034831077298518986
0.003448567722831055
0.003414373652455021
0.0033805220153994456
0.0033470093442174143
0.003313832206977941
0.003280987206923526
0.0032484709821703752
0.0032162802055096607
0.003184411584450994
0.00315286186184224
0.0031216278178378284
0.0030907062749572383
0.0030600941100624
0.003029788281444152
0.0029997858880346446
0.0029700842950066858
0.2993497786638541
