1.1118768801825769E-7
2.238681200817586E-7
3.380367637644362E-7
4.536598968846493E-7
5.7067682394497E-7
6.890044079238064E-7
8.085434733059296E-7
9.291863917302373E-7
1.0508250131657033E-6
1.1733580800567824E-6
1.296697364010129E-6
1.420771975028801E-6
1.5455305726911437E-6
1.6709415060713155E-6
1.796991173057854E-6
1.9236810786873614E-6
2.0510241629087513E-6
2.1790409588520206E-6
2.307756050512388E-6
2.4371951541835585E-6
2.5673829860715723E-6
2.6983419308489904E-6
2.830091414503473E-6
2.96264781957472E-6
3.096024760226172E-6
3.2302335488397702E-6
3.365283721355041E-6
3.5011835319689393E-6
3.637940368629602E-6
3.775561072783293E-6
3.914052167918637E-6
4.0534200124475444E-6
4.1936708958501654E-6
4.334811095689305E-6
4.47684690957206E-6
4.619784672146688E-6
4.7636307637382565E-6
4.90839161461039E-6
5.054073707086323E-6
5.2006835766925745E-6
5.3482278128908885E-6
5.496713059656795E-6
5.646146016019653E-6
5.796533436620169E-6
5.947882132325681E-6
6.100198970950873E-6
6.2534908781566804E-6
6.407764838644867E-6
6.563027897838936E-6
6.719287164357335E-6
6.876549813764392E-6
7.034823094359665E-6
7.194114336181713E-6
7.354430965019668E-6
7.515780524128546E-6
7.678170707640244E-6
7.841609411488187E-6
8.00610481018328E-6
8.171665471177762E-6
8.338300523022331E-6
8.506019899230309E-6
8.674834686808151E-6
8.844757616756215E-6
9.015803743211559E-6
9.187991367668118E-6
9.361343273748218E-6
9.535888344562186E-6
9.71166363628842E-6
9.88871697496509E-6
1.0067110124647633E-5
1.0246922539696318E-5
1.04282556578041E-5
1.0611237610245963E-5
1.079602812067758E-5
1.0982823236136711E-5
1.1171859391218843E-5
1.1363416162461833E-5
1.1557816945379988E-5
1.1755426708293977E-5
1.1956645976401495E-5
1.2161900308177601E-5
1.2371624770663104E-5
1.2586243314549028E-5
1.2806143488248131E-5
1.303164757994615E-5
1.3262981975633736E-5
1.3500247178678812E-5
1.3743391441616777E-5
1.3992191197087135E-5
1.4246241340973033E-5
1.4393770166104491E-5
1.4543726126926409E-5
1.4695235182442954E-5
1.4847363264017906E-5
1.4999166358316747E-5
1.5149743313846514E-5
1.5298286546679103E-5
1.544412584084674E-5
1.558676109377963E-5
1.572588107947465E-5
1.5861366923818135E-5
1.5993280765697693E-5
1.612184174199152E-5
1.6247392733283434E-5
1.6370362058595945E-5
1.6491224432504775E-5
1.661046503100776E-5
1.672854958745596E-5
1.6845902256322876E-5
1.696289176053701E-5
1.7079825272764034E-5
1.7196948708533143E-5
1.7314451689596435E-5
1.7432475355613757E-5
1.7551121391033522E-5
1.7670460991562813E-5
1.7790542917248394E-5
1.7911400181118385E-5
1.8033055247377895E-5
1.8155523836827947E-5
1.827881756130362E-5
1.840294565226731E-5
1.852791603711333E-5
1.8653735975398124E-5
1.8780412415872442E-5
1.8907952186614716E-5
1.9036362091082597E-5
1.9165648954154883E-5
1.9295819643124823E-5
1.942688107688871E-5
1.9558840229913828E-5
1.9691704134052692E-5
1.9825479879545054E-5
1.996017461576538E-5
2.009579555195181E-5
2.0232349958041518E-5
2.036984516572573E-5
2.0508288569878094E-5
2.0647687630596727E-5
2.078804987624207E-5
2.092938290807444E-5
2.107169440743534E-5
2.121499214693151E-5
2.1359284007846578E-5
2.1504578007129382E-5
2.1650882338930676E-5
2.179820543796119E-5
2.1946556075148604E-5
2.2095943500439724E-5
2.224637765342199E-5
2.239786947000967E-5
2.2550431322999777E-5
2.270407764595556E-5
2.2858825803488312E-5
2.301469728604441E-5
2.317171932263923E-5
2.332992701867653E-5
2.3489366135102334E-5
2.3650096625528043E-5
2.3812197034273488E-5
2.3975769824113527E-5
2.414094764091159E-5
2.430790042665683E-5
2.4476843157807805E-5
2.464804381098718E-5
2.4821830947513066E-5
2.49986000746969E-5
2.5178817708094187E-5
2.5363021858846135E-5
2.5551817548047198E-5
2.5745865956871316E-5
2.5945866008906364E-5
2.615252759318368E-5
2.63665362960284E-5
2.6588510407831174E-5
2.6818952054602645E-5
2.7058195471887416E-5
2.730635654117924E-5
2.756328856251401E-5
2.7828549646674087E-5
2.8101386904464647E-5
2.838074167850297E-5
2.8665278392898623E-5
2.8953437299870095E-5
2.9243508720777483E-5
2.9533723661959566E-5
2.9822353343850168E-5
3.010780861756034E-5
3.0388729771962984E-5
3.0664058013486515E-5
3.093308188273969E-5
3.119545479693721E-5
3.145118334006612E-5
3.1700589331179246E-5
3.194425155615108E-5
3.218293492760128E-5
3.241751550693588E-5
3.264890927354124E-5
3.2878010966245794E-5
3.310564711638548E-5
3.333254497621404E-5
3.355931683383376E-5
3.3786457507741894E-5
3.401435179508855E-5
3.424328831909798E-5
3.44734764688918E-5
3.4705063759887765E-5
3.493815175589445E-5
3.517280950260622E-5
3.540908409958718E-5
3.564700852128905E-5
3.588660708054594E-5
3.612789904201613E-5
3.6370900888067744E-5
3.661562766679185E-5
3.6862093752898356E-5
3.7110313255121355E-5
3.7360300223090395E-5
3.761206874699523E-5
3.786563300327273E-5
3.8121007274729155E-5
3.837820595929718E-5
3.863724357406762E-5
3.8898134757504586E-5
3.9160894271043235E-5
3.9425537000553524E-5
3.9692077957892026E-5
3.996053228270222E-5
4.023091524466141E-5
4.0503242246479964E-5
4.077752882814131E-5
4.105379067316405E-5
4.133204361812277E-5
4.161230366735867E-5
4.18945870158618E-5
4.2178910084864994E-5
4.2465289576970036E-5
4.275374256090704E-5
4.30442866006575E-5
4.333693995008471E-5
4.3631721842901705E-5
4.392865291929276E-5
4.4227755845287484E-5
4.452905619939585E-5
4.48325837230904E-5
4.513837405691197E-5
4.5446471110880225E-5
4.57569302438353E-5
4.606982244702201E-5
4.6385239736341785E-5
4.6703301946735617E-5
4.702416508052702E-5
4.734803127714934E-5
4.767516033217329E-5
4.8005882488499376E-5
4.834061194643416E-5
4.8679860195294015E-5
4.9024247873266316E-5
4.937451344746222E-5
4.973151662484387E-5
5.009623412886452E-5
5.046974539345753E-5
5.08532059288444E-5
5.124780668724091E-5
5.165471875730719E-5
5.207502414983939E-5
5.250963523784341E-5
5.295920743002243E-5
5.342405164868181E-5
5.3904054840813285E-5
5.439861773054168E-5
5.490661899784918E-5
5.542641381087167E-5
5.5955872071731074E-5
5.649245799488371E-5
5.703334808985112E-5
5.7575579841606957E-5
5.811621907989642E-5
5.865253092882512E-5
5.918213793401495E-5
5.970314982550894E-5
6.021425238955028E-5
6.0714747710953376E-5
6.120454389995729E-5
6.168409841810343E-5
6.215432432166935E-5
6.261647235953535E-5
6.307200341577681E-5
6.352246519021814E-5
6.396938456624838E-5
6.441418342777903E-5
6.485812151130547E-5
6.530226595370703E-5
6.574748410007694E-5
6.619445419612713E-5
6.664368786229846E-5
6.709555855784907E-5
6.755033127407466E-5
6.80081900807374E-5
6.846926156137655E-5
6.89336333772825E-5
6.940136807463666E-5
6.987251277359874E-5
7.034710560175237E-5
7.082517974236508E-5
7.130676585023563E-5
7.179189341912158E-5
7.228059151569394E-5
7.27728891529645E-5
7.326881547038125E-5
7.376839981626416E-5
7.42716717837954E-5
7.477866122622096E-5
7.528939826328284E-5
7.58039132841504E-5
7.632223694901692E-5
7.68444001902156E-5
7.737043421321913E-5
7.790037049774767E-5
7.843424079923808E-5
7.897207715105493E-5
7.95139118680558E-5
8.005977755249909E-5
8.060970710387026E-5
8.116373373511723E-5
8.172189099917123E-5
8.228421283171818E-5
8.285073361926998E-5
8.342148830606969E-5
8.39965125597708E-5
8.45758430248056E-5
8.515951770466628E-5
8.574757653081174E-5
8.634006219742377E-5
8.693702136846375E-5
8.7538506396687E-5
8.814457773301536E-5
8.875530724721377E-5
8.93707827236698E-5
8.999111383322418E-5
9.06164399043725E-5
9.12469398121214E-5
9.188284425416851E-5
9.252445057281948E-5
9.31721400869534E-5
9.382639760304647E-5
9.44878323658302E-5
9.515719918798587E-5
9.583541788390579E-5
9.652358847045384E-5
9.722299896420878E-5
9.793512210846204E-5
9.866159714024548E-5
9.940419290828541E-5
1.0016474941979038E-4
1.0094509633187511E-4
1.0174694904252629E-4
1.0257178579714024E-4
1.0342071239490126E-4
1.0429432429653098E-4
1.0519257878073286E-4
1.061146914763196E-4
1.0705907194897086E-4
1.0802331138611234E-4
1.0900423169341588E-4
1.099979996501739E-4
1.1100030269892109E-4
1.1200657534282515E-4
1.1301225810567848E-4
1.1401306574528013E-4
1.1500523890948038E-4
1.1598575431008706E-4
1.1695247284088086E-4
1.1790421234960878E-4
1.1884074091168634E-4
1.1976269600928217E-4
1.2067144347468681E-4
1.2156889611103353E-4
1.2245731473022265E-4
1.2333911374361398E-4
1.2421668983176505E-4
1.2509228652946927E-4
1.2596790098254838E-4
1.268452328523918E-4
1.2772567031279082E-4
1.2861030485850693E-4
1.2949996534847863E-4
1.3039526208661E-4
1.312966333050643E-4
1.322043885785096E-4
1.3311874593541044E-4
1.340398613611035E-4
1.3496785080228753E-4
1.3590280564157805E-4
1.3684480298775588E-4
1.3779391215536555E-4
1.3875019852933873E-4
1.3971372574632938E-4
1.4068455685692258E-4
1.4166275490673361E-4
1.4264838320527735E-4
1.4364150543675442E-4
1.4464218569540936E-4
1.456504884869374E-4
1.4666647871541225E-4
1.4769022166429024E-4
1.4872178297502798E-4
1.49761228624711E-4
1.5080862490328452E-4
1.518640383907253E-4
1.5292753593450134E-4
1.5399918462781126E-4
1.5507905178937953E-4
1.5616720494604646E-4
1.5726371182013047E-4
1.5836864032469115E-4
1.5948205857159236E-4
1.6060403489994983E-4
1.6173463793654806E-4
1.628739367056896E-4
1.6402200081440125E-4
1.6517890075089508E-4
1.6634470835075505E-4
1.6751949750774367E-4
1.6870334523567856E-4
1.69896333225667E-4
1.7109855008970966E-4
1.7231009453701947E-4
1.7353107979130794E-4
1.7476163962133702E-4
1.760019364152457E-4
1.7725217176913833E-4
1.7851260006457475E-4
1.7978354545489223E-4
1.8106542253904518E-4
1.8235876074370819E-4
1.8366423203131676E-4
1.849826809831054E-4
1.8631515556826944E-4
1.8766293602607336E-4
1.8902755831706096E-4
1.9041082764774422E-4
1.918148167938876E-4
1.9324184353722952E-4
1.9469442171118767E-4
1.9617518133927293E-4
1.9768675531244072E-4
1.9923163305256823E-4
2.0081198555645167E-4
2.024294708178647E-4
2.0408504127571387E-4
2.0577875510237813E-4
2.0750962043249535E-4
2.0927549408268368E-4
2.1107305424917274E-4
2.1289786152802433E-4
2.147445145605696E-4
2.1660689639352892E-4
2.184784965075967E-4
2.2035278302975602E-4
2.2222359163606803E-4
2.2408549359300334E-4
2.2593410625484353E-4
2.2776631531652174E-4
2.2958038849908805E-4
2.31375973583172E-4
2.331539877160588E-4
2.3491641746029599E-4
2.3666605818025685E-4
2.3840622581094246E-4
2.4014047346356869E-4
2.4187234027099301E-4
2.4360515168747048E-4
2.4534188086913056E-4
2.4708507152863916E-4
2.4883681519689523E-4
2.5059877098358886E-4
2.523722139140763E-4
2.541580983829838E-4
2.559571254903636E-4
2.5776980616432993E-4
2.595965152463056E-4
2.6143753455121536E-4
2.6329308500634723E-4
2.651633492506762E-4
2.6704848664517607E-4
2.689486426974134E-4
2.708639546500137E-4
2.7279455459928894E-4
2.7474057111949175E-4
2.7670213003672746E-4
2.786793547481767E-4
2.8067236631354665E-4
2.826812834404275E-4
2.847062224245678E-4
2.8674729707363247E-4
2.888046186269259E-4
2.9087829567613863E-4
2.9296843408902515E-4
2.9507513693671826E-4
2.9719850442498934E-4
2.9933863382975676E-4
3.014956194372909E-4
3.0366955248992025E-4
3.05860521138578E-4
3.0806861040443836E-4
3.102939021532699E-4
3.1253647508831394E-4
3.14796404770779E-4
3.1707376368201126E-4
3.1936862134870626E-4
3.216810445631639E-4
3.2401109774570213E-4
3.263588435174292E-4
3.287243435803248E-4
3.3110766003972565E-4
3.335088573535643E-4
3.3592800515405886E-4
3.3836518226090405E-4
3.408204822881395E-4
3.432940213342676E-4
3.457859483268764E-4
3.482964586530061E-4
3.50825811721758E-4
3.533743530456734E-4
3.5594254125501134E-4
3.585309801330203E-4
3.6114045524092235E-4
3.637719739585711E-4
3.6642680679186546E-4
3.691065266173365E-4
3.7181304122346255E-4
3.745486132040569E-4
3.7731586016468425E-4
3.8011772758189146E-4
3.829574268084958E-4
3.8583833194494197E-4
3.887638318333454E-4
3.917371373797157E-4
3.947610496650503E-4
3.9783873354652606E-4
4.009723761952233E-4
4.0416293352761427E-4
4.0740991900079936E-4
4.1071126390337465E-4
4.140632757326853E-4
4.174607145380974E-4
4.208969964319262E-4
4.243645197749803E-4
4.2785509449672754E-4
4.3136044079410395E-4
4.3487271242419624E-4
4.383849940506498E-4
4.418917229885713E-4
4.4538899351483617E-4
4.4887471574345207E-4
4.523486188603271E-4
4.5581210745312506E-4
4.5926799671964396E-4
4.627201648340838E-4
4.6617316694613683E-4
4.696318546649223E-4
4.731010381890426E-4
4.7658521726075183E-4
4.800883941931119E-4
4.836139697248407E-4
4.8716471232934075E-4
4.907427850042214E-4
4.943498107896984E-4
4.979869588456298E-4
5.016550358952805E-4
5.053545720699824E-4
5.09085894607129E-4
5.128491866896637E-4
5.166445315473038E-4
5.20471943673013E-4
5.243313897818571E-4
5.282228022142212E-4
5.32146087144756E-4
5.361011294417224E-4
5.400877954939726E-4
5.441059348753399E-4
5.481553813808001E-4
5.522359537409488E-4
5.563474561792414E-4
5.604896788945516E-4
5.646623985078276E-4
5.688653784899101E-4
5.730983695775658E-4
5.773611101805349E-4
5.816533267807466E-4
5.859747343243086E-4
5.903250366068408E-4
5.94703926652841E-4
5.991110870902026E-4
6.035461905215803E-4
6.080088998953336E-4
6.124988688803657E-4
6.170157422516509E-4
6.215591562970581E-4
6.261287392618258E-4
6.307241118555714E-4
6.353448878591764E-4
6.399906748866964E-4
6.446610753823873E-4
6.493556879671351E-4
6.540741092941407E-4
6.588159366328935E-4
6.635807714744702E-4
6.683682245403317E-4
6.731779226783549E-4
6.78009518237665E-4
6.828627016159266E-4
6.877372177501096E-4
6.926328873463097E-4
6.975496335790207E-4
7.024875147894652E-4
7.0744676332535E-4
7.124278300409776E-4
7.174314330786984E-4
7.224586083673763E-4
7.275107578307648E-4
7.325896896885728E-4
7.376976436213366E-4
7.428372922049886E-4
7.48011709225763E-4
7.532242956327627E-4
7.584786553450745E-4
7.637784161990578E-4
7.69126996132291E-4
7.746624889169962E-4
7.803828779092561E-4
7.862850886252707E-4
7.923646763334227E-4
7.986155651177223E-4
8.050298742086918E-4
8.115978643137249E-4
8.183080284737147E-4
8.25147338868326E-4
8.321016441547375E-4
8.391561934046748E-4
8.462962451961785E-4
8.53507706829372E-4
8.607777415463946E-4
8.680952827323412E-4
8.754514037212006E-4
8.828395088810253E-4
8.9025533357302E-4
8.976967638926827E-4
9.051635080569871E-4
9.126566666264237E-4
9.201782562988865E-4
9.277307411600034E-4
9.353166169625207E-4
9.429380804368619E-4
9.505967997045852E-4
9.582937865085751E-4
9.660293585584714E-4
9.738031722349888E-4
9.816143025490856E-4
9.894613480284152E-4
9.973425419104898E-4
0.0010052558562421588
0.0010131990909215233
0.0010211699444235998
0.0010291660664139366
0.0010371850945642682
0.0010452246788168066
0.0010532824964222568
0.0010613562606497505
0.0010694437254280815
0.001077542687528807
0.0010856509873529317
0.0010937665089724626
0.0011018871797997924
0.001110010970084639
0.0011181358923385495
0.0011262600007337247
0.0011343813904966273
0.001142498197304632
0.0011506085966888524
0.0011587108034443075
0.0011668030710478533
0.0011748836910843088
0.0011829509926812641
0.0011910033419535258
0.0011990391414587482
0.0012070568296668814
0.0012150548804477257
0.0012230318025834518
0.001230986139317018
0.0012389164679533543
0.0012468213995393293
0.001254699578661547
0.001262549683420031
0.001270370425662272
0.0012781605515985585
0.0012859188429681068
0.0012936441189886892
0.0013013352394016624
0.0013089911090197013
0.0013166106842934294
0.0013241929825287373
0.0013317370944959928
0.0013392422012551322
0.001346707596046221
0.0013541327120238662
0.0013615171563959613
0.0013688607511080774
0.001376163579540615
0.0013834260377158698
0.0013906488872332534
0.0013978333055967107
0.0014049809278679202
0.0014120938718533654
0.0014191747375825942
0.0014262265710099859
0.0014332527820746055
0.0014402570088807684
0.0014472429231300087
0.0014718997447810773
0.0014961389240642498
0.0015199686963871411
0.0015433959928100127
0.0015664261108087833
0.0015890624432649777
0.0016113063041268989
0.0016331568854948365
0.0016546113716298945
0.0016756652209010707
0.0016963126083020166
0.0017165470011663712
0.001736361822035962
0.0017557511384288594
0.0017747103122471503
0.001793236543486249
0.001811329254030133
0.0018289902762741294
0.0018462238352693573
0.0018630363382196823
0.001879436007438838
0.0018954324088260577
0.0019110359353422077
0.001926257303328011
0.0019411071099443987
0.0019555954849976858
0.00196973185310441
0.0019835248056976275
0.0019969820692725274
0.002010110547957774
0.002022916415266753
0.0020354052310328848
0.002047582063739231
0.002059451604178664
0.0020710182622453834
0.0020822862436706046
0.002093259607157776
0.0021039423045539954
0.0021143382076223944
0.0021244511250110925
0.0021342848125237095
0.0021438429790956843
0.00215312929018074
0.0021621473696658796
0.0021709008009980074
0.002179393127911884
0.0021876278549674616
0.002195608448000379
0.0022033383345341382
0.0022108209041751155
0.0022180595089990422
0.0022250574639322853
0.002231818047129173
0.0022383445003459424
0.00224464002931181
0.002250707804097666
0.0022565509594833573
0.002262172595325034
0.002267575776924936
0.00227276353540749
0.002277738868107862
0.002282504738982583
0.0022870640790571494
0.0022914197869335043
0.002295574729391635
0.0022995317421361456
0.002303293630761788
0.002306863172043483
0.0023102431156986933
0.002313436186824633
0.0023164450892811136
0.0023192725103715487
0.0023219211272674884
0.0023243936157192227
0.002326692661685374
0.002328820976579415
0.0023307813168438754
0.0023325765084891118
0.002334209477029807
0.002335683282872289
0.002337001161604847
0.002338166567788837
0.0023391832197340685
0.0023400551414021883
0.0023407866961092944
0.002341382605257151
0.0023418479441496727
0.002342188106353251
0.0023424087283793566
0.0023425155680386204
0.004656573773936784
0.004621081474710031
0.004585895502700083
0.004551015204852933
0.004516438842331026
0.004482163350141767
0.004448184155664116
0.004414495085570044
0.004381088386021261
0.004347954872053824
0.004315084209290344
0.004282465315877016
0.0042500868568461055
0.004217937789376358
0.004186007908076436
0.004154288336374151
0.004122771914347899
0.004091453444654954
0.0040603297750828864
0.004029399716108583
0.003998663811536974
0.003968123996678799
0.0039377831891358435
0.00390764486074847
0.003877712635638537
0.003847989949841064
0.0038184797949658705
0.003789184554257011
0.0037601059267322345
0.0037312449255604025
0.0037026019313543992
0.0036741767795976372
0.003645968863242876
0.003617977235469504
0.003590200702427729
0.0035626379004892305
0.0035352873563639976
0.003508147531111011
0.0034812168505676455
0.0034544937252608964
0.00342797656274561
0.003401663774839243
0.0033755537816252588
0.003349645013530142
0.003323935912318324
0.0032984249315144254
0.003273110536540143
0.0032479912047177328
0.0032230654252150067
0.003198331698966692
0.0031737885385871092
0.0031494344682802297
0.003125268023749391
0.0031012877521075606
0.003077492211788399
0.003053879972458455
0.003030449614930804
0.0030071997310805315
0.002984128923763023
0.0029612358067362906
0.002938519004589588
0.002915977152681705
0.0028936088970943933
0.0028714128946092975
0.002849387812721077
0.0028275323297059247
0.0028058451347735226
0.0027843249283432355
0.002762970422502406
0.0027417803417272464
0.002720753423975915
0.0026998884222991654
0.0026791841071563825
0.002658639269671824
0.0026382527261138424
0.002618023323922141
0.0025979499496341985
0.002578031539057766
0.0025582670899828384
0.0025386556776018712
0.0025191964725877125
0.00249988876144361
0.0024807319682753574
0.0024617256765435813
0.002442869648659008
0.002424163840540493
0.0024056084075569683
0.002387203697749627
0.0023689502280397593
0.0023508486394448113
0.3051113904829124
