2.453335051150788E-7
4.945131806317293E-7
7.474892741012305E-7
1.0041496066474826E-6
1.2643323942620293E-6
1.5278445212583722E-6
1.7944826645994246E-6
2.0640541904110963E-6
2.336394868050854E-6
2.6113811492258505E-6
2.888935871175378E-6
3.1690274948511814E-6
3.451664088469201E-6
3.7368839800012427E-6
4.02474521617346E-6
4.31531570865407E-6
4.608665364791359E-6
4.904860792913443E-6
5.2039625334954186E-6
5.5060243274523945E-6
5.81109373608081E-6
6.1192134422655085E-6
6.430422712678768E-6
6.74475870001992E-6
7.062257445999729E-6
7.3829545742807474E-6
7.706885731819803E-6
8.034086859694538E-6
8.364594369918429E-6
8.698445290277006E-6
9.035677426207874E-6
9.376329582595708E-6
9.720441890426055E-6
1.0068056292970272E-5
1.0419217262418319E-5
1.077397283937368E-5
1.1132376112760783E-5
1.1494487283893701E-5
1.1860376481439475E-5
1.2230127507087108E-5
1.2603842685290774E-5
1.2981648951882195E-5
1.3363705230717757E-5
1.375021099940888E-5
1.4141415721924306E-5
1.4537628522468671E-5
1.4939227100525489E-5
1.5346664471107858E-5
1.5760471713471278E-5
1.6181254611078097E-5
1.6609681975540963E-5
1.704646368935116E-5
1.749231718606001E-5
1.794792227651299E-5
1.8413865906603817E-5
1.88905804594261E-5
1.937828132168796E-5
1.9876911227629103E-5
2.0386099909658784E-5
2.0905147380957025E-5
2.118770394482294E-5
2.1473971600461933E-5
2.1762525007514828E-5
2.20519168735866E-5
2.234078542616224E-5
2.2627956927994237E-5
2.2912530351560513E-5
2.3193933465883234E-5
2.3471943713749886E-5
2.3746672634023874E-5
2.4018518151049783E-5
2.4288093676679015E-5
2.4556145731449505E-5
2.4823472224693206E-5
2.5090851737488294E-5
2.5358990737247897E-5
2.5628491542481427E-5
2.5899840016359023E-5
2.6173409147255825E-5
2.6449473243584925E-5
2.6728227392336103E-5
2.7009807757829908E-5
2.7294309735980187E-5
2.758180246044214E-5
2.7872339352456E-5
2.816596517127355E-5
2.846272036998986E-5
2.876264360057995E-5
2.906577307786705E-5
2.937214732039492E-5
2.9681805610273626E-5
2.9994788386616568E-5
3.031113771248061E-5
3.0630897923723104E-5
3.095411656711569E-5
3.128084575361924E-5
3.161114408318335E-5
3.194507933389448E-5
3.228273214476183E-5
3.262420094996684E-5
3.2969608431718164E-5
3.33191097334949E-5
3.3672902595844744E-5
3.4031239420615535E-5
3.4394441014305664E-5
3.476291139029512E-5
3.513715251919546E-5
3.551777732499901E-5
3.5905518583215984E-5
3.630123077757993E-5
3.67058815495118E-5
3.712052930117502E-5
3.754628397611884E-5
3.7984249207506425E-5
3.843544598656554E-5
3.89007207258385E-5
3.938064385205715E-5
3.987540842995347E-5
4.038474116582327E-5
4.09078397287628E-5
4.1443349947230945E-5
4.1989393595190823E-5
4.2543652095357186E-5
4.3103504014724234E-5
4.366620577716978E-5
4.42290971009656E-5
4.478980699096303E-5
4.534643414989062E-5
4.589767824108751E-5
4.644290539461019E-5
4.698214151842082E-5
4.751599834700316E-5
4.804554736651687E-5
4.8572163686315785E-5
4.909736428181948E-5
4.962266265787639E-5
5.014945585634419E-5
5.0678951635025716E-5
5.121213560176046E-5
5.174977179695734E-5
5.229242664993516E-5
5.2840505500715724E-5
5.3394292381254425E-5
5.3953986508814007E-5
5.4519731962578254E-5
5.509163955287423E-5
5.566980158550972E-5
5.625430105005734E-5
5.684521691904123E-5
5.744262701107775E-5
5.804660949047602E-5
5.865724371093842E-5
5.9274610837818676E-5
5.989879451591998E-5
6.052988177048285E-5
6.116796431190556E-5
6.181314043770194E-5
6.246551777291957E-5
6.312521715232125E-5
6.37923780148953E-5
6.446716574215088E-5
6.514978140929554E-5
6.584047440863256E-5
6.653955831517726E-5
6.724743015656583E-5
6.796459288093277E-5
6.869168025055907E-5
6.942948260581168E-5
7.017897095666994E-5
7.094131573376233E-5
7.17178954029606E-5
7.251028923303972E-5
7.332024809582577E-5
7.414963761072692E-5
7.50003495480122E-5
7.587418040740428E-5
7.677268051569921E-5
7.769698255497055E-5
7.864762447778568E-5
7.962438724837896E-5
8.06261714725592E-5
8.165093738390474E-5
8.269572882618999E-5
8.375679343213678E-5
8.48297987426896E-5
8.591012922107223E-5
8.699323459931046E-5
8.807498881538708E-5
8.915201376581615E-5
9.022192498161199E-5
9.12834672441254E-5
9.233652530462455E-5
9.338201486769701E-5
9.44216776404371E-5
9.545781760684753E-5
9.649302115662409E-5
9.752990068241059E-5
9.857089124777773E-5
9.96181159507056E-5
1.0067332127452644E-4
1.0173787217424364E-4
1.0281278979011633E-4
1.0389881287607689E-4
1.0499646632589875E-4
1.0610612487526573E-4
1.0722806536442015E-4
1.0836250549919435E-4
1.0950963014363458E-4
1.106696077338426E-4
1.118425997500239E-4
1.1302876580702846E-4
1.142282662635127E-4
1.1544126360262213E-4
1.1666792334480827E-4
1.1790841494526101E-4
1.1916291297512354E-4
1.2043159884162493E-4
1.2171466332831862E-4
1.230123103061671E-4
1.243247620623754E-4
1.256522668032157E-4
1.2699510899349487E-4
1.283536232748671E-4
1.297282127224782E-4
1.3111937210558234E-4
1.3252771655134318E-4
1.3395401550289024E-4
1.353992310470515E-4
1.368645585197864E-4
1.3835146578116363E-4
1.3986172576811934E-4
1.4139743507280092E-4
1.4296100967865216E-4
1.4455514806747372E-4
1.4618275223391659E-4
1.4784679926335605E-4
1.4955016047231721E-4
1.512953718049779E-4
1.530843678728257E-4
1.5491820175379944E-4
1.567967825070666E-4
1.5871866749437476E-4
1.606809490079692E-4
1.6267926972532955E-4
1.647079890591626E-4
1.6676050326464354E-4
1.688296986975043E-4
1.7090849395686654E-4
1.7299040773512497E-4
1.7507007971177203E-4
1.771436748958362E-4
1.7920911795030523E-4
1.8126613064782936E-4
1.83316077442959E-4
1.8536165446495441E-4
1.8740647957639668E-4
1.894546510662034E-4
1.915103388033863E-4
1.9357745642397753E-4
1.9565944110038378E-4
1.9775914444818485E-4
1.9987881931001202E-4
2.0202017571958335E-4
2.0418447601999555E-4
2.063726424602702E-4
2.0858535793460888E-4
2.1082314897823292E-4
2.1308644746193887E-4
2.1537563245824885E-4
2.1769105631867073E-4
2.2003305961334002E-4
2.2240197901334292E-4
2.2479815115194926E-4
2.2722191446510932E-4
2.2967361021695388E-4
2.321535834128594E-4
2.346621840452966E-4
2.3719976903355554E-4
2.3976670524481202E-4
2.423633740788206E-4
2.4499017823615077E-4
2.476475514514948E-4
2.5033597213765284E-4
2.5305598202004614E-4
2.5580821089704717E-4
2.585934085687916E-4
2.614124846470718E-4
2.6426655628798034E-4
2.6715700277440507E-4
2.700855242408524E-4
2.7305419966556317E-4
2.760655366519699E-4
2.7912250273900627E-4
2.822285254685574E-4
2.8538744685023234E-4
2.886034180047055E-4
2.918807224795589E-4
2.9522352269904524E-4
2.9863553349761913E-4
3.0211963927143456E-4
3.056775443785746E-4
3.093093799836624E-4
3.130133852496127E-4
3.167857212090318E-4
3.20620469324607E-4
3.24509849351757E-4
3.284446634985424E-4
3.32414939535404E-4
3.3641071034641124E-4
3.404228387378825E-4
3.444437811714619E-4
3.4846818731695676E-4
3.5249325494994093E-4
3.565187981947966E-4
3.605470338085075E-4
3.6458213518491796E-4
3.686296373843468E-4
3.726957920053632E-4
3.7678696604925583E-4
3.809091570798997E-4
3.8506766485247375E-4
3.892669257258271E-4
3.935104882541928E-4
3.978010912018706E-4
4.0214080001680665E-4
4.065311624993189E-4
4.1097335507555356E-4
4.1546830347771865E-4
4.20016772432333E-4
4.2461942640091116E-4
4.2927686723657284E-4
4.3398965555257026E-4
4.387583217780322E-4
4.4358337134852485E-4
4.4846528695579295E-4
4.5340452960793045E-4
4.584015395033931E-4
4.634567373332196E-4
4.685705264885825E-4
4.737432966731749E-4
4.7897542954051126E-4
4.842673071585138E-4
4.896193243226441E-4
4.950319059667256E-4
5.005055311162434E-4
5.060407649284372E-4
5.11638300275439E-4
5.172990099306825E-4
5.230240095734846E-4
5.288147303877997E-4
5.346729978861087E-4
5.406011107070504E-4
5.466019096302207E-4
5.526788232510885E-4
5.588358732572554E-4
5.650776199182573E-4
5.714090283406228E-4
5.778352394113067E-4
5.843612371227473E-4
5.909914165604114E-4
5.977342176175318E-4
6.045961395629402E-4
6.115812254498947E-4
6.186906422502672E-4
6.259224358095652E-4
6.332715318058783E-4
6.407300309167575E-4
6.482878093783012E-4
6.559333897053039E-4
6.636549984978598E-4
6.714416889241683E-4
6.792843842899588E-4
6.871767027995277E-4
6.951154537149511E-4
7.031007469148328E-4
7.111357210446472E-4
7.192259565507994E-4
7.273786857422649E-4
7.356019333747319E-4
7.439037152196701E-4
7.522913926773907E-4
7.607712380623362E-4
7.693482193411743E-4
7.780259752647308E-4
7.868069285716027E-4
7.956924778632262E-4
8.04683215098533E-4
8.137791300945751E-4
8.229797801802833E-4
8.32284417747286E-4
8.416920784914852E-4
8.512016382849662E-4
8.608118478628261E-4
8.705213533894138E-4
8.803287088976917E-4
8.902323845336843E-4
9.002307729496563E-4
9.103221951739075E-4
9.20504906750376E-4
9.307771047422542E-4
9.411369362057206E-4
9.515825088798697E-4
9.621119050588935E-4
9.727231998804829E-4
9.83414485547114E-4
9.941839032445708E-4
0.001005029684657697
0.001015950204895313
0.0010269440481766676
0.0010380100866257064
0.001049147570786548
0.0010603562278706047
0.0010716363602281365
0.0010829889322382627
0.0010944156291280238
0.001105918866889968
0.0011175017295441932
0.0011291678098394242
0.0011409209335508552
0.0011527647570145783
0.0011651526524716794
0.0011780656860635008
0.0011914835300656523
0.0012053838096076949
0.0012197415675724846
0.0012345289448484808
0.0012497151632738029
0.0012652668701732467
0.001281148857654432
0.0012973251125876716
0.001313760094337324
0.0013304200891346104
0.001347274464369372
0.001364296651235621
0.0013814647218438414
0.0013987614911343952
0.0014161741518566992
0.001433693525831881
0.0014513130705256071
0.0014690278053774968
0.0014868333140340584
0.001504724941775579
0.0015226972536693984
0.0015407437626533485
0.0015588568906059355
0.0015770280974177118
0.0015952481049417843
0.0016135071509360928
0.0016317952260848125
0.0016501022678170546
0.001668418302472632
0.0016867335395465237
0.0017050384279040053
0.0017233236852682609
0.0017415803108388362
0.0017597995883301641
0.001777973084186342
0.0017960926437852773
0.0018141503872031624
0.0018321387054513487
0.0018500502578415463
0.0018678779711288514
0.0018856150412241762
0.0019032549384999835
0.0019207914179984974
0.001938218536152435
0.0019555306758905536
0.001972722582140151
0.00198978940963499
0.0020067267844305183
0.0020235308794298514
0.002040198502341499
0.0020567271916723706
0.00207311531256621
0.0020893621396828907
0.0021054679093191952
0.002121433818394941
0.002137261944941236
0.002152955064791835
0.0021685163438350695
0.002223387667043051
0.0022767810803065924
0.002328728585471175
0.0023792595581880846
0.0024284000836629926
0.0024761724297332178
0.0025225947608415035
0.002567681183887879
0.0026114421843529186
0.0026538854603852633
0.0026950171004579597
0.0027348429877210073
0.002773370264614955
0.0028106086671586938
0.002846571547761924
0.0028812764494509434
0.002914745165737933
0.0029470033045988983
0.0029780794540669457
0.003008004103798997
0.003036808500359218
0.0030645236012979793
0.0030911792508164465
0.0031168036409249937
0.0031414230619471197
0.0031650618982800925
0.0031877427973589414
0.0032094869330624733
0.003230314295091841
0.0032502439558472042
0.00326929428850255
0.0032874831287156184
0.0033048278849200836
0.0033213456082416613
0.003337053034230965
0.0033519666068662327
0.0033661024924620878
0.003379476588415668
0.0033921045296744267
0.003404001694509733
0.0034151832104879157
0.003425663961249563
0.003435458594676286
0.0034445815331351445
0.003453046986684017
0.0034608689703586647
0.0034680613269079037
0.0034746377565482616
0.003480611855398479
0.0034859971641217975
0.003490807227812509
0.0034950556671538282
0.0034987562591895214
0.003501923023577533
0.00350457030691781
0.0035067128538320003
0.0035083658493332177
0.003509544913376034
0.0035102660263433287
0.003510545364850928
0.006963737109909147
0.0068842789744448735
0.006805774992487702
0.006728216587037636
0.00665159338838448
0.006575892776396137
0.0065010995640009195
0.006427195896875944
0.006354161428325691
0.006281973797548071
0.0062106093968307
0.006140044365133552
0.006070255701148839
0.006001222358322762
0.00593292617589172
0.005865352517999012
0.005798490535813729
0.005732333027549945
0.005666875936080186
0.00560211757960106
0.0055380577458122955
0.005474696787877637
0.0054120348415181724
0.00535007124385324
0.005288804187031173
0.005228230594940387
0.005168346178456986
0.005109145608251793
0.00505062274367546
0.004992770867434356
0.004935582892738056
0.004879051526788203
0.004823169388102669
0.004767929083657064
0.004713323255460982
0.004659344606319004
0.004605985912766892
0.004553240030842936
0.004501099898259352
0.004449558535009454
0.004398609043495324
0.004348244608757078
0.00429845849917181
0.004249244067946099
0.004200594755772055
0.004152504095109978
0.004104965716675205
0.004057973358819138
0.004011520880577369
0.003965602279169163
0.003920211712616701
0.0038753435278389187
0.00383099229398587
0.003787152839843881
0.003743820292816818
0.0037009901152920393
0.0036586581322448843
0.003616820541967082
0.0035754739002164916
0.0035346150674131576
0.3058754132439369
