2.478056173524765E-8
4.982791821450492E-8
7.515577751651532E-8
1.0077413407991202E-7
1.2668869291903601E-7
1.529004602510813E-7
1.7940553497468477E-7
2.0619512350742655E-7
2.332557859878428E-7
2.60569905952891E-7
2.881163597078188E-7
3.158713471774325E-7
3.4380933443969843E-7
3.719040505164855E-7
4.001294780666136E-7
4.2846077964905136E-7
4.5687510794281886E-7
4.853522589870506E-7
5.138751410108067E-7
5.424300463760295E-7
5.710067290909457E-7
5.995983038834283E-7
6.282009938116412E-7
6.568137610435814E-7
6.854378593852471E-7
7.140763474284209E-7
7.427335982468538E-7
7.714148361015285E-7
8.001257234974467E-7
8.288720140873253E-7
8.576592791959043E-7
8.864927088417295E-7
9.153769825509416E-7
9.443162012502619E-7
9.733138691381935E-7
1.0023729135300228E-6
1.0314957309932515E-6
1.0606842493072428E-6
1.0899399965513966E-6
1.1192641706358599E-6
1.148657704581468E-6
1.1781213246471927E-6
1.2076555998837252E-6
1.2372609828163353E-6
1.2669378417354707E-6
1.2966864855413297E-6
1.3265071823091564E-6
1.3564001727814925E-6
1.3863656799140537E-6
1.4164039154555924E-6
1.446515084368979E-6
1.4766993877280367E-6
1.5069570245691963E-6
1.5372881930463976E-6
1.567693091134299E-6
1.5981719170464548E-6
1.6287248694785114E-6
1.6593521477467662E-6
1.690053951865845E-6
1.7208304825918996E-6
1.7516819414467831E-6
1.7826085307320272E-6
1.8136104535375028E-6
1.8446879137473897E-6
1.8758411160448112E-6
1.9070702659158535E-6
1.9383755696532883E-6
1.969757234360183E-6
2.001215467953461E-6
2.0327504791674413E-6
2.064362477557408E-6
2.0960516735031474E-6
2.1278182782125415E-6
2.1596625037251448E-6
2.191584562915791E-6
2.223584669498202E-6
2.2556630380286228E-6
2.2878198839094586E-6
2.3200554233929346E-6
2.352369873584775E-6
2.3847634524478716E-6
2.4172363788060107E-6
2.4497888723475653E-6
2.482421153629232E-6
2.5151334440797838E-6
2.5479259660038232E-6
2.580798942585554E-6
2.61375259789258E-6
2.646787156879703E-6
2.6799028453927412E-6
2.7130998901723718E-6
2.7463785188579706E-6
2.779738959991484E-6
2.8131814430213157E-6
2.8467061983062105E-6
2.8803134571191714E-6
2.9140034516513873E-6
2.947776415016184E-6
2.9816325812529654E-6
3.0155721853312036E-6
3.0495954631544227E-6
3.0837026515642063E-6
3.117893988344217E-6
3.1521697122242468E-6
3.1865300628842527E-6
3.220975280958443E-6
3.2555056080393616E-6
3.29012128668198E-6
3.324822560407838E-6
3.359609673709161E-6
3.3944828720530175E-6
3.4294424018854994E-6
3.464488510635894E-6
3.499621446720896E-6
3.534841459548822E-6
3.570148799523851E-6
3.6055437180502735E-6
3.6410264675367706E-6
3.6765973014006834E-6
3.712256474072342E-6
3.7480042409993643E-6
3.7838408586510124E-6
3.8197665845225416E-6
3.855781677139566E-6
3.891886396062474E-6
3.928081001890803E-6
3.964365756267705E-6
4.000740921884375E-6
4.037206762484514E-6
4.073763542868847E-6
4.110411528899627E-6
4.147150987505197E-6
4.183982186684611E-6
4.220905395512306E-6
4.2579208841429185E-6
4.29502892381621E-6
4.332229786862344E-6
4.369523746707504E-6
4.406911077880283E-6
4.44439205601909E-6
4.481966957881331E-6
4.519636061355384E-6
4.557399645476887E-6
4.595257990451886E-6
4.633211377690656E-6
4.671260089857982E-6
4.709404410948801E-6
4.747644626402499E-6
4.785981023275675E-6
4.824413890502836E-6
4.862943519288143E-6
4.9015702036909775E-6
4.940294241495848E-6
4.979115935496096E-6
5.018035595374517E-6
5.057053540437878E-6
5.0961701035621394E-6
5.135385636838554E-6
5.174700519587517E-6
5.214115169636902E-6
5.253630059057029E-6
5.293245735918366E-6
5.3329628541029735E-6
5.372782213768587E-6
5.412704815743412E-6
5.4527319339229474E-6
5.492865210641313E-6
5.533106780978699E-6
5.573459433006804E-6
5.613926812003582E-6
5.654513677598588E-6
5.6952262235168765E-6
5.736072469913486E-6
5.777062738034607E-6
5.818210215874599E-6
5.859531621363609E-6
5.901047966152386E-6
5.942785418006178E-6
5.984776252971832E-6
6.027059879719162E-6
6.069683907790882E-6
6.1127052191179505E-6
6.1561909884926085E-6
6.200219584435938E-6
6.244881268040172E-6
6.290278595193376E-6
6.336526418648338E-6
6.3837513824026445E-6
6.432090803594975E-6
6.481690848263478E-6
6.532703928207324E-6
6.585285277641215E-6
6.639588710347138E-6
6.695761609626043E-6
6.753939262408364E-6
6.81423871207344E-6
6.876752367406845E-6
6.941541662337629E-6
7.008631106759347E-6
7.078003096945181E-6
7.124813297780172E-6
7.173462963356594E-6
7.223776351830167E-6
7.275533144789953E-6
7.328472384807334E-6
7.382298372756841E-6
7.436688350346543E-6
7.491301669249227E-6
7.545790037427658E-6
7.599808345922141E-6
7.653025524248852E-6
7.705134855861683E-6
7.755863209754586E-6
7.804978709325796E-6
7.85229646033783E-6
7.897682087968794E-6
7.941052977675636E-6
7.982377263452709E-6
8.02167074741395E-6
8.058992054913026E-6
8.094436420402228E-6
8.128128554882626E-6
8.160215063773432E-6
8.19085686572977E-6
8.220222013111106E-6
8.248479240779932E-6
8.275792480611625E-6
8.302316483923184E-6
8.328193601818254E-6
8.353551691600912E-6
8.378503051299135E-6
8.403144237009974E-6
8.427556589992597E-6
8.451807290949427E-6
8.475950764987537E-6
8.500030278628986E-6
8.524079595856995E-6
8.548124589605785E-6
8.572184734911677E-6
8.59627443750683E-6
8.620404175186934E-6
8.644581447897094E-6
8.668811545956429E-6
8.693098154530463E-6
8.717443817069365E-6
8.741850281843886E-6
8.766318754846593E-6
8.79085008001884E-6
8.815444864713272E-6
8.840103565030688E-6
8.864826542542534E-6
8.88961410113748E-6
8.914466510413512E-6
8.939384020190637E-6
8.964366869309023E-6
8.98941529084068E-6
9.014529515105361E-6
9.039709771375626E-6
9.06495628881858E-6
9.090269297004387E-6
9.115649026174896E-6
9.141095707383038E-6
9.166609572564136E-6
9.192190854572536E-6
9.217839787200893E-6
9.243556605191085E-6
9.269341544241122E-6
9.295194841010339E-6
9.321116733123721E-6
9.347107459176018E-6
9.37316725873553E-6
9.399296372348076E-6
9.425495041540772E-6
9.451763508825963E-6
9.478102017705068E-6
9.504510812672504E-6
9.53099013921963E-6
9.557540243838645E-6
9.584161374026584E-6
9.610853778289279E-6
9.637617706145395E-6
9.66445340813045E-6
9.69136113580082E-6
9.718341141737825E-6
9.745393679551868E-6
9.772519003886465E-6
9.799717370422377E-6
9.826989035881806E-6
9.854334258032539E-6
9.881753295692128E-6
9.909246408732099E-6
9.936813858082158E-6
9.964455905734519E-6
9.992172814748028E-6
1.0019964849252645E-5
1.0047832274453576E-5
1.0075775356635717E-5
1.010379436316791E-5
1.0131889562507401E-5
1.016006122420419E-5
1.0188309618905445E-5
1.021663501835989E-5
1.024503769542234E-5
1.027351792405808E-5
1.0302075979347433E-5
1.0330712137490155E-5
1.0359426675810111E-5
1.0388219872759717E-5
1.0417092007924487E-5
1.044604336202768E-5
1.0475074216934919E-5
1.0504184855658702E-5
1.0533375562363139E-5
1.0562646622368575E-5
1.0591998322156234E-5
1.0621430949372996E-5
1.0650944792835998E-5
1.0680540142537452E-5
1.0710217289649309E-5
1.0739976526528075E-5
1.0769818146719575E-5
1.0799742444963733E-5
1.0829749717199393E-5
1.0859840260569129E-5
1.0890014373424096E-5
1.0920272355328937E-5
1.0950614507066514E-5
1.0981041130642971E-5
1.1011552529292546E-5
1.1042149007482496E-5
1.1072830870918125E-5
1.1103598426547679E-5
1.1134451982567464E-5
1.1165391848426928E-5
1.1196418334833883E-5
1.1227531753759926E-5
1.1258732418446125E-5
1.1290020643409146E-5
1.1321396744448173E-5
1.1352861038652977E-5
1.1384413844413958E-5
1.1416055481435126E-5
1.1447786270752109E-5
1.147960653475763E-5
1.1511516597238944E-5
1.1543516783434E-5
1.1575607420116006E-5
1.1607788835722186E-5
1.1640061360549246E-5
1.1672425327049786E-5
1.1704881070280328E-5
1.1737428928574246E-5
1.1770069244547507E-5
1.1802802366590959E-5
1.1835628651069893E-5
1.1868548465541996E-5
1.1901562193429871E-5
1.1934670240752897E-5
1.1967873045748428E-5
1.200117109251015E-5
1.2034564930158902E-5
1.2068055199558824E-5
1.210164267022142E-5
1.213532829082254E-5
1.2169113257713776E-5
1.2202999106952816E-5
1.223698783671424E-5
1.2271082068461229E-5
1.2305285256928935E-5
1.2339601960729591E-5
1.237403818713627E-5
1.2408601826188245E-5
1.2443303190480217E-5
1.2478155677583012E-5
1.2513176571663888E-5
1.2548387999140177E-5
1.2583818049677248E-5
1.2619502068076059E-5
1.2655484114152493E-5
1.2691818576228232E-5
1.2728571909107192E-5
1.276582444939742E-5
1.2803672240054088E-5
1.2842228772748368E-5
1.2881626532254265E-5
1.2922018203135921E-5
1.2963577377766436E-5
1.3006498588723512E-5
1.3050996480825855E-5
1.3097303941565079E-5
1.3145669026365488E-5
1.3196350549381915E-5
1.3249612262937227E-5
1.3305715619413164E-5
1.336491119697518E-5
1.3427428971515658E-5
1.3493467726157158E-5
1.3563183999106653E-5
1.3636681071494432E-5
1.3713998578942736E-5
1.3795103383690363E-5
1.387988235873443E-5
1.396813770425654E-5
1.4059585335357419E-5
1.4153856748735641E-5
1.4250504599060994E-5
1.4349012002995822E-5
1.4448805354241831E-5
1.4549270194371135E-5
1.4649769461390351E-5
1.4749663251053365E-5
1.4848329093058979E-5
1.4945181679655818E-5
1.5039690996304746E-5
1.5131397894434448E-5
1.5219926309058227E-5
1.5304991546128178E-5
1.5386404327171653E-5
1.5464070559253244E-5
1.553798707239463E-5
1.5608233811117955E-5
1.5674963162142425E-5
1.5738387232374415E-5
1.5798763952896972E-5
1.5856382875634743E-5
1.591155145647293E-5
1.5964582494152276E-5
1.6015783234345106E-5
1.6065446470748562E-5
1.611384379725399E-5
1.616122100250213E-5
1.6207795462111015E-5
1.625375528194059E-5
1.6299259880851642E-5
1.634444167237181E-5
1.6389408507095825E-5
1.643424656492221E-5
1.647902343070802E-5
1.6523791140921256E-5
1.6568589045507363E-5
1.661344638294578E-5
1.6658384513475875E-5
1.670341879348838E-5
1.6748560102346793E-5
1.679381605181621E-5
1.6839191919021378E-5
1.6884691348049683E-5
1.693031686471199E-5
1.6976070245222567E-5
1.7021952774068326E-5
1.7067965420196644E-5
1.7114108954628633E-5
1.716038402717391E-5
1.7206791215324775E-5
1.725333105470526E-5
1.7300004057598374E-5
1.734681072395924E-5
1.7393751547810243E-5
1.7440827020868623E-5
1.7488037634557003E-5
1.7535383881092513E-5
1.7582866254064467E-5
1.7630485248735296E-5
1.767824136219541E-5
1.7726135093443637E-5
1.777416694342982E-5
1.782233741507962E-5
1.7870647013310536E-5
1.791909624504423E-5
1.79676856192171E-5
1.8016415646789897E-5
1.8065286840757473E-5
1.8114299716158213E-5
1.816345479008342E-5
1.8212752581686912E-5
1.8262193612194483E-5
1.8311778404913526E-5
1.836150748524272E-5
1.8411381380681603E-5
1.8461400620840336E-5
1.8511565737449478E-5
1.8561877264369686E-5
1.8612335737601624E-5
1.8662941695295786E-5
1.8713695677762333E-5
1.8764598227481104E-5
1.881564988911145E-5
1.8866851209502313E-5
1.891820273770205E-5
1.896970502496864E-5
1.902135862477948E-5
1.9073164092841656E-5
1.9125121987101776E-5
1.9177232867756222E-5
1.9229497297261044E-5
1.9281915840342183E-5
1.9334489064005512E-5
1.938721753754688E-5
1.9440101832562196E-5
1.949314252295753E-5
1.9546340184959255E-5
1.9599695397124002E-5
1.9653208740348848E-5
1.9706880797881192E-5
1.9760712155328958E-5
1.9814703400670487E-5
1.9868855124264676E-5
1.9923167918860822E-5
1.997764237960867E-5
2.0032279104068288E-5
2.0087078692220023E-5
2.0142041746474338E-5
2.0197168871681575E-5
2.0252460675141993E-5
2.0307917766615313E-5
2.0363540758330554E-5
2.0419330264995682E-5
2.0475286903807315E-5
2.053141129446021E-5
2.0587704059156934E-5
2.0644165822617347E-5
2.0700797212087985E-5
2.0757598857351476E-5
2.0814571390735932E-5
2.087171544712415E-5
2.0929031663962883E-5
2.098652068127195E-5
2.1044183141653363E-5
2.1102019690300303E-5
2.116003097500613E-5
2.1218217646173256E-5
2.1276580356821947E-5
2.13351197625991E-5
2.1393836521787115E-5
2.145273129531241E-5
2.1511804746754327E-5
2.1571057542354037E-5
2.163049035102365E-5
2.1690103844355814E-5
2.174989869663415E-5
2.1809875584845165E-5
2.1870035188692264E-5
2.1930378190613878E-5
2.1990905275807328E-5
2.205161713226286E-5
2.211251445081271E-5
2.2173597925204506E-5
2.2234868252212424E-5
2.229632613180624E-5
2.2357972267409384E-5
2.2419807366292416E-5
2.2481832140170617E-5
2.2544047306107273E-5
2.2606453587871104E-5
2.2669051717962608E-5
2.273184244061848E-5
2.27948265162335E-5
2.2858004727819075E-5
2.292137789036402E-5
2.298494686429287E-5
2.3048712574656856E-5
2.31126760382709E-5
2.3176838401756958E-5
2.324120099440909E-5
2.3305765400993208E-5
2.3370533561072808E-5
2.343550790323935E-5
2.3500691524740474E-5
2.3566088429438872E-5
2.3631703839759246E-5
2.3697544601215653E-5
2.3763619701110115E-5
2.382994092584219E-5
2.3896523683660333E-5
2.3963388021206638E-5
2.4030559862338868E-5
2.4098072495829945E-5
2.4165968333931045E-5
2.4234300955667738E-5
2.4303137436356323E-5
2.4372560947490735E-5
2.4442673588372506E-5
2.4513599382455724E-5
2.458548733765087E-5
2.465851443167097E-5
2.4732888342555254E-5
2.4808849703258347E-5
2.4886673621009876E-5
2.4966670171225786E-5
2.504918355694197E-5
2.5134589623257754E-5
2.5223291437262668E-5
2.5315712691875944E-5
2.5412288770150468E-5
2.551345541607434E-5
2.5619635097261E-5
2.5731221309454755E-5
2.5848561254281993E-5
2.5971937508444282E-5
2.6101549479837485E-5
2.6237495597005003E-5
2.6379757285209644E-5
2.652818582849566E-5
2.668249318854346E-5
2.684224773889426E-5
2.7006875674868465E-5
2.7175668580747192E-5
2.7347797290508792E-5
2.75223317886722E-5
2.769826649237736E-5
2.787454986791137E-5
2.8050116998948755E-5
2.8223923472034936E-5
2.8394978803632543E-5
2.856237761958758E-5
2.872532691789139E-5
2.888316799220382E-5
2.9035391947478565E-5
2.9181648170287873E-5
2.9321745587581782E-5
2.9455647017546347E-5
2.9583457344684816E-5
2.9705406603106752E-5
2.9821829300924096E-5
2.9933141449512625E-5
3.0039816771438273E-5
3.0142363459173125E-5
3.0241302662506003E-5
3.0337149622127867E-5
3.043039807025721E-5
3.052150821644454E-5
3.061089835475219E-5
3.069893988856418E-5
3.0785955385355013E-5
3.0872219152214474E-5
3.095795976302665E-5
3.104336396333549E-5
3.112858141841416E-5
3.1213729841047225E-5
3.129890012487153E-5
3.1384161204782484E-5
3.146956445808952E-5
3.1555147541725757E-5
3.164093762764681E-5
3.172695404893165E-5
3.181321040341473E-5
3.189971618178704E-5
3.198647799567402E-5
3.207350048120207E-5
3.216078694784869E-5
3.224833983339584E-5
3.233616101550089E-5
3.242425202014663E-5
3.251261415789441E-5
3.2601248610903404E-5
3.269015648723092E-5
3.2779338853937543E-5
3.286879675680607E-5
3.295853123181714E-5
3.304854331167474E-5
3.313883402943439E-5
3.3229404420477416E-5
3.332025552356536E-5
3.341138838139581E-5
3.350280404089431E-5
3.3594503553371266E-5
3.368648797461038E-5
3.377875836492394E-5
3.387131578919197E-5
3.3964161316894E-5
3.405729602213694E-5
3.4150720983681404E-5
3.4244437284966835E-5
3.4338446014135925E-5
3.443274826405851E-5
3.452734513235498E-5
3.4622237721419286E-5
3.4717427138441146E-5
3.481291449542794E-5
3.4908700909226104E-5
3.500478750154211E-5
3.510117539896244E-5
3.519786573297349E-5
3.529485963998097E-5
3.539215826132806E-5
3.548976274331392E-5
3.5587674237210845E-5
3.568589389928139E-5
3.578442289079452E-5
3.588326237804125E-5
3.598241353234994E-5
3.6081877530100704E-5
3.618165555273914E-5
3.628174878678965E-5
3.63821584238681E-5
3.64828856606937E-5
3.6583931699100275E-5
3.6685297746047136E-5
3.678698501362888E-5
3.688899471908499E-5
3.6991328084808255E-5
3.709398633835298E-5
3.7196970712442456E-5
3.730028244497558E-5
3.7403922779032644E-5
3.750789296288105E-5
3.761219424997974E-5
3.771682789898335E-5
3.782179517374526E-5
3.7927097343320346E-5
3.8032735681966976E-5
3.813871146914796E-5
3.82450259895313E-5
3.835168053298993E-5
3.8458676394600706E-5
3.8566014874643173E-5
3.867369727859678E-5
3.8781724917138246E-5
3.889009910613785E-5
3.899882116665477E-5
3.910789242493221E-5
3.921731421239154E-5
3.9327087865625676E-5
3.94372147263919E-5
3.9547696141604E-5
3.965853346332341E-5
3.976972804875016E-5
3.988128126021254E-5
3.999319446515638E-5
4.010546903613372E-5
4.0218106350790635E-5
4.033110779185406E-5
4.0444474747118795E-5
4.0558208609432754E-5
4.067231077668239E-5
4.078678265177715E-5
4.090162564263342E-5
4.10168411621581E-5
4.113243062823178E-5
4.124839546369201E-5
4.136473709631695E-5
4.1481456958810206E-5
4.159855648878802E-5
4.171603712877043E-5
4.183390032617974E-5
4.1952147533351E-5
4.2070780207560656E-5
4.2189799811086364E-5
4.2309207811314005E-5
4.2429005680919334E-5
4.2549194898164084E-5
4.266977694736769E-5
4.279075331964612E-5
4.291212551405205E-5
4.303389503931488E-5
4.315606341646995E-5
4.327863218279359E-5
4.3401602897640516E-5
4.3524977151030546E-5
4.3648756576170704E-5
4.377294286756358E-5
4.389753780697036E-5
4.4022543300316404E-5
4.4147961429692826E-5
4.427379452597741E-5
4.44000452693299E-5
4.45267168269686E-5
4.4653813040258193E-5
4.478133867626928E-5
4.4909299762616435E-5
4.50377040285025E-5
4.516656147939447E-5
4.529588513744308E-5
4.542569198432662E-5
4.555600414722135E-5
4.568685037147461E-5
4.581826782451909E-5
4.595030427367946E-5
4.608302067469915E-5
4.6216494196857705E-5
4.635082169324175E-5
4.648612359994591E-5
4.66225482148374E-5
4.6760276264581205E-5
4.689952561813243E-5
4.7040555946984985E-5
4.7183673069386194E-5
4.732923265103624E-5
4.747764287342679E-5
4.7629365629215205E-5
4.778491576928079E-5
4.794485791647149E-5
4.810980038470545E-5
4.8280385806424357E-5
4.845727818200614E-5
4.8641146224315856E-5
4.883264307881101E-5
4.9032382748326E-5
4.92409138301774E-5
4.9458691464346975E-5
4.9686048673513304E-5
4.992316852063217E-5
5.017005869305262E-5
5.0426530214927676E-5
5.069218196958526E-5
5.096639256474064E-5
5.1248320790058364E-5
5.153691550482523E-5
5.183093527280375E-5
5.212897746404632E-5
5.242951591296318E-5
5.2730945609303694E-5
5.303163235795006E-5
5.3329964925973735E-5
5.3624406944413104E-5
5.3913545777296096E-5
5.419613572364051E-5
5.447113327190664E-5
5.4737722653419663E-5
5.499533059716261E-5
5.5243629915864186E-5
5.5482532288631136E-5
5.5712171284929584E-5
5.5932877242051826E-5
5.614514601988103E-5
5.6349603886570624E-5
5.654697082969512E-5
5.673802445133768E-5
5.6923566320546546E-5
5.710439226258305E-5
5.728126760786566E-5
5.745490795173985E-5
5.762596553202344E-5
5.7795020949062544E-5
5.7962579656078906E-5
5.8129072447238847E-5
5.829485906715057E-5
5.846023404900548E-5
5.862543394321431E-5
5.879064520434191E-5
5.895601214080535E-5
5.912164448014228E-5
5.928762424697241E-5
5.945401177957637E-5
5.962085081727241E-5
5.978817267151899E-5
5.9955999549260416E-5
6.0124347130170355E-5
6.0293226514220114E-5
6.046264565702239E-5
6.0632610402150935E-5
6.080312520601209E-5
6.097419363492826E-5
6.114581869810663E-5
6.131800306552345E-5
6.149074920720869E-5
6.166405948022306E-5
6.183793618170498E-5
6.201238158046002E-5
6.218739793532023E-5
6.236298750554902E-5
6.253915255658253E-5
6.271589536310562E-5
6.289321821064158E-5
6.307112339633377E-5
6.324961322929853E-5
6.3428690030755E-5
6.360835613404087E-5
6.378861388457155E-5
6.396946563976889E-5
6.415091376897536E-5
6.433296065335799E-5
6.451560868580666E-5
6.469886027082805E-5
6.488271782443426E-5
6.506718377402937E-5
6.525226055829058E-5
6.543795062704735E-5
6.562425644115624E-5
6.581118047237249E-5
6.59987252032189E-5
6.618689312685071E-5
6.637568674691858E-5
6.656510857742695E-5
6.675516114259098E-5
6.69458469766894E-5
6.713716862391551E-5
6.732912863822471E-5
6.752172958317979E-5
6.771497403179346E-5
6.790886456636816E-5
6.810340377833375E-5
6.829859426808277E-5
6.849443864480297E-5
6.869093952630781E-5
6.888809953886464E-5
6.908592131702127E-5
6.928440750342941E-5
6.948356074866706E-5
6.968338371105837E-5
6.988387905649152E-5
7.008504945823558E-5
7.028689759675415E-5
7.048942615951849E-5
7.069263784081876E-5
7.089653534157285E-5
7.110112136913448E-5
7.130639863709928E-5
7.151236986511005E-5
7.17190377786597E-5
7.19264051088931E-5
7.213447459240846E-5
7.234324897105617E-5
7.255273099173717E-5
7.276292340620026E-5
7.297382897083751E-5
7.318545044647977E-5
7.339779059818988E-5
7.361085219505611E-5
7.382463800998346E-5
7.403915081948533E-5
7.425439340347327E-5
7.447036854504669E-5
7.46870790302813E-5
7.490452764801713E-5
7.512271718964578E-5
7.5341650448897E-5
7.556133022162498E-5
7.578175930559355E-5
7.600294050026118E-5
7.622487660656572E-5
7.64475704267087E-5
7.667102476393858E-5
7.689524242233427E-5
7.712022620658854E-5
7.734597892179038E-5
7.757250337320841E-5
7.779980236607318E-5
7.802787870536008E-5
7.825673519557212E-5
7.848637464052473E-5
7.871679984313002E-5
7.894801360518453E-5
7.918001872716015E-5
7.941281800800093E-5
7.964641424492935E-5
7.988081023326835E-5
8.011600876628718E-5
8.03520126350858E-5
8.058882462854004E-5
8.082644753333944E-5
8.106488413417108E-5
8.130413721412428E-5
8.154420955543503E-5
8.178510394073962E-5
8.202682315509609E-5
8.226936998914225E-5
8.25127472439359E-5
8.275695773825045E-5
8.300200431943492E-5
8.324788987939712E-5
8.34946173778859E-5
8.37421898760801E-5
8.399061058459112E-5
8.423988293142912E-5
8.449001065734615E-5
8.474099794833548E-5
8.49928496180213E-5
8.52455713563044E-5
8.549917006497498E-5
8.575365430611892E-5
8.600903489495654E-5
8.626532567516754E-5
8.652254452151819E-5
8.678071462131584E-5
8.703986609229442E-5
8.730003799915416E-5
8.756128083308778E-5
8.782365951690257E-5
8.8087256991261E-5
8.835217842337263E-5
8.861855605642405E-5
8.88865546844199E-5
8.915637769157216E-5
8.942827353712153E-5
8.970254249564375E-5
8.997954338085354E-5
9.025969989064437E-5
9.05435061174043E-5
9.083153067735549E-5
9.112441883458995E-5
9.142289194013447E-5
9.172774348545878E-5
9.203983109528628E-5
9.236006386741933E-5
9.268938461619526E-5
9.30287467958434E-5
9.337908616950929E-5
9.374128764120226E-5
9.411614806567347E-5
9.45043364195893E-5
9.490635268091277E-5
9.532248757949664E-5
9.575278550985422E-5
9.619701305102035E-5
9.665463553278933E-5
9.712480389782996E-5
9.760635372460413E-5
9.809781770332578E-5
9.859745212216214E-5
9.910327706827305E-5
9.961312913934394E-5
1.001247245691122E-4
1.0063572987324763E-4
1.0114383649530883E-4
1.0164683554067065E-4
1.0214268857470217E-4
1.0262959065053644E-4
1.0310602221354548E-4
1.0357078726747727E-4
1.0402303611896996E-4
1.0446227206139542E-4
1.0488834242368828E-4
1.0530141540239332E-4
1.057019449324237E-4
1.0609062646901308E-4
1.0646834690963883E-4
1.0683613196764961E-4
1.071950941338197E-4
1.0754638396695022E-4
1.0789114689665581E-4
1.0823048706745044E-4
1.08565439071785E-4
1.0889694777359677E-4
1.0922585586406606E-4
1.095528983526759E-4
1.0987870289703961E-4
1.1020379471545374E-4
1.1052860479402944E-4
1.1085348017277695E-4
1.1117869524374147E-4
1.1150446318935388E-4
1.1183094690279447E-4
1.121582689412825E-4
1.1248652025077671E-4
1.1281576755602815E-4
1.131460594286582E-4
1.1347743112818252E-4
1.1380990836043766E-4
1.141435101205047E-4
1.1447825078963194E-4
1.1481414164434133E-4
1.1515119191654175E-4
1.1548940952060996E-4
1.1582880154028609E-4
1.1616937454699108E-4
1.165111348029191E-4
1.1685408838739403E-4
1.1719824127342565E-4
1.1754359937276054E-4
1.1789016856150508E-4
1.1823795469407291E-4
1.1858696361029627E-4
1.189372011386384E-4
1.1928867309724461E-4
1.1964138529383034E-4
1.1999534352496404E-4
1.2035055357504882E-4
1.2070702121516357E-4
1.210647522018464E-4
1.2142375227586097E-4
1.2178402716096621E-4
1.2214558256269854E-4
1.2250842416717048E-4
1.2287255763988826E-4
1.2323798862458739E-4
1.2360472274208832E-4
1.239727655891707E-4
1.24342122737467E-4
1.247127997323742E-4
1.2508480209198492E-4
1.254581353060363E-4
1.258328048348778E-4
1.2620881610845585E-4
1.2658617452531817E-4
1.2696488545163432E-4
1.2734495422023415E-4
1.277263861296633E-4
1.2810918644325672E-4
1.2849336038822862E-4
1.288789131547788E-4
1.292658498952164E-4
1.2965417572309944E-4
1.3004389571239075E-4
1.3043501489663049E-4
1.3082753826812454E-4
1.3122147077714754E-4
1.316168173311632E-4
1.3201358279405897E-4
1.324117719853961E-4
1.328113896796752E-4
1.3321244060561673E-4
1.3361492944545598E-4
1.3401886083425215E-4
1.3442423935921413E-4
1.348310695590377E-4
1.3523935592325902E-4
1.3564910289162103E-4
1.360603148534545E-4
1.3647299614707239E-4
1.3688715105917746E-4
1.373027838242842E-4
1.3771989862415294E-4
1.3813849958723825E-4
1.385585907881499E-4
1.3898017624712586E-4
1.3940325992951893E-4
1.3982784574529625E-4
1.4025393754855042E-4
1.4068153913702282E-4
1.4111065425163996E-4
1.4154128657606124E-4
1.419734397362391E-4
1.4240711729998992E-4
1.4284232277657786E-4
1.4327905961630875E-4
1.4371733121013662E-4
1.4415714088928132E-4
1.4459849192485633E-4
1.4504138752750864E-4
1.454858308470679E-4
1.459318249722088E-4
1.4637937293012163E-4
1.4682847768619523E-4
1.4727914214370875E-4
1.4773136914353433E-4
1.4818516146385032E-4
1.4864052181986465E-4
1.4909745286354785E-4
1.4955595718337575E-4
1.5001603730408327E-4
1.5047769568642857E-4
1.5094093472696807E-4
1.514057567578427E-4
1.518721640465791E-4
1.5234015879590502E-4
1.5280974314358595E-4
1.5328091916228865E-4
1.5375368885948214E-4
1.5422805417739156E-4
1.5470401699303496E-4
1.5518157911837695E-4
1.5566074230066802E-4
1.5614150822305714E-4
1.566238785056235E-4
1.571078547070344E-4
1.5759343832714653E-4
1.5808063081100492E-4
1.5856943355491198E-4
1.5905984791552815E-4
1.59551875223379E-4
1.6004551680271875E-4
1.6054077400047E-4
1.6103764822802117E-4
1.615361410210541E-4
1.620362541244206E-4
1.625379896114725E-4
1.6304135005028612E-4
1.6354633873304504E-4
1.640529599895419E-4
1.645612196114285E-4
1.6507112542052098E-4
1.6558268802213075E-4
1.6609592179286982E-4
1.6661084616141918E-4
1.671274872498014E-4
1.6764587995105415E-4
1.6816607052578476E-4
1.6868811980352358E-4
1.6921210707337896E-4
1.6973813474015616E-4
1.7026633380459147E-4
1.7079687019722753E-4
1.7132995195244906E-4
1.718658371503584E-4
1.7240484247832235E-4
1.7294735217116754E-4
1.7349382698073426E-4
1.7404481270554684E-4
1.746009476858873E-4
1.7516296854741572E-4
1.7573171336924382E-4
1.7630812137396868E-4
1.768932282031778E-4
1.7748815586850217E-4
1.780940965704419E-4
1.7871228976703473E-4
1.7934399215892367E-4
1.7999044063614198E-4
1.8065280869542394E-4
1.8133220027693515E-4
1.820295531410968E-4
1.8274558416535912E-4
1.834807355489359E-4
1.842351249615175E-4
1.8500850289467617E-4
1.858002204867682E-4
1.8660921085928046E-4
1.8743398650873235E-4
1.8827265455043245E-4
1.8912295064117194E-4
1.8998229127558525E-4
1.9084784293622032E-4
1.9171660537763125E-4
1.9258550524498517E-4
1.9345149536974276E-4
1.9431165453669702E-4
1.951632823409737E-4
1.9600398398039447E-4
1.9683174044969615E-4
1.976449605716265E-4
1.984425125343877E-4
1.9922373399717435E-4
1.9998842125267015E-4
2.0073679927265956E-4
2.0146947559774648E-4
2.021873818757338E-4
2.028917073493706E-4
2.0358382872394932E-4
2.0426524062678512E-4
2.0493749035464502E-4
2.0560211986687843E-4
2.0626061711057864E-4
2.0691437785177398E-4
2.075646783181751E-4
2.0821265820349335E-4
2.0885931298874645E-4
2.095054941270331E-4
2.1015191541738572E-4
2.1079916384410466E-4
2.1144771325030558E-4
2.1209793941035838E-4
2.1275013532536872E-4
2.1340452585146748E-4
2.1406128105119228E-4
2.1472052791053875E-4
2.1538236027388716E-4
2.1604684700951262E-4
2.1671403852995024E-4
2.1738397185900744E-4
2.1805667446845727E-4
2.1873216711133193E-4
2.1941046586397808E-4
2.2009158356334953E-4
2.207755307954533E-4
2.2146231655990783E-4
2.2215194870705388E-4
2.2284443421951718E-4
2.235397793901228E-4
2.242379899324962E-4
2.2493907104903922E-4
2.256430274725918E-4
2.2634986349224278E-4
2.2705958296983394E-4
2.2777218935112137E-4
2.2848768567394613E-4
2.292060745747637E-4
2.2992735829428676E-4
2.3065153868265215E-4
2.3137861720433277E-4
2.321085949429012E-4
2.3284147260570822E-4
2.3357725052849715E-4
2.3431592867997287E-4
2.3505750666632548E-4
2.3580198373571924E-4
2.3654935878273967E-4
2.3729963035280596E-4
2.3805279664654654E-4
2.3880885552413856E-4
2.395678045096111E-4
2.4032964079511118E-4
2.4109436124513826E-4
2.418619624007406E-4
2.426324404836761E-4
2.4340579140054116E-4
2.4418201074686294E-4
2.4496109381115836E-4
2.4574303557895757E-4
2.465278307367966E-4
2.473154736761743E-4
2.48105958497476E-4
2.488992790138645E-4
2.496954287551388E-4
2.5049440097156E-4
2.5129618863764357E-4
2.5210078445592145E-4
2.5290818086066963E-4
2.5371837002160835E-4
2.545313438475651E-4
2.553470939901105E-4
2.561656118471629E-4
2.5698688856656E-4
2.5781091504960073E-4
2.586376819545569E-4
2.594671797001566E-4
2.6029939846903324E-4
2.611343282111487E-4
2.6197195864718535E-4
2.628122792719082E-4
2.636552793574994E-4
2.6450094795686186E-4
2.653492739068963E-4
2.6620024583174734E-4
2.670538521460229E-4
2.6791008105798644E-4
2.6876892057271686E-4
2.696303584952469E-4
2.704943824336682E-4
2.7136097980221165E-4
2.7223013782430214E-4
2.731018435355825E-4
2.739760837869136E-4
2.7485284524734734E-4
2.757321144070716E-4
2.7661387758033044E-4
2.7749812090831954E-4
2.7838483036205067E-4
2.792739917451985E-4
2.8016559069691355E-4
2.8105961269461526E-4
2.819560430567589E-4
2.828548669455747E-4
2.837560693697878E-4
2.8465963518730714E-4
2.855655491078947E-4
2.8647379569580843E-4
2.873843593724215E-4
2.8829722441881824E-4
2.8921237497836597E-4
2.9012979505926406E-4
2.910494685370692E-4
2.919713791571999E-4
2.928955105374197E-4
2.9382184617029767E-4
2.947503694256547E-4
2.9568106355299225E-4
2.9661391168391205E-4
2.9754889683453303E-4
2.984860019079193E-4
2.994252096965366E-4
3.0036650288476973E-4
3.0130986405154167E-4
3.022552756731116E-4
3.0320272012615454E-4
3.0415217969128987E-4
3.0510363655729216E-4
3.060570728263586E-4
3.070124705209505E-4
3.079698115929966E-4
3.0892907793656437E-4
3.0989025140561286E-4
3.108533138390912E-4
3.11818247096575E-4
3.127850331088684E-4
3.13753653949653E-4
3.147240919364532E-4
3.1569632977201663E-4
3.1667035074083206E-4
3.176461389800696E-4
3.186236798498571E-4
3.196029604346026E-4
3.2058397021513647E-4
3.215667019606881E-4
3.225511529000159E-4
3.235373262420245E-4
3.245252331273102E-4
3.255148951024339E-4
3.265063472170264E-4
3.2749964184845815E-4
3.2849485335766424E-4
3.294920836703193E-4
3.304914688571357E-4
3.314931867526472E-4
3.324974656006006E-4
3.3350459364357845E-4
3.345149294832114E-4
3.355289129251248E-4
3.365470758914918E-4
3.375700528380263E-4
3.3859858995888634E-4
3.396335523128617E-4
3.406759278714332E-4
3.4172682739076033E-4
3.4278747896438486E-4
3.438592161413056E-4
3.449434586136074E-4
3.46041684704212E-4
3.471553952274042E-4
3.4828606875271224E-4
3.49447533608041E-4
3.506408870477243E-4
3.518670289420818E-4
3.5312659516631835E-4
3.544198919620913E-4
3.5574683496665326E-4
3.5710689688614325E-4
3.5849906781515955E-4
3.5992183193135825E-4
3.6137316370084434E-4
3.628505458250571E-4
3.6435100998159575E-4
3.658712000303946E-4
3.674074558712305E-4
3.6895591466760855E-4
3.7051262482423926E-4
3.7207366704607316E-4
3.736352761244657E-4
3.7519395686875286E-4
3.7674658786707757E-4
3.7829050750989217E-4
3.798235778867746E-4
3.8134422367295173E-4
3.8285144482413334E-4
3.843448036463655E-4
3.858243884484775E-4
3.872907573798311E-4
3.8874486709578445E-4
3.901879915080483E-4
3.9162163604280494E-4
3.9304745256772157E-4
3.9446715952144414E-4
3.958824708776955E-4
3.9729503650999586E-4
3.9870639540546784E-4
4.001179421112667E-4
4.015309058699486E-4
4.029463411696619E-4
4.043651279320448E-4
4.0578797928834227E-4
4.0721545483255194E-4
4.08647977352536E-4
4.100858512795273E-4
4.1152928141412757E-4
4.1297839083685164E-4
4.1443323725515093E-4
4.158938273482327E-4
4.173601289281035E-4
4.1883208093215204E-4
4.20309601399475E-4
4.217925936659873E-4
4.2328095105171145E-4
4.247745603184131E-4
4.262733041576716E-4
4.2777706293796756E-4
4.2928571590190016E-4
4.3079914196669317E-4
4.3231722024617003E-4
4.338398303823048E-4
4.353668527499346E-4
4.368981685791388E-4
4.3843366002552686E-4
4.3997321020840664E-4
4.4151670322964333E-4
4.4306402418121564E-4
4.4461505914632557E-4
4.461696951969384E-4
4.4772782038939626E-4
4.492893237590357E-4
4.508540953143089E-4
4.5242202603067123E-4
4.5399300784437974E-4
4.5556693364626254E-4
4.57143697275495E-4
4.5872319351340145E-4
4.603053180772827E-4
4.6188996761428177E-4
4.634770396952787E-4
4.6506643280882327E-4
4.6665804635509923E-4
4.682517806399242E-4
4.698475368687866E-4
4.71445217140909E-4
4.730447244433559E-4
4.7464596264516393E-4
4.7624883649151535E-4
4.7785325159794054E-4
4.7945911444455003E-4
4.8106633237030694E-4
4.82674813567327E-4
4.8428446707521317E-4
4.858952027754231E-4
4.8750693138566723E-4
4.891195644543384E-4
4.907330143549781E-4
4.9234719428077E-4
4.939620182390654E-4
4.95577401045943E-4
4.97193258320796E-4
4.988095064809553E-4
5.004260627363366E-4
5.020428450841262E-4
5.036597723034943E-4
5.052767639503337E-4
5.068937403520376E-4
5.085106226023026E-4
5.101273325559582E-4
5.117437928238368E-4
5.133599267676613E-4
5.149756584949719E-4
5.165909128540755E-4
5.182056154290274E-4
5.198196925346413E-4
5.214330712115299E-4
5.230456792211724E-4
5.246574450410084E-4
5.262682978595667E-4
5.278781675716158E-4
5.294869847733474E-4
5.310946807575821E-4
5.327011875090121E-4
5.343064376994595E-4
5.359103646831738E-4
5.375129024921493E-4
5.391139858314746E-4
5.407135500747025E-4
5.423115312592556E-4
5.439078660818495E-4
5.455024918939537E-4
5.470953466972647E-4
5.486863691392216E-4
5.502754985085353E-4
5.518626747307466E-4
5.534478383638181E-4
5.550309305937415E-4
5.566118932301739E-4
5.581906687021042E-4
5.597672000535421E-4
5.613414309392268E-4
5.629133056203715E-4
5.644827689604234E-4
5.660497664208576E-4
5.676142440569875E-4
5.691761485138097E-4
5.707354270218665E-4
5.722920273931438E-4
5.738458980169921E-4
5.753969878560806E-4
5.769452464423936E-4
5.784906238732604E-4
5.800330708074522E-4
5.815725384613515E-4
5.831089786052279E-4
5.846423435596689E-4
5.86172586192239E-4
5.876996599144804E-4
5.89223518679418E-4
5.907441169798257E-4
5.922614098476446E-4
5.937753528550796E-4
5.952859021182184E-4
5.967930143043345E-4
5.982966466445583E-4
5.997967569543213E-4
6.012933036649346E-4
6.027862458709727E-4
6.042755433999206E-4
6.057611569128185E-4
6.072430480476952E-4
6.087211796214103E-4
6.101955159104033E-4
6.116660230368501E-4
6.131326694940021E-4
6.145954268530874E-4
6.16054270704058E-4
6.175091818935226E-4
6.189601481349995E-4
6.204071660785811E-4
6.218502439382424E-4
6.23289404783979E-4
6.24724690611033E-4
6.261561672972791E-4
6.275839305498973E-4
6.290081129206104E-4
6.304288919319024E-4
6.318464993017118E-4
6.332612311784003E-4
6.346734591997706E-4
6.360836420693487E-4
6.374923372020091E-4
6.389002118340176E-4
6.403080528276576E-4
6.417167742392068E-4
6.43127421576383E-4
6.445411715656051E-4
6.459593262011691E-4
6.473832998790646E-4
6.488145985476693E-4
6.502547900522474E-4
6.517054652196195E-4
6.567656506136273E-4
6.618020553014527E-4
6.668162712447206E-4
6.718096729033581E-4
6.767833457572728E-4
6.817380159986408E-4
6.86673985386273E-4
6.915910755503128E-4
6.964885860544573E-4
7.013652702178951E-4
7.062193320489369E-4
7.110484466557669E-4
7.158498052199217E-4
7.206201841221575E-4
7.253560362054802E-4
7.300536005752715E-4
7.347090259109222E-4
7.393185011324816E-4
7.438783865456439E-4
7.483853383623959E-4
7.528364198018065E-4
7.572291928044465E-4
7.615617856820344E-4
7.658329336622243E-4
7.700419911332746E-4
7.741889162811585E-4
7.782742305772367E-4
7.822989570688892E-4
7.862645425314655E-4
7.901727691841016E-4
7.940256618303722E-4
7.978253959827229E-4
8.015742118354596E-4
8.052743379652358E-4
8.089279274793404E-4
8.125370081229179E-4
8.161034467086059E-4
8.196289272369396E-4
8.231149412959665E-4
8.265627887955091E-4
8.299735868078808E-4
8.333482842298119E-4
8.366876801094239E-4
8.399924437467489E-4
8.432631350231532E-4
8.465002237948052E-4
8.497041075567858E-4
8.528751269174081E-4
8.560135786980049E-4
8.591197266836909E-4
8.621938101960136E-4
8.652360507456533E-4
8.682466570628879E-4
8.712258288072635E-4
8.741737592373749E-4
8.770906370869866E-4
8.799766478529503E-4
8.828319746592446E-4
8.856567988237625E-4
8.884513002220658E-4
8.912156575160552E-4
8.939500482950131E-4
8.966546491612511E-4
8.993296357816143E-4
9.019751829184558E-4
9.045914644485819E-4
9.071786533753254E-4
9.097369218367849E-4
9.122664411119766E-4
9.147673816258718E-4
9.172399129538708E-4
9.196842038259581E-4
9.221004221307211E-4
9.24488734919277E-4
9.268493084091556E-4
9.291823079881529E-4
9.314878982181563E-4
9.337662428389609E-4
9.360175047720574E-4
9.382418461244116E-4
9.404394281922163E-4
9.426104114646412E-4
9.447549556275524E-4
9.468732195672226E-4
9.489653613740238E-4
9.510315383461041E-4
9.530719069930463E-4
9.55086623039513E-4
9.570758414288717E-4
9.590397163268107E-4
9.609784011249287E-4
9.628920484443173E-4
9.647808101391288E-4
9.666448373001178E-4
9.684842802581759E-4
9.702992885878495E-4
9.720900111108394E-4
9.738565958994882E-4
9.755991902802498E-4
9.77317940837144E-4
9.790129934151943E-4
9.806844931238557E-4
9.823325843404194E-4
9.83957410713414E-4
9.85559115165976E-4
9.871378398992213E-4
9.886937263955905E-4
9.902269154221787E-4
9.917375470340675E-4
9.93225760577617E-4
9.946916946937637E-4
9.96135487321295E-4
9.975572757001075E-4
9.989571963744523E-4
0.0010003353851961746
0.001001691977327924
0.0010030271072463625
0.0010043409087453525
0.00100563351493913
0.0010069050582654701
0.0010081556704888304
0.0010093854827034861
0.001010594625336647
0.0010117832281515654
0.001012951420250627
0.0010140993300784284
0.0010152270854248383
0.001016334813428056
0.0010174226405776424
0.0010184906927175404
0.0010195390950490917
0.0010205679721340323
0.0010215774478974742
0.0010225676456308717
0.0010235386879949876
0.0010244906970228321
0.0010254237941225884
0.0010263381000805353
0.001027233735063959
0.0010281108186240308
0.0010289694696986945
0.0010298098066155365
0.0010306319470946264
0.0010314360082513748
0.0010322221065993534
0.001032990358053116
0.0010337408779310078
0.0010344737809579684
0.0010351891812683221
0.0010358871924085822
0.0010365679273402336
0.0010372314984425637
0.0010378780175155054
0.0010385075957825458
0.001039120343893749
0.001039716371928915
0.00104029578940105
0.0010408587052601946
0.0010414052278979245
0.0010419354651528044
0.001042449524317277
0.0010429475121467274
0.0010434295348717333
0.0010438956982149622
0.0010443461074148425
0.0010447808672589037
0.001045200082130915
0.0010456038560773939
0.0010459922929011826
0.001046365496292304
0.001046723570009764
0.001047066618132141
0.0010473947454000272
0.0010477080576797404
0.0010480066625851
0.0010482906703027052
0.0010485601946756216
0.0010488153546105428
0.0010490562758837057
0.001049283093430252
0.0010494959542092118
0.0010496950207401978
0.0010498804754064176
0.0010500525256091527
0.001050211409839277
0.0010503574046983625
0.0010504908328533835
0.0010506120718423767
0.001050721563562567
0.0010508198241672704
0.0010509074539752467
0.0010509851468604686
0.0010510536984483627
0.0010511140123068913
0.0010511671032004855
0.0010512140963877467
0.0010512562219079523
0.0010512948028350302
0.0010513312365978513
0.0010513669686861313
0.002093012375539381
0.0020858488125569063
0.002078725649974452
0.0020716438116367523
0.0020646040214775696
0.00205760674504273
0.0020506521330814218
0.0020437399705905282
0.002036869634872992
0.002030040066105153
0.0020232497535673825
0.002016496740066458
0.0020097786461827287
0.002003092714854224
0.0019964358755348095
0.0019898048258291815
0.0019831961272238257
0.0019766063104157427
0.0019700319848979
0.0019634699469818937
0.0019569172803829238
0.0019503714438810081
0.001943830341383455
0.0019372923708835244
0.0019307564502392242
0.001924222019259053
0.001917689019140325
0.0019111578517255075
0.001904629322204946
0.0018981045697121664
0.0018915849906805898
0.0018850721598492153
0.001878567753451252
0.0018720734784588844
0.0018655910108787137
0.0018591219450968244
0.0018526677552613096
0.0018462297687528177
0.0018398091510010786
0.0018334069003029779
0.0018270238509057238
0.0018206606824332265
0.0018143179337312893
0.0018079960193512477
0.0018016952471382342
0.0017954158356952334
0.0017891579308172221
0.0017829216202985291
0.0017767069467879732
0.0017705139185868678
0.0017643425184496
0.0017581927105572307
0.0017520644458977885
0.001745957666312326
0.0017398723074628765
0.0017338083009573418
0.001727765575834874
0.0017217440595799075
0.0017157436787983192
0.001709764359657784
0.0017038060281678311
0.0016978686103537087
0.0016919520323616642
0.0016860562205210487
0.0016801811013799168
0.0016743266017247645
0.001668492648591004
0.001662679169268186
0.0016568860913022962
0.0016511133424964724
0.0016453608509109051
0.001639628544862318
0.0016339163529232258
0.0016282242039211033
0.001622552026937508
0.001616899751307183
0.0016112673066171457
0.0016056546227057906
0.001600061629661982
0.001594488257824148
0.0015889344377793887
0.001583400100362581
0.001577885176655481
0.0015723895979858377
0.0015669132959265086
0.0015614562022945734
0.0015560182491504606
0.0015505993687970673
0.0015451994937788858
0.0015398185568811372
0.0015344564911289008
0.001529113229786253
0.001523788706355408
0.0015184828545758565
0.0015131956084235183
0.0015079269021098846
0.0015026766700811697
0.0014974448470174762
0.0014922313678319397
0.0014870361676699007
0.0014818591819080653
0.001476700346153667
0.0014715595962436446
0.0014664368682438154
0.0014613320984480458
0.0014562452233774373
0.0014511761797795049
0.0014461249046273598
0.0014410913351189036
0.001436075408676019
0.0014310770629437568
0.0014260962357895432
0.001421132865302369
0.0014161868897920005
0.0014112582477881852
0.0014063468780398537
0.0014014527195143384
0.0013965757113965837
0.0013917157930883625
0.0013868729042075007
0.0013820469845870968
0.0013772379742747476
0.001372445813531779
0.0013676704428324735
0.0013629118028633072
0.0013581698345221855
0.0013534444789176851
0.0013487356773682893
0.001344043371401646
0.001339367502753798
0.0013347080133684524
0.0013300648453962191
0.001325437941193872
0.0013208272433236146
0.0013162326945523278
0.0013116542378508412
0.0013070918163932076
0.0013025453735559561
0.0012980148529173755
0.001293500198256787
0.0012890013535538209
0.0012845182629876938
0.0012800508709364968
0.0012755991219764757
0.0012711629608813243
0.0012667423326214726
0.0012623371823633819
0.0012579474554688481
0.0012535730974942976
0.0012492140541901034
0.001244870271499907
0.0012405416955599401
0.0012362282726983875
0.0012319299494347575
0.001227646672479304
0.0012233783887325247
0.0012191250452847453
0.0012148865894158775
0.0012106629685954015
0.0012064541304827277
0.0012022600229280999
0.0011980805939743175
0.0011939157918596755
0.001189765565022691
0.0011856298621094321
0.001181508631984615
0.0011774018237480813
0.0011733093867589194
0.0011692312706703249
0.0011651674254793754
0.0011611178015973839
0.0011570823499482384
0.0011530610221044864
0.0011490537704736872
0.0011450605485509775
0.0011410813112577155
0.0011371160153906593
0.0011331646202110874
0.0011292270882085715
0.0011253033860793363
0.0011213934859638298
0.0011174973669916873
0.0011136150171837723
0.0011097464357594103
0.0011058916358910695
0.0011020506479371421
0.0010982235231648508
0.0010944103379481192
0.001090611198388689
0.0010868262452620055
0.0010830556591327693
0.0010792996654197479
0.001075558539117897
0.001071832608812083
0.0010681222595464368
0.0010644279340536566
0.001060750131808119
0.0010570894053547203
0.001053446353391678
0.0010498216101583638
0.30263364917618985
