1.1619481730906837E-5
2.4003084481516757E-5
3.720224323467866E-5
5.1270825615731274E-5
6.626485371454612E-5
8.224278202401475E-5
9.926639568949284E-5
1.1740218373450274E-4
1.3672280191505702E-4
1.5730807422460773E-4
1.6762558599695416E-4
1.7862407323303856E-4
1.9035026038216664E-4
2.0285185297181684E-4
2.1617730247059695E-4
2.3037626229161572E-4
2.4550069872172263E-4
2.616065103915141E-4
2.7875539232297017E-4
2.970164719280732E-4
3.1646716262134496E-4
3.371927586397736E-4
3.592847807872585E-4
3.828387167715217E-4
4.079521418013922E-4
4.347240080728736E-4
4.632553530957554E-4
4.936512415618326E-4
5.260235970325155E-4
5.604944205600775E-4
5.971998652445949E-4
6.36293162422845E-4
6.77944859957916E-4
7.22340066414792E-4
7.696738402837208E-4
8.201466246816136E-4
8.739612554888458E-4
9.313220313352406E-4
9.924355481236164E-4
0.0010575127927580476
0.001126793102985694
0.0012005575907437548
0.001279132456156968
0.0013628825721799587
0.0014521971570590508
0.0015474712309136887
0.0016490873003790006
0.0017574006058206036
0.0018727291631435374
0.0019953483134241418
0.002125817919288478
0.0022648554706106386
0.0024132386641133544
0.0025717291487231606
0.002741010570944097
0.0029216375523211254
0.003113996113229026
0.0033182779361607294
0.0035344697670375157
0.0037623566471910235
0.004006609373217504
0.004270088480816691
0.004554190492977042
0.004859146171688249
0.00518427169289683
0.005528174352727484
0.005888918040419422
0.0062641577662934135
0.006651253717939005
0.007047372523692396
0.00752784620809458
0.008069424737258767
0.00865219939888782
0.009259238126520384
0.00987625588408873
0.010491311087681074
0.011094521512808367
0.011677798837070593
0.01223460644974302
0.012759746537923292
0.014456610118144735
0.01587991562187103
0.017057948396081945
0.01801647426531844
0.018778963907601712
0.019366795033576616
0.019799429058599785
0.020094562043563996
0.02026825512180423
0.020335053612912185
0.0389351498640783
0.03641131979077941
0.034051114324404844
0.031843885092003296
0.02977968440787625
0.02784922775495482
0.02604385347696473
0.02435547859984084
0.022776551844763435
0.021300007546609823
0.3072786980783483
