2.0865465753517994E-7
4.2028041822106764E-7
6.347777501391926E-7
8.520139871885796E-7
1.0718375832687887E-6
1.2940934941610808E-6
1.518637594227082E-6
1.745348293118732E-6
1.9741341006248375E-6
2.2049366598813017E-6
2.437729555661208E-6
2.6725138383729688E-6
2.909311569694894E-6
3.148158753341775E-6
3.389098803782256E-6
3.6321773237582937E-6
3.877438527704272E-6
4.124923268803449E-6
4.374668369939259E-6
4.6267068432270095E-6
4.881068588878703E-6
5.137781248384171E-6
5.396871001700388E-6
5.658363205743126E-6
5.92228285097336E-6
6.188654859083151E-6
6.457504263177189E-6
6.7288563123460434E-6
7.002736534743364E-6
7.279170784056166E-6
7.558185287281535E-6
7.839806708308606E-6
8.124062241988502E-6
8.410979756794367E-6
8.700588010544874E-6
8.992916972913955E-6
9.28799830062149E-6
9.585866026244124E-6
9.886557539072627E-6
1.019011495522664E-5
1.0496586992071448E-5
1.0806031475119263E-5
1.1118518608452604E-5
1.1434135124700814E-5
1.1752989388367814E-5
1.207521744649986E-5
1.2400989893574667E-5
1.2730519236568835E-5
1.3064067211643353E-5
1.340195122692619E-5
1.3744548812672918E-5
1.4092298694819395E-5
1.4445696932860868E-5
1.4805286554069137E-5
1.5171639352720952E-5
1.554532907154862E-5
1.592689607452994E-5
1.631680482880957E-5
1.6715396935154147E-5
1.7122843892197712E-5
1.7539104987468198E-5
1.79638963765798E-5
1.8396677258889552E-5
1.8836657893489687E-5
1.928283199885546E-5
1.9525378376820266E-5
1.976872997017163E-5
2.0011740437803873E-5
2.025339297062521E-5
2.049286969281796E-5
2.072960174956953E-5
2.0963294418662965E-5
2.1193925124290456E-5
2.1421716116008246E-5
2.1647087068341467E-5
2.1870595302185214E-5
2.2092872310771767E-5
2.2314564707525994E-5
2.2536285857686804E-5
2.2758581822770346E-5
2.298191245767353E-5
2.3206646120435124E-5
2.34330648655916E-5
2.366137632797146E-5
2.38917286665597E-5
2.412422567169839E-5
2.435894013051377E-5
2.4595924517552565E-5
2.483521884596245E-5
2.5076856003968336E-5
2.5320865126670956E-5
2.5567273582115964E-5
2.5816108066105074E-5
2.606739517349365E-5
2.6321161691710396E-5
2.6577434767590293E-5
2.683624203626551E-5
2.7097611766271466E-5
2.7361573060704654E-5
2.762815615352869E-5
2.7897392848417802E-5
2.816931716231974E-5
2.8443966255931125E-5
2.8721381757616738E-5
2.9001611614668076E-5
2.928471263375862E-5
2.9570753896801506E-5
2.985982125255015E-5
3.0152023078773175E-5
3.0447497472325746E-5
3.0746420940167536E-5
3.104901851764347E-5
3.135557501724932E-5
3.1666446803740725E-5
3.19820731034748E-5
3.230298540896688E-5
3.2629813079605965E-5
3.296328284027452E-5
3.330420964287382E-5
3.365347640308274E-5
3.401200058082448E-5
3.438068653910572E-5
3.4760364135383615E-5
3.515171602095318E-5
3.555519847088E-5
3.59709629272139E-5
3.6398787381046505E-5
3.6838027751844824E-5
3.7287599084231805E-5
3.774599436193317E-5
3.821134499442266E-5
3.868152187778019E-5
3.9154270054733714E-5
3.962736438439148E-5
4.009876938913485E-5
4.0566784565739135E-5
4.103015754503479E-5
4.148815159726387E-5
4.194056049425501E-5
4.238767147834763E-5
4.283018456342629E-5
4.326910215620381E-5
4.370560598103304E-5
4.414093811326898E-5
4.457629989497995E-5
4.501277754632413E-5
4.545129764321357E-5
4.589261053275003E-5
4.633729610580788E-5
4.678578455021919E-5
4.723838467436821E-5
4.769531365371626E-5
4.815672397949568E-5
4.8622725383088715E-5
4.909340114982693E-5
4.956881932556975E-5
5.00490398590372E-5
5.053411883723661E-5
5.102411082884541E-5
5.151907010236129E-5
5.2019051235895976E-5
5.252410943626764E-5
5.3034300750453574E-5
5.354968227478215E-5
5.4070312431310284E-5
5.459625137248413E-5
5.512756158455862E-5
5.566430878181955E-5
5.620656321481446E-5
5.6754401555252326E-5
5.73079095664664E-5
5.786718581833476E-5
5.843234675360182E-5
5.900353344906035E-5
5.9580920425594915E-5
6.016472682578092E-5
6.075523017159588E-5
6.135278270951481E-5
6.1957830018095E-5
6.257093107347896E-5
6.319277833683444E-5
6.38242156682855E-5
6.446625104795727E-5
6.512006030953345E-5
6.578697753098748E-5
6.646846759086956E-5
6.716607691634572E-5
6.788135982749305E-5
6.861578024472226E-5
6.937059184519087E-5
7.014670378931653E-5
7.094454340173213E-5
7.17639309606776E-5
7.260398415274555E-5
7.346306991486548E-5
7.433881865665313E-5
7.52282099958351E-5
7.612773055328457E-5
7.703359411482036E-5
7.794200424156124E-5
7.884943117924039E-5
7.975287054963683E-5
8.065005208886649E-5
8.15395729281089E-5
8.242094071811175E-5
8.329452533610575E-5
8.41614313767404E-5
8.502331446515443E-5
8.588217059842225E-5
8.674012829223817E-5
8.759926866072851E-5
8.84614902028206E-5
8.93284251849834E-5
9.02014053187893E-5
9.108146763643402E-5
9.196938791042303E-5
9.286572857575614E-5
9.377089012498096E-5
9.46851582507612E-5
9.560874253007567E-5
9.654180539561649E-5
9.7484482138808E-5
9.843689370973196E-5
9.939915432966239E-5
1.0037137570760647E-4
1.0135366922495615E-4
1.023461470115588E-4
1.0334892248047759E-4
1.0436211064528348E-4
1.0538582840067829E-4
1.064201948779641E-4
1.0746533196593491E-4
1.0852136509725753E-4
1.0958842443021642E-4
1.1066664660121182E-4
1.1175617728272948E-4
1.1285717485294425E-4
1.1396981556309586E-4
1.1509430066980004E-4
1.1623086606828346E-4
1.1737979499828425E-4
1.1854143436729586E-4
1.1971621510724623E-4
1.2090467670496972E-4
1.2210749557677893E-4
1.2332551625385073E-4
1.2455978339105412E-4
1.258115714309993E-4
1.2708240743218192E-4
1.2837408126869528E-4
1.2968863638017545E-4
1.31028333824472E-4
1.3239558293708486E-4
1.3379283378626918E-4
1.3522243007324316E-4
1.366864261802031E-4
1.381863783991809E-4
1.3972312726411265E-4
1.4129659424251328E-4
1.4290562042530854E-4
1.4454787625639822E-4
1.4621986690666798E-4
1.4791704971797668E-4
1.4963406692670406E-4
1.5136508066441673E-4
1.5310418061974975E-4
1.5484582091255405E-4
1.5658523477865674E-4
1.583187758302899E-4
1.6004414364238426E-4
1.6176046801933788E-4
1.6346824754081342E-4
1.651691597261144E-4
1.668657780709951E-4
1.6856124187020636E-4
1.7025892646272496E-4
1.719621547554742E-4
1.7367397790749636E-4
1.753970373441456E-4
1.771335054214975E-4
1.788850908957401E-4
1.806530893250856E-4
1.824384576186333E-4
1.8424189496648303E-4
1.8606391757610064E-4
1.879049202592311E-4
1.8976522267582103E-4
1.9164510129898848E-4
1.9354480985442143E-4
1.954645914292655E-4
1.9740468511067689E-4
1.9936532934089758E-4
2.0134676347213814E-4
2.0334922843224927E-4
2.053729670183479E-4
2.074182241018474E-4
2.0948524691222914E-4
2.115742855274175E-4
2.1368559370664296E-4
2.158194302407104E-4
2.1797606105716558E-4
2.2015576240126393E-4
2.2235882551601568E-4
2.2458556336178535E-4
2.2683632003853165E-4
2.2911148368426752E-4
2.3141150369312976E-4
2.3373691308380937E-4
2.3608835669830798E-4
2.3846662555474727E-4
2.4087269704430034E-4
2.4330777968783261E-4
2.45773359818099E-4
2.482712458501056E-4
2.508036038542783E-4
2.533729761787296E-4
2.5598227323447566E-4
2.586347277410533E-4
2.613338012885885E-4
2.640830355525489E-4
2.6688584529670423E-4
2.6974525749894106E-4
2.726636101314323E-4
2.7564223432124306E-4
2.786811532053926E-4
2.817788772968889E-4
2.8493225702861655E-4
2.881364724336854E-4
2.91385185694588E-4
2.946708633019266E-4
2.9798525085444194E-4
3.0131995886414757E-4
3.0466709700280965E-4
3.0801988169816064E-4
3.113731413153398E-4
3.14723655556204E-4
3.180702895775898E-4
3.2141391438760317E-4
3.2475713724540786E-4
3.281038926286119E-4
3.3145896066105225E-4
3.348274830794769E-4
3.382145373567195E-4
3.4162481081072185E-4
3.4506239348044016E-4
3.485306865838106E-4
3.520324067178959E-4
3.5556965683961864E-4
3.591440335061683E-4
3.627567441535924E-4
3.664087157618263E-4
3.7010068451486986E-4
3.738332630994751E-4
3.776069871190228E-4
3.814223446219543E-4
3.852797934206821E-4
3.891797703996155E-4
3.9312269602697E-4
3.971089762511018E-4
4.011390031185145E-4
4.052131548683989E-4
4.093317959110692E-4
4.1349527692234394E-4
4.1770393522217114E-4
4.219580956103267E-4
4.262580718802259E-4
4.3060416931265576E-4
4.349966885607238E-4
4.39435931473491E-4
4.4392220956387875E-4
4.484558559951829E-4
4.530372421176857E-4
4.57666799695607E-4
4.623450499699659E-4
4.67072640530381E-4
4.718503905270049E-4
4.7667934394292826E-4
4.8156082937684153E-4
4.864965230010755E-4
4.914885090802345E-4
4.965393297953996E-4
5.016520134098395E-4
5.068300675075922E-4
5.120774227837386E-4
5.173983134290809E-4
5.227970832923349E-4
5.282779132907463E-4
5.338444751263626E-4
5.394995287500076E-4
5.452444948810293E-4
5.510827980515381E-4
5.570155835135515E-4
5.63041520615632E-4
5.691567891137186E-4
5.753552843233055E-4
5.816290515528631E-4
5.879689281869207E-4
5.943653381823343E-4
6.008091550001064E-4
6.072925315094038E-4
6.138095939598675E-4
6.2035691347984E-4
6.269337006391669E-4
6.335417106498588E-4
6.401848905074996E-4
6.468688360165706E-4
6.536001490866371E-4
6.60385790285003E-4
6.672325090032895E-4
6.741464082202661E-4
6.811326696028601E-4
6.881954348565225E-4
6.953378165838639E-4
7.025619994781627E-4
7.098693905194323E-4
7.172607826465258E-4
7.247365066329519E-4
7.32296557090925E-4
7.399406880631093E-4
7.47668480209928E-4
7.55479385014755E-4
7.633727523414276E-4
7.71347847028234E-4
7.794038588675483E-4
7.875399089190639E-4
7.957550539618225E-4
8.040482901010894E-4
8.124185560738604E-4
8.208647365561436E-4
8.293856656835173E-4
8.379801309950073E-4
8.466468780653067E-4
8.553846161865528E-4
8.641920255929832E-4
8.730677668874429E-4
8.820104935226477E-4
8.910188683990382E-4
9.000915858387517E-4
9.09227400337092E-4
9.184251635121122E-4
9.27683870478025E-4
9.370027163461116E-4
9.463811625832778E-4
9.558190114188067E-4
9.653164843131416E-4
9.748742977069459E-4
9.844937260153497E-4
9.941766384763823E-4
0.0010039254935855428
0.0010137432732503877
0.0010236333394280407
0.0010335991998118906
0.0010436441768272593
0.001053770985977702
0.001063981244844362
0.0010746304514445062
0.0010857014750091385
0.0010971750532714306
0.0011090295374767993
0.0011212408628741076
0.00113378278885555
0.0011466274214005448
0.001159745990820937
0.0011731098163053268
0.001186691353358541
0.001200465198839156
0.0012144089268115142
0.0012285036489627723
0.001242734233234628
0.001257089166374288
0.0012715601000579829
0.0012861411652213043
0.0013008281665144465
0.0013156177739787943
0.0013305068129977609
0.0013454917219464842
0.0013605682083089787
0.0013757310973276972
0.00139097433956342
0.0014062911287375697
0.0014216740788782984
0.001437115417179984
0.0014526071617461075
0.0014681412672016174
0.0014837097328541618
0.0014993046760617063
0.0015149183775802779
0.001530543306719694
0.001546172133291966
0.001561797731674655
0.0015774131805832046
0.0015930117607437502
0.001608586951692094
0.00162413242834659
0.0016396420577064548
0.0016551098959102352
0.001670530185879507
0.001685897355828615
0.0017012060190231626
0.0017164509753114282
0.0017316272151305138
0.0017467299268972443
0.0017617545089179335
0.00177669658716256
0.0017915520403991125
0.0018063170342000159
0.0018209880651154637
0.001835562015735277
0.001850036220297646
0.0018644085388270417
0.001878677435420737
0.0018928420532788013
0.0019069022755678381
0.0019208587576177143
0.0019347129129119454
0.001948466833718841
0.0019621231280483693
0.0019756846589230005
0.0019891541804677644
0.0020025338782268826
0.0020495175810034583
0.00209534504809762
0.002140035936788593
0.0021836068665506705
0.002226071181783292
0.0022674389631822654
0.002307717332498492
0.0023469110603034564
0.0023850234429946575
0.002422057370685736
0.0024580164705144663
0.00249290618871183
0.0025267346755616813
0.0025595133619470255
0.002591257161125863
0.0026219842864787365
0.002651715733916857
0.0026804745247752935
0.0027082848322668275
0.002735171117714681
0.002761157383336746
0.0027862666128433706
0.002810520428971269
0.002833938957931726
0.002856540861946537
0.0028783434861559105
0.0028993630648278773
0.002919614940597649
0.0029391137646260206
0.002957873660486779
0.0029759083469776946
0.002993231223329627
0.003009855424421416
0.003025793854520712
0.0030410592070337942
0.003055663975905386
0.0030696204624452643
0.003082940779866981
0.0030956368568061596
0.003107720440479928
0.0031192030998376126
0.0031300962289263056
0.003140411050676074
0.003150158621354214
0.0031593498360251624
0.003167995435474402
0.00317610601520703
0.003183692037308385
0.0031907638461413294
0.003197331689026319
0.003203405743162035
0.0032089961500322184
0.003214113058320768
0.003218766675817502
0.0032229673298276285
0.0032267255341009325
0.0032300520582193154
0.003232957992763227
0.003235454800597191
0.003237554341635655
0.0032392688560443847
0.0032406108897614543
0.003241593147359941
0.0032422282614561096
0.003242528475662727
0.006435752961569418
0.006368007073207459
0.006301019870815923
0.006234781798559139
0.0061692811532979615
0.006104503991484095
0.006040434247852105
0.005977054089147996
0.0059143444956936825
0.005852286028856477
0.005790859709541418
0.005730047908448086
0.005669835139003461
0.0056102086521283455
0.005551158758191698
0.0054926788415017615
0.005434765078981458
0.005377415918114203
0.005320631401221008
0.005264412437755574
0.005208760121844914
0.0051536751714367345
0.005099157534265681
0.0050452061721343935
0.004991819005903205
0.004938992984013512
0.004886724229137937
0.004835008219498154
0.0047838399703472
0.004733214193186097
0.004683125422042255
0.0046335681053321495
0.004584536667583951
0.004536025547838461
0.004488029221743823
0.004440542213237352
0.004393559100125769
0.004347074516384144
0.004301083152846354
0.0042555797571968935
0.0042105591337275716
0.004166016143094328
0.004121945702214354
0.004078342784422249
0.004035202420024206
0.003992519697434016
0.003950289765138373
0.0039085078348171836
0.003867169186033235
0.0038262691729954814
0.003785803233976453
0.0037457669040012686
0.0037061558313892214
0.003666965798572253
0.0036281927472848093
0.003589832807661622
0.0035518823299516876
0.0035143379164435115
0.0034771964498380398
0.0034404551128156564
0.003404111392132662
0.00336816305956415
0.003332608121781764
0.0032974447322524163
0.0032626710608532
0.3058699409952025
