2.91757681043819E-7
5.882316482245144E-7
8.893260168861837E-7
1.1948816348956739E-6
1.504696512794719E-6
1.8185506599009842E-6
2.136231484947352E-6
2.4575559121385366E-6
2.7823861577368487E-6
3.1106375077076652E-6
3.4422780744739754E-6
3.7773219807171395E-6
4.115818383783546E-6
4.457839047803069E-6
4.803466827514849E-6
5.152786651080901E-6
5.505879662893728E-6
5.862820376064639E-6
6.223676156781293E-6
6.588508163788341E-6
6.957372936201536E-6
7.330324047070363E-6
7.707413502263694E-6
8.088692783013515E-6
8.474213571267783E-6
8.864028263632605E-6
9.258190396207755E-6
9.656755096493718E-6
1.0059779670442167E-5
1.0467324433623558E-5
1.0879453908361986E-5
1.129623853144746E-5
1.1717757044683841E-5
1.2144099765881753E-5
1.2575372951220492E-5
1.3011704448213698E-5
1.345325078536422E-5
1.3900205730881118E-5
1.4352810159283234E-5
1.4811362776467964E-5
1.527623086723587E-5
1.5747859760510083E-5
1.6226779201628002E-5
1.671360435907059E-5
1.7209028893132408E-5
1.771380752366142E-5
1.822872600786109E-5
1.875455750308786E-5
1.9292005992411453E-5
1.9841639712976353E-5
2.04038201015348E-5
2.0978634233276542E-5
2.156584051608396E-5
2.2164837907292876E-5
2.277466764421557E-5
2.310229551952526E-5
2.343324745329415E-5
2.3765977029677493E-5
2.409900799528901E-5
2.4431052653666733E-5
2.476111230390621E-5
2.5088546155227473E-5
2.5413099831088436E-5
2.5734891056624588E-5
2.6054357067869977E-5
2.6372174192767484E-5
2.668916367239662E-5
2.7006198441816272E-5
2.7324123361650103E-5
2.764369707790285E-5
2.796555851830573E-5
2.8290216289840017E-5
2.8618055893367933E-5
2.8949358153914404E-5
2.9284322460079515E-5
2.962308979243072E-5
2.9965762421069504E-5
3.031241896711329E-5
3.066312487554529E-5
3.101793911741075E-5
3.137691820434206E-5
3.1740118532386344E-5
3.21075978564774E-5
3.2479416465177535E-5
3.285563844819958E-5
3.3236333346354824E-5
3.362157843492299E-5
3.401146189560903E-5
3.44060871566652E-5
3.4805578704490215E-5
3.5210089672430834E-5
3.561981147093324E-5
3.603498561161563E-5
3.645591766792606E-5
3.6882992979984415E-5
3.731669323279923E-5
3.775761241609323E-5
3.820646994296489E-5
3.866411794072518E-5
3.91315390618215E-5
3.960983078200707E-5
4.010017228384812E-5
4.0603770899976915E-5
4.112178689657724E-5
4.165523817501656E-5
4.2204890119111005E-5
4.277113991687823E-5
4.3353908562987516E-5
4.3952556509376405E-5
4.4565839616899265E-5
4.519191987305313E-5
4.582843991523355E-5
4.6472662045103945E-5
4.712166223963023E-5
4.7772559471238606E-5
4.8422752648595844E-5
4.907013376005129E-5
4.971324770140141E-5
5.035137694104924E-5
5.0984541342210714E-5
5.1613417629965185E-5
5.223919604952629E-5
5.286340082177983E-5
5.3487704210846915E-5
5.411376107465108E-5
5.474308295028315E-5
5.537696042165399E-5
5.601643244698351E-5
5.666229372268111E-5
5.73151272160482E-5
5.797534870668548E-5
5.8643252593601825E-5
5.931905197144907E-5
6.0002909752722956E-5
6.069496054012435E-5
6.139532469965607E-5
6.210411675520557E-5
6.282145016100544E-5
6.354744008928182E-5
6.428220538764162E-5
6.502587047537945E-5
6.577856771098709E-5
6.654044066006182E-5
6.73116486831358E-5
6.809237330396939E-5
6.888282687282634E-5
6.968326407119859E-5
7.049399677688966E-5
7.131541267747626E-5
7.214799773557736E-5
7.2992362118965E-5
7.384926846910085E-5
7.471966037576625E-5
7.560468768385253E-5
7.650572388521371E-5
7.742436954301687E-5
7.836243476216264E-5
7.932189355149363E-5
8.030480395736109E-5
8.131319047015024E-5
8.234888962412764E-5
8.341336580963512E-5
8.450751152345147E-5
8.563145351168608E-5
8.678439197383536E-5
8.79645024537644E-5
8.916892761420425E-5
9.039387790128327E-5
9.163484636230198E-5
9.288692523986535E-5
9.414519346261774E-5
9.540512870471286E-5
9.666298920091624E-5
9.791611178617579E-5
9.916308440597464E-5
1.004037717748053E-4
1.0163919776738788E-4
1.0287131198898318E-4
1.0410268541618286E-4
1.0533618733820206E-4
1.0657469209448159E-4
1.0782085123439338E-4
1.0907694881735022E-4
1.1034483950700313E-4
1.1162595505445279E-4
1.1292135706985323E-4
1.142318128526591E-4
1.1555787493814845E-4
1.1689995149385809E-4
1.1825836140207757E-4
1.1963337316308885E-4
1.2102522997993877E-4
1.2243416467813228E-4
1.2386040806150903E-4
1.2530419358577446E-4
1.2676576037214398E-4
1.2824535588339895E-4
1.2974323914269198E-4
1.3125968517078477E-4
1.3279499128177432E-4
1.3434948593853856E-4
1.3592354096532227E-4
1.375175879912413E-4
1.391321399976353E-4
1.4076781869633412E-4
1.4242538809461824E-4
1.4410579391850817E-4
1.458102074896197E-4
1.475400711363998E-4
1.4929714029170233E-4
1.5108351522034183E-4
1.5290165311853594E-4
1.547543495922958E-4
1.566446778760563E-4
1.5857587531267002E-4
1.6055117025560276E-4
1.6257354910182524E-4
1.6464547255639264E-4
1.6676856168419972E-4
1.6894328618979974E-4
1.7116869839232335E-4
1.7344225907648067E-4
1.7575980014057502E-4
1.7811565720314015E-4
1.8050298434846618E-4
1.8291423535955493E-4
1.853417657919078E-4
1.877784843607598E-4
1.9021846680992906E-4
1.926574455600889E-4
1.9509310560330344E-4
1.9752514875781698E-4
1.9995512805734777E-4
2.023860928752728E-4
2.0482211454934019E-4
2.0726777550065574E-4
2.097277001949035E-4
2.1220618658280023E-4
2.1470696831952008E-4
2.1723310896718328E-4
2.197870063748232E-4
2.223704725019695E-4
2.2498485161575956E-4
2.2763114566915694E-4
2.3031012588811968E-4
2.3302242033052981E-4
2.3576857574855161E-4
2.3854909735566128E-4
2.4136447225328754E-4
2.4421518223828305E-4
2.4710171057813177E-4
2.5002454596172467E-4
2.5298418569672903E-4
2.55981139495893E-4
2.5901593484468064E-4
2.620891248649586E-4
2.6520129967187814E-4
2.683531023697853E-4
2.7154525096755727E-4
2.7477856753193794E-4
2.780540157416421E-4
2.8137274753726717E-4
2.8473615865017086E-4
2.8814595131132915E-4
2.916042003049587E-4
2.9511341575239633E-4
2.9867659275854624E-4
3.022972347167674E-4
3.0597933430138015E-4
3.097272948871933E-4
3.135457763942954E-4
3.1743945440665036E-4
3.214126905698816E-4
3.2546912575552963E-4
3.296112242517975E-4
3.3383990524257843E-4
3.381541355921631E-4
3.425506509019564E-4
3.470238720536329E-4
3.5156606831551274E-4
3.5616778808846266E-4
3.608185377591117E-4
3.6550764467288305E-4
3.7022520119234936E-4
3.749629628604928E-4
3.797150723053637E-4
3.8447850442642636E-4
3.8925317413200997E-4
3.94041706102119E-4
3.988489236878659E-4
4.0368115794282145E-4
4.085454983802862E-4
4.1344910121511006E-4
4.183986425006276E-4
4.233999621090784E-4
4.284579015606427E-4
4.3357630449361925E-4
4.3875812912648596E-4
4.4400561826937344E-4
4.4932048086257417E-4
4.547040539603065E-4
4.601574298715066E-4
4.6568154582433903E-4
4.7127724133128686E-4
4.7694529164457654E-4
4.826864256664238E-4
4.88501335016185E-4
4.943906789214013E-4
5.003550879130077E-4
5.063951682136524E-4
5.125115081708215E-4
5.187046879487245E-4
5.24975293792891E-4
5.313239383864388E-4
5.377512890165786E-4
5.44258105353648E-4
5.50845288482115E-4
5.575139422538835E-4
5.642654468767206E-4
5.711015427262585E-4
5.780244195520228E-4
5.850368025323751E-4
5.921420222267879E-4
5.993440508827748E-4
6.066474836467075E-4
6.140574412274538E-4
6.215793719367664E-4
6.292187372336991E-4
6.369805769642897E-4
6.448689685168534E-4
6.528936677597891E-4
6.610617885828891E-4
6.693772757648511E-4
6.77840545799729E-4
6.864483874221052E-4
6.951941924136722E-4
7.040685471248162E-4
7.130601602880962E-4
7.221570422473445E-4
7.313477972629685E-4
7.406228573494961E-4
7.499754834521136E-4
7.594023915471432E-4
7.689039228882018E-4
7.784837564746167E-4
7.881482401536464E-4
7.979054765941666E-4
8.077643286391979E-4
8.177335008981672E-4
8.278208161590456E-4
8.380327490451667E-4
8.483742211280969E-4
8.58848615323683E-4
8.694579410532136E-4
8.802030765318053E-4
8.910840259767319E-4
9.02100149775852E-4
9.13250347032625E-4
9.245331870070163E-4
9.35946996502879E-4
9.474899145611528E-4
9.591599257529883E-4
9.709548810964843E-4
9.828725128527272E-4
9.949104471613577E-4
0.0010070662169824808
0.0010193372770619423
0.001031721022422173
0.0010442148119848159
0.0010568159991802028
0.0010695219716516397
0.0010823302022817496
0.001095238313593006
0.001108244156907659
0.0011213459062674237
0.0011345421647866178
0.0011478320776814582
0.001161215441670153
0.001174692795019639
0.0011882654668423347
0.0012019355593867551
0.0012157058345317721
0.0012295794773041662
0.0012435597167982633
0.001257649299672708
0.0012724324390476329
0.0012878798482603576
0.0013039605092714296
0.0013206409895282797
0.001337884966845489
0.0013556530749864616
0.0013739031562999377
0.0013925909579951593
0.0014116712408208873
0.0014310991944063883
0.0014508319879462856
0.001470830244647263
0.0014910592260050776
0.0015114895521122487
0.0015320973609047718
0.00155286390670521
0.0015737746946074974
0.0015948183200466324
0.0016159852164514372
0.0016372665031638308
0.001658653077681349
0.0016801350266967023
0.0017017013589009828
0.0017233400060505763
0.0017450380072226597
0.0017667817856849676
0.001788557442427457
0.0018103510155524957
0.0018321486809770313
0.001853936890728381
0.0018757024578100107
0.0018974326016925813
0.0019191149682617047
0.0019407376351917493
0.0019622891102890035
0.001983758327521969
0.002005134643614747
0.0020264078371390296
0.0020475681117417687
0.002068606105226665
0.0020895129064608777
0.0021102800823410636
0.002130899717171155
0.0021513644666021447
0.0021716676275471943
0.0021918032239707044
0.0022117661059183643
0.002231552055438298
0.00225115788813885
0.002270581533318675
0.002289822069576526
0.0023088796877327165
0.002327755550417068
0.0023464515197569183
0.0023649697331473442
0.0024301235221823015
0.0024933538402546716
0.0025547031017846868
0.002614210155642556
0.0026719096134809983
0.0027278314145539086
0.0027820007454754966
0.0028344384022215043
0.002885161625721553
0.002934185368174912
0.002981523867580366
0.0030271923399746757
0.0030712085598881955
0.003113594102290142
0.0031543750675024004
0.0031935821965557326
0.0032312503902355585
0.003267417746635657
0.003302124306094897
0.0033354107230456564
0.0033673170676099544
0.0033978819044067
0.0034271417198593977
0.003455130693296381
0.0034818807488910925
0.0035074217945959604
0.003531782051012677
0.003554988390611984
0.0035770666354006005
0.0035980417891226194
0.0036179382017508597
0.0036367796768532307
0.0036545895372245437
0.0036713906635366745
0.0036872055175150194
0.003702056157441778
0.003715964250781195
0.0037289510867717273
0.0037410375908179727
0.003752244342156887
0.003762591596291724
0.0037720993138725023
0.0037807871978942018
0.003788674741141688
0.003795781285576729
0.0038021260946531897
0.0038077284381577477
0.003812607686912483
0.003816783411421175
0.0038202754743250026
0.0038231041016425714
0.0038252899128407504
0.0038268538858613
0.003827817231738967
0.0038282011560344985
0.007589260868862406
0.007494897711228287
0.007401759888564827
0.00730983338086962
0.0072191019084793156
0.007129546505884853
0.007041145317936148
0.006953873698060372
0.00686770465627211
0.006782609656020943
0.006698559700203752
0.006615526589065527
0.006533484189410736
0.006452409537530914
0.00637228361467753
0.006293091683299877
0.0062148231456740114
0.006137470968245047
0.006061030786499219
0.005985499850387997
0.0059108759801986726
0.005837156677775494
0.005764338487556441
0.005692416640983776
0.005621384962128223
0.0055512359735779586
0.005481961124870475
0.005413551069244799
0.005345995931717554
0.005279285534193646
0.005213409564424993
0.0051483576908872095
0.005084119633907349
0.005020685205775422
0.004958044331273155
0.004896187057184418
0.004835103556407041
0.004774784130006206
0.004715219209101389
0.004656399357720502
0.004598315277456106
0.00454095781471254
0.004484317971393199
0.004428386919939511
0.004373156023614695
0.00431861686274069
0.004264761267151497
0.004211581354322862
0.0041590695713919126
0.004107218737553473
0.0040560220811632864
0.004005473263480941
0.003955566378715746
0.003906295918462666
0.0038576566884640073
0.30601917531405515
