3.533871153757249E-7
7.127233154177859E-7
1.077862999374428E-6
1.4485994799962726E-6
1.8246944300006126E-6
2.2059096270904426E-6
2.592035802339673E-6
2.9829141977845757E-6
3.3784481871390385E-6
3.7786045285940725E-6
4.1834059024300455E-6
4.5929178159836564E-6
5.007233449684133E-6
5.42645959346636E-6
5.850705768933995E-6
6.280077365791589E-6
6.714672529538451E-6
7.154581861046744E-6
7.599889777288125E-6
8.05067653267243E-6
8.507020237164414E-6
8.968998566398194E-6
9.436690137823873E-6
9.910175693992492E-6
1.0389539308635158E-5
1.0874869852733728E-5
1.1366262961753209E-5
1.186382375121762E-5
1.2367670538524522E-5
1.2877939834044413E-5
1.3394792845432386E-5
1.391842367171137E-5
1.4449069221260705E-5
1.4987020644133439E-5
1.5532635704378518E-5
1.6086351028079313E-5
1.664869257082694E-5
1.7220282017386394E-5
1.7801836268768648E-5
1.839415685052445E-5
1.8998106190330214E-5
1.961456846577552E-5
2.0244394266526936E-5
2.088833067927473E-5
2.154694142712042E-5
2.222052497455938E-5
2.2909041404688042E-5
2.3612060588886688E-5
2.4328743910897565E-5
2.5057869025787323E-5
2.544451464592564E-5
2.583438857869615E-5
2.6225858424663743E-5
2.661746739712531E-5
2.7008058495993473E-5
2.7396864982374084E-5
2.7783554311907706E-5
2.8168220498129692E-5
2.8551328805947305E-5
2.893362468085418E-5
2.931602405652536E-5
2.9699503546115186E-5
3.00850064676674E-5
3.047337517863192E-5
3.0865313474492705E-5
3.126137663437293E-5
3.1661982431889035E-5
3.206743466045863E-5
3.247795123388577E-5
3.289369093903663E-5
3.33147754759615E-5
3.3741305718812924E-5
3.4173372718235445E-5
3.461106476024432E-5
3.505447196922954E-5
3.550368976147051E-5
3.59588221590192E-5
3.641998571004593E-5
3.6887314585308535E-5
3.7360967320739474E-5
3.784113561040826E-5
3.832805546988091E-5
3.8822020935818084E-5
3.93234001967707E-5
3.983265362372564E-5
4.0350352563241986E-5
4.087719697463098E-5
4.141402908311633E-5
4.1961839291856405E-5
4.2521759828716745E-5
4.309504125221981E-5
4.3683007307390677E-5
4.428698500495803E-5
4.490820940856316E-5
4.554770647394479E-5
4.62061621125846E-5
4.688379080114077E-5
4.7580221515006406E-5
4.829442127706957E-5
4.902467594272163E-5
4.976864312363107E-5
5.0523483274886266E-5
5.128606286415299E-5
5.2053210228594134E-5
5.282199303047185E-5
5.358997914722926E-5
5.435544271089239E-5
5.511748469720873E-5
5.5876051839987955E-5
5.663185570472699E-5
5.7386211317122704E-5
5.8140827626278066E-5
5.889758736682573E-5
5.96583507913694E-5
6.0424807819449343E-5
6.119838965407836E-5
6.198023768398533E-5
6.277121768226108E-5
6.357196255962698E-5
6.438292711410827E-5
6.520444188867139E-5
6.603675840315231E-5
6.688008288769703E-5
6.773459913628874E-5
6.860048293848761E-5
6.947791103376773E-5
7.036706721340657E-5
7.126814758456819E-5
7.218136644479065E-5
7.31069638297239E-5
7.404521558835351E-5
7.499644673265701E-5
7.596104870592966E-5
7.693950102066124E-5
7.79323973450664E-5
7.894047548942969E-5
7.99646498007472E-5
8.100604319671053E-5
8.206601450561359E-5
8.314617507640691E-5
8.424838706238447E-5
8.537473478297199E-5
8.652746066595545E-5
8.770885904004756E-5
8.892112495777546E-5
9.016616146481728E-5
9.144535698065668E-5
9.275935374121935E-5
9.410783689799392E-5
9.548937964996601E-5
9.690138038166136E-5
9.834012126189667E-5
9.980096359432983E-5
1.012786745901698E-4
1.02767856421584E-4
1.0426342633740094E-4
1.0576108181906429E-4
1.0725768185514745E-4
1.087514865745309E-4
1.1024222133490946E-4
1.1173096297467789E-4
1.1321987792946926E-4
1.1471186655836893E-4
1.162101795738211E-4
1.1771806893272337E-4
1.1923851920178087E-4
1.20774081858786E-4
1.2232681113587024E-4
1.2389828176756677E-4
1.25489659628129E-4
1.271017958038512E-4
1.2873532071337181E-4
1.3039072390396157E-4
1.3206841385845277E-4
1.3376875851331608E-4
1.354921106161408E-4
1.3723882302164712E-4
1.39009258504509E-4
1.408037975854803E-4
1.4262284684230756E-4
1.4446684947262044E-4
1.4633629950000954E-4
1.482317608450753E-4
1.5015389236010018E-4
1.5210347969180066E-4
1.54081474345705E-4
1.56089039445249E-4
1.5812760029937988E-4
1.6019889595713356E-4
1.6230502547754158E-4
1.6444847987499037E-4
1.6663214801960742E-4
1.6885928282244436E-4
1.7113341367058204E-4
1.7345819325441538E-4
1.7583717249651087E-4
1.782735066835647E-4
1.8076960879100955E-4
1.8332678097950376E-4
1.8594486975745235E-4
1.886220027656167E-4
1.9135446356094787E-4
1.941367543251325E-4
1.969618752362485E-4
1.9982181703662944E-4
2.027082250398022E-4
2.0561315625486172E-4
2.0852982553780792E-4
2.1145322957632001E-4
2.143805531267654E-4
2.173112986226459E-4
2.202471305037083E-4
2.231914775987394E-4
2.2614897795807226E-4
2.2912487096356815E-4
2.321244376086521E-4
2.3515256477909342E-4
2.3821347198942425E-4
2.4131060049517236E-4
2.444466347554775E-4
2.4762361038873E-4
2.5084306141003916E-4
2.541061688800166E-4
2.574138874201326E-4
2.607670400584763E-4
2.6416638220134434E-4
2.676126411445361E-4
2.7110653917536014E-4
2.7464880751354903E-4
2.7824019660156957E-4
2.818814865907388E-4
2.8557350071845776E-4
2.893171236589929E-4
2.9311332667205357E-4
2.969632012253336E-4
3.0086800249041524E-4
3.0482920348552135E-4
3.088485594598163E-4
3.12928180206947E-4
3.1707060525291406E-4
3.212788733134203E-4
3.2555657330923495E-4
3.299078601237542E-4
3.3433741510442434E-4
3.38850330304579E-4
3.4345189807886663E-4
3.4814729521503627E-4
3.529411640746616E-4
3.578371118945892E-4
3.628371715639564E-4
3.679414334599149E-4
3.731476296265454E-4
3.7845091397191417E-4
3.8384391422070015E-4
3.893171014339448E-4
3.948594761757607E-4
4.004595138944651E-4
4.0610625724554685E-4
4.1179040345584836E-4
4.17505222387232E-4
4.23247162152234E-4
4.290160520071457E-4
4.3481488592606173E-4
4.4064924739790266E-4
4.465264976709557E-4
4.52454881194911E-4
4.584426974696095E-4
4.6449765239119393E-4
4.706264473790032E-4
4.7683460759180785E-4
4.831265059589679E-4
4.895055159134032E-4
4.959742233103698E-4
5.025346415387964E-4
5.091883948546748E-4
5.159368556207875E-4
5.2278123641317E-4
5.29722646283012E-4
5.367621229023531E-4
5.439006511424581E-4
5.51139176059306E-4
5.5847861578591E-4
5.659198781117887E-4
5.734638836117664E-4
5.811115978095805E-4
5.888640746798242E-4
5.967225134691611E-4
6.04688330047646E-4
6.127632424988386E-4
6.209493681733524E-4
6.292493258002915E-4
6.376663314876749E-4
6.462042718566153E-4
6.548677318746065E-4
6.63661950409106E-4
6.725926748178188E-4
6.816658890152459E-4
6.908873992742328E-4
7.002622796682084E-4
7.097942041903797E-4
7.194952775100857E-4
7.293740654044826E-4
7.394350728798227E-4
7.496784810912675E-4
7.6010024707919E-4
7.706926304605006E-4
7.81445148172057E-4
7.923458815913072E-4
8.033829854178961E-4
8.14546193104625E-4
8.258280958490599E-4
8.37225000178532E-4
8.487372404860902E-4
8.603689227894249E-4
8.721271808742531E-4
8.840211100284269E-4
8.96060586671365E-4
9.082551762238936E-4
9.206132826276792E-4
9.331416185568387E-4
9.458449980596331E-4
9.587263929276772E-4
9.717871618455012E-4
9.850273582222289E-4
9.984460410238489E-4
0.0010120415414478225
0.0010258116662393466
0.0010397538390704557
0.0010538651925948346
0.0010681426270143042
0.001082582849333848
0.0010971824039518793
0.0011119377018477701
0.0011268450532707086
0.0011419007075646748
0.0011571009032394475
0.0011724419311624687
0.0011879202133680835
0.0012035323990686668
0.0012192754776479318
0.0012351469054047498
0.0012511447383849832
0.0012672677577952674
0.0012835155676096076
0.0012998886369513117
0.0013163882541743605
0.0013330163573901954
0.0013497752099564284
0.0013666669014860658
0.0013836926766590974
0.0014016240513677516
0.0014204158484369706
0.0014400209570805472
0.0014603896273421117
0.0014814690861187055
0.0015032036022777256
0.0015255350786697844
0.0015484041706205983
0.0015717518356052028
0.0015955211266661625
0.0016196589756708457
0.0016441176919423197
0.0016688559379255945
0.0016938390328459364
0.0017190385591798675
0.0017444313757801297
0.0017699982438390983
0.001795722323085645
0.001821587786244996
0.001847578737934377
0.001873678531852725
0.0018998694851595098
0.0019261329154933507
0.0019524493876828843
0.001978799054506481
0.0020051619992904495
0.0020315185234965854
0.0020578493567017064
0.0020841357913774852
0.0021103597582511776
0.0021365038616843125
0.002162551392278799
0.00218848632948802
0.002214293342808127
0.002239957797196794
0.002265465766770793
0.0022908040601490177
0.0023159602604936784
0.002340922782857549
0.0023656809504294047
0.0023902250892893027
0.002414546638001478
0.0024386382635671134
0.002462493968956686
0.002486109170071267
0.002509480712540872
0.0025326067929220338
0.0025554867469001178
0.0025781206716838046
0.002600508863343186
0.0026791059373322134
0.0027551388924421764
0.002828666885526618
0.0028997443050192704
0.002968420116566044
0.0030347375700123824
0.0030987343991612038
0.0031604435883744787
0.00321989469325903
0.003277115600172964
0.0033321345126629456
0.0033849818868162177
0.0034356920227026373
0.003484304065481368
0.003530862271544973
0.0035754155305700412
0.0036180162711469573
0.003658718982044901
0.003697578628486766
0.0037346492251538153
0.0037699827557610543
0.0038036285278116796
0.0038356329504327558
0.003866039647941056
0.0038948897849642073
0.003922222479814348
0.003948075210240307
0.003972484154285692
0.003995484445175443
0.004017110344852204
0.0040373953539899815
0.00405637227940323
0.004074073276924088
0.004090529882893994
0.004105773042878042
0.004119833143069102
0.004132740048110081
0.004144523148269537
0.0041552114185092566
0.004164833491494463
0.00417341774561428
0.00418099240725896
0.004187585663665997
0.004193225778444919
0.004197941196491278
0.004201760618837678
0.004204713021985131
0.004206827591893533
0.004208133542059479
0.004208659790174989
0.008337262083911109
0.008223371920878709
0.008111094341434715
0.008000407239310479
0.00789128577746459
0.007783702021382643
0.007677624893744147
0.0075730205300330285
0.007469853061430039
0.007368085780120727
0.007267682565833248
0.007168609388306801
0.0070708356661056335
0.006974335270369914
0.006879087015634945
0.0067850745695783
0.006692285819588811
0.0066007118309453
0.006510345595617322
0.006421180787906333
0.0063332107125078875
0.006246427564528654
0.006160822040477058
0.006076383266394799
0.0059930989604507195
0.005910955728943501
0.005829939403294804
0.005750035351214506
0.00567122872598042
0.005593504644299823
0.005516848300649749
0.0054412450338917565
0.005366680362727531
0.005293140003508875
0.00522060987980917
0.005149076129637799
0.005078525113804701
0.005008943427621242
0.004940317917486757
0.0048726357035676175
0.004805884209413287
0.004740051198734663
0.004675124818516531
0.004611093646023696
0.004547946735044586
0.004485673653982589
0.0044242645054350495
0.004363709914220874
0.00430400096922354
0.004245129104904498
0.3061489039915305
