1.1895769338954286E-8
2.390872202494507E-8
3.6045639688041585E-8
4.8312113965007275E-8
6.071233050034345E-8
7.324888833280811E-8
8.592266457341896E-8
9.873273255119507E-8
1.1167633928523771E-7
1.2474894535751766E-7
1.3794432717356137E-7
1.5125473840287104E-7
1.6467112429870853E-7
1.7818337981877431E-7
1.9178064019743055E-7
2.054515910150703E-7
2.1918478398134762E-7
2.329689446485288E-7
2.4679325908884266E-7
2.606476281336218E-7
2.745228799555936E-7
2.8841093440930413E-7
3.0230491543076495E-7
3.1619921072829426E-7
3.3008948077168125E-7
3.439726215296545E-7
3.5784668737647416E-7
3.717107819939035E-7
3.855649258917913E-7
3.9940990936601844E-7
4.132471393581505E-7
4.270784878645526E-7
4.4090614837641953E-7
4.547325054412225E-7
4.6856002094624144E-7
4.823911392518059E-7
4.962282119431008E-7
5.100734417985807E-7
5.239288446376854E-7
5.377962270321214E-7
5.516771774416218E-7
5.655730681459508E-7
5.794850653553502E-7
5.93414145048719E-7
6.073611123669978E-7
6.213266227340364E-7
6.353112032495436E-7
6.493152732661235E-7
6.633391634010153E-7
6.773831325269617E-7
6.914473825274072E-7
7.05532070786872E-7
7.196373205205557E-7
7.337632291340702E-7
7.479098748523929E-7
7.620773218752571E-7
7.76265624312354E-7
7.904748291332881E-7
8.047049783403463E-7
8.189561105414442E-7
8.332282620696968E-7
8.475214677670602E-7
8.618357615238497E-7
8.76171176644131E-7
8.905277460892132E-7
9.049055026372846E-7
9.193044789864458E-7
9.33724707820152E-7
9.481662218481509E-7
9.626290538317217E-7
9.771132365990226E-7
9.916188030543298E-7
1.0061457861835358E-6
1.0206942190574412E-6
1.0352641348337368E-6
1.0498555667582246E-6
1.0644685481656222E-6
1.0791031124801176E-6
1.0937592932158118E-6
1.1084371239770766E-6
1.1231366384588829E-6
1.137857870447104E-6
1.1526008538188308E-6
1.167365622542651E-6
1.182152210678956E-6
1.196960652380224E-6
1.2117909818913253E-6
1.226643233549811E-6
1.2415174417862053E-6
1.2564136411243114E-6
1.2713318661815011E-6
1.2862721516690141E-6
1.3012345323922587E-6
1.3162190432511092E-6
1.3312257192402072E-6
1.3462545954492617E-6
1.3613057070633551E-6
1.3763790893632398E-6
1.3914747777256438E-6
1.4065928076235815E-6
1.4217332146266482E-6
1.4368960344013352E-6
1.4520813027113283E-6
1.4672890554178273E-6
1.4825193284798438E-6
1.4977721579545123E-6
1.513047579997409E-6
1.528345630862848E-6
1.5436663469042126E-6
1.5590097645742497E-6
1.5743759204253944E-6
1.5897648511100811E-6
1.6051765933810566E-6
1.6206111840917069E-6
1.6360686601963578E-6
1.651549058750607E-6
1.6670524169116373E-6
1.6825787719385336E-6
1.698128161192616E-6
1.7137006221377402E-6
1.7292961923406378E-6
1.7449149094712353E-6
1.7605568113029727E-6
1.7762219357131385E-6
1.7919103206831843E-6
1.8076220042990611E-6
1.8233570247515414E-6
1.8391154203365496E-6
1.8548972294554943E-6
1.870702490615593E-6
1.8865312424302115E-6
1.9023835236191896E-6
1.918259373009172E-6
1.9341588295339544E-6
1.950081932234809E-6
1.966028720260822E-6
1.9819992328692295E-6
1.997993509425762E-6
2.014011589404975E-6
2.0300535123905946E-6
2.046119318075852E-6
2.0622090462638375E-6
2.0783227368678267E-6
2.094460429911635E-6
2.110622165529968E-6
2.1268079839687426E-6
2.1430179255854617E-6
2.1592520308495402E-6
2.175510340342673E-6
2.191792894759168E-6
2.2080997349063004E-6
2.2244309017046696E-6
2.2407864361885497E-6
2.2571663795062317E-6
2.273570772920396E-6
2.2899996578084595E-6
2.306453075662924E-6
2.322931068091742E-6
2.3394336768186715E-6
2.35596094368365E-6
2.3725129106431197E-6
2.3890896197704335E-6
2.4056911132561753E-6
2.422317433408558E-6
2.4389686226537563E-6
2.4556447235362997E-6
2.4723457787194184E-6
2.48907183098543E-6
2.5058229232360813E-6
2.52259909849295E-6
2.5394003998977855E-6
2.5562268707128956E-6
2.573078554321515E-6
2.589955494228184E-6
2.606857734059116E-6
2.6237853175625745E-6
2.6407382886092525E-6
2.6577166911926505E-6
2.6747205694294486E-6
2.691749967559887E-6
2.7088049299481613E-6
2.725885501082792E-6
2.7429917255770016E-6
2.760123648169103E-6
2.7772813137228972E-6
2.794464767228043E-6
2.811674053800451E-6
2.8289092186826703E-6
2.8461703072442813E-6
2.863457364982282E-6
2.8807704375214778E-6
2.898109570614874E-6
2.9154748101440784E-6
2.9328662021196827E-6
2.950283792681675E-6
2.9677276280998116E-6
2.9851977547740436E-6
3.0026942192348936E-6
3.0202170681438634E-6
3.0377663482938347E-6
3.055342106609478E-6
3.0729443901476456E-6
3.0905732460977805E-6
3.1082287217823193E-6
3.1259108646571066E-6
3.1436197223117924E-6
3.1613553424702468E-6
3.179117772990969E-6
3.1969070618674997E-6
3.21472325722883E-6
3.2325664073398122E-6
3.2504365606015856E-6
3.26833376555198E-6
3.286258070865938E-6
3.304209525355931E-6
3.322188177972386E-6
3.340194077804095E-6
3.3582272740786507E-6
3.376287816162862E-6
3.394375753563189E-6
3.412491135926185E-6
3.4306340130389223E-6
3.448804434829473E-6
3.4670024513673583E-6
3.4852281128640617E-6
3.5034814696735814E-6
3.521762572293033E-6
3.5400714713633625E-6
3.558408217670248E-6
3.5767728621452126E-6
3.59516545586712E-6
3.613586050064287E-6
3.6320346961173846E-6
3.650511445563733E-6
3.6690163501034703E-6
3.6875494616086775E-6
3.706110832136758E-6
3.7247005139501386E-6
3.743318559545189E-6
3.7619650216945134E-6
3.7806399535085898E-6
3.7993434085251627E-6
3.818075440838214E-6
3.8368361052830634E-6
3.855625457700484E-6
3.874443555311444E-6
3.893290457245591E-6
3.912166225282043E-6
3.931070924881359E-6
3.950004626614065E-6
3.968967408125408E-6
3.987959356820037E-6
4.006980573505975E-6
4.0260311773072654E-6
4.045111312241416E-6
4.06422115596397E-6
4.083360931311061E-6
4.102530921423955E-6
4.121731489419088E-6
4.140963103774293E-6
4.160226370835623E-6
4.179522076107272E-6
4.198851236263909E-6
4.218215164111062E-6
4.237615549001956E-6
4.257054555479287E-6
4.276534943123524E-6
4.296060210723949E-6
4.315634767907475E-6
4.335264137218658E-6
4.354955189293366E-6
4.374716413154778E-6
4.3945582227300455E-6
4.4144932993885825E-6
4.434536968594601E-6
4.4547076066194705E-6
4.475027070664477E-6
4.495521142721603E-6
4.516219974105732E-6
4.53715851392214E-6
4.55837690093637E-6
4.579920794584534E-6
4.601841617448574E-6
4.624196678715381E-6
4.647049146268874E-6
4.670467834478078E-6
4.694526775787954E-6
4.719304547210312E-6
4.74488332800631E-6
4.7713476724132645E-6
4.798782991230297E-6
4.8272737483176285E-6
4.856901392274264E-6
4.887742059236441E-6
4.919864099184234E-6
4.953325494475709E-6
4.988171254524651E-6
5.024430883482335E-6
5.062116027343178E-6
5.101218411997641E-6
5.129812414151435E-6
5.159624033419363E-6
5.1905706162638525E-6
5.22254753332443E-6
5.255429236593313E-6
5.289071021796941E-6
5.323311472299984E-6
5.357975528037556E-6
5.392878091138842E-6
5.427828051048582E-6
5.462632588017085E-6
5.497101596521951E-6
5.531052060833577E-6
5.564312214376681E-6
5.596725323022406E-6
5.6281529496051035E-6
5.658477581820032E-6
5.687604536707427E-6
5.715463090216735E-6
5.742006817641966E-6
5.767213167686189E-6
5.791082327281486E-6
5.813635464040352E-6
5.834912456715877E-6
5.854969240180657E-6
5.873874899644358E-6
5.891708649148305E-6
5.9085568223776995E-6
5.92450999055933E-6
5.939660304054347E-6
5.954099132815983E-6
5.967915057833446E-6
5.981192242634189E-6
5.994009192291172E-6
6.006437888331153E-6
6.018543272288981E-6
6.030383038874654E-6
6.042007691950655E-6
6.0534608125928725E-6
6.0647794880236145E-6
6.075994852583936E-6
6.087132696479208E-6
6.0982141040848175E-6
6.109256090466226E-6
6.1202722118538894E-6
6.131273132634468E-6
6.142267137609543E-6
6.153260583595722E-6
6.16425828877087E-6
6.175263861487189E-6
6.1862799726246675E-6
6.197308577054885E-6
6.20835109056328E-6
6.219408528788906E-6
6.230481614533585E-6
6.241570859302209E-6
6.25267662427884E-6
6.263799165211307E-6
6.2749386649394835E-6
6.286095256607139E-6
6.297269039973048E-6
6.308460092698838E-6
6.319668478042209E-6
6.330894250020903E-6
6.342137456826392E-6
6.353398143046412E-6
6.364676351089892E-6
6.375972122086618E-6
6.387285496446659E-6
6.3986165142027395E-6
6.409965215216712E-6
6.421331639302103E-6
6.432715826295754E-6
6.444117816099125E-6
6.455537648701746E-6
6.4669753641944416E-6
6.4784310027766345E-6
6.489904604760496E-6
6.501396210573208E-6
6.512905860758349E-6
6.524433595976773E-6
6.535979457007116E-6
6.547543484746312E-6
6.5591257202099665E-6
6.57072620453269E-6
6.582344978968439E-6
6.5939820848908446E-6
6.605637563793545E-6
6.61731145729052E-6
6.629003807116406E-6
6.640714655126808E-6
6.652444043298667E-6
6.6641920137305534E-6
6.675958608643034E-6
6.687743870378948E-6
6.699547841403797E-6
6.711370564306049E-6
6.72321208179749E-6
6.735072436713535E-6
6.746951672013584E-6
6.758849830781361E-6
6.770766956225255E-6
6.782703091678637E-6
6.7946582806002285E-6
6.806632566574448E-6
6.818625993311717E-6
6.830638604648844E-6
6.842670444549369E-6
6.85472155710387E-6
6.866791986530376E-6
6.878881777174664E-6
6.8909909735106244E-6
6.90311962014062E-6
6.9152677617958475E-6
6.9274354433366624E-6
6.939622709752981E-6
6.951829606164596E-6
6.964056177821541E-6
6.976302470104466E-6
6.988568528525007E-6
7.00085439872611E-6
7.013160126482421E-6
7.02548575770065E-6
7.037831338419923E-6
7.050196914812171E-6
7.0625825331824805E-6
7.074988239969469E-6
7.0874140817456455E-6
7.099860105217798E-6
7.112326357227352E-6
7.124812884750764E-6
7.1373197348998955E-6
7.149846954922335E-6
7.162394592201865E-6
7.174962694258773E-6
7.187551308750256E-6
7.2001604834708334E-6
7.2127902663526485E-6
7.225440705465938E-6
7.2381118490193686E-6
7.250803745360435E-6
7.2635164429758515E-6
7.276249990491945E-6
7.289004436675019E-6
7.301779830431797E-6
7.3145762208097634E-6
7.3273936569975755E-6
7.340232188325465E-6
7.3530918642656245E-6
7.365972734432623E-6
7.378874848583784E-6
7.391798256619586E-6
7.404743008584093E-6
7.417709154665312E-6
7.430696745195629E-6
7.443705830652208E-6
7.45673646165739E-6
7.469788688979092E-6
7.482862563531248E-6
7.4959581363741705E-6
7.509075458715022E-6
7.5222145819081565E-6
7.5353755574555945E-6
7.548558437007396E-6
7.561763272362099E-6
7.574990115467121E-6
7.588239018419179E-6
7.601510033464725E-6
7.614803213000337E-6
7.6281186095731736E-6
7.641456275881356E-6
7.654816264774427E-6
7.668198629253765E-6
7.68160342247299E-6
7.695030697738414E-6
7.708480508509446E-6
7.72195290839905E-6
7.73544795117415E-6
7.748965690756067E-6
7.76250618122095E-6
7.7760694768002E-6
7.789655631880937E-6
7.8032647010064E-6
7.816896738876391E-6
7.830551800347712E-6
7.844229940434597E-6
7.857931214309171E-6
7.871655677301863E-6
7.885403384901879E-6
7.899174392757596E-6
7.91296875667706E-6
7.926786532628375E-6
7.940627776740175E-6
7.95449254530208E-6
7.96838089476511E-6
7.982292881742185E-6
7.996228563008478E-6
8.010187995501966E-6
8.024171236323823E-6
8.038178342738877E-6
8.052209372176076E-6
8.066264382228897E-6
8.08034343065588E-6
8.094446575380993E-6
8.108573874494135E-6
8.122725386251563E-6
8.1369011690764E-6
8.151101281559017E-6
8.16532578245753E-6
8.179574730698286E-6
8.193848185376265E-6
8.208146205755558E-6
8.222468851269844E-6
8.236816181522824E-6
8.251188256288697E-6
8.265585135512647E-6
8.280006879311232E-6
8.294453547972957E-6
8.308925201958622E-6
8.323421901901874E-6
8.337943708609665E-6
8.35249068306273E-6
8.367062886416087E-6
8.381660379999514E-6
8.39628322531817E-6
8.41093148405313E-6
8.425605218062057E-6
8.440304489379993E-6
8.455029360220292E-6
8.469779892975893E-6
8.484556150220935E-6
8.499358194713034E-6
8.514186089396563E-6
8.529039897407397E-6
8.54391968207982E-6
8.558825506956736E-6
8.573757435804858E-6
8.588715532637071E-6
8.603699861745443E-6
8.618710487749804E-6
8.633747475668948E-6
8.6488108910243E-6
8.66390079999057E-6
8.679017269612861E-6
8.694160368118516E-6
8.709330165361892E-6
8.724526733455516E-6
8.739750147659952E-6
8.755000487631206E-6
8.770277839158307E-6
8.785582296568366E-6
8.800913966034764E-6
8.816272970097521E-6
8.831659453799618E-6
8.84707359296083E-6
8.862515605257567E-6
8.87798576495664E-6
8.893484422369186E-6
8.909012029350086E-6
8.924569172474075E-6
8.940156615871702E-6
8.955775356107721E-6
8.971426691925786E-6
8.987112312158223E-6
9.00283440559379E-6
9.018595797086284E-6
9.03440011464249E-6
9.05025199260679E-6
9.066157316310517E-6
9.082123513611525E-6
9.098159898538888E-6
9.114278071694524E-6
9.130492381055835E-6
9.146820445278275E-6
9.163283739423225E-6
9.179908240159318E-6
9.196725123848551E-6
9.213771506512928E-6
9.231091209509275E-6
9.248735528907944E-6
9.266763980232816E-6
9.285244983620075E-6
9.304256447918083E-6
9.323886206202472E-6
9.344232250115582E-6
9.365402706925401E-6
9.387515501838851E-6
9.410697649506497E-6
9.435084123386244E-6
9.460816260160322E-6
9.488039669038853E-6
9.516901632632326E-6
9.547548006965095E-6
9.580119652646601E-6
9.614748456390254E-6
9.651553030796699E-6
9.690634209103996E-6
9.732070478688821E-6
9.77591352054164E-6
9.822184039737036E-6
9.870868082169832E-6
9.921914033863929E-6
9.975230489735905E-6
1.0030685158122084E-5
1.0088104935661413E-5
1.0147277245046861E-5
1.0207952677297067E-5
1.0269848922905548E-5
1.0332655915505262E-5
1.03960420510367E-5
1.0459661288582855E-5
1.0523160889772912E-5
1.058618951539863E-5
1.064840537348108E-5
1.0709484104484683E-5
1.0769126097679978E-5
1.0827062957639773E-5
1.0883062880187653E-5
1.093693475038069E-5
1.0988530837969285E-5
1.1037748034239009E-5
1.1084527643857954E-5
1.1128853811970397E-5
1.1170750726267765E-5
1.1210278782732172E-5
1.1247529939667765E-5
1.1282622506020665E-5
1.13156956164562E-5
1.1346903637889018E-5
1.1376410731777248E-5
1.1404385765872184E-5
1.1430997731145531E-5
1.1456411777419712E-5
1.1480785937897601E-5
1.150426857115691E-5
1.1526996511614448E-5
1.1549093887764282E-5
1.157067154278819E-5
1.1591826974910217E-5
1.1612644705008388E-5
1.163319697589416E-5
1.1653544690341796E-5
1.1673738502178657E-5
1.1693819985218892E-5
1.1713822817243755E-5
1.1733773929427392E-5
1.1753694584590205E-5
1.177360135966873E-5
1.1793507018298433E-5
1.1813421268110372E-5
1.1833351404145632E-5
1.1853302844744914E-5
1.187327956954954E-5
1.1893284471096833E-5
1.1913319632188367E-5
1.1933386541036625E-5
1.1953486255418404E-5
1.1973619525911395E-5
1.1993786886950661E-5
1.20139887230577E-5
1.2034225316266213E-5
1.2054496879561273E-5
1.207480358009629E-5
1.2095145555066894E-5
1.211552292239896E-5
1.2135935787835328E-5
1.2156384249563183E-5
1.2176868401189323E-5
1.219738833362397E-5
1.2217944136255191E-5
1.223853589766972E-5
1.2259163706088782E-5
1.2279827649627356E-5
1.2300527816446282E-5
1.2321264294840036E-5
1.2342037173286835E-5
1.2362846540476855E-5
1.2383692485328013E-5
1.2404575096994793E-5
1.2425494464873318E-5
1.2446450678604315E-5
1.2467443828075028E-5
1.2488474003420439E-5
1.2509541295024411E-5
1.2530645793520528E-5
1.2551787589792926E-5
1.2572966774977084E-5
1.2594183440460625E-5
1.261543767788403E-5
1.2636729579141464E-5
1.2658059236381598E-5
1.267942674200826E-5
1.2700832188681373E-5
1.2722275669317652E-5
1.2743757277091412E-5
1.2765277105435383E-5
1.2786835248041505E-5
1.2808431798861744E-5
1.2830066852108907E-5
1.2851740502257417E-5
1.2873452844044192E-5
1.2895203972469399E-5
1.2916993982797361E-5
1.2938822970557287E-5
1.2960691031544181E-5
1.298259826181968E-5
1.3004544757712794E-5
1.30265306158209E-5
1.3048555933010463E-5
1.3070620806417942E-5
1.3092725333450662E-5
1.3114869611787558E-5
1.3137053739380164E-5
1.3159277814453448E-5
1.318154193550659E-5
1.3203846201313948E-5
1.3226190710925854E-5
1.3248575563669554E-5
1.3271000859150025E-5
1.329346669725086E-5
1.3315973178135188E-5
1.3338520402246493E-5
1.3361108470309542E-5
1.3383737483331269E-5
1.3406407542601634E-5
1.3429118749694534E-5
1.345187120646869E-5
1.347466501506853E-5
1.3497500277925128E-5
1.3520377097757001E-5
1.3543295577571122E-5
1.3566255820663786E-5
1.3589257930621404E-5
1.3612302011321555E-5
1.3635388166933853E-5
1.365851650192076E-5
1.36816871210386E-5
1.3704900129338395E-5
1.3728155632166844E-5
1.3751453735167156E-5
1.3774794544279978E-5
1.3798178165744321E-5
1.3821604706098463E-5
1.3845074272180893E-5
1.3868586971131151E-5
1.3892142910390787E-5
1.391574219770426E-5
1.3939384941119866E-5
1.3963071248990616E-5
1.3986801229975185E-5
1.4010574993038776E-5
1.4034392647454074E-5
1.405825430280213E-5
1.4082160068973328E-5
1.410611005616817E-5
1.4130104374898305E-5
1.4154143135987406E-5
1.4178226450572033E-5
1.4202354430102616E-5
1.4226527186344267E-5
1.4250744831377743E-5
1.4275007477600371E-5
1.4299315237726893E-5
1.4323668224790407E-5
1.4348066552143224E-5
1.4372510333457824E-5
1.4396999682727719E-5
1.4421534714268331E-5
1.4446115542717902E-5
1.4470742283038406E-5
1.449541505051639E-5
1.4520133960763907E-5
1.4544899129719402E-5
1.4569710673648538E-5
1.4594568709145123E-5
1.461947335313199E-5
1.464442472286184E-5
1.4669422935918129E-5
1.469446811021598E-5
1.4719560364002967E-5
1.474469981586005E-5
1.476988658470239E-5
1.4795120789780267E-5
1.4820402550679873E-5
1.4845731987324172E-5
1.487110921997377E-5
1.4896534369227794E-5
1.4922007556024608E-5
1.4947528901642844E-5
1.4973098527702045E-5
1.499871655616364E-5
1.5024383109331679E-5
1.5050098309853683E-5
1.5075862280721476E-5
1.5101675145272003E-5
1.5127537027188108E-5
1.5153448050499424E-5
1.5179408339583035E-5
1.5205418019164408E-5
1.5231477214318111E-5
1.525758605046863E-5
1.528374465339115E-5
1.5309953149212303E-5
1.5336211664411018E-5
1.5362520325819238E-5
1.5388879260622626E-5
1.541528859636145E-5
1.544174846093127E-5
1.5468258982583685E-5
1.549482028992706E-5
1.5521432511927324E-5
1.554809577790871E-5
1.5574810217554344E-5
1.5601575960907096E-5
1.562839313837035E-5
1.5655261880708513E-5
1.568218231904788E-5
1.5709154584877344E-5
1.5736178810048965E-5
1.5763255126778785E-5
1.579038366764747E-5
1.5817564565600952E-5
1.584479795395122E-5
1.5872083966376942E-5
1.5899422736924203E-5
1.5926814400007277E-5
1.5954259090409405E-5
1.598175694328368E-5
1.600930809415407E-5
1.603691267891674E-5
1.606457083384157E-5
1.609228269557434E-5
1.612004840113977E-5
1.6147868087945704E-5
1.6175741893789424E-5
1.620366995686679E-5
1.623165241578583E-5
1.625968940958714E-5
1.628778107777387E-5
1.6315927560356372E-5
1.634412899791825E-5
1.637238553171345E-5
1.640069730380843E-5
1.6429064457289486E-5
1.645748713656322E-5
1.6485965487789495E-5
1.6514499659502092E-5
1.654308980349297E-5
1.6571736076064285E-5
1.6600438639791163E-5
1.662919766598742E-5
1.6658013338133012E-5
1.6686885856608435E-5
1.6715815445191333E-5
1.6744802359912856E-5
1.677384690104956E-5
1.6802949429250255E-5
1.683211038707241E-5
1.6861330327538858E-5
1.6890609951729105E-5
1.6919950157896798E-5
1.6949352105163033E-5
1.6978817295469406E-5
1.7008347678187917E-5
1.7037945782559277E-5
1.7067614883951458E-5
1.7097359210760687E-5
1.7127184199574065E-5
1.715709680691293E-5
1.7187105886396764E-5
1.721722264041265E-5
1.724746115521989E-5
1.727783902773145E-5
1.730837809083959E-5
1.7339105241934753E-5
1.7370053376050024E-5
1.740126242070649E-5
1.7432780463930837E-5
1.7464664960002135E-5
1.7496983989279346E-5
1.7529817539064567E-5
1.7563258762095475E-5
1.759741515828711E-5
1.763240961426087E-5
1.766838122465914E-5
1.7705485810046116E-5
1.774389603925547E-5
1.7783801060369515E-5
1.7825405545133218E-5
1.786892805751151E-5
1.7914598669146942E-5
1.7962655763301172E-5
1.8013341994767346E-5
1.8066899406097897E-5
1.8123563739666953E-5
1.8183558029374793E-5
1.8247085603412423E-5
1.8314322678078564E-5
1.8385410769335942E-5
1.8460449190408708E-5
1.853948793689667E-5
1.8622521282313944E-5
1.8709482413688816E-5
1.880023942653692E-5
1.8894592969670028E-5
1.8992275782571527E-5
1.9092954302374824E-5
1.919623243609487E-5
1.9301657500289793E-5
1.9408728229542618E-5
1.951690465275803E-5
1.9625619538512126E-5
1.9734291023944392E-5
1.9842335971923135E-5
1.9949183553577636E-5
2.0054288531578165E-5
2.015714372590819E-5
2.0257291178550136E-5
2.0354331594765266E-5
2.0447931722863022E-5
2.053782943626803E-5
2.062383639480219E-5
2.070583827917746E-5
2.0783792706346603E-5
2.085772503660988E-5
2.092772237019725E-5
2.0993926096804926E-5
2.1056523403323646E-5
2.111573816166283E-5
2.1171821610891055E-5
2.12250432182742E-5
2.1275682055954137E-5
2.1324018968673272E-5
2.1370329738330147E-5
2.1414879378506068E-5
2.1457917621328276E-5
2.149967559432083E-5
2.154036362947138E-5
2.1580170102764333E-5
2.1619261170934703E-5
2.165778125319479E-5
2.169585409830009E-5
2.173358428000789E-5
2.1771058974753387E-5
2.180834989202347E-5
2.1845515248252347E-5
2.1882601697066745E-5
2.191964615064235E-5
2.1956677447441624E-5
2.1993717839724116E-5
2.2030784289383493E-5
2.206788957264097E-5
2.2105043202965398E-5
2.2142252187551904E-5
2.2179521636174033E-5
2.2216855242687764E-5
2.225425565939251E-5
2.2291724783294197E-5
2.2329263971467083E-5
2.2366874200498784E-5
2.240455618268484E-5
2.2442310449387524E-5
2.2480137409916356E-5
2.251803739247915E-5
2.2556010672227837E-5
2.259405749017282E-5
2.263217806574411E-5
2.26703726050062E-5
2.2708641305948114E-5
2.2746984361838296E-5
2.2785401963319627E-5
2.2823894299697462E-5
2.2862461559720137E-5
2.290110393204444E-5
2.29398216055098E-5
2.2978614769297063E-5
2.3017483613020073E-5
2.3056428326777916E-5
2.3095449101184733E-5
2.31345461273872E-5
2.3173719597074975E-5
2.3212969702487467E-5
2.32522966364188E-5
2.3291700592221207E-5
2.3331181763808676E-5
2.337074034565964E-5
2.3410376532819817E-5
2.345009052090491E-5
2.3489882506103352E-5
2.352975268517885E-5
2.356970125547306E-5
2.3609728414908225E-5
2.364983436198965E-5
2.369001929580835E-5
2.3730283416043565E-5
2.3770626922965277E-5
2.381105001743677E-5
2.385155290091701E-5
2.389213577546322E-5
2.3932798843733246E-5
2.397354230898795E-5
2.4014366375093794E-5
2.405527124652496E-5
2.4096257128365967E-5
2.4137324226313677E-5
2.4178472746679905E-5
2.421970289639357E-5
2.426101488300291E-5
2.430240891467775E-5
2.4343885200211756E-5
2.438544394902454E-5
2.442708537116385E-5
2.4468809677307592E-5
2.4510617078766094E-5
2.455250778748402E-5
2.4594482016042476E-5
2.463653997766105E-5
2.4678681886199706E-5
2.4720907956160754E-5
2.476321840269077E-5
2.4805613441582518E-5
2.4848093289276772E-5
2.4890658162864213E-5
2.4933308280086988E-5
2.497604385934077E-5
2.5018865119676353E-5
2.5061772280801266E-5
2.510476556308157E-5
2.5147845187543347E-5
2.5191011375874502E-5
2.5234264350426094E-5
2.527760433421403E-5
2.5321031550920426E-5
2.536454622489516E-5
2.5408148581157284E-5
2.5451838845396357E-5
2.5495617243973875E-5
2.553948400392446E-5
2.5583439352957294E-5
2.562748351945723E-5
2.5671616732486107E-5
2.5715839221783826E-5
2.576015121776956E-5
2.5804552951542744E-5
2.5849044654884255E-5
2.589362656025743E-5
2.5938298900808884E-5
2.5983061910369628E-5
2.6027915823455924E-5
2.607286087527014E-5
2.6117897301701567E-5
2.6163025339327235E-5
2.6208245225412683E-5
2.625355719791262E-5
2.629896149547165E-5
2.6344458357424864E-5
2.6390048023798493E-5
2.6435730735310376E-5
2.648150673337057E-5
2.6527376260081772E-5
2.657333955823979E-5
2.6619396871333882E-5
2.666554844354716E-5
2.6711794519756944E-5
2.6758135345534958E-5
2.680457116714756E-5
2.685110223155609E-5
2.6897728786416798E-5
2.6944451080081184E-5
2.6991269361595884E-5
2.7038183880702793E-5
2.7085194887839068E-5
2.7132302634137033E-5
2.7179507371424197E-5
2.7226809352222923E-5
2.727420882975049E-5
2.7321706057918716E-5
2.736930129133371E-5
2.7416994785295723E-5
2.746478679579863E-5
2.751267757952968E-5
2.756066739386901E-5
2.760875649688924E-5
2.7656945147354926E-5
2.7705233604722023E-5
2.77536221291374E-5
2.780211098143794E-5
2.7850700423150292E-5
2.7899390716489763E-5
2.7948182124359838E-5
2.7997074910351352E-5
2.8046069338741443E-5
2.809516567449295E-5
2.814436418325339E-5
2.819366513135401E-5
2.8243068785808762E-5
2.829257541431333E-5
2.8342185285244007E-5
2.8391898667656586E-5
2.8441715831285233E-5
2.8491637046541233E-5
2.854166258451175E-5
2.8591792716958656E-5
2.8642027716317093E-5
2.8692367855694082E-5
2.87428134088673E-5
2.8793364650283425E-5
2.8844021855056814E-5
2.8894785298967857E-5
2.8945655258461516E-5
2.8996632010645605E-5
2.9047715833289303E-5
2.9098907004821307E-5
2.915020580432821E-5
2.9201612511552736E-5
2.925312740689187E-5
2.930475077139502E-5
2.9356482886762204E-5
2.9408324035342107E-5
2.9460274500130108E-5
2.951233456476623E-5
2.9564504513533262E-5
2.9616784631354442E-5
2.9669175203791657E-5
2.972167651704312E-5
2.9774288857941398E-5
2.9827012513951214E-5
2.9879847773167327E-5
2.993279492431274E-5
2.998585425673657E-5
3.0039026060412754E-5
3.0092310625938643E-5
3.0145708244534658E-5
3.0199219208044796E-5
3.025284380893882E-5
3.030658234031691E-5
3.0360435095918317E-5
3.0414402370135465E-5
3.0468484458037163E-5
3.052268165540438E-5
3.057699425878544E-5
3.063142256557927E-5
3.0685966874160496E-5
3.0740627484064275E-5
3.079540469625877E-5
3.085029881354296E-5
3.090531014112327E-5
3.096043898744475E-5
3.101568566538096E-5
3.107105049392599E-5
3.1126533800586103E-5
3.1182135924737964E-5
3.123785722231443E-5
3.129369807229942E-5
3.134965888567198E-5
3.140574011764102E-5
3.1461942284267536E-5
3.151826598489403E-5
3.1574711932197514E-5
3.163128099217166E-5
3.168797423693192E-5
3.174479301394079E-5
3.180173903607129E-5
3.185881449787443E-5
3.1916022224481184E-5
3.197336586074299E-5
3.203085010946733E-5
3.2088481028890814E-5
3.214626640079223E-5
3.220421618178569E-5
3.2262343051238326E-5
3.2320663069777716E-5
3.237919646231278E-5
3.243796853868704E-5
3.249701076327923E-5
3.2556361981824965E-5
3.261606980920428E-5
3.267619217570313E-5
3.27367990211179E-5
3.279797411592399E-5
3.285981697655245E-5
3.2922444827740466E-5
3.2985994549236095E-5
3.30506245273402E-5
3.311651631458294E-5
3.318387598421217E-5
3.325293505130214E-5
3.3323950820561336E-5
3.3397206013858105E-5
3.34730075297005E-5
3.35516841939645E-5
3.363358337746018E-5
3.3719066382536926E-5
3.380850253845704E-5
3.3902261993681736E-5
3.4000707251714137E-5
3.4104183564065624E-5
3.4213008366670007E-5
3.4327460021186974E-5
3.4447766195844656E-5
3.457409228694543E-5
3.470653033651675E-5
3.484508893893542E-5
3.4989684644753156E-5
3.514013535958565E-5
3.5296156197190966E-5
3.545735817784879E-5
3.562325006686784E-5
3.579324352661841E-5
3.596666161411364E-5
3.6142750501936395E-5
3.6320694141845834E-5
3.64996314372882E-5
3.667867535317793E-5
3.685693327815869E-5
3.703352787434782E-5
3.720761760862264E-5
3.737841616164354E-5
3.754520995692382E-5
3.7707373140187656E-5
3.786437946385555E-5
3.801581068499963E-5
3.816136125770048E-5
3.8300839281337614E-5
3.843416384347091E-5
3.856135905864059E-5
3.868254524301363E-5
3.879792777176385E-5
3.890778423642554E-5
3.901245055106172E-5
3.911230664967893E-5
3.9207762376255874E-5
3.9299244098573424E-5
3.938718248486125E-5
3.9472001776115236E-5
3.9554110774970686E-5
3.9633895661940046E-5
3.97117146483023E-5
3.978789438719499E-5
3.98627279940716E-5
3.993647447648222E-5
4.000935934132826E-5
4.0081576134139567E-5
4.0153288667241166E-5
4.0224633708912636E-5
4.029572393040314E-5
4.03666509385383E-5
4.043748825545516E-5
4.050829414098734E-5
4.057911418521999E-5
4.0649983627187076E-5
4.072092937963796E-5
4.079197175884218E-5
4.086312593257454E-5
4.0934403109088534E-5
4.100581149564495E-5
4.1077357057724573E-5
4.1149044110158263E-5
4.122087576976621E-5
4.12928542963289E-5
4.136498134534033E-5
4.143725815241614E-5
4.150968566573943E-5
4.158226463971356E-5
4.165499570016512E-5
4.1727879389043344E-5
4.1800916194593784E-5
4.1874106571415185E-5
4.194745095358718E-5
4.202094976313115E-5
4.20946034153785E-5
4.216841232232496E-5
4.224237689469328E-5
4.231649754318214E-5
4.239077467921003E-5
4.246520871535182E-5
4.253980006558955E-5
4.2614549145455456E-5
4.268945637211058E-5
4.276452216438767E-5
4.283974694281347E-5
4.291513112961966E-5
4.299067514874747E-5
4.3066379425848824E-5
4.3142244388285326E-5
4.321827046512637E-5
4.329445808714641E-5
4.337080768682153E-5
4.344731969832589E-5
4.3523994557527707E-5
4.360083270198491E-5
4.3677834570940475E-5
4.375500060531762E-5
4.383233124771456E-5
4.390982694239897E-5
4.39874881353024E-5
4.406531527401422E-5
4.4143308807775386E-5
4.4221469187471836E-5
4.429979686562773E-5
4.437829229639847E-5
4.445695593556348E-5
4.45357882405185E-5
4.461478967026803E-5
4.4693960685417075E-5
4.477330174816321E-5
4.485281332228778E-5
4.4932495873147403E-5
4.5012349867665E-5
4.509237577432069E-5
4.5172574063142285E-5
4.5252945205695735E-5
4.533348967507543E-5
4.5414207945894054E-5
4.5495100494272406E-5
4.5576167797828995E-5
4.5657410335669563E-5
4.573882858837591E-5
4.582042303799516E-5
4.590219416802846E-5
4.598414246341952E-5
4.606626841054297E-5
4.614857249719303E-5
4.623105521257103E-5
4.631371704727334E-5
4.6396558493279456E-5
4.647958004393917E-5
4.6562782193959945E-5
4.6646165439394254E-5
4.672973027762646E-5
4.681347720735999E-5
4.689740672860348E-5
4.698151934265777E-5
4.706581555210223E-5
4.715029586078085E-5
4.7234960773788566E-5
4.7319810797456896E-5
4.7404846439340014E-5
4.749006820820047E-5
4.757547661399441E-5
4.766107216785722E-5
4.7746855382088626E-5
4.783282677013804E-5
4.79189868465895E-5
4.800533612714625E-5
4.809187512861597E-5
4.8178604368895084E-5
4.826552436695334E-5
4.835263564281833E-5
4.843993871755963E-5
4.8527434113273064E-5
4.8615122353064835E-5
4.8703003961035206E-5
4.879107946226262E-5
4.8879349382787544E-5
4.8967814249595714E-5
4.90564745906021E-5
4.914533093463408E-5
4.9234383811415094E-5
4.932363375154756E-5
4.941308128649626E-5
4.950272694857159E-5
4.959257127091227E-5
4.968261478746831E-5
4.9772858032984186E-5
4.986330154298117E-5
4.9953945853740174E-5
5.0044791502284616E-5
5.013583902636269E-5
5.0227088964429816E-5
5.031854185563111E-5
5.04101982397837E-5
5.050205865735916E-5
5.059412364946544E-5
5.0686393757829194E-5
5.077886952477764E-5
5.087155149322089E-5
5.0964440206633734E-5
5.105753620903761E-5
5.1150840044982235E-5
5.12443522595278E-5
5.133807339822628E-5
5.1432004007103614E-5
5.152614463264106E-5
5.162049582175681E-5
5.1715058121787645E-5
5.180983208047049E-5
5.1904818245923786E-5
5.200001716662923E-5
5.209542939141272E-5
5.219105546942614E-5
5.2286895950128514E-5
5.238295138326743E-5
5.247922231886025E-5
5.257570930717532E-5
5.267241289871348E-5
5.276933364418886E-5
5.28664720945103E-5
5.296382880076248E-5
5.306140431418719E-5
5.315919918616418E-5
5.325721396819226E-5
5.335544921187079E-5
5.345390546888028E-5
5.355258329096365E-5
5.3651483229907246E-5
5.375060583752194E-5
5.384995166562396E-5
5.3949521266016206E-5
5.40493151904689E-5
5.414933399070083E-5
5.424957821836019E-5
5.4350048425005664E-5
5.445074516208742E-5
5.4551668980927966E-5
5.465282043270336E-5
5.475420006842402E-5
5.48558084389157E-5
5.4957646094800506E-5
5.5059713586478125E-5
5.5162011464106457E-5
5.526454027758288E-5
5.5367300576525346E-5
5.547029291025308E-5
5.557351782776803E-5
5.5676975877735676E-5
5.5780667608466635E-5
5.588459356789733E-5
5.5988754303571596E-5
5.609315036262248E-5
5.619778229175336E-5
5.630265063722069E-5
5.640775594481617E-5
5.651309875985078E-5
5.661867962713962E-5
5.672449909098901E-5
5.683055769518688E-5
5.693685598299795E-5
5.70433944971662E-5
5.7150173779928795E-5
5.725719437304588E-5
5.736445681785563E-5
5.747196165536472E-5
5.757970942639275E-5
5.768770067179364E-5
5.77959359327898E-5
5.790441575146818E-5
5.801314067150919E-5
5.812211123924549E-5
5.823132800518893E-5
5.83407915262145E-5
5.845050236866075E-5
5.8560461112702216E-5
5.867066835847082E-5
5.8781124734570124E-5
5.8891830909835954E-5
5.900278760947095E-5
5.911399563702799E-5
5.92254559041553E-5
5.9337169470558055E-5
5.944913759730401E-5
5.95613618174087E-5
5.9673844028608224E-5
5.978658661436781E-5
5.989959260049585E-5
6.001286585622631E-5
6.0126411350289375E-5
6.024023547426789E-5
6.0354346447386165E-5
6.046875481870509E-5
6.058347408438552E-5
6.0698521439070274E-5
6.081391868131911E-5
6.092969329316416E-5
6.104587971294566E-5
6.116252081831718E-5
6.127966963231929E-5
6.139739125936492E-5
6.151576504951442E-5
6.16348869782665E-5
6.175487221506389E-5
6.187585783674889E-5
6.199800562245953E-5
6.212150484428901E-5
6.224657494411624E-5
6.237346796232286E-5
6.250247055996955E-5
6.263390545405495E-5
6.276813206769404E-5
6.290554618559314E-5
6.304657840238925E-5
6.319169115953378E-5
6.33413741874998E-5
6.349613820583732E-5
6.365650678496779E-5
6.382300634072661E-5
6.399615431455701E-5
6.41764456867292E-5
6.436433807348507E-5
6.456023576676396E-5
6.476447320069395E-5
6.497729836746497E-5
6.519885684552636E-5
6.542917714078843E-5
6.566815806846323E-5
6.591555889373645E-5
6.617099289960876E-5
6.643392495828254E-5
6.670367354948167E-5
6.697941749915525E-5
6.726020751224842E-5
6.754498235350375E-5
6.783258930276156E-5
6.812180828963475E-5
6.841137891100895E-5
6.870002936730534E-5
6.89865062320003E-5
6.926960390298376E-5
6.95481925799341E-5
6.982124367078218E-5
7.008785164994623E-5
7.034725156438276E-5
7.059883159983888E-5
7.08421403651619E-5
7.107688881129328E-5
7.130294695714015E-5
7.15203358309137E-5
7.172921523866386E-5
7.192986813036873E-5
7.212268244050603E-5
7.230813133103138E-5
7.248675276077399E-5
7.265912925091502E-5
7.282586861913797E-5
7.298758632530414E-5
7.314488992054852E-5
7.32983659313054E-5
7.344856935113417E-5
7.359601576606944E-5
7.374117601130739E-5
7.388447315368953E-5
7.402628151852629E-5
7.416692743130938E-5
7.43066913232327E-5
7.444581085101423E-5
7.458448470201846E-5
7.472287679027864E-5
7.486112059278775E-5
7.499932342373962E-5
7.513757049326894E-5
7.527592864345918E-5
7.541444969565207E-5
7.555317337797418E-5
7.569212982984618E-5
7.583134170106288E-5
7.597082587734552E-5
7.611059487289205E-5
7.625065793441106E-5
7.639102190148828E-5
7.653169186591421E-5
7.667267166871716E-5
7.681396426884206E-5
7.695557201229046E-5
7.709749682551043E-5
7.723974035218617E-5
7.738230404848418E-5
7.752518924833707E-5
7.766839720748598E-5
7.781192913271863E-5
7.795578620096178E-5
7.809996957153712E-5
7.82444803938851E-5
7.838931981233414E-5
7.85344889689782E-5
7.867998900535947E-5
7.882582106341203E-5
7.897198628595388E-5
7.911848581691045E-5
7.926532080137867E-5
7.941249238559966E-5
7.9560001716881E-5
7.970784994348887E-5
7.98560382145272E-5
8.0004567679808E-5
8.015343948971952E-5
8.030265479509196E-5
8.045221474706453E-5
8.060212049695252E-5
8.075237319611563E-5
8.090297399582772E-5
8.1053924047147E-5
8.12052245007884E-5
8.135687650699692E-5
8.150888121542227E-5
8.166123977499455E-5
8.18139533338015E-5
8.196702303896726E-5
8.212045003653154E-5
8.227423547133101E-5
8.242838048688153E-5
8.258288622526132E-5
8.273775382699607E-5
8.289298443094443E-5
8.304857917418556E-5
8.320453919190731E-5
8.33608656172958E-5
8.351755958142584E-5
8.367462221315357E-5
8.383205463900904E-5
8.398985798309063E-5
8.41480333669605E-5
8.430658190954121E-5
8.446550472701334E-5
8.462480293271468E-5
8.478447763703974E-5
8.494452994734148E-5
8.510496096783304E-5
8.526577179949144E-5
8.542696353996187E-5
8.558853728346344E-5
8.575049412069535E-5
8.591283513874521E-5
8.607556142099745E-5
8.623867404704307E-5
8.64021740925911E-5
8.656606262937992E-5
8.673034072509058E-5
8.689500944326079E-5
8.706006984320014E-5
8.72255229799056E-5
8.739136990397937E-5
8.755761166154638E-5
8.772424929417385E-5
8.789128383879114E-5
8.805871632761063E-5
8.822654778805022E-5
8.839477924265598E-5
8.856341170902641E-5
8.87324461997373E-5
8.890188372226744E-5
8.907172527892573E-5
8.9241971866779E-5
8.941262447758049E-5
8.958368409769951E-5
8.975515170805225E-5
8.992702828403318E-5
9.009931479544704E-5
9.027201220644274E-5
9.044512147544715E-5
9.06186435551003E-5
9.07925793921911E-5
9.096692992759453E-5
9.114169609620909E-5
9.131687882689512E-5
9.149247904241497E-5
9.166849765937225E-5
9.18449355881537E-5
9.202179373287088E-5
9.219907299130261E-5
9.237677425483921E-5
9.255489840842632E-5
9.273344633051052E-5
9.291241889298496E-5
9.30918169611368E-5
9.327164139359414E-5
9.345189304227501E-5
9.363257275233615E-5
9.381368136212328E-5
9.399521970312166E-5
9.4177188599908E-5
9.435958887010233E-5
9.454242132432081E-5
9.472568676613047E-5
9.490938599200281E-5
9.509351979126936E-5
9.527808894607798E-5
9.546309423134929E-5
9.56485364147344E-5
9.583441625657248E-5
9.602073450985061E-5
9.62074919201626E-5
9.639468922566939E-5
9.658232715706033E-5
9.677040643751504E-5
9.695892778266519E-5
9.714789190055792E-5
9.733729949161949E-5
9.75271512486198E-5
9.77174478566374E-5
9.7908189993025E-5
9.809937832737618E-5
9.82910135214924E-5
9.848309622935033E-5
9.867562709707061E-5
9.886860676288656E-5
9.90620358571138E-5
9.925591500212056E-5
9.945024481229822E-5
9.964502589403335E-5
9.984025884567896E-5
1.0003594425752823E-4
1.0023208271178664E-4
1.0042867478254658E-4
1.006257210357615E-4
1.0082322202922117E-4
1.0102117831252704E-4
1.0121959042706907E-4
1.0141845890600158E-4
1.0161778427422121E-4
1.0181756704834483E-4
1.0201780773668774E-4
1.0221850683924323E-4
1.0241966484766149E-4
1.0262128224523008E-4
1.0282335950685491E-4
1.0302589709904071E-4
1.0322889547987369E-4
1.0343235509900332E-4
1.0363627639762473E-4
1.0384065980846295E-4
1.040455057557561E-4
1.0425081465524018E-4
1.0445658691413355E-4
1.0466282293112242E-4
1.0486952309634719E-4
1.050766877913882E-4
1.0528431738925297E-4
1.0549241225436399E-4
1.0570097274254594E-4
1.0590999920101504E-4
1.0611949196836795E-4
1.0632945137457188E-4
1.0653987774095548E-4
1.0675077138020067E-4
1.0696213259633667E-4
1.071739616847348E-4
1.073862589321079E-4
1.0759902461651318E-4
1.0781225900736057E-4
1.0802596236543216E-4
1.0824013494291395E-4
1.0845477698344898E-4
1.0866988872221984E-4
1.0888547038607674E-4
1.0910152219373022E-4
1.0931804435603984E-4
1.0953503707644108E-4
1.097525005515725E-4
1.099704349721902E-4
1.101888405244916E-4
1.1040771739201882E-4
1.1062706575837998E-4
1.1084688581111233E-4
1.1106717774713145E-4
1.1128794178037067E-4
1.1150917815241867E-4
1.1173088714723492E-4
1.1195306911137063E-4
1.1217572448156777E-4
1.1239885382216648E-4
1.126224578754537E-4
1.1284653762894432E-4
1.1307109440463747E-4
1.132961299765459E-4
1.135216467242798E-4
1.137476478321877E-4
1.1397413754551468E-4
1.1420112149721433E-4
1.1442860712139825E-4
1.1465660417186779E-4
1.1488512536662032E-4
1.1511418718151571E-4
1.1534381081821434E-4
1.1557402337279537E-4
1.1580485923180939E-4
1.160363617215363E-4
1.162685850334713E-4
1.165015964440966E-4
1.1673547883932376E-4
1.1697033354316878E-4
1.1720628343584983E-4
1.1744347632831295E-4
1.1768208853808015E-4
1.1792232858544863E-4
1.1816444089988715E-4
1.1840870939482566E-4
1.1865546073616104E-4
1.1890506709742117E-4
1.1915794816479895E-4
1.194145721307559E-4
1.1967545539848732E-4
1.1994116071432176E-4
1.2021229345415031E-4
1.2048949581605843E-4
1.207734387167515E-4
1.2106481125554227E-4
1.2136430769692172E-4
1.2167261202991568E-4
1.2199038028678423E-4
1.2231822094062485E-4
1.2265668231934432E-4
1.2300622211937126E-4
1.2336718537509316E-4
1.2373978315770675E-4
1.2412407293030045E-4
1.245199415260654E-4
1.2492709170868065E-4
1.253450332125135E-4
1.257730790427413E-4
1.2621034764295075E-4
1.2665577131527474E-4
1.2710811101486914E-4
1.2756597734940695E-4
1.280278573113215E-4
1.2849214597390556E-4
1.2895718211112915E-4
1.2942128647361654E-4
1.2988280128610623E-4
1.3034012943785318E-4
1.3079177182518862E-4
1.3123636137768742E-4
1.3167269245305295E-4
1.3209974451206105E-4
1.3251669926965713E-4
1.3292295084329296E-4
1.3331810876387426E-4
1.3370199405617961E-4
1.3407462891293335E-4
1.3443622076080396E-4
1.34787141732191E-4
1.3512790470327992E-4
1.3545913713150406E-4
1.357815539247458E-4
1.3609593050605302E-4
1.3640307711136612E-4
1.3670381518705906E-4
1.3699895655416914E-4
1.372892857927954E-4
1.3757554608827453E-4
1.3785842858352634E-4
1.381385651099234E-4
1.384165240294279E-4
1.3869280881761986E-4
1.3896785895136805E-4
1.3924205263437514E-4
1.3951571089447867E-4
1.3978910261282386E-4
1.4006245009035527E-4
1.403359348149605E-4
1.406097031568173E-4
1.4088387178468124E-4
1.4115853265767356E-4
1.4143375750246714E-4
1.4170960173265053E-4
1.4198610780456617E-4
1.4226330803207153E-4
1.4254122690207522E-4
1.4281988294449055E-4
1.4309929021574287E-4
1.4337945945562224E-4
1.4366039897442193E-4
1.439421153221901E-4
1.442246137855559E-4
1.4450789875076133E-4
1.4479197396482003E-4
1.4507684272051976E-4
1.4536250798550054E-4
1.4564897249098063E-4
1.4593623879186377E-4
1.4622430930688916E-4
1.465131863451005E-4
1.468028721230919E-4
1.4709336877613276E-4
1.4738467836530585E-4
1.4767680288208193E-4
1.4796974425128136E-4
1.4826350433303054E-4
1.4855808492410483E-4
1.4885348775890359E-4
1.491497145102058E-4
1.4944676678979818E-4
1.4974464614902783E-4
1.500433540793145E-4
1.5034289201263713E-4
1.5064326132200568E-4
1.5094446332192428E-4
1.5124649926884893E-4
1.5154937036164146E-4
1.5185307774201855E-4
1.521576224950001E-4
1.52463005649353E-4
1.5276922817803308E-4
1.5307629099862598E-4
1.5338419497378314E-4
1.5369294091165686E-4
1.5400252956633415E-4
1.543129616382646E-4
1.5462423777468987E-4
1.549363585700686E-4
1.5524932456649953E-4
1.5556313625414274E-4
1.5587779407163718E-4
1.5619329840651765E-4
1.565096495956292E-4
1.5682684792553764E-4
1.571448936329397E-4
1.5746378690507067E-4
1.5778352788010775E-4
1.5810411664757452E-4
1.5842555324874005E-4
1.5874783767701837E-4
1.5907096987836377E-4
1.5939494975166467E-4
1.5971977714913555E-4
1.6004545187670683E-4
1.6037197369441148E-4
1.606993423167708E-4
1.610275574131779E-4
1.6135661860827813E-4
1.61686525482347E-4
1.6201727757166908E-4
1.6234887436891078E-4
1.6268131532349406E-4
1.63014599841966E-4
1.633487272883679E-4
1.6368369698460184E-4
1.6401950821079384E-4
1.6435616020565684E-4
1.6469365216685114E-4
1.6503198325134254E-4
1.6537115257575757E-4
1.657111592167388E-4
1.6605200221129644E-4
1.6639368055715932E-4
1.667361932131218E-4
1.6707953909939107E-4
1.6742371709793123E-4
1.6776872605280438E-4
1.6811456477051385E-4
1.684612320203395E-4
1.688087265346767E-4
1.6915704700936932E-4
1.695061921040435E-4
1.6985616044243792E-4
1.7020695061273315E-4
1.7055856116787827E-4
1.7091099062591653E-4
1.7126423747030798E-4
1.7161830015025216E-4
1.7197317708100653E-4
1.723288666442048E-4
1.726853671881731E-4
1.730426770282437E-4
1.7340079444706766E-4
1.737597176949254E-4
1.7411944499003538E-4
1.744799745188611E-4
1.7484130443641622E-4
1.7520343286656773E-4
1.7556635790233892E-4
1.759300776062074E-4
1.7629459001040456E-4
1.7665989311721177E-4
1.7702598489925528E-4
1.7739286329979803E-4
1.77760526233033E-4
1.7812897158437144E-4
1.7849819721073046E-4
1.7886820094082024E-4
1.7923898057542814E-4
1.7961053388770162E-4
1.7998285862342922E-4
1.8035595250132043E-4
1.8072981321328368E-4
1.8110443842470203E-4
1.814798257747077E-4
1.818559728764566E-4
1.82232877317398E-4
1.826105366595452E-4
1.8298894843974363E-4
1.8336811016993694E-4
1.8374801933743282E-4
1.8412867340516565E-4
1.8451006981195882E-4
1.8489220597278525E-4
1.852750792790253E-4
1.8565868709872503E-4
1.8604302677685102E-4
1.8642809563554488E-4
1.8681389097437593E-4
1.8720041007059187E-4
1.8758765017936832E-4
1.8797560853405792E-4
1.8836428234643578E-4
1.8875366880694483E-4
1.8914376508493956E-4
1.895345683289284E-4
1.8992607566681375E-4
1.9031828420613145E-4
1.9071119103428904E-4
1.9110479321880124E-4
1.91499087807525E-4
1.918940718288934E-4
1.9228974229214702E-4
1.9268609618756526E-4
1.9308313048669465E-4
1.934808421425768E-4
1.9387922808997585E-4
1.942782852456012E-4
1.946780105083334E-4
1.9507840075944538E-4
1.9547945286282268E-4
1.9588116366518383E-4
1.962835299962983E-4
1.9668654866920245E-4
1.9709021648041633E-4
1.9749453021015648E-4
1.9789948662254898E-4
1.9830508246584166E-4
1.9871131447261254E-4
1.9911817935998064E-4
1.995256738298112E-4
1.9993379456892448E-4
2.003425382492981E-4
2.00751901528272E-4
2.0116188104875077E-4
2.0157247343940407E-4
2.0198367531486713E-4
2.0239548327593868E-4
2.0280789390977923E-4
2.0322090379010634E-4
2.036345094773908E-4
2.040487075190503E-4
2.0446349444964347E-4
2.0487886679106273E-4
2.0529482105272675E-4
2.0571135373177564E-4
2.0612846131326512E-4
2.0654614027036528E-4
2.0696438706456407E-4
2.0738319814588067E-4
2.0780256995309276E-4
2.0822249891398493E-4
2.0864298144562926E-4
2.0906401395471799E-4
2.0948559283796714E-4
2.0990771448263008E-4
2.1033037526716841E-4
2.1075357156215272E-4
2.111772997314953E-4
2.1160155613415203E-4
2.1202633712650237E-4
2.124516390656716E-4
2.1287745831418718E-4
2.1330379124647988E-4
2.137306342579458E-4
2.1415798377751266E-4
2.1458583628498489E-4
2.1501418833484812E-4
2.154430365887442E-4
2.1587237785948877E-4
2.1630220917034275E-4
2.1673252783426935E-4
2.171633315591639E-4
2.1759461858655222E-4
2.1802638787302012E-4
2.184586393257231E-4
2.1889137410566333E-4
2.19324595015066E-4
2.1975830698802367E-4
2.2019251770656717E-4
2.2062723836732305E-4
2.210624846267289E-4
2.2149827775518532E-4
2.2193464603218472E-4
2.2237162641499625E-4
2.2280926651244495E-4
2.2324762689217414E-4
2.2368678374397265E-4
2.241268319126783E-4
2.24567888301303E-4
2.250100956278478E-4
2.254536264974731E-4
2.258986877250846E-4
2.2634552481218858E-4
2.267944264465493E-4
2.2724572885476075E-4
2.2769981979781063E-4
2.281571419601137E-4
2.2861819544592817E-4
2.2908353906665906E-4
2.2955379008179815E-4
2.3002962204890585E-4
2.3051176044785985E-4
2.3100097577504153E-4
2.3149807385703787E-4
2.3200388321263714E-4
2.3251923939683085E-4
2.3304496638995278E-4
2.33581855245696E-4
2.3413431671590724E-4
2.3470296910235757E-4
2.352883221405785E-4
2.358907502118273E-4
2.365104663921539E-4
2.3714749846419535E-4
2.3780166806878917E-4
2.384725741668655E-4
2.3915958191025614E-4
2.3986181787980253E-4
2.405781724414887E-4
2.4130730970234874E-4
2.4204768522852484E-4
2.4279757133372995E-4
2.4355508937691565E-4
2.443182481453046E-4
2.450849870663573E-4
2.458532227123544E-4
2.466208968543161E-4
2.4738602420399915E-4
2.48146737964153E-4
2.4890133139181497E-4
2.4964829376372677E-4
2.5038633940637205E-4
2.511144287986534E-4
2.518317811507191E-4
2.525378782822969E-4
2.5323246004119805E-4
2.5391551189115914E-4
2.545872456345399E-4
2.552480745007243E-4
2.558985840124597E-4
2.5653950013344515E-4
2.571716562017531E-4
2.577959600719123E-4
2.584133627358521E-4
2.5902482948559057E-4
2.5963131443705026E-4
2.602337389740129E-4
2.6083297441228877E-4
2.614298289428472E-4
2.620250387018367E-4
2.62619262644077E-4
2.6321308076979476E-4
2.638069951730775E-4
2.644014333424886E-4
2.6499675314447244E-4
2.655932489517258E-4
2.6619115843378176E-4
2.6679066959754797E-4
2.673919277439404E-4
2.679950420863841E-4
2.686000918525898E-4
2.692071317587315E-4
2.6981619680258793E-4
2.704273063682042E-4
2.710404676691522E-4
2.716556785813157E-4
2.7227292993062474E-4
2.7289220730796024E-4
2.735134924842951E-4
2.7413676449570813E-4
2.7476200046165655E-4
2.753891761921448E-4
2.7601826663106716E-4
2.7664924617480066E-4
2.772820888975319E-4
2.779167687080982E-4
2.7855325945740767E-4
2.7919153501080945E-4
2.798315692960241E-4
2.804733363343238E-4
2.811168102604139E-4
2.8176196533483036E-4
2.8240877595145234E-4
2.8305721664188463E-4
2.837072620778681E-4
2.843588870724638E-4
2.8501206658049303E-4
2.85666775698532E-4
2.86322989664641E-4
2.8698068385794493E-4
2.8763983379812865E-4
2.883004151448828E-4
2.8896240369732804E-4
2.896257753934271E-4
2.902905063093866E-4
2.909565726590633E-4
2.9162395079336664E-4
2.9229261719966457E-4
2.929625485011888E-4
2.936337214564446E-4
2.9430611295862E-4
2.9497970003500073E-4
2.956544598463853E-4
2.96330369686499E-4
2.970074069814183E-4
2.976855492889897E-4
2.9836477429825476E-4
2.9904505982887564E-4
2.997263838305631E-4
3.004087243825096E-4
3.0109205969281925E-4
3.017763680979445E-4
3.0246162806212105E-4
3.0314781817681E-4
3.0383491716013696E-4
3.0452290385633705E-4
3.052117572351993E-4
3.0590145639151526E-4
3.0659198054452887E-4
3.072833090373879E-4
3.07975421336598E-4
3.086682970314798E-4
3.093619158336264E-4
3.100562575763629E-4
3.1075130221421086E-4
3.114470298223521E-4
3.12143420596093E-4
3.128404548503366E-4
3.1353811301905086E-4
3.1423637565474133E-4
3.1493522342792673E-4
3.156346371266164E-4
3.1633459765578606E-4
3.1703508603686135E-4
3.177360834071994E-4
3.184375710195735E-4
3.191395302416598E-4
3.198419425555268E-4
3.2054478955712365E-4
3.212480529557761E-4
3.219517145736776E-4
3.2265575634538886E-4
3.233601603173333E-4
3.2406490864730057E-4
3.2476998360394605E-4
3.254753675662965E-4
3.261810430232552E-4
3.268869925731117E-4
3.2759319892305017E-4
3.2829964488866146E-4
3.290063133934574E-4
3.2971318746838617E-4
3.3042025025134964E-4
3.311274849867223E-4
3.318348750248728E-4
3.32542403821687E-4
3.332500549380937E-4
3.339578120395901E-4
3.3466565889576965E-4
3.3537357937985543E-4
3.360815574682285E-4
3.367895772399658E-4
3.3749762287637344E-4
3.382056786605247E-4
3.389137289767991E-4
3.3962175831042565E-4
3.403297512470244E-4
3.4103769247214954E-4
3.4174556677083964E-4
3.424533590271625E-4
3.431610542237678E-4
3.438686374414368E-4
3.4457609385863763E-4
3.4528340875107926E-4
3.459905674912696E-4
3.466975555480738E-4
3.474043584862737E-4
3.4811096196613175E-4
3.488173517429538E-4
3.4952351366665546E-4
3.5022943368132937E-4
3.5093509782481257E-4
3.516404922282581E-4
3.5234560311570864E-4
3.5305041680366996E-4
3.537549197006842E-4
3.544590983069101E-4
3.551629392137014E-4
3.558664291031862E-4
3.565695547478506E-4
3.572723030101211E-4
3.5797466084195294E-4
3.5867661528441374E-4
3.593781534672747E-4
3.600792626085999E-4
3.607799300143387E-4
3.614801430779195E-4
3.621798892798449E-4
3.6287915618728856E-4
3.6357793145369143E-4
3.642762028183657E-4
3.649739581060928E-4
3.656711852267288E-4
3.663678721748074E-4
3.670640070291475E-4
3.677595779524596E-4
3.6845457319095617E-4
3.6914898107396184E-4
3.6984279001352633E-4
3.7053598850403743E-4
3.7122856512183765E-4
3.719205085248403E-4
3.7261180745214775E-4
3.733024507236716E-4
3.739924272397557E-4
3.746817259807953E-4
3.7537033600686614E-4
3.760582464573463E-4
3.7674544655054665E-4
3.7743192558333725E-4
3.7811767293078E-4
3.788026780457579E-4
3.794869304586108E-4
3.8017041977676883E-4
3.8085313568438827E-4
3.8153506794198994E-4
3.822162063860971E-4
3.8289654092887816E-4
3.835760615577856E-4
3.842547583352022E-4
3.849326213980827E-4
3.856096409576025E-4
3.862858072988043E-4
3.869611107802478E-4
3.876355418336574E-4
3.8830909096357715E-4
3.889817487470229E-4
3.8965350583313564E-4
3.903243529428401E-4
3.9099428086849917E-4
3.916632804735767E-4
3.9233134269229446E-4
3.929984585292974E-4
3.936646190593177E-4
3.9432981542684227E-4
3.949940388457829E-4
3.9565728059915225E-4
3.963195320387426E-4
3.9698078458481634E-4
3.976410297258072E-4
3.9830025901803676E-4
3.9895846408545885E-4
3.996156366194383E-4
4.002717683785859E-4
4.009268511886718E-4
4.015808769426562E-4
4.0223383760088285E-4
4.028857251915239E-4
4.035365318113672E-4
4.0418624962710594E-4
4.048348708773358E-4
4.054823878755521E-4
4.061287930145494E-4
4.067740787727719E-4
4.074182377233608E-4
4.080612625469069E-4
4.0870314604925283E-4
4.0934388118612445E-4
4.0998346109693873E-4
4.1062187915083515E-4
4.112591290088683E-4
4.1189520470739807E-4
4.125301007690322E-4
4.1316381234911184E-4
4.1379633542759436E-4
4.1442766705843055E-4
4.1505780569103183E-4
4.1568675158125444E-4
4.1631450731236685E-4
4.1694107844967237E-4
4.175664743556936E-4
4.1819070919583257E-4
4.1881380316704023E-4
4.194357839838082E-4
4.2005668865643345E-4
4.2067656559538746E-4
4.212954770723184E-4
4.2191350206200015E-4
4.2253073947987627E-4
4.2314731181606783E-4
4.2376336914834434E-4
4.243790934931731E-4
4.249947034254459E-4
4.256104588639882E-4
4.2622666588204035E-4
4.268436813606217E-4
4.274619172596713E-4
4.280818442392718E-4
4.287039943239335E-4
4.2932896227016923E-4
4.299574052752268E-4
4.3059004065688954E-4
4.312276411447526E-4
4.318710274560758E-4
4.32521057887258E-4
4.331786147371441E-4
4.3384458749125943E-4
4.345198528353053E-4
4.3680008410055155E-4
4.3908018235241697E-4
4.4136088826300337E-4
4.4364282486274853E-4
4.459264687954984E-4
4.482121224947135E-4
4.504998884936497E-4
4.527896471370626E-4
4.550810389539051E-4
4.573734528720655E-4
4.596660213038881E-4
4.619576229062923E-4
4.642468935283484E-4
4.665322455140458E-4
4.6881189514571083E-4
4.7108389761503885E-4
4.733461885180286E-4
4.755966305122817E-4
4.778330634746238E-4
4.8005335627557494E-4
4.822554581621167E-4
4.8443744772256735E-4
4.8659757750114366E-4
4.887343125310126E-4
4.908463613517405E-4
4.929326984515737E-4
4.949925775028129E-4
4.970255352120887E-4
4.990313860573683E-4
5.010102086018734E-4
5.029623244364745E-4
5.04888271086394E-4
5.06788770411355E-4
5.08664694123982E-4
5.105170280499991E-4
5.123468366630838E-4
5.141552292603921E-4
5.159433289193239E-4
5.177122451121849E-4
5.194630505737617E-4
5.2119676273733E-4
5.22914329794603E-4
5.246166212084055E-4
5.263044223230975E-4
5.279784325822051E-4
5.296392667763454E-4
5.312874587048561E-4
5.329234666359222E-4
5.345476799851295E-4
5.36160426692561E-4
5.377619808552807E-4
5.393525702569759E-4
5.409323835226384E-4
5.425015767077566E-4
5.440602792044638E-4
5.456085989087758E-4
5.471466266424516E-4
5.486744398599185E-4
5.501921056961694E-4
5.516996834268775E-4
5.531972264191121E-4
5.546847836517268E-4
5.561624008806575E-4
5.576301215175237E-4
5.590879872814914E-4
5.605360386752774E-4
5.619743153273463E-4
5.634028562341122E-4
5.648216999287599E-4
5.662308845971658E-4
5.676304481562823E-4
5.690204283063963E-4
5.704008625654737E-4
5.71771788291432E-4
5.731332426964177E-4
5.744852628558657E-4
5.758278857142203E-4
5.771611480885483E-4
5.784850866708385E-4
5.797997380295155E-4
5.811051386104628E-4
5.824013247377704E-4
5.836883326143164E-4
5.84966198322251E-4
5.86234957823436E-4
5.874946469598437E-4
5.887453014539464E-4
5.899869569090931E-4
5.912196488098845E-4
5.924434125225418E-4
5.936582832952701E-4
5.948642962586303E-4
5.960614864258983E-4
5.972498886934291E-4
5.984295378410211E-4
5.996004685322728E-4
6.007627153149455E-4
6.019163126213188E-4
6.030612947685536E-4
6.041976959590428E-4
6.053255502807707E-4
6.064448917076624E-4
6.075557540999435E-4
6.086581712044887E-4
6.097521766551717E-4
6.108378039732193E-4
6.119150865675557E-4
6.129840577351549E-4
6.14044750661386E-4
6.150971984203584E-4
6.161414339752669E-4
6.171774901787383E-4
6.18205399773172E-4
6.192251953910799E-4
6.202369095554327E-4
6.212405746799944E-4
6.222362230696638E-4
6.232238869208126E-4
6.242035983216217E-4
6.251753892524169E-4
6.261392915860033E-4
6.270953370880022E-4
6.280435574171781E-4
6.289839841257744E-4
6.299166486598474E-4
6.308415823595896E-4
6.31758816459661E-4
6.326683820895201E-4
6.335703102737483E-4
6.34464631932376E-4
6.353513778812057E-4
6.362305788321391E-4
6.371022653935023E-4
6.379664680703619E-4
6.38823217264849E-4
6.39672543276481E-4
6.405144763024779E-4
6.413490464380833E-4
6.421762836768816E-4
6.429962179111113E-4
6.438088789319836E-4
6.446142964299963E-4
6.454124999952447E-4
6.462035191177418E-4
6.469873831877207E-4
6.477641214959515E-4
6.485337632340474E-4
6.492963374947785E-4
6.500518732723741E-4
6.508003994628347E-4
6.515419448642343E-4
6.522765381770286E-4
6.530042080043593E-4
6.53724982852355E-4
6.544388911304365E-4
6.551459611516169E-4
6.558462211328017E-4
6.565396991950927E-4
6.572264233640814E-4
6.579064215701515E-4
6.585797216487735E-4
6.592463513408023E-4
6.599063382927722E-4
6.605597100571914E-4
6.612064940928358E-4
6.618467177650408E-4
6.624804083459956E-4
6.631075930150333E-4
6.637282988589202E-4
6.643425528721432E-4
6.649503819572038E-4
6.655518129249017E-4
6.661468724946207E-4
6.667355872946165E-4
6.673179838623042E-4
6.678940886445363E-4
6.6846392799789E-4
6.69027528188951E-4
6.695849153945934E-4
6.701361157022559E-4
6.706811551102296E-4
6.712200595279357E-4
6.717528547761966E-4
6.722795665875232E-4
6.728002206063833E-4
6.733148423894829E-4
6.738234574060383E-4
6.743260910380524E-4
6.748227685805842E-4
6.753135152420264E-4
6.757983561443739E-4
6.76277316323496E-4
6.767504207294017E-4
6.772176942265185E-4
6.776791615939529E-4
6.781348475257598E-4
6.785847766312128E-4
6.790289734350649E-4
6.794674623778168E-4
6.799002678159834E-4
6.803274140223517E-4
6.807489251862501E-4
6.811648254138063E-4
6.815751387282084E-4
6.819798890699679E-4
6.823791002971797E-4
6.827727961857785E-4
6.831610004297982E-4
6.835437366416286E-4
6.839210283522749E-4
6.842928990116089E-4
6.846593719886303E-4
6.850204705717135E-4
6.853762179688691E-4
6.857266373079873E-4
6.860717516371022E-4
6.864115839246316E-4
6.867461570596346E-4
6.870754938520571E-4
6.873996170329847E-4
6.877185492548902E-4
6.880323130918771E-4
6.883409310399322E-4
6.88644425517168E-4
6.889428188640691E-4
6.892361333437373E-4
6.89524391142135E-4
6.898076143683294E-4
6.900858250547309E-4
6.903590451573405E-4
6.906272965559871E-4
6.908906010545715E-4
6.911489803813014E-4
6.914024561889325E-4
6.916510500550118E-4
6.918947834821056E-4
6.921336778980525E-4
6.923677546561893E-4
6.925970350355979E-4
6.928215402413433E-4
6.930412914047217E-4
6.932563095835091E-4
6.934666157622191E-4
6.936722308523767E-4
6.938731756928075E-4
6.940694710499621E-4
6.942611376182831E-4
6.944481960206398E-4
6.946306668088625E-4
6.948085704644195E-4
6.949819273993096E-4
6.951507579572533E-4
6.953150824153163E-4
6.954749209861573E-4
6.956302938211342E-4
6.957812210146484E-4
6.959277226101761E-4
6.960698186086592E-4
6.962075289801304E-4
6.963408736797382E-4
6.964698726697364E-4
6.965945459494775E-4
6.967149135960709E-4
6.968309958191399E-4
6.969428130340658E-4
6.970503859592621E-4
6.971537357444305E-4
6.972528841383867E-4
6.973478537069778E-4
6.97438668113787E-4
6.975253524787724E-4
6.976079338325974E-4
6.976864416872167E-4
6.97760908745995E-4
6.978313717792783E-4
6.978978726934913E-4
6.97960459823365E-4
6.980191894772913E-4
6.980741277647977E-4
6.981253527320434E-4
6.981729568257552E-4
6.98217049697403E-4
6.98257761347284E-4
6.982952455920349E-4
6.98329683818592E-4
6.983612889627111E-4
6.983903096209506E-4
6.984170341720619E-4
6.98441794747948E-4
6.98464970857176E-4
6.984869924274021E-4
6.985083419994453E-4
6.985295557780229E-4
6.985512232257329E-4
6.985739848810426E-4
6.985985280915529E-4
6.986255803836381E-4
6.986559002414588E-4
6.986902651438059E-4
6.987294568067152E-4
0.0013906285101190335
0.0013874851464519917
0.0013843595659506181
0.0013812522803814382
0.0013781636951054358
0.001375094085293653
0.001372043573223459
0.0013690121076883027
0.0013659994465852186
0.0013630051437212515
0.0013600285407967335
0.0013570687653780688
0.0013541247354675546
0.0013511951710196278
0.0013482786124527453
0.0013453734458793623
0.0013424779344413033
0.0013395902548149982
0.0013367085376614779
0.001333830910559926
0.001330955541798337
0.0013280806833137653
0.0013252047110855678
0.0013223261613896056
0.0013194437615144865
0.001316556453811375
0.001313663412279635
0.0013107640512604096
0.0013078580261954148
0.0013049452267839864
0.0013020257632146337
0.001299099946437425
0.001296168263664848
0.0012932313504310652
0.0012902899605986195
0.0012873449356798207
0.001284397174744817
0.0012814476060320774
0.001278497161175153
0.0012755467527295237
0.0012725972554425724
0.0012696494914746822
0.0012667042195641841
0.0012637621279443577
0.001260823830674013
0.0012578898669382325
0.001254960702812355
0.001252036734957773
0.0012491182957270635
0.0012462056591920458
0.0012432990476640914
0.0012403986383439892
0.001237504569812227
0.001234616948143809
0.001231735852500174
0.0012288613401112355
0.0012259934506110154
0.0012231322097302098
0.0012202776323783162
0.0012174297251676474
0.0012145884884429514
0.0012117539178850825
0.0012089260057566843
0.0012061047418538383
0.0012032901142213224
0.001200482109681637
0.0011976807142201206
0.0011948859132609446
0.0011920976918618287
0.0011893160348492875
0.0011865409269111373
0.0011837723526587705
0.0011810102966684412
0.0011782547435081993
0.00117550567775517
0.001172763084006473
0.0011700269468859963
0.0011672972510485063
0.001164573981182105
0.0011618571220096564
0.0011591466582895726
0.0011564425748162423
0.0011537448564202316
0.0011510534879683439
0.0011483684543636314
0.0011456897405453558
0.0011430173314889102
0.0011403512122057642
0.0011376913677433682
0.0011350377831850784
0.0011323904436500668
0.0011297493342932337
0.0011271144403051329
0.0011244857469118684
0.0011218632393750218
0.0011192469029915589
0.0011166367230937497
0.0011140326850490787
0.0011114347742601591
0.0011088429761646524
0.001106257276235178
0.0011036776599792325
0.0011011041129391048
0.0010985366206917868
0.0010959751688488974
0.001093419743056594
0.0010908703289954876
0.0010883269123805608
0.0010857894789610893
0.0010832580145205498
0.0010807325048765427
0.00107821293588071
0.0010756992934186523
0.001073191563409841
0.0010706897318075474
0.001068193784598749
0.0010657037078040555
0.0010632194874776258
0.0010607411097070837
0.001058268560613444
0.0010558018263510192
0.001053340893107355
0.001050885747103137
0.0010484363745921145
0.0010459927618610221
0.0010435548952294972
0.0010411227610500032
0.0010386963457077473
0.0010362756356206025
0.0010338606172390285
0.0010314512770459934
0.0010290476015568934
0.0010266495773194762
0.0010242571909137592
0.001021870428951958
0.0010194892780784
0.0010171137249694534
0.0010147437563334458
0.0010123793589105906
0.0010100205194729039
0.0010076672248241325
0.001005319461799678
0.0010029772172665142
0.001000640478123115
9.983092312993783E-4
9.9598346375655E-4
9.936631624871456E-4
9.913483145148779E-4
9.890389068945749E-4
9.867349267121143E-4
9.844363610843417E-4
9.821431971589964E-4
9.798554221146388E-4
9.775730231605737E-4
9.75295987536777E-4
9.730243025138211E-4
9.707579553927995E-4
9.684969335052571E-4
9.662412242131103E-4
9.639908149085797E-4
9.617456930141142E-4
9.595058459823152E-4
9.572712612958685E-4
9.550419264674679E-4
9.528178290397428E-4
9.505989565851892E-4
9.483852967060937E-4
9.46176837034461E-4
9.43973565231947E-4
9.417754689897817E-4
9.395825360286982E-4
9.373947540988678E-4
9.352121109798197E-4
9.330345944803741E-4
9.308621924385714E-4
9.286948927216033E-4
9.265326832257399E-4
9.243755518762581E-4
9.222234866273739E-4
9.20076475462173E-4
9.179345063925387E-4
9.157975674590808E-4
9.136656467310729E-4
9.115387323063753E-4
9.094168123113701E-4
9.072998749008911E-4
9.051879082581566E-4
9.030809005946975E-4
9.009788401502909E-4
8.988817151928924E-4
8.967895140185646E-4
8.947022249514156E-4
8.926198363435238E-4
8.90542336574875E-4
8.884697140532928E-4
8.864019572143733E-4
8.843390545214143E-4
8.822809944653528E-4
8.802277655646948E-4
8.781793563654486E-4
8.761357554410639E-4
8.74096951392356E-4
8.720629328474478E-4
8.700336884616979E-4
8.680092069176409E-4
8.659894769249153E-4
8.639744872202029E-4
8.619642265671596E-4
8.599586837563536E-4
8.57957847605198E-4
8.559617069578869E-4
8.539702506853311E-4
8.519834676850898E-4
8.500013468813126E-4
8.480238772246693E-4
8.460510476922906E-4
8.44082847287699E-4
8.421192650407515E-4
8.401602900075685E-4
8.382059112704765E-4
8.362561179379404E-4
8.343108991445032E-4
8.323702440507219E-4
8.304341418431052E-4
8.28502581734049E-4
8.265755529617769E-4
8.246530447902748E-4
8.227350465092288E-4
8.208215474339655E-4
8.18912536905388E-4
8.170080042899155E-4
8.151079389794204E-4
8.132123303911676E-4
8.113211679677534E-4
8.094344411770433E-4
8.075521395121131E-4
8.056742524911877E-4
8.038007696575809E-4
8.019316805796388E-4
8.000669748506781E-4
7.982066420889332E-4
7.963506719374994E-4
7.944990540642867E-4
7.926517781619673E-4
7.908088339479482E-4
7.889702111643364E-4
7.871358995779365E-4
7.853058889802684E-4
7.834801691876208E-4
7.816587300411646E-4
7.798415614071475E-4
7.780286531772052E-4
7.762199952688413E-4
7.744155776261498E-4
7.72615390220881E-4
7.70819423053994E-4
7.690276661578816E-4
7.672401095995477E-4
7.654567434850783E-4
7.636775579659063E-4
7.619025432475115E-4
7.60131689601401E-4
7.583649873815065E-4
7.566024270464515E-4
7.548439991895594E-4
7.530896945790098E-4
7.513395042111626E-4
7.495934193808298E-4
7.478514317731619E-4
7.461135335828541E-4
7.443797176675327E-4
7.426499777434968E-4
7.409243086333616E-4
7.392027065766267E-4
7.374851696156202E-4
7.357716980705853E-4
7.340622951187914E-4
7.323569674932322E-4
7.306557263165517E-4
7.289585880851555E-4
7.272655758165847E-4
7.255767203701118E-4
7.238920619456108E-4
7.222116517590622E-4
7.205355538841059E-4
7.188638472378858E-4
7.171966276759019E-4
7.155340101448238E-4
7.138761308246103E-4
7.122231491722224E-4
7.105752497596813E-4
7.089326437801017E-4
7.072955700781357E-4
7.056642955474168E-4
7.040391147289972E-4
7.024203484431664E-4
7.00808341294343E-4
6.992034579064906E-4
6.976060777761567E-4
6.960165886723142E-4
0.3008277137679879
