4.3546583790002577E-7
8.782818065330108E-7
1.3282343371867208E-6
1.7851023018890844E-6
2.2486896975791194E-6
2.7188504886813744E-6
3.1955023933904016E-6
3.678629056991015E-6
4.168272539521536E-6
4.6645196977369786E-6
5.167486529233842E-6
5.677303941275309E-6
6.194107106292972E-6
6.718029103696338E-6
7.249198381532867E-6
7.787738943588783E-6
8.333772077374012E-6
8.887418716841711E-6
9.448801958528409E-6
1.0018049643567509E-5
1.0595297191703793E-5
1.1180691017225604E-5
1.1774392902195473E-5
1.237658568387198E-5
1.2987480545372388E-5
1.3607326071857454E-5
1.423641902272853E-5
1.487511644353735E-5
1.552384827966152E-5
1.6183129062217416E-5
1.6853566560038047E-5
1.7535864628244355E-5
1.823081699295341E-5
1.8939288605669358E-5
1.9662181717842118E-5
2.0400385174455896E-5
2.1154707705670475E-5
2.1925799110421095E-5
2.2714066807257578E-5
2.351959861368781E-5
2.4342104915029235E-5
2.518089364982804E-5
2.6034889035061133E-5
2.6902699461783647E-5
2.778273205513487E-5
2.8237876551272444E-5
2.8694717985054755E-5
2.9152209407703808E-5
2.9609704479024697E-5
3.0066994854506538E-5
3.052429306411306E-5
3.098216660452649E-5
3.144143756037424E-5
3.190306719128709E-5
3.2368045451423975E-5
3.283730155639615E-5
3.331164490871814E-5
3.3791738054991027E-5
3.4278096944298386E-5
3.477110995607929E-5
3.5271066315241704E-5
3.5778186032830906E-5
3.629264629741059E-5
3.6814602161900594E-5
3.734420163525989E-5
3.7881596594343025E-5
3.8426951375838875E-5
3.898045079148122E-5
3.9542308940594835E-5
4.011277977533786E-5
4.0692169977932015E-5
4.1280854311533935E-5
4.187929313905446E-5
4.248805119978832E-5
4.310781595598317E-5
4.373941288648406E-5
4.438381409791433E-5
4.50421357144338E-5
4.571561895105726E-5
4.64055898993141E-5
4.711339420610491E-5
4.784030529127756E-5
4.858740862779058E-5
4.9355469687027265E-5
5.014479879892265E-5
5.0955131317356616E-5
5.1785544707254054E-5
5.263443401108803E-5
5.349956249492523E-5
5.437819483562366E-5
5.526730692620259E-5
5.616385150637357E-5
5.7065045657621615E-5
5.796863830032688E-5
5.887311598631569E-5
5.977781448251326E-5
6.068292045573098E-5
6.15893682569434E-5
6.249865626898796E-5
6.341262059715977E-5
6.433320787503988E-5
6.526228324092704E-5
6.620149656034903E-5
6.715221404344013E-5
6.811550813959218E-5
6.909218934706279E-5
7.008286057439844E-5
7.108797703974939E-5
7.21079001677381E-5
7.314294007085455E-5
7.419338615548655E-5
7.525952837326022E-5
7.634167275746973E-5
7.744015475127537E-5
7.855535312475288E-5
7.968770646210818E-5
8.083773347060481E-5
8.200605769573473E-5
8.31934364922668E-5
8.44007931526673E-5
8.562924983330707E-5
8.688015732970595E-5
8.815511593678812E-5
8.945597983816741E-5
9.078483611561745E-5
9.214394912549195E-5
9.35356623087909E-5
9.49622530894773E-5
9.642574271301542E-5
9.792767151139064E-5
9.946886023742246E-5
1.010491880269339E-4
1.026674247346953E-4
1.0432115706810122E-4
1.060068417698118E-4
1.0772000413224566E-4
1.0945557733297723E-4
1.1120835129140441E-4
1.1297347466550086E-4
1.1474693686294749E-4
1.1652595412646256E-4
1.1830919742365962E-4
1.200968281951893E-4
1.2189034474190051E-4
1.2369227803617284E-4
1.2550580176357013E-4
1.2733433104712287E-4
1.291811761605637E-4
1.3104929548723583E-4
1.329411636278378E-4
1.3485874436652617E-4
1.3680354060190212E-4
1.3877668694543927E-4
1.4077905416487829E-4
1.4281134410580452E-4
1.4487416466710414E-4
1.4696808341976316E-4
1.4909366398051566E-4
1.5125149140228356E-4
1.5344219269424955E-4
1.5566645736685784E-4
1.5792506148985534E-4
1.6021889753353963E-4
1.6254901121837256E-4
1.6491664550588098E-4
1.6732329046438443E-4
1.6977073584104236E-4
1.7226112069989422E-4
1.747969715586139E-4
1.7738121742512294E-4
1.8001716762681483E-4
1.8270843724125756E-4
1.8545880636320518E-4
1.8827200443935978E-4
1.9115142017078076E-4
1.9409975094291035E-4
1.971186221262325E-4
2.0020822320870223E-4
2.0336702059947347E-4
2.0659161146273713E-4
2.0987677868132922E-4
2.1321577684305372E-4
2.166008475980096E-4
2.200239194388911E-4
2.2347740518356547E-4
2.2695498110785053E-4
2.304522243446957E-4
2.3396700466429314E-4
2.3749957078613018E-4
2.4105233026710922E-4
2.446293810402689E-4
2.482358965217941E-4
2.518774839267872E-4
2.555596241193996E-4
2.5928726681644126E-4
2.6306460941359985E-4
2.6689504494482874E-4
2.7078123543822116E-4
2.7472525575338675E-4
2.787287579783021E-4
2.827931214115766E-4
2.869195707547409E-4
2.911092597667097E-4
2.953633266636328E-4
2.996829311149231E-4
3.040692825054238E-4
3.085236672071347E-4
3.1304748037864246E-4
3.1764226592708204E-4
3.2230976672386073E-4
3.270519856228368E-4
3.318712558748593E-4
3.367703168405831E-4
3.417523873336843E-4
3.468212246022648E-4
3.5198115234853306E-4
3.572370371862785E-4
3.6259419086122346E-4
3.6805817704297554E-4
3.736345081880158E-4
3.79328231043217E-4
3.851434188646695E-4
3.910826126682239E-4
3.97146278958094E-4
4.033323715389886E-4
4.096363356038856E-4
4.160511330909682E-4
4.225676089081431E-4
4.2917520006894655E-4
4.358629256144702E-4
4.426205322910029E-4
4.4943962568227427E-4
4.5631460345700776E-4
4.6324323430047026E-4
4.7022679005879277E-4
4.772697255755137E-4
4.843789888099153E-4
4.91563110088903E-4
4.988312471045362E-4
5.061923467684967E-4
5.136545346584928E-4
5.212247754839918E-4
5.289087843899206E-4
5.36711125112499E-4
5.446354139620145E-4
5.526845556485753E-4
5.608609589117297E-4
5.691667059091557E-4
5.776036709793867E-4
5.861735977837514E-4
5.948781491276479E-4
6.037189434993525E-4
6.126975895226978E-4
6.218157262578813E-4
6.310750745704976E-4
6.404775026403098E-4
6.500251066169008E-4
6.597203048521309E-4
6.695659405703914E-4
6.795653830490181E-4
6.897226115036613E-4
7.000422595133692E-4
7.105295921640314E-4
7.211903849263028E-4
7.320306748615715E-4
7.430563633742139E-4
7.542726670934848E-4
7.656834397668468E-4
7.772904210733172E-4
7.890925028443682E-4
8.01101108116259E-4
8.133226710887413E-4
8.257587459118552E-4
8.384065737228108E-4
8.512601131351307E-4
8.643114518531196E-4
8.775524308289453E-4
8.909762498730166E-4
9.045788050097729E-4
9.183595438833566E-4
9.323217123496212E-4
9.4647198387279E-4
9.608195836023417E-4
9.75375109518313E-4
9.901492909843278E-4
0.0010051519039273528
0.0010203909931668107
0.0010358724606989787
0.0010515999921856028
0.0010675752344348555
0.0010837981137040884
0.001100267194438554
0.0011169800080160549
0.001133933316399154
0.0011511233049290525
0.0011685457165368847
0.0011861959466931999
0.0012040691179504449
0.0012221601490136791
0.0012404638288360263
0.0012589749025952363
0.001277688173602989
0.0012965986225991317
0.001315701542705877
0.0013349926839334564
0.001354468395231631
0.0013741257448166599
0.00139396259161321
0.0014139775736044524
0.0014341699749070226
0.0014545394352805001
0.0014750854764215523
0.0014958068408908133
0.0015167006721073482
0.0015377616047534425
0.0015600340939728803
0.0015834413362710562
0.0016079044450550545
0.0016333424644600204
0.0016596729532063967
0.001686813142481783
0.0017146815631423136
0.0017431999310892833
0.0017722950034715552
0.0018019000971993228
0.0018319560079939105
0.0018624111774765174
0.0018932211032422572
0.0019243471351160343
0.001955754910904201
0.001987412729246555
0.0020192901284140394
0.002051356853118425
0.0020835822774525814
0.0021159352457994387
0.0021483842216062205
0.002180897607285447
0.0022134441119460294
0.0022459930813329082
0.00227851474799618
0.0023109803955034163
0.0023433624522110437
0.0023756345383080767
0.0024077714889405317
0.0024397493712222463
0.002471545507412233
0.002503138512076841
0.002534508347698316
0.0025656364001943924
0.002596505572265766
0.0026271003876736907
0.002657407093131772
0.0026874137366539896
0.002717110192777723
0.002746488097712402
0.002775540653596899
0.0028042622637169837
0.0028326479727969326
0.002860692710483162
0.0028883903719058176
0.0029851624861797965
0.003078407653022315
0.003168206617214907
0.00325463349061515
0.0033377559590678945
0.0034176361066554565
0.0034943318466274013
0.003567898829896299
0.0036383925897931504
0.00370587060610954
0.003770393957902313
0.00383202829469769
0.00389084398104992
0.003946915431269739
0.004000319808253919
0.0040511353715234205
0.004099439797321753
0.004145308753238661
0.004188814910177105
0.004230027450135449
0.004269012016392658
0.00430583098030691
0.004340543875723728
0.004373207870567057
0.0044038781877027856
0.004432608434129315
0.004459450834857821
0.0044844563896440925
0.004507674978259138
0.004529155438206132
0.004548945633041615
0.0045670925234224296
0.004583642248248212
0.004598640219801626
0.004612131233845877
0.004624159592340529
0.004634769232127228
0.004644003847345431
0.004651906986683015
0.0046585220996569095
0.004663892500446645
0.004668061215511309
0.0046710706848755125
0.004672962299028027
0.004673775775353474
0.009250459140185172
0.009110329545974334
0.008972377605174383
0.008836563584600598
0.008702844694153203
0.008571175469937907
0.008441508626280214
0.008313796324974369
0.008187991721449716
0.008064050573797794
0.007941932663449223
0.007821602790913528
0.007703031178953574
0.007586193225941022
0.007471068677768799
0.007357640395456653
0.007245892959489328
0.007135811356364631
0.00702737994123475
0.006920581782515943
0.006815398398076957
0.006711809814642176
0.006609794838815129
0.006509331422385585
0.006410397027353752
0.006312968932514692
0.0062170244592661345
0.006122541120434118
0.006029496709597361
0.005937869351704371
0.00584763753291365
0.005758780122510061
0.005671276394963793
0.005585106056640621
0.005500249279223027
0.005416686739997464
0.005334399667225067
0.005253369886454615
0.0051735798607341985
0.00509501271439977
0.00501765222695378
0.004941482781320264
0.004866489250585668
0.0047926568104491845
0.004719970672079162
0.3063652804096671
