7.305777864147789E-7
1.4765874194427034E-6
2.2378179852926286E-6
3.014003678355145E-6
3.80489350958141E-6
4.6103117994574984E-6
5.430198129946764E-6
6.264621483664447E-6
7.113770390691889E-6
7.977926647608642E-6
8.85743284404228E-6
9.752663132810878E-6
1.06640033706837E-5
1.1591842660935326E-5
1.2536575069370666E-5
1.3498608719534553E-5
1.447837952041875E-5
1.5476367726105295E-5
1.649311652297747E-5
1.75292522952119E-5
1.858550592574869E-5
1.966273353518029E-5
2.07619336770802E-5
2.1884256484911725E-5
2.303099895195838E-5
2.420357986715867E-5
2.5403488465523625E-5
2.663220312330525E-5
2.7891080789250918E-5
2.9181224206653783E-5
3.0503341574956005E-5
3.1857620552512123E-5
3.324364318079345E-5
3.466036800468464E-5
3.610619859164562E-5
3.6848565807030735E-5
3.760046706784843E-5
3.836008953608708E-5
3.912607823669259E-5
3.989768886799565E-5
4.067485153340989E-5
4.145813542730341E-5
4.224862615012413E-5
4.304774601832429E-5
4.385705790339313E-5
4.4678092012356605E-5
4.551222375618638E-5
4.636061399462346E-5
4.72242064997384E-5
4.810376643068385E-5
4.899994012253667E-5
4.99133195638791E-5
5.084450149267573E-5
5.1794137663887796E-5
5.2762977212225094E-5
5.37519034327333E-5
5.476196626307273E-5
5.5794409318944754E-5
5.6850687473654684E-5
5.7932468369581224E-5
5.9041609419839394E-5
6.0180101343999114E-5
6.134997073029213E-5
6.255313817570893E-5
6.379123559680644E-5
6.506539605958084E-5
6.637604069999423E-5
6.772269762067751E-5
6.910389375558803E-5
7.051715907198784E-5
7.195917055679438E-5
7.342604093769987E-5
7.491372714879793E-5
7.641850280704638E-5
7.793741630483038E-5
7.94686500095962E-5
8.101171120901093E-5
8.256742015450845E-5
8.413770617294449E-5
8.572526601471115E-5
8.733316608411616E-5
8.896447386683178E-5
9.06219841691133E-5
9.23080713786094E-5
9.402466284063545E-5
9.577330234945052E-5
9.75552626461459E-5
9.9371670542792E-5
1.0122362162598994E-4
1.0311227594545007E-4
1.0503893627867915E-4
1.070051145774615E-4
1.0901259097864285E-4
1.1106346545386533E-4
1.1316019678089126E-4
1.1530561837552747E-4
1.1750291651000582E-4
1.1975555444967307E-4
1.2206712722288789E-4
1.2444113741082706E-4
1.2688069349993056E-4
1.2938814896563613E-4
1.3196472061435135E-4
1.3461014489712895E-4
1.3732244503292522E-4
1.4009788338401337E-4
1.4293115605167338E-4
1.4581584942406072E-4
1.4874512546547808E-4
1.5171254516299098E-4
1.5471289395568E-4
1.5774285560302424E-4
1.6080140215801776E-4
1.638898263288715E-4
1.6701142410418228E-4
1.7017091606064152E-4
1.7337375010554478E-4
1.766254401169346E-4
1.7993106313111116E-4
1.8329497711802253E-4
1.8672075553827588E-4
1.9021128583514648E-4
1.937689586355565E-4
1.973958814470094E-4
2.0109407409692502E-4
2.0486562942480493E-4
2.0871284176952155E-4
2.1263831387622348E-4
2.16645051507137E-4
2.2073654809734382E-4
2.2491685279873807E-4
2.2919060648130918E-4
2.335630230936248E-4
2.380397895679421E-4
2.4262685803994556E-4
2.4733011178593135E-4
2.52154902868865E-4
2.571054854401549E-4
2.6218440162785814E-4
2.6739191099229E-4
2.727255962937953E-4
2.7818024977695535E-4
2.837481389572304E-4
2.894196936684162E-4
2.9518457146120766E-4
3.0103296396619236E-4
3.0695692896607886E-4
3.1295149930675757E-4
3.1901534878952474E-4
3.251508865537232E-4
3.3136378280964934E-4
3.3766206121754863E-4
3.4405498500226535E-4
3.505519869707888E-4
3.5716184513650965E-4
3.638922087863024E-4
3.707494728011915E-4
3.7773891723011827E-4
3.8486499453842997E-4
3.9213165715136077E-4
3.995426553871508E-4
4.071017784610616E-4
4.1481304249624186E-4
4.2268084321489476E-4
4.3071008958504663E-4
4.3890632429815243E-4
4.4727582322461116E-4
4.558256524879592E-4
4.6456365053202265E-4
4.7349829542165213E-4
4.8263841732234456E-4
4.919927260778977E-4
5.015691471284298E-4
5.113739966601277E-4
5.214110757770461E-4
5.316816452703349E-4
5.421836954664942E-4
5.529116280812568E-4
5.63856501139027E-4
5.750069055645993E-4
5.863504173395859E-4
5.978754278846155E-4
6.095730369672026E-4
6.214386387584983E-4
6.33472871075881E-4
6.45681731007753E-4
6.580758544016327E-4
6.7066915428253E-4
6.834771515698661E-4
6.965153679411242E-4
7.097980804594157E-4
7.233375946865517E-4
7.371440343055864E-4
7.512255250585255E-4
7.655885990672112E-4
7.802386603573897E-4
7.951804077427267E-4
8.104181742920959E-4
8.259561890506316E-4
8.417987873985338E-4
8.579505949814255E-4
8.744166956094854E-4
8.912027742209612E-4
9.083152070346312E-4
9.257610551186608E-4
9.435479072594881E-4
9.616835168543969E-4
9.801751903001346E-4
9.990289153570806E-4
0.0010182482687745662
0.0010378759596567668
0.0010579457815106123
0.0010784820029561006
0.0010994992919272977
0.001121003381522913
0.001142992574102582
0.0011654600104600693
0.001188396438104154
0.001211793050825351
0.0012356438981652885
0.0012599474170324567
0.001284706819284577
0.001309929333776017
0.0013356245699442867
0.0013618024570937418
0.0013884712615238614
0.0014156360865756612
0.0014432980655786985
0.0014714542422724734
0.0015000979711471748
0.0015292196014295247
0.0015588072297072983
0.0015888473818410948
0.0016193255702870528
0.0016502267355822853
0.0016815356086195166
0.001713237028618202
0.0017453162327906498
0.0017777591087997518
0.0018105523769198864
0.0018436836487792877
0.0018771412966490616
0.0019109140658493254
0.0019449903787549555
0.0019793573174213285
0.002016200756991344
0.00205533005261281
0.002096557447003121
0.002139696762798764
0.002184562781072175
0.0022309715576035753
0.002278741787794765
0.0023276971197323335
0.00237766907756006
0.0024285000614025468
0.00248004580599755
0.0025321767542039616
0.0025847780318860795
0.0026377480393511457
0.0026909960024965375
0.002744439049600358
0.0027979994290533877
0.0028516023555843987
0.002905174728500706
0.0029586447016506892
0.003011941890374418
0.0030649979222756203
0.0031177470694265857
0.0031701267945511567
0.0032220781483102813
0.003273546030148392
0.0033244793579767047
0.0033748311894624895
0.0034245588153250317
0.003473623816382072
0.00352199204904802
0.0035696335023647167
0.0036165219565248196
0.003662634372787862
0.003707949963667646
0.003865810128636998
0.004016227764068927
0.004159436673338669
0.004295658548395479
0.004425102162578887
0.004547963327234367
0.00466442585849148
0.0047746636375556985
0.004878843615947567
0.004977129368293608
0.005069684602882803
0.005156675976416903
0.005238274666290001
0.005314656420021264
0.005386000157404233
0.005452485538207739
0.005514290119620897
0.005571586749984338
0.005624541685679842
0.005673313648592216
0.005718053766038466
0.005758906143246299
0.0057960087519821875
0.005829494363814143
0.005859491362030759
0.005886124375727556
0.005909514755113217
0.005929780937910739
0.005947038752336099
0.005961401679282658
0.005972981068896441
0.005981886282334071
0.005988224711436391
0.005992101619664497
0.0059936197504170475
0.011830357677055989
0.011600688996296708
0.011375547924081617
0.011154844569587418
0.010938486186155328
0.01072637677325654
0.010518417322019217
0.01031450682195683
0.010114544006159519
0.009918429639348967
0.009726068991749092
0.009537374044099432
0.009352264978322073
0.009170670638783353
0.008992527875054467
0.008817779936050511
0.008646374297997764
0.008478260408369975
0.008313387788064688
0.008151704778501884
0.007993158012081208
0.0078376924977176
0.007685252102483859
0.007535780192001504
0.007389220245431605
0.007245516345275774
0.007104613519224329
0.006966457959104071
0.006830997157811596
0.006698179998495955
0.006567956813643705
0.006440279414286629
0.006315101075714464
0.006192376457227013
0.006072061430287953
0.3065521710720976
