0.02
0.009
0.013
0.015
0.017
0.02
0.023
0.027
0.03
0.033
0.037
0.041
0.046
0.05
0.055
0.06
0.067
0.069
0.074
0.078
0.223
0.415
0.684
0.944
1.317
1.682
2.122
2.599
3.026
3.568
4.434
5.356
5.99
6.259
7.173
8.117
9.405
9.815
10.687
11.684
12.422
15.656
18.053
18.055
18.699
19.704
22.194
22.67
23.039
24.492
25.883
27.293
27.638
30.173
31.111
32.482
33.91
34.224
35.669
37.468
39.604
41.342
41.031
42.857
44.958
48.135
49.081
63.415
80.627
111.977
132.461
124.314
76.672
56.888
46.985
49.97
54.582
36.273
40.851
43.848
48.285
51.352
57.049
60.077
62.359
66.962
70.791
74.832
77.595
81.621
85.324
89.356
98.266
104.928
104.314
107.659
116.562
116.918
121.679
123.645
127.895
133.556
150.674
150.355
155.417
156.442
160.173
165.998
166.562
170.157
171.605
174.719
