1.7416038408125972E-6
3.541945923353923E-6
5.403007292710906E-6
7.326835810982126E-6
9.315548409781313E-6
1.1371333418104171E-5
1.349645296821463E-5
1.5693245482391674E-5
1.7964128243557554E-5
2.0311600052972563E-5
2.273824397831979E-5
2.5246730195604958E-5
2.783981892835392E-5
3.0520363487594305E-5
3.329131341605306E-5
3.615571773988166E-5
3.91167283310321E-5
4.217760338314805E-5
4.5341711003502336E-5
4.861253292310767E-5
5.025206448662681E-5
5.194689188762189E-5
5.3698880167059014E-5
5.5509957256369075E-5
5.738211608049684E-5
5.931741673242602E-5
6.131798872434531E-5
6.338603332078766E-5
6.552382595893605E-5
6.773371876083387E-5
7.001814314148485E-5
7.237961251578701E-5
7.482072510594694E-5
7.734416684949926E-5
7.995271440634006E-5
8.264923826131996E-5
8.543670591695944E-5
8.831818516879567E-5
9.129684745377662E-5
9.437597126002357E-5
9.755894560695898E-5
1.008492736179184E-4
1.0425057621437123E-4
1.077665959629934E-4
1.1140120110515073E-4
1.1515838979377374E-4
1.1904229455591428E-4
1.2305718699114496E-4
1.2720748270693373E-4
1.3149774648268025E-4
1.359326976445972E-4
1.4051721562438407E-4
1.4525634566590548E-4
1.5015530463604552E-4
1.5521948688870582E-4
1.6045447012464357E-4
1.658660211845837E-4
1.7146010170880768E-4
1.7724287359324465E-4
1.8322070416995062E-4
1.8940017171754518E-4
1.957880717023795E-4
2.0239142398160585E-4
2.0921748106064608E-4
2.1627373738593807E-4
2.2356793956583546E-4
2.3110809734499504E-4
2.3890249510772143E-4
2.469597036510392E-4
2.552885919464741E-4
2.638983385986537E-4
2.727984427071048E-4
2.8199873384343924E-4
2.9150938086810107E-4
3.013408993277479E-4
3.115041571950946E-4
3.220103787366974E-4
3.3287114631988594E-4
3.44098399997156E-4
3.5570443473418196E-4
3.677019154408021E-4
3.8010390429662447E-4
3.9292389570875857E-4
4.061758549927327E-4
4.198742575371121E-4
4.340341258052067E-4
4.4867106205050166E-4
4.638012750825129E-4
4.794415998225193E-4
4.956095087395509E-4
5.12323114561072E-4
5.296011639146415E-4
5.474630217806306E-4
5.65928646825758E-4
5.850185578462694E-4
6.047537916813326E-4
6.251558530645916E-4
6.462466569675357E-4
6.680484640549052E-4
6.905838099219861E-4
7.138760338107905E-4
7.379496606834782E-4
7.628306563965947E-4
7.885465738104987E-4
8.151266059106412E-4
8.42601560400776E-4
8.710037687426938E-4
9.003669412535128E-4
9.30725978621309E-4
9.6211674905472E-4
9.94575839234643E-4
0.0010281402862791042
0.00106284729705922
0.0010987339604086627
0.0011358369570454645
0.0011741922713678586
0.0012138349086901876
0.0012547986209459786
0.0012971156433986722
0.0013408164444621605
0.0013859475517213342
0.0014325677027898073
0.0014807444389479084
0.001530551104306489
0.001582064215857811
0.0016353611722274878
0.0016905182712405693
0.0017476090085691974
0.001806702631747058
0.0018678629257251925
0.0019311472079118924
0.0019966055122935334
0.0020642799437800585
0.002134204185364496
0.002206403142036644
0.0022808927066522468
0.0023576796341361686
0.002436761511496089
0.002518126812147083
0.002601755024001316
0.0026881560443707472
0.0027777409178267602
0.002870831205775767
0.0029676676866250014
0.003068418427372222
0.003173186265204294
0.00328201573555616
0.0033948994810578297
0.0035117841738774988
0.0036325759821485243
0.0037571456094421226
0.0038853329346113597
0.004016951277781148
0.004151791316789318
0.00428962467699108
0.004430207216020097
0.004573282023849728
0.004718582157314638
0.004865833127132635
0.005014755154405975
0.005181162516661085
0.005362613971296892
0.005556849141352914
0.0057617779005903385
0.0059754703082094225
0.006196147066903153
0.006422170479139021
0.006652035877700472
0.006884363507609806
0.007117890837596761
0.007351465280274064
0.007584037301134456
0.00781465389739532
0.00804245242858838
0.008266654781625297
0.008486561853866282
0.008701548338480346
0.008911057797113417
0.009114598005576159
0.009311736558927971
0.009982664042514069
0.010598196246597736
0.011161291473472694
0.011674771994337847
0.012141329843164381
0.012563532375043486
0.012943827598291893
0.01328454928923548
0.013587921898247169
0.013856065255284725
0.014090999082856076
0.014294647324033233
0.014468842292841818
0.01461532865406967
0.014735767239265337
0.014831738705435317
0.014904747042696427
0.014956222936897192
0.014987526992988581
0.014999952824700158
0.029341539109829225
0.02835870141337744
0.027408785300689638
0.026490688015246122
0.025603343738967065
0.024745722354905485
0.023916828251385715
0.02311569916619898
0.022341405069514195
0.021593047084207572
0.02086975644235707
0.02017069347669079
0.019495046645818144
0.01884203159211245
0.01821089023115105
0.01760088987165592
0.017011322364913265
0.016441503282684518
0.015890771122654284
0.015358486540493191
