3.246705189950207E-5
6.836738602885139E-5
1.0806405361979964E-4
1.5195850411573193E-4
2.0049465532352863E-4
2.541633680251551E-4
2.8104032860610726E-4
3.1075940408786633E-4
3.4362111283943854E-4
3.7995783631783757E-4
4.2013718790751985E-4
4.645655139926429E-4
5.136918750713587E-4
5.680127809912463E-4
6.280776583449127E-4
6.94494700903708E-4
7.679364956140997E-4
8.491446682997754E-4
9.389380201014996E-4
0.0010382237905135203
0.0011480094624822387
0.0012694119284830403
0.0014036611737488507
0.0015520964363781185
0.0017162045601949668
0.0018976583221376121
0.0020983329295402734
0.0023202923423876858
0.0025657454960755516
0.002836977340106099
0.003136752418594045
0.003468352977167472
0.0038354064951312077
0.004241610807547135
0.0046904297816496585
0.005184806357988131
0.005731656533291756
0.006338743865624523
0.007012684235771648
0.0077577844902057885
0.008575483230814767
0.009464214168076846
0.010465284749408187
0.011593795168080144
0.01284642681496609
0.014207499142426963
0.015653622738918956
0.017157220463310363
0.019130722129005608
0.021362373475735726
0.023689419605102072
0.025989172925139553
0.028171514785946768
0.03017261834613791
0.03621368852671283
0.04067992746125983
0.043832727069642335
0.04589622918565622
0.04706223746661353
0.0474945114416973
0.0885062204737808
0.07934045203503988
0.07112389722922666
0.06375825480348302
0.05715540365405342
0.051236348562654306
