9.967047280908748E-5
2.145030606204345E-4
3.468044248475013E-4
4.992319281564573E-4
5.751763873788256E-4
6.626736198713145E-4
7.634820882926243E-4
8.796256124752252E-4
0.0010134351661907409
0.0011676009135044346
0.0013452255981761308
0.0015498643579529407
0.0017856206844657223
0.0020572575500012106
0.002370258605036481
0.0027307896535666153
0.0031461186169373786
0.0036248141853227247
0.004176518884604828
0.004811335076768972
0.005542890760106198
0.0063872610757414955
0.007360285419361014
0.0084747197660123
0.009764537786043576
0.011259936543903433
0.012975395000175817
0.014905875387251232
0.01720779403063533
0.01988955403236557
0.02287492863103516
0.026046253311118255
0.030491660475994498
0.03536540145376691
0.04010286914582035
0.044347270867136364
0.05614512796199113
0.06349068921060558
0.06744175372860971
0.06884078012667014
0.12422796765744755
0.10588030835429692
0.09024247847404039
0.07691425391289149
