4.493010514323507E-7
9.205273649493779E-7
1.41569203011074E-6
1.9293339583876184E-6
2.4448741469361862E-6
2.9472820434993906E-6
3.454266150187292E-6
3.9658700075926086E-6
4.482137837125763E-6
5.003114553660831E-6
5.528845778381106E-6
6.059377851827708E-6
6.594757847154829E-6
7.135033583595384E-6
7.680253640141072E-6
8.230467369440975E-6
8.785724911923084E-6
9.346077210143811E-6
9.911576023371375E-6
1.0482273942411536E-5
1.1058224404691233E-5
1.1639481709631241E-5
1.222610103437984E-5
1.2818138450075862E-5
1.3415650939039051E-5
1.4018696413817058E-5
1.4627333740228212E-5
1.5241622769232793E-5
1.586162438833893E-5
1.6487400615772357E-5
1.711901478673281E-5
1.7756531934127097E-5
1.8400019571380527E-5
1.904954928795524E-5
1.97051999488137E-5
2.0367063980534422E-5
2.1035259440364955E-5
2.170995261324549E-5
2.2391399188400474E-5
2.3080017121613696E-5
2.3776511494921932E-5
2.4482080988679207E-5
2.5198745740146815E-5
2.5929843681723325E-5
2.6680738843883056E-5
2.7459755545819437E-5
2.827927228329174E-5
2.9156418763702293E-5
3.011378205157076E-5
3.117870256413266E-5
3.1929577206001066E-5
3.281233317385285E-5
3.3816822340913385E-5
3.488653248621807E-5
3.5892890940929635E-5
3.663684440382614E-5
3.703526354488551E-5
3.743750026476461E-5
3.7843605270024087E-5
3.825363012674064E-5
3.8667627274056415E-5
3.9085650037969886E-5
3.950775264538301E-5
3.993399023841714E-5
4.036441888901017E-5
4.079909561380573E-5
4.123807838934377E-5
4.16814261675609E-5
4.212919889160895E-5
4.258145751199899E-5
4.30382640030823E-5
4.349968137989186E-5
4.396577371539479E-5
4.443660615827758E-5
4.49122449515508E-5
4.5392757452639946E-5
4.587821215648026E-5
4.636867872501278E-5
4.686422803054185E-5
4.736493222902961E-5
4.7870864897314894E-5
4.8382101304710746E-5
4.889871896207653E-5
4.942079873287444E-5
4.9948427059379407E-5
5.048170035446996E-5
5.102073350419396E-5
5.156567598735522E-5
5.211674174957384E-5
5.267426323301207E-5
5.323878655788558E-5
5.381123447979792E-5
5.439317675668015E-5
5.498726319751614E-5
5.5597889710526664E-5
5.623217421225463E-5
5.690130150656622E-5
5.762255086974504E-5
5.8419969398668865E-5
5.932635544193635E-5
6.038482036912639E-5
6.164529859844013E-5
6.315580189105539E-5
6.494304835796362E-5
6.697242534396351E-5
6.906328464982498E-5
7.072115499108225E-5
7.145061166162677E-5
7.218782182081071E-5
7.293289669693304E-5
7.368594931263037E-5
7.44470945156976E-5
7.52164490111782E-5
7.599413139467642E-5
7.678026218682003E-5
7.757496386879867E-5
7.837836091888514E-5
7.919057984983924E-5
8.001174924708423E-5
8.084199980754052E-5
8.168146437899608E-5
8.253027799988664E-5
8.338857793937201E-5
8.425650373760901E-5
8.513419724617573E-5
8.602180266873669E-5
8.69194666023498E-5
8.782733808053771E-5
8.874556862087612E-5
8.967431228347255E-5
9.061372575458899E-5
9.156396848650058E-5
9.252520295995273E-5
9.349759520790905E-5
9.44813158844393E-5
9.547654244722896E-5
9.648346356686639E-5
9.750228789141319E-5
9.853326113477183E-5
9.957669869017823E-5
1.0063304645740271E-4
1.0170299152625252E-4
1.0278765830536075E-4
1.0388894618804352E-4
1.0501009274554571E-4
1.0615658020587453E-4
1.0733753567024631E-4
1.0856778972130236E-4
1.0987164699789914E-4
1.1128373909057827E-4
1.1285350109977745E-4
1.1465112715985981E-4
1.1676625559731144E-4
1.1930087471349013E-4
1.2234654693007448E-4
1.2592132974015795E-4
1.2979115928856417E-4
1.3300610890940734E-4
1.3437682171925288E-4
1.357635807922566E-4
1.3716662293639304E-4
1.3858618891646594E-4
1.400225235775422E-4
1.4147587596588214E-4
1.4294649944626047E-4
1.4443465181465082E-4
1.4594059540536488E-4
1.4746459719180402E-4
1.4900692888007881E-4
1.5056786699482605E-4
1.5214769295663065E-4
1.5374669315053408E-4
1.55365158985168E-4
1.570033869421432E-4
1.5866167861538214E-4
1.6034034074018967E-4
1.6203968521201473E-4
1.637600290951498E-4
1.6550169462225528E-4
1.6726500918699193E-4
1.6905030533519803E-4
1.7085792076701703E-4
1.7268819837764626E-4
1.7454148639721765E-4
1.764181387595666E-4
1.783185159727507E-4
1.8024298705342605E-4
1.821919336585638E-4
1.841657586491387E-4
1.8616490338746046E-4
1.8818988184103627E-4
1.9024134623465597E-4
1.9232021038087917E-4
1.944278755057544E-4
1.9656663262840283E-4
1.9874035867854825E-4
2.0095568223306404E-4
2.0322386533225365E-4
2.0556371418399303E-4
2.0800772433140154E-4
2.1060293484138104E-4
2.1341890186731176E-4
2.1656035695768035E-4
2.201700468695621E-4
2.244263058764892E-4
2.2951942826372586E-4
2.3556066550858964E-4
2.4226909198164786E-4
2.4805603515317E-4
2.506981266753589E-4
2.5337350222144546E-4
2.560826765512804E-4
2.5882617727513666E-4
2.6160454479438975E-4
2.6441833215817205E-4
2.6726810484212985E-4
2.7015444045510115E-4
2.730779283793091E-4
2.760391693493687E-4
2.7903877497519226E-4
2.820773672136174E-4
2.851555777933686E-4
2.8827404759774143E-4
2.91433426009166E-4
2.946343702196493E-4
2.9787754451086673E-4
3.0116361950754755E-4
3.044932714076687E-4
3.078671811930109E-4
3.112860338239019E-4
3.1475051742291813E-4
3.1826132245470635E-4
3.218191409148358E-4
3.2542466555366914E-4
3.2907858919046216E-4
3.327816042363888E-4
3.365344026804651E-4
3.403376770740322E-4
3.441921236233258E-4
3.480984496411581E-4
3.5205738982346113E-4
3.560697399997606E-4
3.6013642468214367E-4
3.642586283769274E-4
3.684380440059577E-4
3.7267733024054435E-4
3.769809297216513E-4
3.813564884988915E-4
3.8581723580119015E-4
3.903858216010739E-4
3.9510354421743826E-4
4.0003087587988035E-4
4.0525981524649893E-4
4.109355363171536E-4
4.172655111138111E-4
4.2452532413352073E-4
4.330379715213077E-4
4.4305205922900396E-4
4.5425550506893555E-4
4.6425010696718964E-4
4.694421189651783E-4
4.7470442425071713E-4
4.8003845680271454E-4
4.8544565894909753E-4
4.909274751595936E-4
4.964853462014418E-4
5.021207036441621E-4
5.078349646998925E-4
5.13629527386274E-4
5.195057659992277E-4
5.254650268834043E-4
5.315086244884456E-4
5.376378376995845E-4
5.438539064314976E-4
5.501580284746141E-4
5.565513565835315E-4
5.630349957974465E-4
5.696100009829045E-4
5.762773745895263E-4
5.830380646098273E-4
5.898929627348946E-4
5.968429026988063E-4
6.038886588070074E-4
6.110309446489247E-4
6.182704120064081E-4
6.256076499950603E-4
6.330431845318614E-4
6.405774783455163E-4
6.482109320090045E-4
6.559438870250924E-4
6.637766331248501E-4
6.717094241979951E-4
6.797425116778532E-4
6.878762125558108E-4
6.961110445690991E-4
7.044479884537211E-4
7.128889839982237E-4
7.214378433627349E-4
7.301018840913024E-4
7.388947558385905E-4
7.478515550875857E-4
7.570300085969124E-4
7.665103102872752E-4
7.764123210327669E-4
7.869277112478346E-4
7.983369800029764E-4
8.110266277489662E-4
8.254755673705239E-4
8.421036404059721E-4
8.605908733984012E-4
8.776410447448427E-4
8.880873868350568E-4
8.987071665903704E-4
9.095023955046761E-4
9.20474639009811E-4
9.316250367968918E-4
9.429543224902005E-4
9.544628426909922E-4
9.661505754080861E-4
9.780171478917857E-4
9.90061853887185E-4
0.0010022836703226015
0.0010146812734484574
0.0010272530544415438
0.0010399971344893233
0.0010529113793684057
0.0010659934135311983
0.0010792406337142126
0.0010926502220812968
0.0011062191589147413
0.0011199442348669797
0.0011338220627855977
0.0011478490891245938
0.0011620216049561785
0.0011763357566007846
0.00119078755590152
0.0012053728901896769
0.0012200875320348278
0.0012349271489787658
0.0012498873136852523
0.0012649635154391035
0.0012801511749841981
0.0012954456668622268
0.0013108423577704973
0.001326336677961498
0.0013419242588287657
0.0013576011994127853
0.0013733645769257441
0.0013892134052458324
0.0014051503886556415
0.0014219454781093926
0.0014395786786043849
0.0014580586395672448
0.0014774212897748287
0.0014977510950420871
0.0015192227320700578
0.0015421255836438044
0.001566892653211928
0.0015940965334928336
0.0016242758414885877
0.0016570821694478627
0.0016883925901286193
0.0017115886741590957
0.0017351017179705994
0.0017589010427781135
0.0017829570080209495
0.001807240984716124
0.0018317253294106606
0.0018563833587204117
0.0018811893244431383
0.001906118389233926
0.0019311466028311538
0.0019562508788215464
0.0019814089719330445
0.002006599455844379
0.0020318017015006525
0.002056995855924131
0.002082162821510002
0.0021072842357968374
0.002132342451701769
0.0021573205182106626
0.002182202161513749
0.0022069717665776432
0.0022316143591451887
0.0022561155881559267
0.002280461708582949
0.002304639564688575
0.002328636573717499
0.0023524407100832347
0.00237604049018929
0.0023994249582185703
0.00242258367364777
0.0024455067021548955
0.0024681846135056625
0.0024906084939392706
0.0025127699884331654
0.0025346614034738365
0.002556275929608699
0.0025776080949866794
0.0025986546514479704
0.0026750320722653516
0.0027488477757076062
0.0028201844692353592
0.002889151715079109
0.0029558832600947126
0.003020559711820796
0.0030834543774504466
0.0031449610355891934
0.0032056292386816415
0.0032661676513063846
0.003327266869835613
0.0033886815201282974
0.0034460796013718047
0.0034923917650933854
0.003536769466505115
0.003579257726289172
0.0036199006771223956
0.003658741579917866
0.0036958228397815916
0.003731186021689159
0.0037648718658871445
0.003796920303023969
0.003827370469014848
0.0038562607196453236
0.0038836286449179685
0.003909511083146496
0.0039339441348017696
0.003956963176113828
0.0039786028724341565
0.003998897191362359
0.004017879415641195
0.004035582155824049
0.004052037362718732
0.004067276339611721
0.004081329754276947
0.004094227650774086
0.0041059994610428965
0.004116674016304588
0.004126279558291796
0.004134843750354325
0.004142393688547453
0.0041489559129460046
0.004154556419733381
0.004159220675283526
0.004162973634883836
0.0041658397717248925
0.004167843127819247
0.004169007410390887
0.004169356179913243
0.004168913217580237
0.008235230525632598
0.008121893801319712
0.008010149051377927
0.007899993258735935
0.007791445421033472
0.007684542456266236
0.007579356698516358
0.007476031736731707
0.007374801797659617
0.007276017504852712
0.007180146763321719
0.007087635346344005
0.006998195769045546
0.00690839567443596
0.006812824350454721
0.006718586314883912
0.006625662791519437
0.006534035271111041
0.006443685507534139
0.0063545955140169
0.006266747559421837
0.006180124164580987
0.006094708098684054
0.006010482375718632
0.005927430250961777
0.005845535217522273
0.0057647810029327
0.005685151565790749
0.00560663109244893
0.0055292039937520675
0.005452854901821853
0.005377568666887792
0.0053033303541638425
0.005230125240770184
0.005157938812699473
0.005086756761827163
0.00501656498296581
0.0049473495709640184
0.004879096817852805
0.004811793210047136
0.0047454254256222485
0.004679980331712529
0.004615444982145164
0.004551806615566158
0.0044890526546360636
0.004427170707559358
0.004366148574647956
0.004305974265542978
0.004246636038493272
0.004188122484125821
0.3016140217798417
