8.252053458573979E-8
1.6521825714528383E-7
2.4809325423408665E-7
3.311456130479632E-7
4.1437542143594805E-7
4.977827679132518E-7
5.813677416743157E-7
6.651304326059584E-7
7.490709313006388E-7
8.331893290697899E-7
9.174857179572818E-7
1.0019601907529607E-6
1.0866128410063015E-6
1.1714437630401595E-6
1.256453051964614E-6
1.341640803690926E-6
1.4270071149455942E-6
1.512552083284498E-6
1.5982758071071793E-6
1.6841783856711834E-6
1.770259919106547E-6
1.8565205084303463E-6
1.942960255561397E-6
2.029579263335021E-6
2.11637763551795E-6
2.203355476823289E-6
2.290512892925666E-6
2.377849990476399E-6
2.465366877118849E-6
2.5530636615038113E-6
2.6409404533051056E-6
2.7289973632351638E-6
2.817234503060834E-6
2.9056519856192368E-6
2.994249924833756E-6
3.083028435730126E-6
3.1719876344526215E-6
3.261127638280438E-6
3.3504485656440805E-6
3.4399505361419447E-6
3.529633670556981E-6
3.6194980908734852E-6
3.709543920294017E-6
3.7997712832564186E-6
3.89018030545094E-6
3.9807711138375426E-6
4.071543836663257E-6
4.162498603479742E-6
4.253635545160844E-6
4.344954793920417E-6
4.436456483330161E-6
4.52814074833766E-6
4.620007725284502E-6
4.712057551924513E-6
4.804290367442199E-6
4.896706312471234E-6
4.989305529113063E-6
5.082088160955759E-6
5.175054353092863E-6
5.2682042521424485E-6
5.361538006266316E-6
5.455055765189233E-6
5.548757680218456E-6
5.642643904263248E-6
5.736714591854593E-6
5.830969899165105E-6
5.925409984028917E-6
6.02003500596188E-6
6.114845126181831E-6
6.209840507628977E-6
6.305021314986416E-6
6.400387714700896E-6
6.4959398750035735E-6
6.591677965931086E-6
6.687602159346561E-6
6.783712628961001E-6
6.880009550354624E-6
6.9764931009984265E-6
7.073163460275983E-6
7.170020809505192E-6
7.267065331960372E-6
7.364297212894403E-6
7.461716639561004E-6
7.5593238012372785E-6
7.657118889246246E-6
7.755102096979733E-6
7.85327361992119E-6
7.951633655668827E-6
8.050182403958885E-6
8.148920066688993E-6
8.247846847941754E-6
8.346962954008442E-6
8.446268593412946E-6
8.545763976935705E-6
8.645449317637981E-6
8.7453248308862E-6
8.845390734376506E-6
8.94564724815939E-6
9.04609459466463E-6
9.14673299872619E-6
9.247562687607495E-6
9.348583891026784E-6
9.44979684118253E-6
9.551201772779236E-6
9.652798923053305E-6
9.754588531799067E-6
9.856570841395253E-6
9.958746096832221E-6
1.0061114545740725E-5
1.0163676438425305E-5
1.0266432027910059E-5
1.0369381570018373E-5
1.0472525323544021E-5
1.0575863550664181E-5
1.0679396517982433E-5
1.0783124499175228E-5
1.0887047781641802E-5
1.099116668293193E-5
1.1095481590531076E-5
1.1199993056166264E-5
1.1304702014357575E-5
1.1409610277107417E-5
1.1514721626442728E-5
1.1620044166158268E-5
1.172559524949394E-5
1.1831411515157924E-5
1.1937568720658472E-5
1.2044219693962716E-5
1.2151664467330106E-5
1.22604750210855E-5
1.237170787131229E-5
1.248724898509521E-5
1.2610341451723649E-5
1.2746334683334653E-5
1.2903642578694039E-5
1.309466878855165E-5
1.333660115384404E-5
1.3651162910479447E-5
1.4061754792059414E-5
1.4586180630665458E-5
1.5222256454372554E-5
1.5924228929957617E-5
1.657535958279729E-5
1.6998835979893812E-5
1.713495568435259E-5
1.7271335971197112E-5
1.7407977153813367E-5
1.754487954856025E-5
1.768204347479972E-5
1.7819469254927118E-5
1.787463667981573E-5
1.792988942463118E-5
1.7985227734496915E-5
1.804065185705225E-5
1.809616204247081E-5
1.8151758543478778E-5
1.820744161537343E-5
1.8263211516041608E-5
1.8319068505978202E-5
1.837501284830523E-5
1.843104480879007E-5
1.8487164655864777E-5
1.85433726606447E-5
1.8599669096947636E-5
1.865605424131293E-5
1.8712528373020578E-5
1.8769091774110585E-5
1.8825744729402353E-5
1.8882487526514008E-5
1.893932045588219E-5
1.899624381078149E-5
1.9053257887344473E-5
1.911036298458121E-5
1.9167559404399598E-5
1.922484745162519E-5
1.9282227434021648E-5
1.9339699662310665E-5
1.9397264450192854E-5
1.9454922114367902E-5
1.9512672974555543E-5
1.9570517353516056E-5
1.9628455577071557E-5
1.9686487974126605E-5
1.9744614876689667E-5
1.980283661989441E-5
1.9861153542021116E-5
1.9919565984518266E-5
1.9978074292024004E-5
2.003667881238854E-5
2.009537989669574E-5
2.0154177899285378E-5
2.0213073177775554E-5
2.027206609308499E-5
2.0331157009455837E-5
2.0390346294476313E-5
2.044963431910349E-5
2.0509021457686688E-5
2.056850808799044E-5
2.062809459121816E-5
2.0687781352035458E-5
2.0747568758594054E-5
2.0807457202555515E-5
2.086744707911543E-5
2.0927538787027737E-5
2.098773272862884E-5
2.1048029309862526E-5
2.110842894030462E-5
2.1168932033187544E-5
2.122953900542611E-5
2.1290250277642186E-5
2.135106627419036E-5
2.1411987423183788E-5
2.1473014156519533E-5
2.1534146909905042E-5
2.1595386122883943E-5
2.165673223886255E-5
2.1718185705136423E-5
2.1779746972916846E-5
2.1841416497357964E-5
2.1903194737583654E-5
2.1965082156714937E-5
2.202707922189715E-5
2.2089186404327688E-5
2.2151404179283783E-5
2.2213733026150307E-5
2.2276173428448043E-5
2.2338725873861877E-5
2.2401390854269368E-5
2.2464168865769096E-5
2.252706040870992E-5
2.2590065987719543E-5
2.265318611173395E-5
2.2716421294026504E-5
2.277977205223754E-5
2.2843238908404085E-5
2.290682238898937E-5
2.29705230249133E-5
2.3034341351582095E-5
2.3098277908918786E-5
2.3162333241393718E-5
2.3226507898055025E-5
2.3290802432559475E-5
2.3355217403203173E-5
2.3419753372953E-5
2.3484410909477445E-5
2.3549190585177947E-5
2.3614092977220545E-5
2.3679118667567453E-5
2.3744268243008685E-5
2.380954229519403E-5
2.3874941420665035E-5
2.3940466220886934E-5
2.400611730228128E-5
2.407189527625796E-5
2.4137800759247792E-5
2.4203834372735395E-5
2.42699967432915E-5
2.4336288502606308E-5
2.4402710287523227E-5
2.4469262740074115E-5
2.453594650751911E-5
2.4602762242398997E-5
2.4669710602622325E-5
2.4736792251646402E-5
2.4804007858909302E-5
2.4871358100921298E-5
2.4938843664048938E-5
2.500646525156852E-5
2.5074223601257163E-5
2.5142119528453417E-5
2.5210154029319238E-5
2.527832852318621E-5
2.5346645408640927E-5
2.541510930992454E-5
2.548372980307509E-5
2.5552527227971877E-5
2.5621544750971926E-5
2.5690872700313693E-5
2.576069620309377E-5
2.5831385470453138E-5
2.590366102259627E-5
2.5978884623905752E-5
2.605954987490773E-5
2.6150069123681136E-5
2.625796186281953E-5
2.6395619868492683E-5
2.6582004644564898E-5
2.684489775596209E-5
2.7222612060285458E-5
2.776252502208938E-5
2.8514175366969835E-5
2.9511667583405374E-5
3.0734789162333504E-5
3.202289421558772E-5
3.293394385276874E-5
3.302077854535944E-5
3.310777502657382E-5
3.319493403069683E-5
3.328225629787079E-5
3.336974257412672E-5
3.3457393611417014E-5
3.354521016764607E-5
3.3633193006702995E-5
3.3721342898493126E-5
3.380966061897049E-5
3.3898146950169386E-5
3.3986802680237845E-5
3.407562860347005E-5
3.416462552033945E-5
3.4253794237531814E-5
3.43431355679803E-5
3.443265033089822E-5
3.452233935181485E-5
3.461220346261E-5
3.470224350154999E-5
3.479246031332333E-5
3.488285474907761E-5
3.497342766645684E-5
3.506417992963893E-5
3.515511240937398E-5
3.5246225983023284E-5
3.5337521534598816E-5
3.5428999954803436E-5
3.55206621410712E-5
3.5612508997609175E-5
3.570454143543895E-5
3.5796760372440204E-5
3.588916673339222E-5
3.598176145001968E-5
3.607454546103591E-5
3.616751971218869E-5
3.626068515630623E-5
3.6354042753343005E-5
3.644759347042752E-5
3.6541338281910074E-5
3.663527816941083E-5
3.672941412186943E-5
3.682374713559434E-5
3.6918278214312944E-5
3.701300836922325E-5
3.710793861904503E-5
3.720306999007176E-5
3.729840351622398E-5
3.739394023910207E-5
3.748968120804057E-5
3.758562748016266E-5
3.768178012043463E-5
3.777814020172226E-5
3.787470880484634E-5
3.7971487018639494E-5
3.8068475940003224E-5
3.8165676673965584E-5
3.826309033373887E-5
3.836071804077861E-5
3.8458560924842006E-5
3.8556620124047464E-5
3.86548967849345E-5
3.875339206252362E-5
3.885210712037651E-5
3.895104313065768E-5
3.905020127419481E-5
3.9149582740540346E-5
3.924918872803373E-5
3.934902044386272E-5
3.944907910412609E-5
3.954936593389585E-5
3.964988216728038E-5
3.975062904748661E-5
3.985160782688352E-5
3.995281976706535E-5
4.005426613891481E-5
4.0155948222666426E-5
4.025786730797032E-5
4.0360024693955376E-5
4.04624216892932E-5
4.056505961226162E-5
4.066793979080833E-5
4.077106356261461E-5
4.08744322751587E-5
4.0978047285779445E-5
4.1081909961739655E-5
4.1186021680289435E-5
4.1290383828729724E-5
4.1394997804474405E-5
4.149986501511408E-5
4.160498687847848E-5
4.171036482269842E-5
4.1816000286268805E-5
4.192189471811037E-5
4.202804957763049E-5
4.213446633478585E-5
4.22411464701426E-5
4.23480914749373E-5
4.245530285113722E-5
4.256278211150074E-5
4.267053077963628E-5
4.2778550390061404E-5
4.2886842488261855E-5
4.2995408630749976E-5
4.3104250385121436E-5
4.321336933011355E-5
4.3322767055661375E-5
4.3432445162953565E-5
4.354240526448856E-5
4.36526489841291E-5
4.3763177957156695E-5
4.387399383032573E-5
4.398509826191564E-5
4.4096492921784627E-5
4.420817949142094E-5
4.432015966399566E-5
4.443243514441661E-5
4.454500764938955E-5
4.4657878907499774E-5
4.4771050659352766E-5
4.4884524657879525E-5
4.499830266908903E-5
4.511238647400518E-5
4.522677787368858E-5
4.534147870211994E-5
4.545649085871099E-5
4.557181638875592E-5
4.568745767842225E-5
4.58034179171079E-5
4.59197021690935E-5
4.603631979926677E-5
4.615328982994907E-5
4.627065246920851E-5
4.638849325759516E-5
4.6506992219364076E-5
4.662652091759168E-5
4.674782796410516E-5
4.687238131438014E-5
4.700297583213771E-5
4.7144765782158986E-5
4.730693346839181E-5
4.750553391593881E-5
4.776621250372988E-5
4.8128818642086036E-5
4.865291969770605E-5
4.9420270926197503E-5
5.053193222358026E-5
5.209114584533148E-5
5.414634326399064E-5
5.6508233108697576E-5
5.8325240332395764E-5
5.846754660799527E-5
5.861020295287757E-5
5.8753211288639E-5
5.8896573548810584E-5
5.904029167887931E-5
5.918436763632302E-5
5.932880339065158E-5
5.9473600923462E-5
5.961876222850052E-5
5.9764289311734975E-5
5.991018419143474E-5
6.005644889826083E-5
6.020308547536169E-5
6.035009597847788E-5
6.049748247605226E-5
6.064524704934968E-5
6.079339179257919E-5
6.0941918813025465E-5
6.109083023118386E-5
6.124012818090157E-5
6.138981480952276E-5
6.153989227803936E-5
6.16903627612459E-5
6.184122844789749E-5
6.199249154087151E-5
6.214415425733348E-5
6.229621882890576E-5
6.244868750183797E-5
6.260156253718057E-5
6.275484621096133E-5
6.290854081436175E-5
6.306264865389834E-5
6.321717205160032E-5
6.33721133451949E-5
6.35274748882874E-5
6.368325905054625E-5
6.383946821788667E-5
6.399610479265439E-5
6.41531711938107E-5
6.431066985711606E-5
6.446860323531377E-5
6.4626973798314E-5
6.478578403337538E-5
6.494503644528616E-5
6.510473355654612E-5
6.526487790754423E-5
6.542547205673697E-5
6.558651858082485E-5
6.574802007492528E-5
6.590997915274626E-5
6.607239844675649E-5
6.623528060835231E-5
6.639862830802526E-5
6.656244423552344E-5
6.672673110001352E-5
6.689149163023796E-5
6.705672857467039E-5
6.722244470166671E-5
6.738864279961571E-5
6.755532567708303E-5
6.772249616295488E-5
6.789015710657661E-5
6.80583113778882E-5
6.822696186755633E-5
6.839611148710277E-5
6.856576316902874E-5
6.873591986693551E-5
6.890658455564172E-5
6.907776023129558E-5
6.924944991148338E-5
6.942165663533481E-5
6.959438346362333E-5
6.976763347886127E-5
6.994140978539236E-5
7.011571550947944E-5
7.029055379938685E-5
7.046592782545957E-5
7.064184078019689E-5
7.081829587832154E-5
7.099529635684557E-5
7.117284547512925E-5
7.135094651493778E-5
7.152960278049204E-5
7.17088175985133E-5
7.188859431826675E-5
7.206893631159613E-5
7.224984697295644E-5
7.243132971944142E-5
7.261338799080376E-5
7.279602524947429E-5
7.297924498057297E-5
7.31630506919167E-5
7.33474459140224E-5
7.353243420010427E-5
7.37180191260653E-5
7.390420429048714E-5
7.409099331461167E-5
7.427838984231882E-5
7.446639754010012E-5
7.465502009702712E-5
7.484426122471373E-5
7.503412465727434E-5
7.522461415127824E-5
7.541573348569792E-5
7.56074864618514E-5
7.579987690334295E-5
7.59929086559955E-5
7.618658558778012E-5
7.638091158874046E-5
7.657589057091221E-5
7.677152646823733E-5
7.696782323647554E-5
7.716478485310645E-5
7.736241531723379E-5
7.756071864947863E-5
7.775969889187293E-5
7.79593601077466E-5
7.815970638161768E-5
7.836074181908748E-5
7.856247054676881E-5
7.876489671231399E-5
7.896802448472655E-5
7.917185805546005E-5
7.93764016416342E-5
7.958165949483419E-5
7.978763592430796E-5
7.999433535651414E-5
8.020176248448094E-5
8.040992263406787E-5
8.061882264203387E-5
8.082847291278595E-5
8.103889212174183E-5
8.12501177058608E-5
8.146222866009471E-5
8.16753937387897E-5
8.188997047489949E-5
8.210670245164765E-5
8.232709961576389E-5
8.255414582179441E-5
8.279356458778626E-5
8.305598595088628E-5
8.336109709926823E-5
8.374146895767026E-5
8.425028890795024E-5
8.497244914818553E-5
8.603361053817092E-5
8.760574534409619E-5
8.989599257878206E-5
9.307114285590356E-5
9.693692478061805E-5
1.0007279499989645E-4
1.0031878022149827E-4
1.0056555365880004E-4
1.008131196098006E-4
1.010614823877334E-4
1.0131064632344906E-4
1.0156061576771333E-4
1.0181139509340925E-4
1.0206298869765897E-4
1.0231540100385557E-4
1.0256863646361427E-4
1.0282269955863808E-4
1.0307759480250848E-4
1.0333332674239152E-4
1.0358989996066998E-4
1.0384731907649843E-4
1.0410558874728593E-4
1.0436471367010303E-4
1.0462469858301969E-4
1.0488554826637332E-4
1.0514726754396745E-4
1.0540986128420285E-4
1.056733344011459E-4
1.0593769185552982E-4
1.0620293865569432E-4
1.0646907985846321E-4
1.067361205699623E-4
1.0700406594637832E-4
1.0727292119465952E-4
1.075426915731601E-4
1.078133823922307E-4
1.0808499901475149E-4
1.0835754685661898E-4
1.0863103138717113E-4
1.0890545812957375E-4
1.0918083266114812E-4
1.0945716061365506E-4
1.097344476735316E-4
1.1001269958208037E-4
1.1029192213561521E-4
1.1057212118556213E-4
1.1085330263851801E-4
1.1113547245626835E-4
1.1141863665576208E-4
1.1170280130904723E-4
1.1198797254317117E-4
1.1227415654003758E-4
1.1256135953623104E-4
1.1284958782280377E-4
1.1313884774502607E-4
1.1342914570210656E-4
1.1372048814687514E-4
1.140128815854353E-4
1.1430633257678684E-4
1.146008477324137E-4
1.1489643371584582E-4
1.1519309724219079E-4
1.1549084507763684E-4
1.1578968403892869E-4
1.1608962099281792E-4
1.163906628554852E-4
1.1669281659194101E-4
1.1699608921539774E-4
1.1730048778662279E-4
1.1760601941326503E-4
1.179126912491613E-4
1.1822051049362033E-4
1.1852948439068725E-4
1.1883962022838741E-4
1.191509253379497E-4
1.1946340709301178E-4
1.1977707290880915E-4
1.2009193024134493E-4
1.204079865865412E-4
1.2072524947937625E-4
1.2104372649300783E-4
1.2136342523787665E-4
1.2168435336080006E-4
1.2200651854404835E-4
1.223299285044098E-4
1.2265459099224202E-4
1.2298051379051091E-4
1.233077047138181E-4
1.2363617160741954E-4
1.2396592234622636E-4
1.2429696483380481E-4
1.2462930700135895E-4
1.2496295680670816E-4
1.2529792223325525E-4
1.256342112889436E-4
1.2597183200521107E-4
1.2631079243593157E-4
1.2665110065635413E-4
1.26992764762032E-4
1.2733579286774898E-4
1.2768019310643373E-4
1.2802597362807818E-4
1.2837314259864235E-4
1.287217081989605E-4
1.290716786236387E-4
1.2942306207995352E-4
1.2977586678674334E-4
1.3013010097329608E-4
1.304857728782395E-4
1.3084289074842472E-4
1.3120146283780628E-4
1.315614974063282E-4
1.3192300271879878E-4
1.322859870437717E-4
1.326504586524234E-4
1.3301642581743165E-4
1.3338389681185025E-4
1.337528799079918E-4
1.3412338337629926E-4
1.3449541548423092E-4
1.3486898449513657E-4
1.352440986671425E-4
1.3562076625203085E-4
1.3599899549413273E-4
1.3637879462922338E-4
1.3676017188344136E-4
1.3714313547227673E-4
1.375276935997327E-4
1.3791385445799842E-4
1.3830162622850781E-4
1.3869101708677666E-4
1.3908203521729515E-4
1.3947468885463506E-4
1.3986898639153686E-4
1.4026493665432373E-4
1.4066254958705195E-4
1.4106183791080684E-4
1.4146282105319215E-4
1.418655342295551E-4
1.4227004890604445E-4
1.426765177093229E-4
1.430852702981172E-4
1.434970121327285E-4
1.43913223974201E-4
1.443369384889808E-4
1.447741962226243E-4
1.452366682560401E-4
1.4574724623279484E-4
1.4634488687283835E-4
1.4709601557370255E-4
1.4811281661897635E-4
1.4957162064659394E-4
1.517320068848707E-4
1.5493910849408756E-4
1.5953269335504158E-4
1.6535051312905512E-4
1.702577563631463E-4
1.7070980539356785E-4
1.711635704310369E-4
1.7161905861719513E-4
1.7207627762485093E-4
1.7253523564073978E-4
1.7299594134857348E-4
1.7345840391235653E-4
1.7392263295998997E-4
1.7438863856713435E-4
1.7485643124135023E-4
1.7532602190649548E-4
1.7579742188739142E-4
1.7627064289474047E-4
1.7674569701030404E-4
1.772225966723269E-4
1.7770135466121573E-4
1.7818198408545963E-4
1.7866449836779255E-4
1.7914891123159936E-4
1.796352366875542E-4
1.8012348902049258E-4
1.8061368277651668E-4
1.8110583275032704E-4
1.8159995397277684E-4
1.8209606169865134E-4
1.8259417139466442E-4
1.830942987276722E-4
1.8359645955309928E-4
1.8410066990357676E-4
1.8460694597778835E-4
1.8511530412951895E-4
1.8562576085691564E-4
1.8613833279193068E-4
1.8665303668998338E-4
1.8716988941980134E-4
1.8768890795346047E-4
1.8821010935661482E-4
1.887335107789128E-4
1.8925912944459848E-4
1.8978698264329673E-4
1.903170877209768E-4
1.908494620710958E-4
1.9138412312591523E-4
1.9192108834799142E-4
1.9246037522183996E-4
1.930020012457636E-4
1.935459839238515E-4
1.9409234075813843E-4
1.946410892409267E-4
1.9519224684727286E-4
1.9574583102762358E-4
1.9630185920061318E-4
1.968603487460149E-4
1.9742131699783695E-4
1.9798478123757613E-4
1.9855075868761165E-4
1.9911926650475087E-4
1.9969032177391064E-4
2.0026394150194596E-4
2.0084014261161523E-4
2.0141894193568483E-4
2.0200035621116373E-4
2.0258440207368057E-4
2.0317109605198446E-4
2.0376045456257897E-4
2.043524939044846E-4
2.0494723025412602E-4
2.0554467966034566E-4
2.06144858039538E-4
2.0674778117090362E-4
2.073534646918288E-4
2.0796192409337636E-4
2.0857317471589202E-4
2.0918723174473004E-4
2.0980411020608863E-4
2.104238249629536E-4
2.1104639071115782E-4
2.1167182197554026E-4
2.123001331062194E-4
2.1293133827496416E-4
2.1356545147167174E-4
2.1420248650094625E-4
2.1484245697878093E-4
2.1548537632932633E-4
2.1613125778177482E-4
2.167801143673217E-4
2.1743195891623594E-4
2.1808680405501334E-4
2.1874466220362366E-4
2.1940554557285243E-4
2.2006946616172338E-4
2.2073643575501632E-4
2.2140646592086344E-4
2.220795680084389E-4
2.2275575314571842E-4
2.2343503223733752E-4
2.2411741596251603E-4
2.248029147730716E-4
2.254915388915053E-4
2.2618329830916898E-4
2.2687820278450598E-4
2.275762618413623E-4
2.2827748476738182E-4
2.2898188061246414E-4
2.296894581872945E-4
2.304002260619513E-4
2.31114192564571E-4
2.3183136578009135E-4
2.325517535490508E-4
2.332753634664654E-4
2.3400220288075725E-4
2.3473227889275836E-4
2.3546559835476468E-4
2.3620216786966283E-4
2.3694199379010772E-4
2.3768508221776798E-4
2.3843143900261965E-4
2.391810697423082E-4
2.3993397978156584E-4
2.4069017421169385E-4
2.4144965787013825E-4
2.4221243534021676E-4
2.4297851095120577E-4
2.4374788877933577E-4
2.4452057265125397E-4
2.452965661541967E-4
2.460758726641478E-4
2.4685849542145443E-4
2.476444377290163E-4
2.484337034603221E-4
2.4922629833304334E-4
2.5002223302964915E-4
2.5082153066516803E-4
2.5162424422479375E-4
2.5243049625357496E-4
2.5324056680798613E-4
2.540550829437167E-4
2.5487541497184665E-4
2.55704479178918E-4
2.565483091782983E-4
2.574190189032685E-4
2.583417917191234E-4
2.593604278474971E-4
2.605525043390267E-4
2.6205575442918717E-4
2.640976928623122E-4
2.670327071641991E-4
2.713655528671632E-4
2.776521318741981E-4
2.8580579530847563E-4
2.9290163109727495E-4
2.937662132638472E-4
2.9463399357206407E-4
2.955050937213292E-4
2.9637963219884E-4
2.972577243230691E-4
2.9813948228679877E-4
2.99025015199695E-4
2.999144291304531E-4
3.0080782714848344E-4
3.0170530936518217E-4
3.0260697297474745E-4
3.0351291229458463E-4
3.044232188052746E-4
3.05337981190129E-4
3.062572853743226E-4
3.0718121456361564E-4
3.081098492826646E-4
3.0904326741292514E-4
3.099815442301624E-4
3.109247524415486E-4
3.118729622223742E-4
3.128262412523652E-4
3.1378465475161854E-4
3.147482655161408E-4
3.157171339530171E-4
3.166913181151991E-4
3.1767087373591726E-4
3.1865585426272663E-4
3.196463108911811E-4
3.206422925981467E-4
3.2164384617475503E-4
3.226510162590024E-4
3.236638453679811E-4
3.2468237392978315E-4
3.2570664031503715E-4
3.2673668086810967E-4
3.2777252993796747E-4
3.288142199086952E-4
3.298617812296856E-4
3.3091524244549265E-4
3.319746302253651E-4
3.330399693924386E-4
3.3411128295262574E-4
3.351885921231674E-4
3.3627191636088373E-4
3.373612733901021E-4
3.3845667923027803E-4
3.3955814822330706E-4
3.40665693060533E-4
3.417793248094579E-4
3.4289905294014155E-4
3.440248853513199E-4
3.451568283962216E-4
3.4629488690808975E-4
3.474390642254275E-4
3.485893622169474E-4
3.4974578130624756E-4
3.509083204961954E-4
3.5207697739305055E-4
3.532517482302989E-4
3.544326278922232E-4
3.5561960993719726E-4
3.5681268662072336E-4
3.5801184891819614E-4
3.5921708654740395E-4
3.604283879907829E-4
3.6164574051739833E-4
3.6286913020468556E-4
3.6409854195992717E-4
3.6533395954148687E-4
3.665753655798003E-4
3.678227415981117E-4
3.690760680329715E-4
3.7033532425449626E-4
3.7160048858639045E-4
3.7287153832572833E-4
3.741484497625099E-4
3.7543119819897467E-4
3.767197579687E-4
3.7801410245546325E-4
3.793142041118813E-4
3.806200344778292E-4
3.819315641986455E-4
3.832487630430974E-4
3.845715999211617E-4
3.8590004290156197E-4
3.8723405922911795E-4
3.88573615341869E-4
3.899186768879963E-4
3.912692087425407E-4
3.9262517502391416E-4
3.939865391102113E-4
3.9535326365532216E-4
3.9672531060484545E-4
3.981026412118021E-4
3.9948521605217137E-4
4.0087299504020825E-4
4.0226593744359916E-4
4.0366400189841017E-4
4.0506714642385606E-4
4.0647532843688674E-4
4.078885047665836E-4
4.093066316683856E-4
4.1072966483813076E-4
4.121575594259141E-4
4.1359027004978633E-4
4.150277508092611E-4
4.1646995529866573E-4
4.1791683662030553E-4
4.193683473974791E-4
4.2082443978730736E-4
4.222850654934151E-4
4.2375017577843025E-4
4.2521972147633853E-4
4.2669365300466885E-4
4.2817192037652454E-4
4.2965447321244814E-4
4.3114126075214574E-4
4.326322318660485E-4
4.3412733506673377E-4
4.3562651852020956E-4
4.3712973005710756E-4
4.3863691718390343E-4
4.4014802709449355E-4
4.4166300668309214E-4
4.4318180256115746E-4
4.4470436108579313E-4
4.4623062841976776E-4
4.477605506762684E-4
4.4929407428558716E-4
4.508311469297104E-4
4.5237171989617855E-4
4.5391575389348274E-4
4.554632330977387E-4
4.5701419826040375E-4
4.5856882274147956E-4
4.601275824001568E-4
4.616916243497319E-4
4.632635430274985E-4
4.648489602635902E-4
4.6645962861150737E-4
4.681214873627799E-4
4.6988037504273287E-4
4.718202195008807E-4
4.7409675684137464E-4
4.769780867090497E-4
4.809009091075065E-4
4.8651960956225927E-4
4.946089666567737E-4
5.0519167250141E-4
5.146345527177468E-4
5.162317460214894E-4
5.1785838999459E-4
5.195139080282742E-4
5.211977296620691E-4
5.229092905310804E-4
5.246480323136705E-4
5.264134026795289E-4
5.282048552381532E-4
5.300218494877066E-4
5.318638507642943E-4
5.33730330191594E-4
5.356207646309032E-4
5.375346366315517E-4
5.394714343817046E-4
5.414306516595365E-4
5.434117877847839E-4
5.454143475706724E-4
5.474378412762069E-4
5.494817845588421E-4
5.515456984275024E-4
5.53629109195973E-4
5.557315484366463E-4
5.578525529346352E-4
5.599916646422247E-4
5.621484306336848E-4
5.643224030604389E-4
5.665131391065618E-4
5.687202009446421E-4
5.709431556919682E-4
5.731815753670656E-4
5.754350368465668E-4
5.777031218224256E-4
5.799854167594366E-4
5.822815128531199E-4
5.845910059879082E-4
5.869134966956676E-4
5.892485901145426E-4
5.915958959481168E-4
5.939550284248967E-4
5.963256062581072E-4
5.987072526058093E-4
6.010995950313102E-4
6.035022654639066E-4
6.059149001599157E-4
6.083371396640233E-4
6.107686287709274E-4
6.132090164872803E-4
6.156579559939407E-4
6.181151046085056E-4
6.205801237481536E-4
6.230526788927558E-4
6.255324395483049E-4
6.28019079210617E-4
6.305122753293061E-4
6.330117092720716E-4
6.355170662892436E-4
6.380280354786163E-4
6.405443097505532E-4
6.430655857933799E-4
6.455915640390375E-4
6.481219486290078E-4
6.506564473805196E-4
6.531947717530112E-4
6.557366368148599E-4
6.582817612103767E-4
6.608298671270646E-4
6.633806802631368E-4
6.65933929795283E-4
6.684893483467083E-4
6.710466719554037E-4
6.736056400426992E-4
6.76165995382038E-4
6.787274840680108E-4
6.812898554856435E-4
6.838528622799202E-4
6.864162603255513E-4
6.88979808696991E-4
6.915432696386744E-4
6.941064085355181E-4
6.96668993883641E-4
6.992307972613207E-4
7.017915933001813E-4
7.043511596566326E-4
7.069092769834939E-4
7.094657289019007E-4
7.120203019733877E-4
7.145727856722325E-4
7.171229723580037E-4
7.196706572483281E-4
7.222156383918879E-4
7.247577166416268E-4
7.27296695628183E-4
7.298323817335211E-4
7.323645840647931E-4
7.348931144283908E-4
7.374177873042411E-4
7.399384198202635E-4
7.424548317270816E-4
7.449668453729032E-4
7.474742856786287E-4
7.499769801131457E-4
7.524747586688298E-4
7.54967453837249E-4
7.574549005850637E-4
7.599369363301118E-4
7.624134009177119E-4
7.648841365971329E-4
7.673489879982775E-4
7.698078021085409E-4
7.722604282498742E-4
7.747067180560181E-4
7.771465254499357E-4
7.795797066214261E-4
7.820061200049129E-4
7.844256262574418E-4
7.86838088236821E-4
7.892433709799738E-4
7.916413416814466E-4
7.940318696721129E-4
7.964148263980492E-4
7.98790085399582E-4
8.011575222905558E-4
8.035170147378508E-4
8.058684424413642E-4
8.082116871149734E-4
8.105466324701394E-4
8.12873164206715E-4
8.151911700238507E-4
8.175005396860726E-4
8.198011652382682E-4
8.220929416141308E-4
8.243757682607281E-4
8.266495533252319E-4
8.289142241425202E-4
8.311697528165942E-4
8.334162169757735E-4
8.356539401402648E-4
8.378838067804373E-4
8.401079481375972E-4
8.423311869990116E-4
8.445639753341659E-4
8.468307100500644E-4
8.491748951229477E-4
8.516783631632392E-4
8.544986908701601E-4
8.57916191782816E-4
8.624033914949439E-4
8.686951002295365E-4
8.777042689960876E-4
8.895607243050763E-4
9.063995215315507E-4
9.144181269778791E-4
9.223407265822686E-4
9.301680619351126E-4
9.379008696414946E-4
9.45539881352501E-4
9.530858237963456E-4
9.605394188093035E-4
9.679013833664628E-4
9.75172429612282E-4
9.823532648909805E-4
9.894445917767274E-4
9.964471081036611E-4
0.0010033615069957207
0.001010188476896303
0.0010169287015977416
0.0010235828602705983
0.0010301516274927901
0.0010366356732785318
0.0010430356631071108
0.0010493522579514824
0.0010555861143066976
0.001061737884218153
0.001067808215309682
0.001073797750811456
0.001079707129587739
0.0010855369861644663
0.0010912879507566447
0.0010969606492956135
0.0011025557034561094
0.0011080737306831895
0.00111351534421899
0.0011188811531293184
0.0011241717623300717
0.0011293877726135254
0.001134529780674433
0.0011395983791359916
0.0011445941565756267
0.0011495176975506456
0.0011543695826237122
0.0011591503883881897
0.0011638606874933108
0.0011685010486692025
0.0011730720367517677
0.0011775742127074001
0.0011820081336575588
0.0011863743529031976
0.0011906734199490284
0.0011949058805276695
0.001199072276623609
0.0012031731464970529
0.0012072090247076087
0.0012111804421378318
0.00121508792601665
0.0012189319999425991
0.0012227131839069644
0.0012264319943167464
0.0012300889440175192
0.0012336845423161125
0.0012372192950031904
0.001240693704375678
0.0012441082692590403
0.0012474634850294464
0.0012507598436357903
0.001253997833621572
0.001257177940146647
0.001260300645008855
0.0012633664266655067
0.0012663757602547326
0.001269329117616724
0.0012722269673148105
0.0012750697746564542
0.0012778580017140744
0.0012805921073457609
0.0012832725472158733
0.001285899773815493
0.001288474236482764
0.0012909963814231105
0.0012934666517293136
0.0012958854874014927
0.001298253325366941
0.0013005705994998597
0.0013028377406409406
0.0013050551766168763
0.001307223332259702
0.0013093426294260564
0.0013114134870162953
0.0013134363209935176
0.0013154115444024548
0.0013173395673882384
0.0013192207972150842
0.0013210556382848195
0.001322844492155344
0.0013245877575589328
0.0013262858304204572
0.0013279391038754766
0.0013295479682882423
0.00133111281126955
0.0013326340176945345
0.0013341119697203086
0.0013355470468035338
0.0013369396257178422
0.0013382900805711867
0.0013395987828230661
0.0013408661013016528
0.0013420924022208057
0.0013432780491969898
0.0013444234032660828
0.0013455288229000822
0.0013465946640237078
0.001347621280030916
0.001348609021801282
0.0013495582377163072
0.0013504692736756299
0.0013513424731130973
0.0013521781770128025
0.0013529767239249563
0.0013537384499817018
0.001354463688912828
0.001355152772061361
0.00135580602839911
0.0013564237845420657
0.001357006364765743
0.0013575540910204928
0.001358067282946829
0.001358546257891091
0.0013589913309223426
0.001359402814852995
0.0013597810202705374
0.0013601262556009964
0.0013604388272608417
0.0013607190400497693
0.0013609671981839636
0.0013611836079912773
0.0013613685848110032
0.0013615224702535928
0.0013616456742875556
0.0013617387751061949
0.0013618027493422803
0.0013618394866943971
0.0013618529031147852
0.0013618512647465787
0.001361854254174958
0.0013618967663471596
0.0013620454000068858
0.0013624317038148641
0.0013632949584061636
0.0013650480229349946
0.0013683488856909229
0.001374039768216754
0.002710096774549941
0.0027050015255511485
0.0026921923360635207
0.0026794447476520228
0.00266675846004808
0.0026541331744606112
0.002641568593568721
0.0026290644215144583
0.002616620363895561
0.002604236127758285
0.002591911421590232
0.0025796459553132467
0.002567439440276311
0.0025552915892485136
0.0025432021164120116
0.0025311707373550704
0.002519197169065099
0.0025072811299217514
0.002495422339690036
0.0024836205195134767
0.002471875391907302
0.0024601866807516673
0.002448554111284906
0.002436977410096828
0.0024254563051220395
0.0024139905256332834
0.00240257980223485
0.0023912238668559863
0.0023799224527443433
0.002368675294459482
0.0023574821278663635
0.002346342690128917
0.0023352567197036213
0.0023242239563331124
0.002313244141039821
0.0023023170161196667
0.0022914423251357567
0.002280619812912111
0.002269849225527456
0.002259130310309003
0.002248462815826293
0.0022378464918850513
0.0022272810895210804
0.002216766360994178
0.002206302059782098
0.002195887940574522
0.0021855237592670715
0.0021752092729553562
0.0021649442399290326
0.002154728419665918
0.002144561572826108
0.0021344434612461318
0.002124373847933153
0.002114352497059164
0.002104379173955252
0.002094453645105852
0.0020845756781430655
0.0020747450418409667
0.002064961506109981
0.0020552248419912545
0.0020455348216510717
0.0020358912183752985
0.0020262938065638454
0.002016742361725154
0.0020072366604707414
0.0019977764805097263
0.0019883616006434145
0.0019789918007599014
0.001969666861828703
0.0019603865658954084
0.0019511506960763559
0.0019419590365533554
0.0019328113725684158
0.0019237074904185037
0.001914647177450329
0.0019056302220551674
0.0018966564136636834
0.001887725542740811
0.0018788374007806224
0.0018699917803012588
0.0018611884748398666
0.0018524272789475443
0.0018437079881843657
0.0018350303991143601
0.0018263943093005702
0.0018177995173001105
0.0018092458226592492
0.0018007330259085304
0.0017922609285579007
0.0017838293330918792
0.0017754380429647254
0.0017670868625956656
0.0017587755973641095
0.0017505040536049156
0.0017422720386036613
0.0017340793605919546
0.0017259258287427486
0.0017178112531656946
0.0017097354449025174
0.0017016982159223956
0.0016936993791173993
0.0016857387482979082
0.0016778161381880926
0.0016699313644213836
0.0016620842435359842
0.0016542745929704
0.0016465022310589933
0.0016387669770275516
0.0016310686509888818
0.0016234070739384317
0.0016157820677499195
0.0016081934551710109
0.0016006410598189823
0.0015931247061764325
0.0015856442195870124
0.0015781994262511498
0.001570790153221848
0.0015634162284004433
0.0015560774805324301
0.0015487737392032807
0.0015415048348343028
0.001534270598678505
0.0015270708628164922
0.0015199054601523795
0.001512774224409756
0.001505676990127699
0.0014986135926569816
0.0014915838681568198
0.0014845876535931298
0.0014776247867413486
0.0014706951062023995
0.0014637984514559877
0.0014569346630174613
0.0014501035828756138
0.0014433050556735233
0.0014365389318054742
0.001429805075324162
0.0014231033835888523
0.0014164338347342506
0.0014097965990187483
0.001403192291991871
0.001396622531269469
0.0013900911179011131
0.0013836078191246607
0.0013771901223194516
0.0013708720473929428
0.0013647222952282976
0.0013588677861416701
0.0013535307117320218
0.0013490701886646281
0.29003236395399407
