5.0168103548622214E-8
1.0039828994295472E-7
1.5069049759257087E-7
2.0104466486987614E-7
2.5146073011308134E-7
3.019386316307269E-7
3.5247830771104736E-7
4.030796966460486E-7
4.537427367990081E-7
5.04467366796564E-7
5.552535260681946E-7
6.061011563271197E-7
6.570102055307941E-7
7.079806381862299E-7
7.590124614202202E-7
8.101057890570969E-7
8.612609945210301E-7
9.124790647162328E-7
9.63762393493703E-7
1.0151165027531313E-6
1.06655364750365E-6
1.1181000914495756E-6
1.1698102133596842E-6
1.221792682386251E-6
1.2742566974857772E-6
1.3275891598579715E-6
1.38247491946842E-6
1.440068130344374E-6
1.5021955539395078E-6
1.5715719747481055E-6
1.6518969092218406E-6
1.7475707567265432E-6
1.8626526911366673E-6
1.998482996973303E-6
2.1493975403083374E-6
2.2971426197290282E-6
2.411166458463888E-6
2.4780531103698014E-6
2.545029541446723E-6
2.612095693176537E-6
2.679251506951061E-6
2.7464969240743718E-6
2.8138318857651384E-6
2.8812563331589882E-6
2.9487702073108527E-6
3.016373449197342E-6
3.084065999719193E-6
3.1518477997036107E-6
3.219718789906733E-6
3.2876789110160883E-6
3.3557281036530195E-6
3.4238663083751756E-6
3.492093465679019E-6
3.560409516002282E-6
3.628814399726557E-6
3.6973080571797875E-6
3.7658904286388134E-6
3.834561454332005E-6
3.903321074441781E-6
3.972169229107243E-6
4.041105858426805E-6
4.110130902460815E-6
4.179244301234204E-6
4.248445994739187E-6
4.317735922937911E-6
4.387114025765181E-6
4.456580243131195E-6
4.526134514924235E-6
4.595776781013483E-6
4.665506981251755E-6
4.735325055478284E-6
4.805230943521587E-6
4.8752245852022055E-6
4.945305920335625E-6
5.015474888735091E-6
5.08573143021449E-6
5.1560754845913045E-6
5.226506991689445E-6
5.297025891342199E-6
5.36763212339525E-6
5.438325627709615E-6
5.509106344164551E-6
5.5799742126606975E-6
5.650929173123016E-6
5.72197116550382E-6
5.7931001297859445E-6
5.864316005985711E-6
5.93561873415607E-6
6.007008254389759E-6
6.078484506822382E-6
6.150047431635616E-6
6.221696969060376E-6
6.29343305937997E-6
6.365255642933415E-6
6.437164660118575E-6
6.5091600513954554E-6
6.581241757289486E-6
6.653409718394841E-6
6.72566387537771E-6
6.79800416897966E-6
6.870430540020991E-6
6.942942929404124E-6
7.015541278116985E-6
7.08822552723639E-6
7.160995617931597E-6
7.233851491467638E-6
7.306793089208884E-6
7.379820352622515E-6
7.452933223282035E-6
7.526131642870874E-6
7.5994155531858556E-6
7.672784896140914E-6
7.74623961377056E-6
7.819779648233617E-6
7.893404941816851E-6
7.967115436938644E-6
8.040911076152605E-6
8.114791802151446E-6
8.188757557770636E-6
8.262808285992108E-6
8.336943929948146E-6
8.411164432925138E-6
8.485469738367394E-6
8.55985978988108E-6
8.634334531237939E-6
8.708893906379353E-6
8.783537859420124E-6
8.85826633465253E-6
8.933079276550267E-6
9.007976629772317E-6
9.082958339167108E-6
9.158024349776472E-6
9.233174606839745E-6
9.308409055797801E-6
9.383727642297193E-6
9.459130312194243E-6
9.53461701155923E-6
9.610187686680543E-6
9.68584228406889E-6
9.761580750461525E-6
9.837403032826447E-6
9.913309078366782E-6
9.98929883452487E-6
1.0065372248986826E-5
1.0141529269686737E-5
1.0217769844811037E-5
1.0294093922802924E-5
1.0370501452366739E-5
1.0446992382472496E-5
1.0523566662360223E-5
1.060022424154453E-5
1.0676965069819087E-5
1.0753789097261192E-5
1.0830696274236265E-5
1.0907686551402517E-5
1.0984759879715485E-5
1.1061916210432715E-5
1.1139155495118429E-5
1.1216477685648167E-5
1.1293882734213528E-5
1.137137059332688E-5
1.1448941215826123E-5
1.1526594554879464E-5
1.160433056399035E-5
1.1682149197002103E-5
1.1760050408102872E-5
1.1838034151830577E-5
1.1916100383077744E-5
1.199424905709637E-5
1.2072480129503156E-5
1.215079355628414E-5
1.2229189293799967E-5
1.2307667298790813E-5
1.238622752838146E-5
1.2464869940086405E-5
1.2543594491815002E-5
1.2622401141876524E-5
1.2701289848985302E-5
1.2780260572266155E-5
1.285931327125923E-5
1.29384479059256E-5
1.3017664436652254E-5
1.3096962824257606E-5
1.3176343029996693E-5
1.3255805015566415E-5
1.3335348743111287E-5
1.341497417522829E-5
1.3494681274972768E-5
1.3574470005863651E-5
1.365434033188893E-5
1.373429221751119E-5
1.3814325627673121E-5
1.3894440527803109E-5
1.3974636883820723E-5
1.4054914662142418E-5
1.4135273829687072E-5
1.421571435388174E-5
1.4296236202667173E-5
1.437683934450367E-5
1.4457523748376834E-5
1.4488121280254759E-5
1.4518737930894164E-5
1.4549373732483435E-5
1.4580028717800801E-5
1.4610702920226517E-5
1.464139637377102E-5
1.4672109113149645E-5
1.4702841173987223E-5
1.4733592593379325E-5
1.4764363411410607E-5
1.4795153675189397E-5
1.4825963449352246E-5
1.4856792842824279E-5
1.4887642075470137E-5
1.4918511640239487E-5
1.4949402688115238E-5
1.4980317919087129E-5
1.5011263590351019E-5
1.5042253918579394E-5
1.5073320451989295E-5
1.510453141366255E-5
1.5136030325816316E-5
1.5168110433636005E-5
1.5201352641391285E-5
1.5236870366098645E-5
1.527672339139662E-5
1.532457820307612E-5
1.538668911269433E-5
1.547323382814613E-5
1.559972634682479E-5
1.578840544071412E-5
1.606849003663783E-5
1.647324178810304E-5
1.7031308482196557E-5
1.7748457890300776E-5
1.8575528800590356E-5
1.9363610527189528E-5
1.9850248250173847E-5
1.989149168314059E-5
1.993276218660152E-5
1.997405978883937E-5
2.00153845187377E-5
2.0056736405784526E-5
2.0098115480076273E-5
2.01395217723213E-5
2.0180955313843843E-5
2.0222416136587548E-5
2.026390427311968E-5
2.0305419756634504E-5
2.0346962620957363E-5
2.0388532900548523E-5
2.0430130630507058E-5
2.0471755846574583E-5
2.0513408585139516E-5
2.0555088883240566E-5
2.0596796778571186E-5
2.0638532309483213E-5
2.0680295514990915E-5
2.0722086434775182E-5
2.076390510918752E-5
2.0805751579253865E-5
2.0847625886679163E-5
2.0889528073851028E-5
2.0931458183844123E-5
2.097341626042436E-5
2.1015402348052842E-5
2.1057416491890396E-5
2.109945873780148E-5
2.1141529132358663E-5
2.1183627722846844E-5
2.122575455726757E-5
2.1267909684343205E-5
2.131009315352163E-5
2.135230501498016E-5
2.1394545319630386E-5
2.143681411912234E-5
2.1479111465848852E-5
2.152143741295046E-5
2.1563792014319458E-5
2.1606175324604464E-5
2.1648587399215182E-5
2.169102829432713E-5
2.173349806688552E-5
2.1775996774610656E-5
2.181852447600227E-5
2.186108123034392E-5
2.1903667097708325E-5
2.1946282138961492E-5
2.1988926415767762E-5
2.2031599990594527E-5
2.2074302926717E-5
2.21170352882231E-5
2.2159797140018178E-5
2.2202588547830065E-5
2.2245409578213896E-5
2.2288260298556995E-5
2.2331140777083747E-5
2.237405108286084E-5
2.2416991285801986E-5
2.245996145667325E-5
2.2502961667097706E-5
2.2545991989560897E-5
2.2589052497415696E-5
2.2632143264887624E-5
2.2675264367079574E-5
2.2718415879977654E-5
2.276159788045594E-5
2.280481044628162E-5
2.2848053656120652E-5
2.2891327589542673E-5
2.2934632327026485E-5
2.2977967949965203E-5
2.3021334540672E-5
2.306473218238489E-5
2.3108160959272586E-5
2.315162095643973E-5
2.31951122599325E-5
2.3238634956743698E-5
2.328218913481863E-5
2.33257748830605E-5
2.3369392291335866E-5
2.341304145048015E-5
2.345672245230351E-5
2.3500435389595923E-5
2.354418035613352E-5
2.35879574466835E-5
2.363176675701028E-5
2.367560838388086E-5
2.3719482425070816E-5
2.376338897937007E-5
2.380732814658816E-5
2.3851300027560416E-5
2.3895304724153663E-5
2.3939342339272055E-5
2.3983412976862824E-5
2.402751674192213E-5
2.4071653740500973E-5
2.4115824079711068E-5
2.4160027867730702E-5
2.4204265213810674E-5
2.4248536228280375E-5
2.4292841022553344E-5
2.4337179709133907E-5
2.438155240162228E-5
2.4425959214721406E-5
2.4470400264242518E-5
2.4514875667111206E-5
2.4559385541373678E-5
2.4603930006202445E-5
2.4648509181902952E-5
2.4693123189919158E-5
2.4737772152839898E-5
2.4782456194404905E-5
2.4827175439511227E-5
2.4871930014218756E-5
2.491672004575719E-5
2.4961545662531405E-5
2.5006406994128297E-5
2.5051304171322645E-5
2.50962373260833E-5
2.5141206591579552E-5
2.518621210218733E-5
2.52312539934952E-5
2.527633240231092E-5
2.532144746666768E-5
2.5366599325830172E-5
2.541178812030084E-5
2.5457013991826446E-5
2.5502277083404134E-5
2.554757753928757E-5
2.5592915504993865E-5
2.5638291127309042E-5
2.5683704554294885E-5
2.5729155935295235E-5
2.5774645420942102E-5
2.5820173163161968E-5
2.5865739315182588E-5
2.5911344031538605E-5
2.5956987468078274E-5
2.600266978197009E-5
2.604839113170842E-5
2.6094151677120423E-5
2.613995157937215E-5
2.61857910009749E-5
2.6231670105791728E-5
2.6277589059043194E-5
2.6323548027314845E-5
2.6369547178562196E-5
2.6415586682118018E-5
2.646166670869842E-5
2.650778743040898E-5
2.6553949020751366E-5
2.6600151654629294E-5
2.664639550835531E-5
2.6692680759656757E-5
2.673900758768199E-5
2.6785376173007158E-5
2.6831786697642158E-5
2.687823934503685E-5
2.6924734300087303E-5
2.6971271749142716E-5
2.701785188001099E-5
2.7064474881965284E-5
2.711114094575136E-5
2.71578502635946E-5
2.720460302921152E-5
2.7251399437829682E-5
2.7298239686236013E-5
2.734512397290348E-5
2.739205249834511E-5
2.7439025466094775E-5
2.7486043085396014E-5
2.7533105578440042E-5
2.7580213199447077E-5
2.7627366283885995E-5
2.7674565372562873E-5
2.772181151712383E-5
2.7769107013882064E-5
2.781645712183943E-5
2.786387397861061E-5
2.7911385279149507E-5
2.7959052950447705E-5
2.8007012098549082E-5
2.8055549571070077E-5
2.8105256843700807E-5
2.815731613109951E-5
2.821401309967618E-5
2.827961158079492E-5
2.8361762307162552E-5
2.8473739897502692E-5
2.863692484595533E-5
2.888427883509723E-5
2.926372477688548E-5
2.983839828345939E-5
3.0680606493360976E-5
3.185218239550682E-5
3.335470151149178E-5
3.500406862195534E-5
3.6199618503746785E-5
3.626095069345921E-5
3.632233544179363E-5
3.6383772942931956E-5
3.644526339259064E-5
3.650680698802882E-5
3.6568403928057634E-5
3.663005441304777E-5
3.669175864493887E-5
3.6753516827247474E-5
3.6815329165077234E-5
3.687719586512621E-5
3.6939117135696596E-5
3.700109318670415E-5
3.706312422968664E-5
3.7125210477813693E-5
3.718735214589559E-5
3.724954945039299E-5
3.731180260942676E-5
3.737411184278654E-5
3.743647737194161E-5
3.749889942004938E-5
3.756137821196661E-5
3.7623913974257594E-5
3.768650693520612E-5
3.774915732482359E-5
3.781186537486002E-5
3.787463131881478E-5
3.793745539194539E-5
3.800033783127955E-5
3.806327887562356E-5
3.812627876557472E-5
3.81893377435304E-5
3.825245605369956E-5
3.831563394211253E-5
3.837887165663248E-5
3.844216944696555E-5
3.8505527564672325E-5
3.856894626317792E-5
3.863242579778316E-5
3.869596642567631E-5
3.875956840594263E-5
3.8823231999576794E-5
3.888695746949276E-5
3.895074508053669E-5
3.901459509949578E-5
3.907850779511149E-5
3.914248343808998E-5
3.920652230111287E-5
3.927062465885009E-5
3.933479078796979E-5
3.939902096715029E-5
3.94633154770917E-5
3.95276746005271E-5
3.959209862223396E-5
3.9656587829046054E-5
3.9721142509864466E-5
3.9785762955669406E-5
3.9850449459532024E-5
3.9915202316625116E-5
3.998002182423565E-5
4.004490828177591E-5
4.010986199079527E-5
4.0174883254991355E-5
4.0239972380222496E-5
4.030512967451829E-5
4.037035544809245E-5
4.0435650013352864E-5
4.0501013684914764E-5
4.056644677961159E-5
4.063194961650605E-5
4.069752251690301E-5
4.0763165804359835E-5
4.082887980469862E-5
4.089466484601742E-5
4.096052125870235E-5
4.1026449375438096E-5
4.109244953122011E-5
4.115852206336596E-5
4.122466731152693E-5
4.129088561769862E-5
4.135717732623325E-5
4.142354278385062E-5
4.148998233964933E-5
4.155649634511795E-5
4.162308515414678E-5
4.168974912303809E-5
4.175648861051869E-5
4.1823303977749245E-5
4.189019558833702E-5
4.195716380834545E-5
4.202420900630595E-5
4.209133155322901E-5
4.215853182261435E-5
4.222581019046177E-5
4.2293167035282154E-5
4.236060273810833E-5
4.242811768250534E-5
4.249571225458074E-5
4.256338684299579E-5
4.263114183897514E-5
4.269897763631766E-5
4.2766894631406395E-5
4.283489322321887E-5
4.290297381333725E-5
4.2971136805958644E-5
4.3039382607904065E-5
4.310771162862932E-5
4.317612428023491E-5
4.324462097747468E-5
4.331320213776636E-5
4.338186818120045E-5
4.345061953055073E-5
4.351945661128224E-5
4.358837985156154E-5
4.3657389682265276E-5
4.3726486536989904E-5
4.379567085205993E-5
4.386494306653755E-5
4.393430362223048E-5
4.400375296370154E-5
4.407329153827677E-5
4.414291979605375E-5
4.421263818991035E-5
4.4282447175513246E-5
4.435234721132439E-5
4.442233875861133E-5
4.449242228145393E-5
4.4562598246751696E-5
4.463286712423257E-5
4.470322938645966E-5
4.4773685508839214E-5
4.484423596962738E-5
4.4914881249938336E-5
4.498562183375025E-5
4.505645820791278E-5
4.512739086215429E-5
4.519842028908775E-5
4.5269546984218156E-5
4.534077144594819E-5
4.541209417558502E-5
4.548351567734622E-5
4.5555036458366396E-5
4.562665702870224E-5
4.569837790133891E-5
4.577019959219569E-5
4.5842122620131E-5
4.591414750694863E-5
4.598627477740161E-5
4.6058504959199283E-5
4.613083858301025E-5
4.620327618246827E-5
4.627581829417685E-5
4.6348465457713683E-5
4.6421218215634833E-5
4.6494077113479074E-5
4.656704269977218E-5
4.664011552603067E-5
4.671329614676526E-5
4.678658511948553E-5
4.68599830047024E-5
4.693349036593172E-5
4.7007107769698905E-5
4.708083578554643E-5
4.715467498603985E-5
4.722862594677745E-5
4.730268924640169E-5
4.737686546661018E-5
4.7451155192171746E-5
4.752555901094717E-5
4.760007751392824E-5
4.767471129532127E-5
4.77494609527697E-5
4.7824327087964605E-5
4.789931030835328E-5
4.797441123187279E-5
4.8049630499845544E-5
4.812496881141419E-5
4.820042701350002E-5
4.8276006330469416E-5
4.835170893661547E-5
4.842753934808033E-5
4.8503507720607235E-5
4.8579637454184195E-5
4.865598223974056E-5
4.8732663149339526E-5
4.880994683155972E-5
4.8888404916836494E-5
4.89692274303254E-5
4.9054815204948754E-5
4.914985188308049E-5
4.926315028736996E-5
4.941097450249608E-5
4.962074237679616E-5
4.993735642616548E-5
5.043146307747857E-5
5.120567891764395E-5
5.239568208050347E-5
5.415470093454467E-5
5.658526560373696E-5
5.949107056753951E-5
6.17730697612343E-5
6.18669644183152E-5
6.196098532762765E-5
6.205513309168878E-5
6.214940831669993E-5
6.224381161257902E-5
6.233834359299401E-5
6.243300487539584E-5
6.252779608105112E-5
6.262271783507403E-5
6.271777076646182E-5
6.281295550812471E-5
6.290827269691929E-5
6.300372297368226E-5
6.309930698326105E-5
6.319502537454727E-5
6.32908788005086E-5
6.338686791821957E-5
6.348299338889511E-5
6.357925587792022E-5
6.367565605488284E-5
6.377219459360291E-5
6.386887217216548E-5
6.396568947294884E-5
6.406264718265681E-5
6.4159745992347E-5
6.425698659746089E-5
6.435436969785419E-5
6.445189599782343E-5
6.45495662061378E-5
6.464738103606353E-5
6.474534120539482E-5
6.484344743647993E-5
6.494170045624893E-5
6.504010099623919E-5
6.513864979262342E-5
6.523734758623329E-5
6.533619512258759E-5
6.543519315191442E-5
6.553434242917716E-5
6.563364371409911E-5
6.573309777118552E-5
6.583270536974814E-5
6.593246728392609E-5
6.603238429271077E-5
6.613245717996429E-5
6.623268673444336E-5
6.633307374981813E-5
6.643361902469258E-5
6.653432336262521E-5
6.663518757214712E-5
6.673621246678029E-5
6.683739886505624E-5
6.69387475905332E-5
6.704025947181285E-5
6.71419353425571E-5
6.724377604150296E-5
6.734578241247857E-5
6.744795530441774E-5
6.755029557137293E-5
6.765280407253014E-5
6.775548167222079E-5
6.785832923993501E-5
6.796134765033134E-5
6.806453778325084E-5
6.81679005237243E-5
6.8271436761985E-5
6.837514739347576E-5
6.847903331885899E-5
6.85830954440247E-5
6.868733468009711E-5
6.879175194344231E-5
6.889634815567429E-5
6.900112424366036E-5
6.910608113952637E-5
6.921121978066129E-5
6.931654110972082E-5
6.942204607462976E-5
6.952773562858608E-5
6.963361073006226E-5
6.973967234280525E-5
6.984592143583937E-5
6.995235898346494E-5
7.005898596525787E-5
7.016580336606875E-5
7.027281217602104E-5
7.038001339050794E-5
7.048740801019099E-5
7.059499704099444E-5
7.07027814941019E-5
7.081076238595186E-5
7.091894073823056E-5
7.102731757786831E-5
7.113589393703064E-5
7.124467085311141E-5
7.135364936872475E-5
7.146283053169724E-5
7.15722153950583E-5
7.168180501702927E-5
7.179160046101465E-5
7.19016027955898E-5
7.201181309448997E-5
7.212223243659746E-5
7.223286190592971E-5
7.23437025916245E-5
7.245475558792764E-5
7.256602199417583E-5
7.267750291478448E-5
7.278919945922944E-5
7.29011127420315E-5
7.301324388273959E-5
7.31255940059126E-5
7.323816424110222E-5
7.335095572283272E-5
7.346396959058359E-5
7.357720698876724E-5
7.369066906671114E-5
7.380435697863487E-5
7.391827188363016E-5
7.403241494563644E-5
7.414678733342093E-5
7.426139022055384E-5
7.437622478538424E-5
7.449129221101712E-5
7.460659368528837E-5
7.472213040073717E-5
7.483790355458318E-5
7.495391434869853E-5
7.507016398958078E-5
7.518665368832593E-5
7.530338466059977E-5
7.542035812661057E-5
7.553757531107827E-5
7.565503744320742E-5
7.577274575665442E-5
7.589070148949885E-5
7.600890588421189E-5
7.612736018762527E-5
7.62460656508982E-5
7.636502352948625E-5
7.648423508310737E-5
7.660370157570856E-5
7.672342427543369E-5
7.684340445458625E-5
7.69636433895972E-5
7.708414236098808E-5
7.720490265333587E-5
7.732592555523793E-5
7.744721235927228E-5
7.756876436196534E-5
7.769058286374987E-5
7.781266916892948E-5
7.793502458564073E-5
7.805765042581258E-5
7.818054800512956E-5
7.830371864298961E-5
7.842716366246672E-5
7.855088439026915E-5
7.867488215669856E-5
7.879915829561014E-5
7.892371414436978E-5
7.904855104428834E-5
7.917367034104177E-5
7.92990733850828E-5
7.942476153203687E-5
7.955073614308821E-5
7.967699858535822E-5
7.980355023226654E-5
7.993039246388606E-5
8.005752666728968E-5
8.018495423689339E-5
8.031267657481366E-5
8.044069509129193E-5
8.056901120533501E-5
8.069762634600985E-5
8.082654195562632E-5
8.095575949821666E-5
8.108528048254165E-5
8.121510652396662E-5
8.134523950792903E-5
8.14756820124823E-5
8.160643837493325E-5
8.17375173179839E-5
8.186893824885596E-5
8.200074596174915E-5
8.213304398661477E-5
8.226606798991786E-5
8.240034226646358E-5
8.253700224968534E-5
8.267843533860234E-5
8.282950459401107E-5
8.299978484942453E-5
8.320807404471236E-5
8.348727679986909E-5
8.389419221391977E-5
8.45243932165699E-5
8.552755429366448E-5
8.712152780320065E-5
8.958950741289729E-5
9.31968921777248E-5
9.777670798221931E-5
1.0156775990616573E-4
1.0172111873262105E-4
1.01874790844583E-4
1.020287778192253E-4
1.0218308124641081E-4
1.0233770272872798E-4
1.0249264388152288E-4
1.0264790633292635E-4
1.0280349172387151E-4
1.0295940170810859E-4
1.0311563795221669E-4
1.0327220213560414E-4
1.0342909595050709E-4
1.035863211019855E-4
1.0374387930790757E-4
1.0390177229893537E-4
1.0406000181850214E-4
1.042185696227857E-4
1.0437747748067777E-4
1.045367271737468E-4
1.0469632049620012E-4
1.0485625925483602E-4
1.0501654526899802E-4
1.051771803705177E-4
1.053381664036617E-4
1.0549950522506602E-4
1.0566119870367277E-4
1.0582324872066134E-4
1.0598565716937206E-4
1.0614842595523326E-4
1.0631155699567734E-4
1.064750522200579E-4
1.0663891356956217E-4
1.0680314299711987E-4
1.0696774246730742E-4
1.0713271395625271E-4
1.0729805945153048E-4
1.0746378095206293E-4
1.0762988046800811E-4
1.077963600206517E-4
1.0796322164229543E-4
1.081304673761385E-4
1.0829809927616078E-4
1.0846611940700013E-4
1.0863452984383099E-4
1.0880333267223329E-4
1.0897252998806881E-4
1.0914212389734593E-4
1.0931211651608595E-4
1.0948250997018932E-4
1.096533063952957E-4
1.098245079366421E-4
1.0999611674892252E-4
1.1016813499614163E-4
1.1034056485146808E-4
1.1051340849708726E-4
1.1068666812404814E-4
1.1086034593211186E-4
1.1103444412959903E-4
1.112089649332303E-4
1.1138391056797206E-4
1.1155928326687502E-4
1.1173508527091462E-4
1.1191131882882691E-4
1.1208798619694702E-4
1.1226508963904162E-4
1.1244263142614416E-4
1.1262061383638532E-4
1.1279903915482447E-4
1.1297790967328013E-4
1.131572276901565E-4
1.1333699551027217E-4
1.135172154446857E-4
1.1369788981052083E-4
1.1387902093079055E-4
1.1406061113422072E-4
1.142426627550725E-4
1.1442517813296167E-4
1.1460815961268263E-4
1.1479160954402604E-4
1.1497553028159823E-4
1.1515992418463976E-4
1.1534479361684356E-4
1.1553014094617183E-4
1.1571596854467143E-4
1.1590227878829229E-4
1.1608907405669995E-4
1.1627635673309458E-4
1.1646412920402071E-4
1.1665239385918503E-4
1.1684115309126952E-4
1.1703040929574276E-4
1.172201648706772E-4
1.1741042221655899E-4
1.1760118373610119E-4
1.177924518340563E-4
1.1798422891702982E-4
1.181765173932919E-4
1.183693196725881E-4
1.1856263816595357E-4
1.1875647528552342E-4
1.1895083344434604E-4
1.1914571505619345E-4
1.1934112253537559E-4
1.1953705829655006E-4
1.1973352475453697E-4
1.1993052432412818E-4
1.2012805941990259E-4
1.2032613245603815E-4
1.2052474584612323E-4
1.207239020029716E-4
1.2092360333843436E-4
1.2112385226321562E-4
1.2132465118668362E-4
1.2152600251668857E-4
1.2172790865937301E-4
1.2193037201899077E-4
1.221333949977199E-4
1.2233697999548078E-4
1.225411294097486E-4
1.2274584563537377E-4
1.2295113106439832E-4
1.2315698808587145E-4
1.233634190856703E-4
1.2357042644631878E-4
1.2377801254680274E-4
1.2398617976239554E-4
1.241949304644756E-4
1.2440426702034718E-4
1.2461419179306287E-4
1.2482470714124576E-4
1.250358154189132E-4
1.252475189752985E-4
1.254598201546791E-4
1.2567272129619656E-4
1.2588622473368643E-4
1.26100332795504E-4
1.2631504780435103E-4
1.2653037207710344E-4
1.2674630792464123E-4
1.269628576516784E-4
1.2718002355659202E-4
1.2739780793125552E-4
1.2761621306086918E-4
1.2783524122379455E-4
1.280548946913869E-4
1.2827517572783166E-4
1.2849608658997984E-4
1.2871762952718202E-4
1.2893980678113095E-4
1.2916262058569562E-4
1.2938607316676122E-4
1.2961016674207262E-4
1.2983490352107087E-4
1.300602857047414E-4
1.302863154854497E-4
1.3051299504679366E-4
1.3074032656344245E-4
1.309683122009857E-4
1.3119695411578145E-4
1.3142625459238832E-4
1.3165621604053736E-4
1.3188684099214076E-4
1.321181320983384E-4
1.3235009212657603E-4
1.3258272395772156E-4
1.328160305832222E-4
1.3305001510228767E-4
1.3328468071911395E-4
1.3352003074014305E-4
1.337560685713604E-4
1.3399279771563746E-4
1.3423022177014917E-4
1.3446834442395222E-4
1.3470716945596862E-4
1.3494670073413022E-4
1.3518694221780004E-4
1.354278979694715E-4
1.3566957219215433E-4
1.3591196933643518E-4
1.3615509439214078E-4
1.363989536572401E-4
1.366435567094006E-4
1.3688892132839522E-4
1.3713508545951293E-4
1.3738213549224494E-4
1.3763027119345042E-4
1.3787995032999136E-4
1.3813220055846576E-4
1.3838926930565345E-4
1.386559287009049E-4
1.3894199213621068E-4
1.3926799600240053E-4
1.3967097398334745E-4
1.402179180482843E-4
1.410285315854615E-4
1.423023714739946E-4
1.4435198363403886E-4
1.4762319614348507E-4
1.5260589155772619E-4
1.5921894264500218E-4
1.6491345764644118E-4
1.6518565395527428E-4
1.6545861777989693E-4
1.6573235417245022E-4
1.6600686820772512E-4
1.6628216498149176E-4
1.6655824960885336E-4
1.6683512722262894E-4
1.6711280297175045E-4
1.673912820196919E-4
1.6767056954292248E-4
1.679506707293767E-4
1.682315907769529E-4
1.685133348920355E-4
1.6879590828803456E-4
1.6907931618395468E-4
1.6936356380298052E-4
1.6964865637108823E-4
1.6993459911567656E-4
1.702213972642197E-4
1.70509056042946E-4
1.7079758067552645E-4
1.7108697638180045E-4
1.713772483765061E-4
1.71668401868045E-4
1.7196044205725498E-4
1.7225337413621266E-4
1.7254720328705188E-4
1.7284193468079874E-4
1.7313757347623554E-4
1.7343412481877061E-4
1.7373159383933924E-4
1.7402998565331848E-4
1.7432930535945775E-4
1.746295580388345E-4
1.749307487538242E-4
1.7523288254708497E-4
1.7553596444057118E-4
1.7583999943454896E-4
1.761449925066443E-4
1.7645094861090088E-4
1.7675787267685438E-4
1.7706576960862584E-4
1.7737464428403227E-4
1.776845015537143E-4
1.7799534624027413E-4
1.7830718313744127E-4
1.7862001700924234E-4
1.7893385258919387E-4
1.7924869457950908E-4
1.7956454765032112E-4
1.798814164389167E-4
1.8019930554899293E-4
1.805182195499236E-4
1.8083816297604E-4
1.8115914032593283E-4
1.8148115606175734E-4
1.8180421460856422E-4
1.821283203536394E-4
1.8245347764585577E-4
1.8277969079504396E-4
1.8310696407137367E-4
1.834353017047493E-4
1.8376470788421636E-4
1.8409518675738812E-4
1.8442674242987706E-4
1.8475937896474475E-4
1.850931003819623E-4
1.854279106578839E-4
1.8576381372473506E-4
1.861008134701072E-4
1.8643891373647207E-4
1.8677811832070249E-4
1.8711843097360788E-4
1.8745985539948086E-4
1.8780239525565559E-4
1.88146054152078E-4
1.8849083565088367E-4
1.8883674326599623E-4
1.8918378046272447E-4
1.8953195065738213E-4
1.8988125721691005E-4
1.9023170345851265E-4
1.905832926493074E-4
1.9093602800597626E-4
1.912899126944392E-4
1.9164494982952816E-4
1.9200114247467718E-4
1.9235849364161782E-4
1.9271700629008812E-4
1.9307668332755037E-4
1.934375276089156E-4
1.9379954193628372E-4
1.9416272905868774E-4
1.9452709167184685E-4
1.9489263241793142E-4
1.9525935388533882E-4
1.956272586084737E-4
1.9599634906753704E-4
1.963666276883285E-4
1.9673809684205332E-4
1.9711075884513903E-4
1.974846159590601E-4
1.9785967039017153E-4
1.9823592428955115E-4
1.9861337975284716E-4
1.9899203882013533E-4
1.9937190347578605E-4
1.9975297564833698E-4
2.0013525721037124E-4
2.0051874997840756E-4
2.009034557127937E-4
2.0128937611761208E-4
2.0167651284058738E-4
2.0206486747300528E-4
2.0245444154963352E-4
2.0284523654865743E-4
2.0323725389161386E-4
2.0363049494333954E-4
2.0402496101191718E-4
2.0442065334863902E-4
2.048175731479682E-4
2.0521572154750896E-4
2.0561509962798533E-4
2.0601570841322471E-4
2.064175488701439E-4
2.0682062190874767E-4
2.0722492838213115E-4
2.0763046908648273E-4
2.0803724476110014E-4
2.0844525608840864E-4
2.088545036939858E-4
2.0926498814658845E-4
2.0967670995819342E-4
2.1008966958403207E-4
2.1050386742263997E-4
2.1091930381590787E-4
2.1133597904913774E-4
2.117538933511021E-4
2.1217304689411255E-4
2.125934397940922E-4
2.130150721106474E-4
2.1343794384715318E-4
2.1386205495083652E-4
2.1428740531286686E-4
2.1471399476844985E-4
2.1514182309692893E-4
2.155708900218872E-4
2.1600119521125385E-4
2.1643273827742126E-4
2.1686551877735666E-4
2.1729953621272158E-4
2.1773479003000398E-4
2.1817127962063746E-4
2.1860900432114252E-4
2.1904796341325287E-4
2.1948815612406653E-4
2.1992958162618133E-4
2.2037223903784647E-4
2.2081616726093813E-4
2.2126140444882854E-4
2.217079880139529E-4
2.2215595463531956E-4
2.2260534026596464E-4
2.2305618014034113E-4
2.23508508781651E-4
2.2396236000912797E-4
2.244177669452527E-4
2.2487476202291476E-4
2.253333769925199E-4
2.257936429290444E-4
2.2625559023903505E-4
2.267192486675763E-4
2.2718464730527092E-4
2.2765181459535666E-4
2.281207783414056E-4
2.2859156571682768E-4
2.2906420327984835E-4
2.2953871700434703E-4
2.3001513235552633E-4
2.3049347448918632E-4
2.3097376878344962E-4
2.3145604224255193E-4
2.3194032712927712E-4
2.32426670140865E-4
2.3291515498864197E-4
2.334059564377309E-4
2.3389946590448457E-4
2.3439657447095252E-4
2.3489929000847438E-4
2.3541203638843797E-4
2.3594428677114037E-4
2.3651722593011693E-4
2.3716987492741632E-4
2.3797582742551558E-4
2.3907400022258671E-4
2.4070873320860002E-4
2.4328613189891158E-4
2.474267815773249E-4
2.5388342228307206E-4
2.627180605240035E-4
2.70571189785156E-4
2.710970921471149E-4
2.716251879709688E-4
2.7215548849472617E-4
2.726880044933263E-4
2.7322274628407587E-4
2.7375972373204217E-4
2.742989462554065E-4
2.748404228307621E-4
2.753841619983711E-4
2.759301718673855E-4
2.7647846012100963E-4
2.770290340216293E-4
2.775819004158939E-4
2.7813706573975524E-4
2.786945360234621E-4
2.7925431689651797E-4
2.7981641359258683E-4
2.8038083095436895E-4
2.8094757343842026E-4
2.815166451199494E-4
2.820880496975509E-4
2.826617904979198E-4
2.8323787048050765E-4
2.8381629224215343E-4
2.84397058021661E-4
2.849801697043453E-4
2.8556562882653966E-4
2.861534365800567E-4
2.867435938166203E-4
2.8733610105224894E-4
2.87930958471607E-4
2.8852816593232325E-4
2.891277229692539E-4
2.897296287987286E-4
2.9033388232274854E-4
2.9094048213314445E-4
2.9154942651571256E-4
2.9216071345429377E-4
2.927743406348335E-4
2.9339030544940143E-4
2.9400860500017144E-4
2.9462923610336616E-4
2.952521952931755E-4
2.9587747882563143E-4
2.9650508268244625E-4
2.971350025748276E-4
2.9776723394725366E-4
2.9840177198120537E-4
2.9903861159888455E-4
2.996777474668806E-4
3.003191739998127E-4
3.0096288536394047E-4
3.0160887548073937E-4
3.022571380304377E-4
3.0290766645554054E-4
3.0356045396429397E-4
3.042154935341442E-4
3.048727779151482E-4
3.0553229963336187E-4
3.0619405099419067E-4
3.068580240857186E-4
3.0752421078199645E-4
3.081926027463059E-4
3.088631914343947E-4
3.0953596809767787E-4
3.102109237864099E-4
3.108880493528323E-4
3.115673354542842E-4
3.1224877255629525E-4
3.1293235093563367E-4
3.136180606833446E-4
3.143058917077436E-4
3.149958337373951E-4
3.1568787632405004E-4
3.163820088455713E-4
3.1707822050881855E-4
3.177765003525079E-4
3.1847683725005573E-4
3.1917921991237835E-4
3.1988363689068085E-4
3.205900765792073E-4
3.212985272179756E-4
3.220089768954764E-4
3.227214135513515E-4
3.234358249790468E-4
3.2415219882843925E-4
3.2487052260843537E-4
3.2559078368955027E-4
3.263129693064563E-4
3.270370665605148E-4
3.2776306242226946E-4
3.284909437339318E-4
3.292206972118341E-4
3.2995230944885554E-4
3.3068576691682773E-4
3.314210559689242E-4
3.3215816284201384E-4
3.3289707365899516E-4
3.336377744311148E-4
3.343802510602522E-4
3.3512448934119095E-4
3.3587047496386283E-4
3.366181935155667E-4
3.37367630483175E-4
3.381187712553072E-4
3.3887160112448664E-4
3.3962610528927924E-4
3.4038226885640396E-4
3.4114007684282526E-4
3.418995141778239E-4
3.42660565705047E-4
3.4342321618453873E-4
3.441874502947469E-4
3.449532526345136E-4
3.457206077250378E-4
3.464895000118289E-4
3.4725991386663004E-4
3.480318335893297E-4
3.488052434098438E-4
3.4958012748998775E-4
3.503564699253283E-4
3.5113425474700763E-4
3.51913465923555E-4
3.52694087362685E-4
3.5347610291305956E-4
3.542594963660498E-4
3.550442514574739E-4
3.5583035186930487E-4
3.5661778123137803E-4
3.5740652312307025E-4
3.5819656107496126E-4
3.5898787857047994E-4
3.5978045904753433E-4
3.605742859001184E-4
3.6136934247990674E-4
3.6216561209783126E-4
3.6296307802563825E-4
3.6376172349742965E-4
3.6456153171119006E-4
3.6536248583029477E-4
3.6616456898499826E-4
3.669677642739108E-4
3.6777205476546375E-4
3.685774234993418E-4
3.6938385348791607E-4
3.7019132771765593E-4
3.709998291505216E-4
3.71809340725343E-4
3.726198453591866E-4
3.7343132594870555E-4
3.7424376537146365E-4
3.7505714648726696E-4
3.7587145213945723E-4
3.7668666515620745E-4
3.7750276835178627E-4
3.7831974452782785E-4
3.791375764745691E-4
3.799677819575813E-4
3.808101828723597E-4
3.816646025374136E-4
3.8253086568506477E-4
3.834087984523009E-4
3.8429822837169394E-4
3.851989843623507E-4
3.8611089672092755E-4
3.870337971126999E-4
3.879675185626771E-4
3.889118954467689E-4
3.898667634830038E-4
3.908319597228068E-4
3.918073225423185E-4
3.9279269163378084E-4
3.9378790799700684E-4
3.947928139309881E-4
3.9580725302589275E-4
3.9683107015610325E-4
3.978641114764025E-4
3.9890622442744796E-4
3.999572577683887E-4
4.0101706168711894E-4
4.02085488127552E-4
4.031623917090434E-4
4.042476322210277E-4
4.053410811987736E-4
4.0644263878469346E-4
4.0755227577311023E-4
4.086701354643783E-4
4.097967730506168E-4
4.1093370053897616E-4
4.120845856784077E-4
4.1325779504691344E-4
4.144736055237175E-4
4.157699706335332E-4
4.1722128456639243E-4
4.189753038464887E-4
4.213042303615841E-4
4.2468316410382805E-4
4.2987782835108245E-4
4.3788250775708476E-4
4.4893222386231007E-4
4.590283337818934E-4
4.602194983038943E-4
4.6141600933492414E-4
4.6261774320434477E-4
4.638245773386196E-4
4.65036390253856E-4
4.6625306154839493E-4
4.6747447189545024E-4
4.687005030357758E-4
4.6993103777038744E-4
4.7116595995333514E-4
4.724051544845E-4
4.7364850730244784E-4
4.748959053773215E-4
4.7614723670377405E-4
4.7740239029394526E-4
4.786612561704852E-4
4.7992372535960045E-4
4.811896898841751E-4
4.8245904275689814E-4
4.837316779734549E-4
4.850074905057476E-4
4.862863762951647E-4
4.875682322458803E-4
4.888529562182102E-4
4.901404470219833E-4
4.914306044099779E-4
4.927233290713831E-4
4.940185226252995E-4
4.95316087614287E-4
4.966159274979418E-4
4.979179466465189E-4
4.992220503345946E-4
5.005281447347538E-4
5.018361369113321E-4
5.031459348141911E-4
5.044574472725176E-4
5.057705839886807E-4
5.070852555321126E-4
5.084013733332283E-4
5.097188496773902E-4
5.110375976988961E-4
5.123575313750121E-4
5.136785655200414E-4
5.150006157794291E-4
5.163235986238938E-4
5.176474313436084E-4
5.189720320424112E-4
5.202973196320416E-4
5.216232138264322E-4
5.229496351360141E-4
5.242765048620669E-4
5.256037450911079E-4
5.269312786893071E-4
5.282590292969317E-4
5.295869213228456E-4
5.309148799390158E-4
5.322428310750705E-4
5.33570701412886E-4
5.348984183812016E-4
5.362259101502753E-4
5.375531056265653E-4
5.38879934447448E-4
5.402063269759674E-4
5.415322142956159E-4
5.428575282051515E-4
5.441822012134337E-4
5.455061665343108E-4
5.468293580815214E-4
5.481517104636384E-4
5.49473158979036E-4
5.507936396108899E-4
5.521130890222173E-4
5.534314445509322E-4
5.547486442049401E-4
5.560646266572642E-4
5.573793312411998E-4
5.586926979454898E-4
5.60004667409551E-4
5.613151809187012E-4
5.626241803994476E-4
5.63931608414776E-4
5.652374081594868E-4
5.665415234555563E-4
5.678438987475159E-4
5.691444790978827E-4
5.704432101825904E-4
5.717400382864763E-4
5.730349102987691E-4
5.743277737086308E-4
5.756185766007097E-4
5.769072676507185E-4
5.781937961210593E-4
5.794781118564552E-4
5.807601652796203E-4
5.820399073869491E-4
5.833172897442448E-4
5.84592264482465E-4
5.858647842934885E-4
5.871348024259279E-4
5.884022726809453E-4
5.89667149408115E-4
5.909293875012957E-4
5.92188942394539E-4
5.934457700580175E-4
5.946998269939851E-4
5.959510702327521E-4
5.971994573286983E-4
5.984449463563009E-4
5.996874959061968E-4
6.009270650812539E-4
6.021636134926866E-4
6.03397101256187E-4
6.046274889880748E-4
6.058547378014779E-4
6.070788093025403E-4
6.082996655866488E-4
6.095172692346803E-4
6.107315833092824E-4
6.119425713511663E-4
6.131501973754376E-4
6.143544258679358E-4
6.155552217816058E-4
6.167525505328853E-4
6.179463779981303E-4
6.191366705100394E-4
6.203233948541249E-4
6.215065182651903E-4
6.226860084238382E-4
6.238618334529963E-4
6.250339619144673E-4
6.262023628055012E-4
6.273670055553907E-4
6.285278600220833E-4
6.29684896488822E-4
6.308380856607987E-4
6.319873986618443E-4
6.331328070311182E-4
6.34274282719838E-4
6.354117980880231E-4
6.365453259012554E-4
6.376748393274708E-4
6.388003119337547E-4
6.39921717683183E-4
6.410390309316572E-4
6.421522264247755E-4
6.432612792947216E-4
6.443661650571744E-4
6.454668596082274E-4
6.465633392213492E-4
6.476555805443392E-4
6.48743560596315E-4
6.498272567647299E-4
6.509066468023849E-4
6.519817088244887E-4
6.530524213057028E-4
6.54118763077245E-4
6.58520652753938E-4
6.62883191970897E-4
6.672066092118533E-4
6.714911318017585E-4
6.757369859122855E-4
6.799443965672943E-4
6.841135876482994E-4
6.882447818998841E-4
6.92338200935104E-4
6.963940652408661E-4
7.004125941832836E-4
7.043940060129998E-4
7.083385178704899E-4
7.122463457913475E-4
7.161177047115395E-4
7.199528084726424E-4
7.237518698270697E-4
7.275151004433246E-4
7.312427109113791E-4
7.349349107485361E-4
7.385919084068672E-4
7.422139112856034E-4
7.458011257586351E-4
7.493537572470088E-4
7.528720104221679E-4
7.56356089779927E-4
7.598062012392752E-4
7.63222556501017E-4
7.666053846374335E-4
7.699549620932374E-4
7.7327168817244E-4
7.765562693747951E-4
7.798101555164091E-4
7.830365373853081E-4
7.862425479993868E-4
7.894462151242364E-4
7.92681125681294E-4
7.960148040543064E-4
7.995869141440639E-4
8.036641890728022E-4
8.087300275443818E-4
8.155949293045685E-4
8.253618287065766E-4
8.383991992591629E-4
8.505682134864474E-4
8.533284846711818E-4
8.560580395210561E-4
8.587570670882827E-4
8.614257554377902E-4
8.640642916519662E-4
8.66672861835404E-4
8.692516511196245E-4
8.718008436677547E-4
8.743206226791998E-4
8.768111703943116E-4
8.792726680989967E-4
8.817052961293368E-4
8.84109233876172E-4
8.86484659789666E-4
8.888317513838551E-4
8.911506852411696E-4
8.934416370169285E-4
8.957047814438405E-4
8.979402923364544E-4
9.001483425956027E-4
9.023291042128222E-4
9.044827482747613E-4
9.06609444967546E-4
9.087093635811664E-4
9.107826725137912E-4
9.128295392761032E-4
9.14850130495598E-4
9.168446119208631E-4
9.188131484258437E-4
9.207559040140815E-4
9.226730418229354E-4
9.245647241277955E-4
9.264311123462486E-4
9.282723670422634E-4
9.300886479303232E-4
9.318801138795537E-4
9.336469229178361E-4
9.353892322358919E-4
9.371071981913484E-4
9.388009763128037E-4
9.404707213038425E-4
9.421165870470598E-4
9.437387266080592E-4
9.453372922394219E-4
9.469124353846636E-4
9.484643066821883E-4
9.499930559692027E-4
9.514988322856123E-4
9.529817838779231E-4
9.544420582031019E-4
9.558798019324242E-4
9.572951609553123E-4
9.586882803831533E-4
9.600593045530797E-4
9.614083770317789E-4
9.627356406192238E-4
9.640412373524355E-4
9.65325308509214E-4
9.665879946118383E-4
9.678294354307651E-4
9.690497699883059E-4
9.702491365622844E-4
9.714276726896809E-4
9.725855151702558E-4
9.737228000701613E-4
9.748396627255321E-4
9.759362377460576E-4
9.770126590185487E-4
9.780690597104762E-4
9.791055722734947E-4
9.801223284469523E-4
9.811194592613925E-4
9.820970950420226E-4
9.830553654121767E-4
9.83994399296764E-4
9.849143249256996E-4
9.85815269837308E-4
9.866973608817376E-4
9.875607242243185E-4
9.884054853489586E-4
9.892317690614655E-4
9.900396994929003E-4
9.908294001028932E-4
9.916009936829383E-4
9.923546023596973E-4
9.93090347598257E-4
9.938083502054062E-4
9.945087303328576E-4
9.951916074804946E-4
9.958571004995722E-4
9.96505327595922E-4
9.971364063331334E-4
9.97750453635717E-4
9.98347585792271E-4
9.989279184586001E-4
9.994915666608675E-4
0.0010000386447986747
0.0010005692666481814
0.0010010835453651743
0.001001581593488131
0.001002063522941284
0.0010025294450376494
0.001002979470482055
0.0010034137093741474
0.0010038322712113909
0.0010042352648920456
0.0010046227987181421
0.001004994980398427
0.0010053519170513138
0.0010056937152077925
0.001006020480814361
0.0010063323192359196
0.0010066293352586474
0.00100691163309288
0.001007179316375976
0.0010074324881751574
0.0010076712509903337
0.0010078957067569299
0.0010081059568486928
0.0010083021020804797
0.001008484242711043
0.0010086524784457878
0.0010088069084395312
0.0010089476312992514
0.0010090747450868
0.0010091883473216249
0.0010092885349834763
0.0010093754045150923
0.0010094490518248729
0.00100950957228955
0.0010095570607568396
0.0010095916115480782
0.0010096133184608537
0.001009622274771616
0.0010096185732382816
0.0010096023061028317
0.0010095735650938748
0.001009532441429226
0.0010094790258184593
0.001009413408465444
0.0010093356790708788
0.0010092459268348148
0.0010091442404591513
0.0010090307081501416
0.0010089054176208668
0.001008768456093714
0.0010086199103028323
0.001008459866496583
0.001008288410439977
0.0010081056274170946
0.0010079116022335042
0.001007706419218669
0.001007490162228319
0.0010072629146468646
0.001007024759389723
0.001973850958028708
0.0019668464958221047
0.001959867367979631
0.001952913481353501
0.001945984743142216
0.001939081060889263
0.0019322023424818227
0.0019253484961494957
0.0019185194304630192
0.0019117150543329915
0.0019049352770086159
0.0018981800080764138
0.0018914491574589928
0.0018847426354137674
0.0018780603525317234
0.0018714022197361749
0.001864768148281514
0.0018581580497519954
0.0018515718360605222
0.0018450094194475144
0.0018384707124799976
0.0018319556280514085
0.0018254640793837055
0.0018189959800367385
0.0018125512439398006
0.0018061297854898644
0.0017997315198447622
0.001793356363772564
0.0017870042380458558
0.0017806750740103335
0.0017743688311108858
0.0017680855423187103
0.0017618254283563884
0.0017555891758622186
0.0017493785921413756
0.0017431980912561312
0.0017370598254763062
0.0017309864820404348
0.0017250248100408754
0.0017192748092463542
0.0017139324259135792
0.0017093617854365094
0.0017061887024670524
0.0017052873754742632
0.0017069891611424758
0.001708108732179801
0.001701965632130201
0.0016958450195992988
0.001689746811217305
0.001683670923925314
0.0016776172749741296
0.0016715857819231117
0.0016655763626390557
0.0016595889352950092
0.0016536234183691597
0.0016476797306436814
0.001641757791203618
0.0016358575194357426
0.0016299788350274467
0.0016241216579656016
0.0016182859085354631
0.0016124715073195597
0.0016066783751965583
0.0016009064333401973
0.0015951556032181655
0.0015894258065910188
0.001583716965511074
0.0015780290023213424
0.0015723618396544289
0.0015667154004314703
0.0015610896078610422
0.0015554843854381042
0.0015498996569429206
0.0015443353464400088
0.0015387913782770742
0.0015332676770839519
0.001527764167771562
0.001522280775530864
0.001516817425831804
0.0015113740444222803
0.0015059505573271144
0.0015005468908470077
0.0014951629715575186
0.0014897987263080422
0.0014844540822207815
0.001479128966689738
0.0014738233073796952
0.00146853703222521
0.0014632700694296081
0.0014580223474639864
0.001452793795066199
0.001447584341239885
0.0014423939152534645
0.0014372224466391499
0.001432069865191971
0.0014269361009687967
0.001421821084287339
0.001416724745725209
0.0014116470161189296
0.0014065878265629682
0.0014015471084087964
0.0013965247932639032
0.0013915208129908624
0.001386535099706368
0.0013815675857802969
0.0013766182038347557
0.0013716868867431537
0.0013667735676292459
0.001361878179866213
0.0013570006570757334
0.001352140933127049
0.0013472989421360443
0.0013424746184643272
0.0013376678967183103
0.0013328787117483035
0.001328106998647603
0.0013233526927515725
0.0013186157296367614
0.0013138960451199889
0.0013091935752574534
0.001304508256343841
0.0012998400249114345
0.0012951888177292255
0.0012905545718020365
0.0012859372243696262
0.0012813367129058425
0.0012767529751177126
0.0012721859489446007
0.0012676355725573343
0.0012631017843573286
0.001258584522975745
0.0012540837272726182
0.001249599336336012
0.0012451312894811615
0.0012406795262496326
0.0012362439864084705
0.0012318246099493626
0.0012274213370878021
0.001223034108262239
0.001218662864133275
0.0012143075455828042
0.0012099680937132057
0.0012056444498465175
0.001201336555523613
0.001197044352503392
0.0011927677827619507
0.0011885067884917896
0.0011842613121009944
0.001180031296212439
0.001175816683662974
0.001171617417502637
0.00116743344099385
0.0011632646976106288
0.0011591111310378002
0.0011549726851702018
0.0011508493041119084
0.0011467409321754423
0.0011426475138810077
0.0011385689939557005
0.0011345053173327426
0.0011304564291507193
0.001126422274752797
0.001122402799685978
0.0011183979497003185
0.0011144076707481853
0.0011104319089834988
0.001106470610760973
0.001102523722635375
0.0010985911913607674
0.0010946729638897747
0.0010907689873728343
0.0010868792091574607
0.0010830035767875079
0.0010791420380024408
0.0010752945407365975
0.0010714610331184614
0.0010676414634699463
0.0010638357803056627
0.0010600439323322068
0.0010562658684474327
0.0010525015377397479
0.0010487508894873958
0.0010450138731577523
0.001041290438406607
0.0010375805350774795
0.0010338841132008954
0.0010302011229937026
0.0010265315148583734
0.0010228752393823069
0.0010192322473371368
0.0010156024896780505
0.0010119859175430953
0.0010083824822525005
0.0010047921353079972
0.001001214828392131
9.976505133675996E-4
9.940991422765692E-4
9.905606673400115E-4
9.870350409570258E-4
9.83522215704188E-4
0.2809954697644713
