1.4796545211170055E-7
2.964817111334007E-7
4.455502192580808E-7
5.951724308132251E-7
7.453498124267549E-7
8.96083843194531E-7
1.0473760148494692E-6
1.1992278319322224E-6
1.3516408119634953E-6
1.5046164856179643E-6
1.6581563968998203E-6
1.8122621033199638E-6
1.9669351760748395E-6
2.122177200226925E-6
2.277989774886907E-6
2.434374513397523E-6
2.5913330435191187E-6
2.7488670076168834E-6
2.9069780628498503E-6
3.0656678813615857E-6
3.2249381504726917E-6
3.384790572874993E-6
3.545226866827545E-6
3.7062487663544865E-6
3.8678580214445965E-6
4.0300563982527785E-6
4.192845679303307E-6
4.356227663695003E-6
4.52020416730827E-6
4.684777023013973E-6
4.849948080884293E-6
5.0157192084055106E-6
5.182092290692678E-6
5.349069230706347E-6
5.516651949471235E-6
5.6848423862969E-6
5.853642499000424E-6
6.02305426413119E-6
6.193079677197729E-6
6.363720752896588E-6
6.534979525343349E-6
6.706858048305786E-6
6.87935839543913E-6
7.05248266052352E-6
7.226232957703686E-6
7.400611421730722E-6
7.575620208206216E-6
7.751261493828551E-6
7.927537476641461E-6
8.104450376284981E-6
8.282002434248522E-6
8.460195914126453E-6
8.639033101875944E-6
8.818516306077203E-6
8.998647858196144E-6
9.179430112849738E-6
9.360865448074217E-6
9.542956265597268E-6
9.725704991116799E-6
9.909114074593519E-6
1.00931859905758E-5
1.027792323860494E-5
1.046332834382315E-5
1.0649403858087464E-5
1.0836152362330032E-5
1.1023576471934945E-5
1.1211678849273837E-5
1.1400462232890802E-5
1.1589929504591623E-5
1.1780083840945302E-5
1.1970929048495648E-5
1.2162470289318483E-5
1.235471561540599E-5
1.2547679135269208E-5
1.2741387383364577E-5
1.2935891788996796E-5
1.313129239198321E-5
1.3327781576285331E-5
1.3525722058165666E-5
1.372578091210979E-5
1.3929150512093713E-5
1.413789558762917E-5
1.4355467402537338E-5
1.458740993634215E-5
1.4842229278844897E-5
1.5132137397772848E-5
1.547368476230437E-5
1.5887366974386912E-5
1.639468147483811E-5
1.7011141173363364E-5
1.7732842347661887E-5
1.8514893832114216E-5
1.924693347138856E-5
1.976394045347689E-5
2.0012326398553568E-5
2.026160045337155E-5
2.051176590957811E-5
2.076282609066043E-5
2.1014784352299614E-5
2.12676440827275E-5
2.1373443250974187E-5
2.1479599956655285E-5
2.1586116245628405E-5
2.1692994185620475E-5
2.1800235866431978E-5
2.190784340014216E-5
2.201581892131512E-5
2.2124164587207917E-5
2.2232882577979002E-5
2.2341975096898586E-5
2.245144437056018E-5
2.2561292649093347E-5
2.267152220637833E-5
2.2782135340261865E-5
2.2893134372774588E-5
2.3004521650350325E-5
2.3116299544046787E-5
2.3228470449768238E-5
2.3341036788489775E-5
2.3454001006483738E-5
2.3567365575547817E-5
2.3681132993235533E-5
2.3795305783088207E-5
2.3909886494869487E-5
2.4024877704802144E-5
2.4140282015806652E-5
2.425610205774257E-5
2.437234048765176E-5
2.4488999990004417E-5
2.4606083276947547E-5
2.4723593088555478E-5
2.484153219308341E-5
2.4959903387223287E-5
2.5078709496362292E-5
2.519795337484415E-5
2.5317637906232985E-5
2.5437766003579865E-5
2.555834060969205E-5
2.5679364697405107E-5
2.5800841269857878E-5
2.5922773360770046E-5
2.6045164034722504E-5
2.6168016387440708E-5
2.6291333546080678E-5
2.6415118669517918E-5
2.6539374948639202E-5
2.666410560663692E-5
2.6789313899306495E-5
2.691500311534645E-5
2.7041176576661232E-5
2.716783763866702E-5
2.7294989690599544E-5
2.742263615582572E-5
2.7550780492156913E-5
2.767942619216552E-5
2.780857678350364E-5
2.7938235829225525E-5
2.8068406928112178E-5
2.8199093715001402E-5
2.8330299861125623E-5
2.8462029074468598E-5
2.859428510016597E-5
2.8727071721016422E-5
2.886039275827209E-5
2.8994252073122616E-5
2.9128653569880005E-5
2.9263601203264856E-5
2.9399098995392603E-5
2.953515107526803E-5
2.967176176945737E-5
2.980893580672312E-5
2.9946678770960504E-5
3.0084998083025745E-5
3.0223905082745596E-5
3.0363419343281908E-5
3.0503577397743254E-5
3.064444994657575E-5
3.07861748852607E-5
3.092901890139295E-5
3.107348885425427E-5
3.12205264913753E-5
3.1371836361404336E-5
3.1530415088825E-5
3.1701364172914826E-5
3.189306398228465E-5
3.2118876509052696E-5
3.2398454908296474E-5
3.275963197632434E-5
3.323967370506007E-5
3.388299491717761E-5
3.4733688444671084E-5
3.581807527281414E-5
3.710803952301409E-5
3.844332625181992E-5
3.940357367927692E-5
3.957892174313678E-5
3.975495540205176E-5
3.9931679459264E-5
4.010909876479973E-5
4.028721821580979E-5
4.046604275690997E-5
4.0645577380522314E-5
4.0825827127218066E-5
4.1006797086064355E-5
4.118849239497358E-5
4.137091824105919E-5
4.1554079860996636E-5
4.173798254139E-5
4.1922631619148134E-5
4.210803248186582E-5
4.229419056821553E-5
4.248111136834703E-5
4.2668800424296334E-5
4.285726333040492E-5
4.3046505733748425E-5
4.3236533334575374E-5
4.342735188675765E-5
4.3618967198249735E-5
4.381138513156038E-5
4.4004611604234076E-5
4.419865258934377E-5
4.439351411599413E-5
4.458920226983641E-5
4.478572319359249E-5
4.4983083087590816E-5
4.518128821031249E-5
4.538034487894668E-5
4.558025946995757E-5
4.5781038419659165E-5
4.598268822480112E-5
4.61852154431633E-5
4.6388626694158384E-5
4.659292865944407E-5
4.679812808354251E-5
4.700423177446812E-5
4.721124660436203E-5
4.74191795101343E-5
4.7628037494111635E-5
4.783782762469143E-5
4.8048557037001654E-5
4.8260232933565084E-5
4.847286258496934E-5
4.868645333053887E-5
4.890101257901253E-5
4.911654780922265E-5
4.933306657077773E-5
4.955057648474603E-5
4.976908524434115E-5
4.9988600615608046E-5
5.020913043810969E-5
5.043068262561324E-5
5.065326516677536E-5
5.0876886125825554E-5
5.110155364324913E-5
5.132727593646564E-5
5.155406130050558E-5
5.1781918108682596E-5
5.201085481326291E-5
5.224087994612877E-5
5.2472002119438815E-5
5.270423002628623E-5
5.2937572441360906E-5
5.317203822163247E-5
5.3407636307100426E-5
5.364437572173208E-5
5.388226557489531E-5
5.4121315064050565E-5
5.436153348058592E-5
5.46029302233115E-5
5.4845514830264744E-5
5.508929705340644E-5
5.533428703174412E-5
5.5580495685579916E-5
5.582793559676078E-5
5.607662293295945E-5
5.6326581561883485E-5
5.657785164542386E-5
5.683050715943253E-5
5.708469070418084E-5
5.734068081729975E-5
5.759901842340209E-5
5.786073708875725E-5
5.8127768300525245E-5
5.840362846017373E-5
5.869453470673922E-5
5.901112861670078E-5
5.9371402511457004E-5
5.980282578542208E-5
6.034649964761183E-5
6.106205149050813E-5
6.202841492626234E-5
6.333911169551346E-5
6.508355975089947E-5
6.729123413356296E-5
6.976326773404136E-5
7.167815197780554E-5
7.198447368327864E-5
7.229223822678933E-5
7.260145681502144E-5
7.291214074627935E-5
7.322430141073983E-5
7.35379502908878E-5
7.385309896212044E-5
7.416975909350991E-5
7.448794244871416E-5
7.480766088702237E-5
7.512892636452823E-5
7.545175093542E-5
7.577614675337416E-5
7.610212607305103E-5
7.642970125167421E-5
7.67588847506933E-5
7.708968913751547E-5
7.742212708730198E-5
7.775621138481938E-5
7.809195492633929E-5
7.842937072157771E-5
7.876847189567145E-5
7.910927169117725E-5
7.945178347009537E-5
7.979602071590708E-5
8.01419970356192E-5
8.04897261618138E-5
8.083922195469516E-5
8.119049840412763E-5
8.154356963166247E-5
8.189844989254739E-5
8.225515357771274E-5
8.261369521573348E-5
8.297408947475781E-5
8.333635116440413E-5
8.370049523761909E-5
8.406653679249193E-5
8.443449107402594E-5
8.480437347585987E-5
8.517619954193828E-5
8.554998496812711E-5
8.592574560377241E-5
8.630349745319885E-5
8.668325667714411E-5
8.706503959413259E-5
8.744886268177718E-5
8.783474257801758E-5
8.822269608228205E-5
8.861274015658112E-5
8.900489192652464E-5
8.93991686822641E-5
8.97955878793568E-5
9.019416713955283E-5
9.059492425150082E-5
9.099787717137419E-5
9.140304402341572E-5
9.181044310039867E-5
9.222009286400436E-5
9.263201194511824E-5
9.304621914403779E-5
9.346273343059805E-5
9.388157394420975E-5
9.430275999381469E-5
9.472631105775174E-5
9.515224678353902E-5
9.558058698757305E-5
9.601135165474726E-5
9.644456093800142E-5
9.688023515783554E-5
9.731839480186975E-5
9.77590605246698E-5
9.820225314839479E-5
9.86479936656826E-5
9.909630324826405E-5
9.95472032697847E-5
1.0000071536300666E-4
1.0045686155839493E-4
1.0091566461127126E-4
1.0137714875655269E-4
1.0184134141170903E-4
1.0230827693458472E-4
1.0277800472839766E-4
1.0325060631416956E-4
1.0372623041513088E-4
1.0420516321028353E-4
1.046879652048046E-4
1.0517573020039994E-4
1.0567056009673326E-4
1.0617640598747791E-4
1.0670050230569756E-4
1.0725570809407636E-4
1.0786501047491487E-4
1.0856455036637669E-4
1.0941089896641431E-4
1.1049148075487296E-4
1.1193078999686543E-4
1.1389210994326474E-4
1.165615920855216E-4
1.2007074245432296E-4
1.2419689287694553E-4
1.2755261708516906E-4
1.2811126983500079E-4
1.2867302539882236E-4
1.2923790737548652E-4
1.2980593948432964E-4
1.3037714559175774E-4
1.30951549736309E-4
1.3152917615222805E-4
1.3211004929160097E-4
1.3269419384508765E-4
1.332816347612928E-4
1.3387239726481902E-4
1.3446650687303814E-4
1.3506398941161415E-4
1.356648710288284E-4
1.3626917820872721E-4
1.3687693778314077E-4
1.3748817694260012E-4
1.3810292324619174E-4
1.3872120463037836E-4
1.3934304941682415E-4
1.3996848631924987E-4
1.4059754444935854E-4
1.4123025332184956E-4
1.418666428585642E-4
1.425067433917838E-4
1.4315058566671026E-4
1.4379820084316094E-4
1.4444962049650118E-4
1.451048766178409E-4
1.4576400161352599E-4
1.464270283039462E-4
1.4709398992168463E-4
1.4776492010903656E-4
1.4843985291491563E-4
1.4911882279117678E-4
1.4980186458837778E-4
1.5048901355099427E-4
1.511803053121227E-4
1.5187577588767815E-4
1.5257546167012185E-4
1.53279399421727E-4
1.539876262674103E-4
1.5470017968714363E-4
1.5541709750796503E-4
1.56138417895615E-4
1.5686417934580117E-4
1.5759442067512643E-4
1.5832918101168036E-4
1.5906849978532364E-4
1.5981241671767548E-4
1.6056097181182084E-4
1.613142053417523E-4
1.6207215784156374E-4
1.6283487009440627E-4
1.636023831212261E-4
1.6437473816929355E-4
1.6515197670053912E-4
1.659341403797068E-4
1.6672127106234395E-4
1.6751341078263089E-4
1.6831060174107054E-4
1.6911288629204395E-4
1.6992030693124927E-4
1.707329062830279E-4
1.715507270875941E-4
1.7237381218817945E-4
1.7320220451810372E-4
1.7403594708778592E-4
1.748750829717317E-4
1.7571965529555685E-4
1.765697072232059E-4
1.7742528194476042E-4
1.78286422665863E-4
1.7915317260134607E-4
1.8002557497952642E-4
1.809036730729996E-4
1.8178751029398414E-4
1.8267713044370094E-4
1.8357257832184648E-4
1.8447390115994435E-4
1.8538115189813034E-4
1.8629439649201626E-4
1.872137298186032E-4
1.8813930946814304E-4
1.8907142574942334E-4
1.9001064294302424E-4
1.909580764788233E-4
1.9191592088297818E-4
1.928884235616018E-4
1.9388361874921365E-4
1.9491629582812532E-4
1.960143614998174E-4
1.9722270324568398E-4
1.98614320976026E-4
2.003081560782286E-4
2.0248332612339803E-4
2.053917393041094E-4
2.0935065461748616E-4
2.146435730467771E-4
2.2105008881037443E-4
2.2645924554058196E-4
2.2752214869733187E-4
2.285915352569359E-4
2.2966744446102256E-4
2.3074991952201003E-4
2.3183900742796397E-4
2.3293475875219174E-4
2.3403722746747434E-4
2.3514647076485894E-4
2.3626254887692923E-4
2.373855249054646E-4
2.3851546465342144E-4
2.396524364611455E-4
2.4079651104673877E-4
2.4194776135051546E-4
2.4310626238345647E-4
2.44272091079599E-4
2.454453261522832E-4
2.466260479541872E-4
2.4781433834107413E-4
2.4901028053918897E-4
2.5021395901622955E-4
2.5142545935583316E-4
2.5264486813549606E-4
2.538722728078815E-4
2.551077615854368E-4
2.563514233282567E-4
2.576033474351435E-4
2.5886362373778464E-4
2.601323423980002E-4
2.6140959380799604E-4
2.62695468493567E-4
2.639900570201838E-4
2.652934499019229E-4
2.6660573751316556E-4
2.679270100030218E-4
2.6925735721243033E-4
2.705968685938625E-4
2.719456331335988E-4
2.7330373927651237E-4
2.7467127485331566E-4
2.760483270102194E-4
2.7743498214095473E-4
2.7883132582110556E-4
2.8023744274470973E-4
2.8165341666308834E-4
2.8307933032583325E-4
2.8451526542394297E-4
2.859613025350269E-4
2.8741752107056396E-4
2.8888399922515003E-4
2.9036081392770895E-4
2.9184804079461296E-4
2.933457540846818E-4
2.948540266560111E-4
2.9637292992459874E-4
2.979025338247251E-4
2.994429067710524E-4
3.0099411562240066E-4
3.0255622564717114E-4
3.041293004903713E-4
3.057134021422178E-4
3.073085909082692E-4
3.089149253810625E-4
3.1053246241322097E-4
3.1216125709199085E-4
3.138013627151845E-4
3.1545283076849634E-4
3.1711571090415843E-4
3.187900509209288E-4
3.2047589674540175E-4
3.2217329241472246E-4
3.2388228006091776E-4
3.2560289989752274E-4
3.273351902102932E-4
3.2907918735666254E-4
3.308349257857839E-4
3.326024381085103E-4
3.3438175528859433E-4
3.361729071245363E-4
3.3797592341594014E-4
3.397908367092099E-4
3.4161768860751276E-4
3.4345654393875424E-4
3.453075218268669E-4
3.471708621923798E-4
3.4904706449787775E-4
3.509371695445699E-4
3.5284331568170195E-4
3.547698034710007E-4
3.567250667381139E-4
3.5872518953957946E-4
3.608022145037856E-4
3.630085932901975E-4
3.65432492417393E-4
3.682242717140963E-4
3.716207516084421E-4
3.759727862593682E-4
3.817525139477958E-4
3.894363822068798E-4
3.9883950131442715E-4
4.070330143156565E-4
4.090971638902638E-4
4.111732716129956E-4
4.1326195013708706E-4
4.1536378775966325E-4
4.1747934890984086E-4
4.196091746293435E-4
4.2175378304571445E-4
4.2391366983822806E-4
4.260893086966086E-4
4.282811517726313E-4
4.3048963012472637E-4
4.3271515415565555E-4
4.349581140433666E-4
4.3721888016511924E-4
4.3949780351496237E-4
4.4179521611466174E-4
4.4411143141816174E-4
4.46446744709667E-4
4.4880143349543375E-4
4.5117575788935273E-4
4.5356996099240715E-4
4.5598426926609845E-4
4.584188928998977E-4
4.608740261728326E-4
4.6334984780927694E-4
4.6584652132900434E-4
4.6836419539162294E-4
4.7090300413543353E-4
4.734630675107979E-4
4.7604449160809783E-4
4.786473689803602E-4
4.812717789606024E-4
4.839177879740009E-4
4.8658544984492535E-4
4.892748060989228E-4
4.919858862597314E-4
4.947187081413646E-4
4.974732781353609E-4
5.002495914932527E-4
5.030476326043243E-4
5.058673752687207E-4
5.087087829659853E-4
5.11571809119061E-4
5.144563973538512E-4
5.173624817543921E-4
5.202899871136725E-4
5.232388291802128E-4
5.262089149004028E-4
5.292001426567179E-4
5.322124025018168E-4
5.352455763886244E-4
5.382995383964222E-4
5.413741549530267E-4
5.44469285053096E-4
5.475847804726232E-4
5.507204859796839E-4
5.538762395414681E-4
5.570518725276613E-4
5.602472099102429E-4
5.634620704597087E-4
5.666962669378305E-4
5.699496062869389E-4
5.732218898158322E-4
5.765129133823249E-4
5.798224675725007E-4
5.831503378767103E-4
5.864963048623757E-4
5.898601443436281E-4
5.932416275478499E-4
5.966405212791791E-4
6.000565880790873E-4
6.034895863842208E-4
6.069392706820315E-4
6.104053916654367E-4
6.138876963898132E-4
6.173859284408355E-4
6.20899828134768E-4
6.244291328053209E-4
6.2797357730951E-4
6.315328950701236E-4
6.351068203995654E-4
6.386950938110539E-4
6.422974741306037E-4
6.459137657167891E-4
6.495438783961722E-4
6.531879563632022E-4
6.568466483569609E-4
6.605216584931891E-4
6.642168363186571E-4
6.679402653311173E-4
6.717081248616656E-4
6.755546450958388E-4
6.79536693915076E-4
6.837527225205571E-4
6.883774688241067E-4
6.936963612251552E-4
7.001494780574717E-4
7.083574817354584E-4
7.189948715029026E-4
7.319416306688447E-4
7.435144663976618E-4
7.473675451453575E-4
7.513210025006592E-4
7.55371912494764E-4
7.595173952405468E-4
7.637546163498589E-4
7.680807863574129E-4
7.724931601511644E-4
7.769890364091352E-4
7.815657570426062E-4
7.862207066456092E-4
7.909513119506622E-4
7.95755041290668E-4
8.006294040669211E-4
8.055719502231576E-4
8.105802697255792E-4
8.156519920487891E-4
8.207847856675937E-4
8.259763575545698E-4
8.312244526833845E-4
8.365268535377691E-4
8.418813796261007E-4
8.472858870015464E-4
8.527382677876761E-4
8.582364497095211E-4
8.637783956300124E-4
8.693621030917063E-4
8.749856038638073E-4
8.806469634943797E-4
8.86344280867693E-4
8.920756877666846E-4
8.978393484404549E-4
9.036334591767427E-4
9.09456247879339E-4
9.153059736503841E-4
9.211809263774804E-4
9.270794263256045E-4
9.329998237337229E-4
9.389404984160892E-4
9.448998593681783E-4
9.508763443771782E-4
9.568684196370202E-4
9.62874579367893E-4
9.688933454401649E-4
9.749232670027088E-4
9.809629201155618E-4
9.870109073868566E-4
9.9306585761402E-4
9.99126425429147E-4
0.0010051912909485412
0.0010112591594263563
0.0010173287609123096
0.0010233988499133925
0.0010294682050595882
0.0010355356287734968
0.0010415999469438621
0.0010476600086029493
0.0010537146856077276
0.001059762872324805
0.0010658034853191223
0.001071835463046284
0.0010778577655485783
0.0010838693741545757
0.0010898692911823047
0.001095856539645949
0.0011018301629660383
0.001107789224683085
0.0011137328081746414
0.0011196600163757384
0.0011255699715026506
0.001131461814780001
0.0011373347061711832
0.0011431878241121509
0.0011490203652488506
0.0011548315441790166
0.0011606205932004072
0.0011663867620711648
0.0011721293177971474
0.0011778475444846708
0.0011835407433555738
0.0011892082331639569
0.0011948493515926688
0.0012004634589931873
0.001206049947608814
0.0012116082633282109
0.001217137955363058
0.001222638786521053
0.0012281109712986176
0.0012335556755285848
0.001238976033906366
0.0012443791564590995
0.001249779948422773
0.0012552117281209806
0.0012607303283381636
0.001266434666184338
0.0012725060494870172
0.0012792489418779274
0.00128714667846554
0.0012969035155926873
0.0013093211716838232
0.0013243530291107914
0.0013518620627921266
0.001370311058896077
0.0013884349345362553
0.0014062373947567577
0.001423722107864054
0.0014408927057678327
0.0014577527843188357
0.0014743059036436445
0.0014905555884765108
0.0015065053284881937
0.0015221585786118963
0.0015375187593662594
0.0015525892571754934
0.001567373424686629
0.0015818745810839666
0.0015960960124006634
0.0016100409718275864
0.0016237126800193748
0.0016371143253977604
0.001650249064452197
0.001663120022037777
0.001675730291670486
0.0016880829358198275
0.0017001809861988079
0.0017120274440513244
0.0017236252804370012
0.0017349774365134326
0.0017460868238159245
0.0017569563245347385
0.0017675887917897946
0.0017779870499029708
0.0017881538946679125
0.0017980920936174589
0.0018078043862886166
0.0018172934844852145
0.001826562072538136
0.0018356128075632694
0.0018444483197170957
0.0018530712124499931
0.0018614840627572762
0.0018696894214279504
0.0018776898132912476
0.0018854877374609403
0.0018930856675774405
0.0019004860520477349
0.0019076913142831472
0.001914703852934965
0.001921526042127941
0.0019281602316916753
0.0019346087473899429
0.0019408738911479014
0.0019469579412773098
0.0019528631526996548
0.001958591757167307
0.0019641459634826565
0.0019695279577152695
0.001974739903417086
0.001979783941835688
0.0019846621921255983
0.0019893767515577238
0.0019939296957268418
0.0019983230787572674
0.002002558933506612
0.0020066392717677287
0.0020105660844688105
0.0020143413418716783
0.002017966993768288
0.0020214449696754236
0.0020247771790276622
0.0020279655113685678
0.0020310118365401584
0.002033918004870706
0.002036685847360878
0.00203931717586845
0.002041813783292028
0.0020441774437550257
0.0020464099127933625
0.002048512927556117
0.0020504882070435004
0.002052337452445109
0.0020540623477376878
0.0020556645609362384
0.002057145746949831
0.0020585075542849294
0.0020597516407492105
0.0020608797096765812
0.002061893591696394
0.0020627954247335605
0.002063588039496686
0.0020642757608553943
0.002064866021026754
0.0020653724947388478
0.002065824355409239
0.0020662691842211803
0.0020667909890014708
0.0020675456442119963
0.0020687983907910503
0.002070977144474199
0.002074717191584046
0.0020807603519103716
0.004113544879853395
0.004092414095983668
0.00406366151028769
0.004035113481023688
0.004006768534769638
0.003978625208829322
0.0039506820511536565
0.0039229376202626525
0.0038953904851679114
0.003868039225295699
0.003840882430410596
0.003813918700539703
0.0037871466458973936
0.003760564886810641
0.0037341720536448668
0.003707966786730383
0.0036819477362892996
0.0036561135623630414
0.0036304629347403664
0.00360499453288591
0.0035797070458692595
0.0035545991722945687
0.0035296696202306455
0.0035049171071416113
0.0034803403598180193
0.00345593811430851
0.003431709115851965
0.003407652118810143
0.0033837658866008183
0.003360049191631459
0.0033365008152332794
0.003313119547595921
0.0032899041877024826
0.0032668535432651305
0.0032439664306610967
0.0032212416748692435
0.003198678109406976
0.0031762745762677455
0.003154029925858913
0.003131943016940106
0.0031100127165620667
0.0030882379000058617
0.0030666174507226343
0.003045150260273735
0.0030238352282713175
0.0030026712623193743
0.002981657277955182
0.0029607921985912136
0.0029400749554574614
0.002919504487544157
0.0028990797415449723
0.0028787996718005666
0.0028586632402426235
0.0028386694163382385
0.0028188171770347375
0.0027991055067049277
0.0027795333970926967
0.0027600998472590565
0.002740803863528576
0.002721644459436184
0.002702620655674407
0.002683731480040928
0.002664975967386619
0.002646353159563874
0.002627862105375376
0.002609501860523202
0.0025912714875583453
0.0025731700558305776
0.0025551966414386787
0.0025373503271810508
0.0025196302025066964
0.0025020353634665304
0.002484564912665111
0.002467217959212703
0.002449993618677839
0.0024328910130404936
0.0024159092706464076
0.002399047526164089
0.0023823049205485107
0.002365680601022427
0.0023491737211039664
0.002332783440754008
0.002316508926828017
0.0023003493542848867
0.0022843039092348707
0.0022683717963472333
0.0022525522563294547
0.0022368446060474357
0.002221248328092522
0.002205763265051258
0.0021903900282077195
0.002175130829681103
0.0021599911174817136
0.002144984619312725
0.0021301345691931055
0.002115483454553525
0.0021011124988319137
0.0020871622186899572
0.0020738622414721844
0.002061557185503502
0.29615626076615514
