2.9540509664397154E-7
5.927483919737213E-7
8.920421269615738E-7
1.1932986928361246E-6
1.4965306334582332E-6
1.801750647727456E-6
2.10897159201918E-6
2.418206482652762E-6
2.7294684983909563E-6
3.0427709829709622E-6
3.358127447667448E-6
3.675551573887896E-6
3.995057215800671E-6
4.316658402996187E-6
4.640369343181628E-6
4.966204424909662E-6
5.29417822034158E-6
5.624305488045379E-6
5.956601175829367E-6
6.2910804236117E-6
6.627758566326951E-6
6.966651136870587E-6
7.307773869084093E-6
7.651142700786062E-6
7.996773776862724E-6
8.344683452451185E-6
8.694888296297645E-6
9.047405094491153E-6
9.402250855055187E-6
9.759442814533064E-6
1.0118998449193546E-5
1.0480935496803284E-5
1.0845272002149759E-5
1.12120264149035E-5
1.1581217800413325E-5
1.1952866288823606E-5
1.2326994015559427E-5
1.2703627050490306E-5
1.3082799265966299E-5
1.3464559905038722E-5
1.3848988008745264E-5
1.4236219164619328E-5
1.4626493638183619E-5
1.502024020938462E-5
1.54182170410764E-5
1.5821738936662506E-5
1.6233026936860408E-5
1.6655715685139985E-5
1.709553547058112E-5
1.7561131074448482E-5
1.8064673402448843E-5
1.8622426641948426E-5
1.9254316125050896E-5
1.9980925805219215E-5
2.0816693399429538E-5
2.175706605219834E-5
2.275820318373165E-5
2.371439264235553E-5
2.4468024545081076E-5
2.4968570667116486E-5
2.5472399366319596E-5
2.5979535624420485E-5
2.649000475025461E-5
2.7003832384466247E-5
2.7521044504260418E-5
2.7746262331558614E-5
2.797297942909396E-5
2.8201210571776226E-5
2.8430970740314796E-5
2.8662275123842702E-5
2.889513912256377E-5
2.9129578350423913E-5
2.9365608637808346E-5
2.9603246034266586E-5
2.9842506811266765E-5
3.008340746498127E-5
3.032596471910568E-5
3.0570195527712816E-5
3.0816117078143734E-5
3.106374679393772E-5
3.1313102337802664E-5
3.156420161462831E-5
3.181706277454305E-5
3.20717042160167E-5
3.232814458901058E-5
3.2586402798175656E-5
3.284649800610236E-5
3.310844963662308E-5
3.3372277378174484E-5
3.363800118723176E-5
3.3905641291845915E-5
3.417521819535862E-5
3.444675268047419E-5
3.472026581411154E-5
3.4995778954025136E-5
3.5273313759454154E-5
3.555289221088254E-5
3.5834536650116634E-5
3.611826986493021E-5
3.640411526967492E-5
3.669209728854895E-5
3.6982242158143024E-5
3.7274579579020365E-5
3.7569146048312474E-5
3.786599144262822E-5
3.816519172976135E-5
3.846687293133407E-5
3.877125515140882E-5
3.907873128190637E-5
3.9390003572441876E-5
3.9706312989444016E-5
4.002981057269512E-5
4.036413393446031E-5
4.071525837322712E-5
4.109267614793565E-5
4.151108180073632E-5
4.199126435339057E-5
4.2561738135688376E-5
4.32596834630736E-5
4.412778554189684E-5
4.520602163816367E-5
4.651385063355932E-5
4.801472035307907E-5
4.954508583974125E-5
5.069478341130233E-5
5.107999588239425E-5
5.14680504925164E-5
5.185897822276981E-5
5.225281046595607E-5
5.2649579030780284E-5
5.3049316146054065E-5
5.3452054464932716E-5
5.385782706922236E-5
5.4266667473782875E-5
5.4678609631054026E-5
5.5093687935725376E-5
5.5511937229568176E-5
5.593339280644524E-5
5.635809041751079E-5
5.6786066276610246E-5
5.7217357065886025E-5
5.765199994159667E-5
5.809003254014857E-5
5.8531492984343546E-5
5.8976419889839565E-5
5.942485237182129E-5
5.9876830051876504E-5
6.0332393065071097E-5
6.079158206721559E-5
6.125443824231325E-5
6.172100331018167E-5
6.219131953423281E-5
6.266542972940489E-5
6.314337727022933E-5
6.362520609902562E-5
6.411096073421601E-5
6.460068627876793E-5
6.509442842880262E-5
6.559223348249215E-5
6.609414834955628E-5
6.660022056213993E-5
6.711049828891339E-5
6.762503035668223E-5
6.814386628923172E-5
6.8667056385066E-5
6.919465188127182E-5
6.972670530445133E-5
7.026327121986363E-5
7.080440781075613E-5
7.13501801513014E-5
7.190066685699242E-5
7.245597331163868E-5
7.301625738092664E-5
7.358177820320119E-5
7.415298641053811E-5
7.473068640979936E-5
7.531631966584632E-5
7.591244320477446E-5
7.65235086188005E-5
7.715707759008192E-5
7.782562457785417E-5
7.854964726025376E-5
7.93590481577826E-5
8.029699746053994E-5
8.142457341848762E-5
8.281985397200877E-5
8.457136688124304E-5
8.67574365824071E-5
8.939010155087097E-5
9.225775381144681E-5
9.45460190339556E-5
9.525117996977858E-5
9.596224159702457E-5
9.667927206543004E-5
9.740234030693693E-5
9.813151603963707E-5
9.886686977521265E-5
9.960847282951079E-5
1.0035639733592448E-4
1.0111071626124954E-4
1.0187150342372221E-4
1.0263883351294194E-4
1.0341278211141211E-4
1.0419342571743511E-4
1.0498084176912167E-4
1.0577510866928036E-4
1.0657630581096964E-4
1.0738451360351142E-4
1.0819981349876543E-4
1.090222880174902E-4
1.0985202077561599E-4
1.1068909651027094E-4
1.1153360110541149E-4
1.1238562161691856E-4
1.1324524629702693E-4
1.141125646179707E-4
1.1498766729473076E-4
1.1587064630677927E-4
1.1676159491873178E-4
1.176606076998131E-4
1.1856778054206408E-4
1.1948321067721895E-4
1.204069966922039E-4
1.2133923854323559E-4
1.2228003756856748E-4
1.2322949650008257E-4
1.2418771947430877E-4
1.2515481204429307E-4
1.261308811958084E-4
1.2711603537601647E-4
1.2811038455319895E-4
1.291140403492992E-4
1.3012711633708058E-4
1.3114972869960337E-4
1.3218199766882696E-4
1.3322405060261402E-4
1.3427602843059245E-4
1.353380988685711E-4
1.3641048290713963E-4
1.3749350667686478E-4
1.3858770052412666E-4
1.3969398337869917E-4
1.408139963497424E-4
1.4195068826420977E-4
1.431093095930356E-4
1.4429903726921722E-4
1.4553551752783466E-4
1.468459079910643E-4
1.4827072774338467E-4
1.4987088740462035E-4
1.517380874148126E-4
1.539982255768037E-4
1.5680959264389774E-4
1.603421880256865E-4
1.6469685068544763E-4
1.6962172858275644E-4
1.7372595118877283E-4
1.750588574267395E-4
1.764041534080599E-4
1.7776197740093695E-4
1.7913246878521535E-4
1.8051576838734143E-4
1.8191201878521053E-4
1.833213645841979E-4
1.8474395266564523E-4
1.8617993240901861E-4
1.8762945588892923E-4
1.890926780481567E-4
1.905697568477901E-4
1.920608533955576E-4
1.935661320533849E-4
1.950857605251869E-4
1.966199099258632E-4
1.9816875483244124E-4
1.9973247331826904E-4
2.0131124697114102E-4
2.0290526089620261E-4
2.0451470370445047E-4
2.0613976748762465E-4
2.0778064778025282E-4
2.0943754350958319E-4
2.1111065693412245E-4
2.1280019357145872E-4
2.1450636211603474E-4
2.162293743475121E-4
2.1796944503033627E-4
2.1972679180510163E-4
2.2150163507228765E-4
2.2329419786893E-4
2.251047057387776E-4
2.269333865965243E-4
2.2878047058677207E-4
2.3064618993866794E-4
2.325307788177818E-4
2.3443447317840862E-4
2.3635751062326215E-4
2.3830013028636218E-4
2.402625727749583E-4
2.422450802510724E-4
2.442478968307449E-4
2.462712696871895E-4
2.4831545167802586E-4
2.5038070720000437E-4
2.524673247267382E-4
2.5457564286623257E-4
2.5670610310929827E-4
2.5885935392560666E-4
2.610364509460871E-4
2.6323923164757684E-4
2.654709967011759E-4
2.677377107524619E-4
2.7005004649255577E-4
2.7242673001748096E-4
2.749019746114439E-4
2.775276505765609E-4
2.803843511626905E-4
2.8359968571672976E-4
2.873583293893915E-4
2.9190879034724166E-4
2.9754694727475103E-4
3.045081186635946E-4
3.125174963962684E-4
3.1943828053292156E-4
3.220299310962124E-4
3.2464686650419966E-4
3.272893226659179E-4
3.299575682870258E-4
3.326519023525262E-4
3.3537265170263203E-4
3.3812016869921337E-4
3.408948289803433E-4
3.4369702930050756E-4
3.46527185454098E-4
3.4938573027987484E-4
3.522731117441239E-4
3.551897911002951E-4
3.5813624112296686E-4
3.6111294441401674E-4
3.64120391778941E-4
3.671590806713092E-4
3.7022951370339235E-4
3.7333219722103647E-4
3.7646763994092524E-4
3.7963635164838314E-4
3.828388419539574E-4
3.860756191070182E-4
3.8934718886469137E-4
3.926540534144614E-4
3.9599671034882454E-4
3.993756516904142E-4
4.0279136296606557E-4
4.0624432232830944E-4
4.0973499972283525E-4
4.132638561004925E-4
4.1683134267245085E-4
4.204379002071694E-4
4.240839583679077E-4
4.2776993508959185E-4
4.314962359941315E-4
4.3526325384375393E-4
4.3907136803324E-4
4.429209441249407E-4
4.468123334376575E-4
4.507458727171709E-4
4.547218839545545E-4
4.587406745043905E-4
4.628025378441194E-4
4.6690775572227086E-4
4.71056603297351E-4
4.75249360619417E-4
4.7948633730070375E-4
4.8376792400426385E-4
4.8809469714783507E-4
4.924676264587395E-4
4.968884757314415E-4
5.013605553989961E-4
5.058900940261533E-4
5.104886568676128E-4
5.151772565461528E-4
5.199964233803436E-4
5.250084020610893E-4
5.303127409345286E-4
5.360740245717547E-4
5.425404782617957E-4
5.500628997977011E-4
5.590872762264884E-4
5.700209694054067E-4
5.825904868713989E-4
5.938042046434512E-4
5.988825424500574E-4
6.040078065681155E-4
6.091833278773345E-4
6.144122315873254E-4
6.196974435174652E-4
6.250416962305375E-4
6.304475350231075E-4
6.359173237754958E-4
6.414532506642036E-4
6.470573337395469E-4
6.527314263712631E-4
6.584772225647279E-4
6.642962621504498E-4
6.701899358493978E-4
6.761594902167116E-4
6.82206032466269E-4
6.883305351785652E-4
6.945338408942866E-4
7.008166665959344E-4
7.071796080798125E-4
7.136231442206276E-4
7.201476411309462E-4
7.267533562176617E-4
7.334404421376402E-4
7.402089506546215E-4
7.470588363994536E-4
7.539899605356603E-4
7.610020943323553E-4
7.680949226464257E-4
7.752680473159032E-4
7.825209904663962E-4
7.898531977324358E-4
7.972640413955313E-4
8.04752823440761E-4
8.123187785336832E-4
8.199610769195322E-4
8.276788272469228E-4
8.354710793191846E-4
8.433368267786908E-4
8.512750097350074E-4
8.592845173609298E-4
8.673641905117556E-4
8.755128244952753E-4
8.837291722834388E-4
8.920119488183125E-4
9.003598378477687E-4
9.087715043797916E-4
9.172456192492103E-4
9.257809091133282E-4
9.343762584667843E-4
9.43030915270296E-4
9.517448972223072E-4
9.605197749307492E-4
9.693601398358387E-4
9.782762704764341E-4
9.872888072907638E-4
9.964412056368724E-4
0.001005801553804611
0.0010154822818443574
0.0010256771079335957
0.0010366884678674438
0.001048960030282889
0.0010630818629424304
0.0010796372781491678
0.0010983778281449443
0.001115509248962457
0.0011251047592111076
0.0011350612167979129
0.0011453624562430445
0.0011559926990119525
0.0011669365461033118
0.0011781789707635325
0.0011897053113258435
0.0012015012641719406
0.0012135528768142617
0.0012258465410969538
0.0012383689865136543
0.0012511072736401795
0.0012640487876803327
0.0012771812321229902
0.0012904926225086697
0.0013039712803038764
0.0013176058268814326
0.0013313851776051463
0.0013452985360170972
0.0013593353881259278
0.001373485496794464
0.001387738896225139
0.001402085886541548
0.0014165170284646785
0.0014310231380822071
0.0014455952817094212
0.0014602247708402293
0.001474903157186842
0.001489622227806676
0.001504374000315036
0.0015191507181822426
0.0015339448461137726
0.0015487490655121132
0.0015635562700190126
0.001578359561136841
0.0015931522439279484
0.001607927822791145
0.0016226799973150113
0.001637402658209502
0.0016520898833212187
0.0016667359337477702
0.001681335250090652
0.0016958824489430356
0.0017103723198411051
0.0017247998232079232
0.001739160090486073
0.0017534484291020138
0.0017676603379642927
0.0017817915454937281
0.0017958380947693973
0.0018097965247476312
0.0018236642420792067
0.0018374402599154354
0.0018511266204853005
0.0018647310457232877
0.0018782717026974958
0.0018917908340170674
0.0019053557696134757
0.0019190806935307377
0.0019331690058506613
0.0019479463715104566
0.0019639030835146513
0.0019817107171006625
0.0020020643370104976
0.002024756985982968
0.002078619403861088
0.002122417938122534
0.0021650436897730405
0.0022065169369922303
0.0022468576534260707
0.0022860855124644842
0.002324219891461122
0.002361279875896076
0.0023972842634822633
0.002432251568216236
0.0024662000243741407
0.00249914759045358
0.0025311119530620403
0.0025621105307526365
0.0025921604778078523
0.002621278687971942
0.0026494817981327205
0.0026767861919533564
0.0027032080034548826
0.002728763120550004
0.0027534671885289424
0.0027773356134978507
0.002800383565770534
0.0028226259832139543
0.0028440775745482913
0.0028647528226020316
0.00288466598752276
0.002903831109944186
0.0029222620141100314
0.002939972310955334
0.0029569754011457092
0.002973284478075171
0.002988912530823007
0.003003872347070332
0.003018176515976797
0.0030318374310180345
0.0030448672927844565
0.0030572781117421833
0.00306908171095715
0.0030802897287846593
0.0030909136215291275
0.0031009646660854697
0.0031104539625900424
0.003119392437148807
0.003127790844804574
0.0031356597731236305
0.0031430096472768562
0.0031498507385843443
0.0031561931808506975
0.0031620470037645064
0.003167422202710917
0.0031723288842271037
0.0031767775642022105
0.003180779765265604
0.0031843491810758105
0.0031875038758943396
0.0031902702972232523
0.0031926954115675224
0.003194846701188044
0.003196831465089063
0.0031988353005272547
0.0032011524091288502
0.003204226138663042
0.0032086688810492223
0.0032151267664831226
0.006356385136545819
0.006296243736154259
0.006228864263369501
0.006162212867609009
0.006096281598784338
0.006031062594499014
0.005966548079073038
0.005902730362578279
0.005839601839884667
0.00577715498971706
0.005715382373722654
0.005654276635548843
0.005593830499931366
0.00553403677179268
0.005474888335350402
0.005416378153235747
0.005358499265621779
0.005301244789361475
0.005244607917135377
0.00518858191660882
0.0051331601295985215
0.005078335971248592
0.005024102929215638
0.0049704545628631025
0.004917384502464507
0.00486488644841567
0.004812954170455712
0.0047615815068967815
0.004710762363862368
0.004660490714534151
0.004610760598407288
0.004561566120553973
0.004512901450895304
0.004464760823481199
0.004417138535778455
0.004370028947966723
0.0043234264822423684
0.004277325622130207
0.004231720911803059
0.004186606955409395
0.0041419784164097246
0.004097830016923652
0.004054156537092758
0.004010952814472348
0.0039682137434845855
0.003925934275012024
0.003884109416319419
0.003842734231740548
0.003801803845122211
0.0037613134462248046
0.003721258305832212
0.003681633809565188
0.0036424355308112472
0.0036036593831702264
0.0035653019296505036
0.0035273609906761793
0.0034898368008873045
0.00345273413212099
0.0034160690066668917
0.0033798681114374247
0.003344179292166624
0.003309092727703118
0.0032747570777955726
0.0032414015641799724
0.0032093469664906654
0.30012067119543395
