1.4163900618604495E-7
2.848403537669491E-7
4.3054010110209927E-7
5.802448091027648E-7
7.361793640691452E-7
9.012643773850449E-7
1.0786836457217015E-6
1.270652963651242E-6
1.4759234096648356E-6
1.6860739927310213E-6
1.8840975022507215E-6
2.0594491151071515E-6
2.2354875093480792E-6
2.412214694203749E-6
2.589632696919264E-6
2.7677435630024377E-6
2.9465493564740657E-6
3.1260521601206405E-6
3.3062540757495326E-6
3.4871572244466533E-6
3.668763746836614E-6
3.851075803345446E-6
4.034095574465862E-6
4.217825261025046E-6
4.402267084455164E-6
4.587423287066371E-6
4.7732961323225735E-6
4.95988790511978E-6
5.147200912067248E-6
5.3352374817713345E-6
5.523999965122065E-6
5.713490735582572E-6
5.9037121894812316E-6
6.094666746306854E-6
6.286356849006503E-6
6.478784964286415E-6
6.671953582915754E-6
6.865865220033383E-6
7.060522415457601E-6
7.255927733998918E-6
7.4520837657759115E-6
7.648993126534112E-6
7.84665845796808E-6
8.045082428046622E-6
8.244267731341074E-6
8.444217089356978E-6
8.644933250868824E-6
8.8464189922582E-6
9.048677117855157E-6
9.251710460282915E-6
9.455521880805977E-6
9.660114269681493E-6
9.86549054651429E-6
1.007165366061503E-5
1.0278606591362061E-5
1.0486352348566703E-5
1.0694893972842001E-5
1.0904234535975133E-5
1.1114377141303233E-5
1.1325324924092963E-5
1.1537081051923597E-5
1.1749648725073821E-5
1.1963031176912118E-5
1.2177231674290863E-5
1.2392253517944182E-5
1.2608100042889427E-5
1.2824774618832573E-5
1.3042280650577236E-5
1.3260621578438117E-5
1.3479800878658604E-5
1.3699822063834782E-5
1.3920688683349308E-5
1.4142404323825806E-5
1.4364972609630941E-5
1.4588397203494859E-5
1.4812681807426687E-5
1.5037830164363619E-5
1.5263846061616802E-5
1.5490733338641845E-5
1.5718495905019662E-5
1.594713778205981E-5
1.6176663197909298E-5
1.6407076801215243E-5
1.6638384131515176E-5
1.687059263242848E-5
1.710371378408194E-5
1.733776748321775E-5
1.757279081260335E-5
1.7808855129383458E-5
1.804609841905739E-5
1.82847846892143E-5
1.8525409405634316E-5
1.8768879865923905E-5
1.9016811169680863E-5
1.927198889472226E-5
1.9397412012594493E-5
1.9540578538693165E-5
1.9711894337079462E-5
1.992605969013709E-5
2.020271984514566E-5
2.0565910948453823E-5
2.1040515381728975E-5
2.1644204890907678E-5
2.2372223686612404E-5
2.317283622851923E-5
2.391696752101781E-5
2.4398042005293293E-5
2.452376967001888E-5
2.464995601732329E-5
2.4776603898114717E-5
2.4903716194598343E-5
2.5031295820575797E-5
2.515934572174725E-5
2.528786887601602E-5
2.5416868293796142E-5
2.5546347018322666E-5
2.567630812596496E-5
2.5806754726543055E-5
2.5937689963647484E-5
2.6069117014961408E-5
2.620103909258745E-5
2.6333459443376536E-5
2.6466381349261272E-5
2.659980812759196E-5
2.6733743131476958E-5
2.6868189750126393E-5
2.7003151409199488E-5
2.7138631571155976E-5
2.7274633735610708E-5
2.7411161439693213E-5
2.7548218258410092E-5
2.7685807805011867E-5
2.7823933731363893E-5
2.796259972832089E-5
2.81018095261059E-5
2.8241566894692904E-5
2.8381875644193762E-5
2.852273962524893E-5
2.866416272942247E-5
2.8806148889600967E-5
2.8948702080396127E-5
2.9091826318551967E-5
2.9235525663355303E-5
2.9379804217050733E-5
2.9524666125259038E-5
2.96701155773996E-5
2.9816156807116595E-5
2.9962794092708736E-5
3.0110031757563106E-5
3.025787417059184E-5
3.04063257466729E-5
3.055539094709408E-5
3.0705074280000416E-5
3.085538030084459E-5
3.1006313612840816E-5
3.1157878867421425E-5
3.131008076469664E-5
3.14629240539173E-5
3.161641353393955E-5
3.177055405369321E-5
3.192535051265172E-5
3.2080807861304645E-5
3.22369311016328E-5
3.2393725287584616E-5
3.255119552555632E-5
3.270934697487219E-5
3.2868184848271344E-5
3.302771441239998E-5
3.3187940988322634E-5
3.334886995207608E-5
3.3510506735336996E-5
3.36728568263735E-5
3.383592577170927E-5
3.399971917953862E-5
3.416424272737375E-5
3.432950217972382E-5
3.449550342910529E-5
3.4662252590226765E-5
3.482975621288019E-5
3.4998021754169334E-5
3.516705860474323E-5
3.533688027108396E-5
3.550750891155506E-5
3.567898454207234E-5
3.5851383254214415E-5
3.602485232222362E-5
3.6199675965455434E-5
3.637639484032901E-5
3.655601608796634E-5
3.67403692951105E-5
3.6932685294148486E-5
3.7138493024160935E-5
3.7366929914683845E-5
3.763271047219622E-5
3.795758081478856E-5
3.837262541621856E-5
3.892012451812689E-5
3.965156568137154E-5
4.062019309952914E-5
4.1862532400325323E-5
4.335724738556275E-5
4.4931000244507215E-5
4.6085702255395616E-5
4.6299938855845455E-5
4.6515098453602514E-5
4.673118802847061E-5
4.694821462919698E-5
4.71661853741076E-5
4.73851074517587E-5
4.760498812160334E-5
4.7825834714673544E-5
4.804765463427804E-5
4.827045535671484E-5
4.849424443199924E-5
4.871902948460685E-5
4.8944818214230084E-5
4.917161839655046E-5
4.9399437884022796E-5
4.962828460667451E-5
4.985816657291589E-5
5.00890918703647E-5
5.032106866668065E-5
5.055410521041253E-5
5.0788209831855425E-5
5.102339094391686E-5
5.125965704299462E-5
5.149701670986035E-5
5.173547861055336E-5
5.197505149728027E-5
5.22157442093213E-5
5.245756567394266E-5
5.270052490731348E-5
5.2944631015426516E-5
5.318989319502265E-5
5.343632073451777E-5
5.3683923014931225E-5
5.3932709510814695E-5
5.418268979118177E-5
5.4433873520435644E-5
5.468627045929641E-5
5.4939890465724835E-5
5.5194743495842875E-5
5.545083960484977E-5
5.570818894793382E-5
5.596680178117756E-5
5.622668846245579E-5
5.6487859452326476E-5
5.6750325314913595E-5
5.701409671877958E-5
5.72791844377883E-5
5.754559935195725E-5
5.7813352448297215E-5
5.808245482163992E-5
5.8352917675452785E-5
5.8624752322637604E-5
5.889797018631711E-5
5.917258280060343E-5
5.944860181135092E-5
5.972603897689245E-5
6.0004906168756355E-5
6.0285215372367547E-5
6.056697868772539E-5
6.0850208330067914E-5
6.113491663051523E-5
6.142111603670476E-5
6.170881911343111E-5
6.199803854334129E-5
6.228878712780578E-5
6.25810777882828E-5
6.287492356895978E-5
6.317033764261345E-5
6.346733332434765E-5
6.376592410422508E-5
6.406612372427092E-5
6.436794635755993E-5
6.467140701723908E-5
6.497652247230036E-5
6.528331325516087E-5
6.559180796664838E-5
6.59020522969817E-5
6.621412747799787E-5
6.652818708095157E-5
6.684452845734642E-5
6.716372753346566E-5
6.748688545807157E-5
6.78160651133863E-5
6.815503567372819E-5
6.851049075204231E-5
6.889394675434185E-5
6.93250640784797E-5
6.983393111777726E-5
7.046587275333755E-5
7.12874321454476E-5
7.238790602984102E-5
7.38752927131792E-5
7.585706616817618E-5
7.837855671997039E-5
8.122819731769395E-5
8.346320868713376E-5
8.384125805640928E-5
8.422125859762386E-5
8.460322623766526E-5
8.498717705353078E-5
8.537312727507345E-5
8.576109328776745E-5
8.615109163548615E-5
8.654313902328347E-5
8.693725232016987E-5
8.733344856187628E-5
8.773174495359751E-5
8.813215887270932E-5
8.853470787144994E-5
8.893940967956352E-5
8.93462822068948E-5
8.975534354593342E-5
9.016661197429743E-5
9.05801059571581E-5
9.099584414959123E-5
9.14138453988601E-5
9.183412874661927E-5
9.225671343103522E-5
9.268161888882501E-5
9.310886475720285E-5
9.353847087573554E-5
9.397045728810113E-5
9.440484424374857E-5
9.484165219945712E-5
9.528090182078926E-5
9.572261398343785E-5
9.616680977446367E-5
9.661351049342317E-5
9.70627376533817E-5
9.751451298181255E-5
9.79688584213805E-5
9.842579613060616E-5
9.888534848441386E-5
9.934753807455817E-5
9.98123877099299E-5
1.0027992041674043E-4
1.0075015943858586E-4
1.0122312823638588E-4
1.0169885048820151E-4
1.0217735008892856E-4
1.0265865114986972E-4
1.0314277799818119E-4
1.0362975517619696E-4
1.0411960744063128E-4
1.0461235976165622E-4
1.0510803732185906E-4
1.0560666551507731E-4
1.061082699451116E-4
1.0661287642432048E-4
1.0712051097209296E-4
1.0763119981320381E-4
1.0814496937605055E-4
1.0866184629077323E-4
1.091818573872613E-4
1.0970502969303931E-4
1.1023139043104825E-4
1.1076096701731094E-4
1.1129378705849662E-4
1.1182987834939161E-4
1.1236926887031452E-4
1.1291198678455826E-4
1.134580604360874E-4
1.1400751834805867E-4
1.1456038922362318E-4
1.1511670195259433E-4
1.1567648563272091E-4
1.1623976962639008E-4
1.1680658370139292E-4
1.1737695836694439E-4
1.1795092565356762E-4
1.1852852087998789E-4
1.1910978656522757E-4
1.1969478089336558E-4
1.2028359560189556E-4
1.2087639286917438E-4
1.2147347945050106E-4
1.2207545168908113E-4
1.2268347112832895E-4
1.2329977221795356E-4
1.2392856649206198E-4
1.2457759361618305E-4
1.2526067129548974E-4
1.2600274041404526E-4
1.2684302625906612E-4
1.2784323035292414E-4
1.290996351904532E-4
1.3075066918746714E-4
1.3298022046014487E-4
1.3600209436292096E-4
1.3997564069480656E-4
1.44668230148218E-4
1.4852030743375133E-4
1.4921656420675624E-4
1.4991699500866503E-4
1.5062163520733373E-4
1.5133052068893826E-4
1.5204368786356793E-4
1.5276117366960716E-4
1.5348301557695617E-4
1.5420925158912785E-4
1.5493992024426205E-4
1.556750606151012E-4
1.5641471230796273E-4
1.5715891546074894E-4
1.5790771074003046E-4
1.5866113933724123E-4
1.5941924296401834E-4
1.6018206384672438E-4
1.6094964472018272E-4
1.617220288206644E-4
1.624992598781493E-4
1.632813821079063E-4
1.6406844020140968E-4
1.6486047931662986E-4
1.656575450677267E-4
1.6645968351417043E-4
1.672669411493214E-4
1.6807936488849286E-4
1.6889700205652289E-4
1.6971990037488877E-4
1.7054810794837278E-4
1.7138167325132022E-4
1.7222064511350122E-4
1.7306507270561014E-4
1.7391500552441173E-4
1.7477049337756708E-4
1.7563158636815646E-4
1.7649833487891475E-4
1.7737078955621115E-4
1.782490012937785E-4
1.7913302121622221E-4
1.800229006623199E-4
1.8091869116813552E-4
1.818204444499602E-4
1.8272821238709752E-4
1.8364204700451088E-4
1.8456200045535186E-4
1.8548812500337572E-4
1.8642047300526803E-4
1.873590968928927E-4
1.883040491554752E-4
1.892553823217345E-4
1.9021314894198071E-4
1.9117740157018298E-4
1.9214819274602983E-4
1.93125574976986E-4
1.9410960072035907E-4
1.9510032236539057E-4
1.9609779221537815E-4
1.9710206246984437E-4
1.9811318520674827E-4
1.991312123647748E-4
2.001561957256849E-4
2.011881868967589E-4
2.0222723729333516E-4
2.0327339812148163E-4
2.043267203608585E-4
2.0538725474793603E-4
2.0645505175996443E-4
2.0753016160074734E-4
2.086126341908641E-4
2.0970251916896973E-4
2.1079986592045932E-4
2.119047236726776E-4
2.1301714174910944E-4
2.1413717019587314E-4
2.1526486126197266E-4
2.1640027279483251E-4
2.1754347583491482E-4
2.1869457119781026E-4
2.1985372481303785E-4
2.2102124117782243E-4
2.2219771796201453E-4
2.2338433874850882E-4
2.2458343319842192E-4
2.2579951521230364E-4
2.270411410620166E-4
2.283241085019638E-4
2.2967850449621797E-4
2.3115263253694314E-4
2.3282529957890428E-4
2.348259433163216E-4
2.3735084101630732E-4
2.4067839863615718E-4
2.45163328413225E-4
2.5113009184822446E-4
2.5835338700409247E-4
2.6450035870291506E-4
2.658328409984844E-4
2.671742956017565E-4
2.685248269263227E-4
2.698845406615737E-4
2.712535436114373E-4
2.726319435378558E-4
2.7401984900892633E-4
2.7541736925159926E-4
2.768246140088396E-4
2.782416934011715E-4
2.796687177925059E-4
2.8110579766016885E-4
2.8255304346903973E-4
2.840105655497188E-4
2.8547847398063646E-4
2.8695687847402366E-4
2.884458882656622E-4
2.8994561200833735E-4
2.914561576689056E-4
2.929776324289192E-4
2.945101425887094E-4
2.9605379347487175E-4
2.976086893510692E-4
2.9917493333209014E-4
3.0075262730108515E-4
3.023418718299115E-4
3.039427661025222E-4
3.05555407841337E-4
3.071798932365101E-4
3.088163168780567E-4
3.1046477169074997E-4
3.1212534887175154E-4
3.1379813783088316E-4
3.154832261335106E-4
3.171806994459604E-4
3.188906414834141E-4
3.206131339602361E-4
3.2234825654265786E-4
3.240960868037846E-4
3.2585670018085234E-4
3.2763016993469596E-4
3.2941656711137E-4
3.312159605058676E-4
3.3302841662789307E-4
3.3485399966964245E-4
3.366927714755287E-4
3.385447915138163E-4
3.404101168501231E-4
3.422888021227225E-4
3.441808995196239E-4
3.460864587573746E-4
3.4800552706154136E-4
3.499381491488339E-4
3.5188436721081965E-4
3.538442208991987E-4
3.558177473125899E-4
3.5780498098479733E-4
3.5980595387451176E-4
3.61820695356404E-4
3.638492322135953E-4
3.658915886314355E-4
3.679477861925878E-4
3.700178438733635E-4
3.721017780412996E-4
3.741996024539703E-4
3.7631132825911157E-4
3.784369639962681E-4
3.8057651560065596E-4
3.827299864110625E-4
3.848973771865431E-4
3.870786861440403E-4
3.8927390904701923E-4
3.9148303941840987E-4
3.9370606905240525E-4
3.9594298923187305E-4
3.981937935779288E-4
4.0045848459262684E-4
4.027370883662433E-4
4.050296868990701E-4
4.07337297037355E-4
4.0966117662632416E-4
4.1200312087598997E-4
4.1436604871227444E-4
4.1675512873706093E-4
4.191798716336521E-4
4.2165787959681604E-4
4.2422394261645683E-4
4.269344272504273E-4
4.298838738851443E-4
4.3323422870238505E-4
4.3724152738906904E-4
4.4228703510454365E-4
4.4888731389390016E-4
4.575699716933114E-4
4.681515173866204E-4
4.774494241469984E-4
4.8008498554312387E-4
4.827436182216481E-4
4.8542559847863687E-4
4.881311815914063E-4
4.908606023113866E-4
4.936140753486392E-4
4.963917958481683E-4
4.991939398581355E-4
5.020206647900822E-4
5.048721098713021E-4
5.077483965894522E-4
5.106496291295262E-4
5.13575894803297E-4
5.165272644713376E-4
5.195037929577389E-4
5.225055194576013E-4
5.25532467937446E-4
5.285846475286113E-4
5.316620529137615E-4
5.347646647065988E-4
5.378924498248765E-4
5.410453618568176E-4
5.442233414210312E-4
5.474263165200175E-4
5.506542028873802E-4
5.539069043287968E-4
5.571843130568757E-4
5.604863100199845E-4
5.638127652251155E-4
5.671635380549092E-4
5.705384775788932E-4
5.739374228590535E-4
5.773602032497871E-4
5.808066386923543E-4
5.842765400038911E-4
5.877697091610633E-4
5.91285939578465E-4
5.948250163818026E-4
5.98386716675992E-4
6.019708098081931E-4
6.055770576259E-4
6.092052147301403E-4
6.128550287238649E-4
6.165262404555907E-4
6.202185842584004E-4
6.23931788184317E-4
6.276655742341739E-4
6.314196585830322E-4
6.351937518011969E-4
6.389875590709227E-4
6.428007803988641E-4
6.466331108243442E-4
6.504842406234925E-4
6.543538555093312E-4
6.582416368278599E-4
6.621472617502116E-4
6.660704034609375E-4
6.700107313424784E-4
6.73967911155875E-4
6.77941605217808E-4
6.819314725739757E-4
6.859371691689177E-4
6.899583480123089E-4
6.939946593418029E-4
6.9804575078249E-4
7.021112675031015E-4
7.061908523691565E-4
7.102841460935832E-4
7.143907873861049E-4
7.1851041310473E-4
7.226426584180535E-4
7.267871570004094E-4
7.309435413151914E-4
7.351114431219788E-4
7.392904945333633E-4
7.434803303872444E-4
7.476805936926086E-4
7.518909480875904E-4
7.562228753858736E-4
7.606729509865732E-4
7.652380541270851E-4
7.699156477204534E-4
7.747043513128438E-4
7.796050788914102E-4
7.84623225950964E-4
7.897727265651927E-4
7.950867832272034E-4
8.006222190043613E-4
8.06479609588646E-4
8.128407090642609E-4
8.200051519821552E-4
8.284380493074165E-4
8.387991444845649E-4
8.518099852076613E-4
8.673528770922358E-4
8.815022617611301E-4
8.873748565926111E-4
8.933079450616475E-4
8.992988936344318E-4
9.053451155248245E-4
9.114440700535328E-4
9.175932620150249E-4
9.237902410520926E-4
9.300326010379948E-4
9.363179794660549E-4
9.426440568466846E-4
9.490085561117051E-4
9.554092420259082E-4
9.618439206057633E-4
9.683104385451973E-4
9.748066826483786E-4
9.813305792693839E-4
9.878800937587406E-4
9.944532299166896E-4
0.0010010480294531604
0.0010076625714543293
0.0010142949718557285
0.001020943382921807
0.001027605992731868
0.001034281024672335
0.0010409667369352584
0.0010476614220229822
0.0010543634062589187
0.0010610710493043605
0.0010677827436812537
0.001074496914300867
0.0010812120179982839
0.0010879265430726746
0.001094639008833251
0.001101347965150863
0.0011080519920151593
0.0011147496990972583
0.0011214397253178586
0.0011281207384207248
0.0011347914345515154
0.0011414505378418416
0.0011480967999985335
0.0011547289998980652
0.0011613459431860308
0.0011679464618816534
0.0011745294139872808
0.0011810936831027476
0.0011876381780446257
0.0011941618324702475
0.0012006636045064916
0.00120714247638323
0.0012135974540714227
0.0012200275669257887
0.0012264318673320077
0.0012328094303583924
0.0012391593534119665
0.001245480755898953
0.0012517727788895437
0.0012580345847869742
0.0012642653570007765
0.001270464299624263
0.00127663063711608
0.0012827636139858727
0.0012888624944839685
0.001294926562295057
0.0013009551202358015
0.0013069474899564323
0.0013129030116462946
0.001318821043743665
0.0013247009626505184
0.001330542162454359
0.0013363440546628473
0.0013421060679661815
0.001347827648066212
0.0013535082576703742
0.001359147376893327
0.0013647445046533573
0.0013702991624503903
0.0013912416827151016
0.0014118045979566191
0.001431992556341518
0.0014518103619928743
0.0014712632187347241
0.0014903572414208767
0.0015091004976908941
0.0015275050637705654
0.0015455909417461334
0.001563397207699983
0.0015809856725876824
0.0015984620655434413
0.0016160169884859071
0.0016339676296119993
0.001652815210049235
0.0016732884289492292
0.0016962163331387425
0.00172155583432706
0.001745107793510995
0.0017593412032448192
0.0017732700003746317
0.0017868979590243226
0.0018002288133620314
0.0018132662579934894
0.0018260139483516592
0.0018384755010826988
0.0018506544944282709
0.001862554468604242
0.0018741789261758261
0.0018855313324291508
0.001896615115739337
0.0019074336679350819
0.001917990344659806
0.0019282884657293782
0.001938331315486449
0.0019481221431514476
0.0019576641631702304
0.0019669605555584693
0.0019760144662427366
0.001984829007398399
0.001993407257784281
0.0020017522630741596
0.002009867036185116
0.0020177545576027956
0.0020254177757035373
0.0020328596070734646
0.0020400829368245692
0.0020470906189077533
0.0020538854764229316
0.002060470301926148
0.00206684785773382
0.0020730208762240483
0.0020789920601350757
0.0020847640828609098
0.0020903395887441373
0.0020957211933659184
0.0021009114838332578
0.002105913019063518
0.0021107283300662305
0.0021153599202221995
0.0021198102655599765
0.0021240818150296743
0.002128176990774171
0.0021320981883977334
0.0021358477772320753
0.00213942810059986
0.002142841476075696
0.0021460901957446516
0.0021491765264582824
0.0021521027100881917
0.002154870963777211
0.0021574834801881444
0.0021599424277501406
0.0021622499509026984
0.0021644081703373584
0.0021664191832370424
0.002168285063513151
0.002170007862040308
0.0021715896068889642
0.002173032303555656
0.002174337935191133
0.0021755084628262604
0.0021765458255957972
0.002177451940959937
0.0021782287049238814
0.0021788779922552663
0.0021794016566998183
0.0021798015311955605
0.002180079428086883
0.00218023713934192
0.002180276436782273
0.0021801990723492887
0.0021800067784690175
0.0021797012686733718
0.0021792842388666453
0.004309116054053039
0.004277526231540917
0.004246170711462968
0.004215047839229568
0.004184156112012687
0.004153494349903513
0.004123062060982362
0.004092860196674349
0.004062892664429323
0.004033169251145977
0.00400371445813832
0.003974569505713746
0.003945808931388964
0.003917573391864791
0.003890102830423513
0.0038637834999991913
0.0038391854721296936
0.003816964628869385
0.003797084584404307
0.003776184082049364
0.0037482675712629194
0.003720560041167225
0.0036930599078598995
0.003665765599570786
0.003638675556568332
0.0036117882310667208
0.003585102087133716
0.0035586156005991986
0.0035323272589644363
0.0035062355613120462
0.003480339018216652
0.003454636151656242
0.0034291254949241822
0.0034038055925419567
0.0033786750001725623
0.0033537322845345395
0.0033289760233167435
0.00330440480509369
0.003280017229241637
0.0032558119058552393
0.003231787455664914
0.003207942509954807
0.003184275710481397
0.0031607857093927405
0.0031374711691483526
0.0031143307624396776
0.003091363172111183
0.0030685670910820927
0.0030459412222687025
0.0030234842785072796
0.0030011949824775984
0.002979072066627045
0.0029571142730953058
0.0029353203536396453
0.0029136890695607765
0.0028922191916292837
0.002870909500012608
0.0028497587842026377
0.0028287658429438116
0.0028079294841618203
0.00278724852489282
0.0027667217912132297
0.0027463481181700536
0.0027261263497117385
0.0027060553386195753
0.002686133946439644
0.0026663610434152457
0.002646735508419901
0.002627256228890847
0.0026079221007630484
0.0025887320284037154
0.0025696849245473528
0.002550779710231268
0.0025320153147316334
0.0025133906754999935
0.0024949047381002906
0.002476556456146372
0.002458344791239987
0.002440268712909248
0.002422327198547583
0.002404519233353154
0.002386843810268744
0.002369299929922115
0.0023518866005668247
0.0023346028380235
0.0023174476656215885
0.002300420114141565
0.0022835192217577267
0.0022667440339816445
0.002250093603606846
0.002233566990656107
0.0022171632623351296
0.0022008814930028603
0.0021847207641851655
0.0021686801647006187
0.29626821566576644
