4.058249635003271E-5
8.116532604784957E-5
1.2174844514300254E-4
1.62331799887839E-4
2.0291532797114665E-4
2.4349896000735327E-4
2.840826212513296E-4
3.246662335000636E-4
3.6524971713465136E-4
4.0583299324958904E-4
4.464159858115728E-4
4.8699862378723057E-4
5.275808431786287E-4
5.681625889070999E-4
6.087438164899526E-4
6.493244934608612E-4
6.89904600492832E-4
7.30484132192479E-4
7.710630975452064E-4
8.11641520002533E-4
8.522194372144262E-4
8.927969004207464E-4
9.333739735260451E-4
9.739507318906001E-4
0.0010145272608773417
0.001055103654198827
0.001095680012110651
0.0011362564394976585
0.001176833043897109
0.001217409933499072
0.0012579872151590435
0.0012985649924518144
0.0013391433637894286
0.0013797224206203332
0.0014203022457220129
0.0014608829115960455
0.0015014644789727869
0.0015420469954330485
0.001582630494156059
0.0016232149928063326
0.0016638004925766628
0.0017043869774094713
0.001744974413423781
0.001785562748578867
0.0018261519126086582
0.0018667418172614448
0.0019073323568775463
0.0019479234093330185
0.0019885148373698933
0.0020291064903241985
0.0020291157099002585
0.0020291244883747337
0.002029132693048362
0.002029140198257104
0.0020291468875464186
0.0020291526557635426
0.0020291574110154567
0.0020291610764411427
0.00202916359174937
0.0020291649144775197
0.0020291650209330243
0.002029163906786447
0.002029161587294087
0.002029158097137939
0.0020291534898813973
0.0020291478370500085
0.0020291412268575925
0.002029133762608091
0.0020291255608131447
0.002029116749073123
0.0020291074637757223
0.0020290978476703516
0.002029088047378581
0.002029078210900595
0.002029068485174923
0.002029059013744137
0.002029049934572472
0.002029041378053249
0.0020290334652348714
0.0020290263062844077
0.0020290199991980984
0.0020290146287589655
0.0020290102657336434
0.0020290069662938365
0.002029004771643152
0.002029003707827167
0.0020290037857039166
0.002029005001053358
0.002029007334807337
0.002029010753386141
0.00202901520913313
0.002029020640844501
0.002029026974397213
0.002029034123483046
0.0020290419904597113
0.002029050467332635
0.002029059436880959
0.0020290687739392965
0.002029078346843034
0.0020290880190381214
0.0020290976508523075
0.0020291071014186812
0.002029116230716437
0.0020291249017146892
0.002029132982576761
0.0020291403488775983
0.002029146885783564
0.0020291524901417273
0.0020291570724251346
0.00202916055848188
0.0020291628910385573
0.00202916403091351
0.0020291639579017406
0.002029162671301153
0.002029160190059485
0.0020291565525313387
0.002029151815845927
0.002029146054897629
0.0020291393609822334
0.0020291318401126496
0.0020291236110569905
0.0020291148031499418
0.0020291055539342446
0.0020290960066930122
0.002029086307935014
0.0020290766048940605
0.002029067043100407
0.002029057764076452
0.0020290489032016527
0.002029040587782701
0.002029032935355152
0.002029026052232396
0.002029020032307775
0.0020290149561062636
0.0020290108900739715
0.0020290078860873816
0.002029005981159705
0.0020290051973195747
0.0020290055416372884
0.00202900700637586
0.002029009569247962
0.0020290131937653415
0.0020290178296726593
0.0020290234134647416
0.0020290298689924022
0.00202903710816562
0.0020290450317676134
0.0020290535303946746
0.0020290624855362964
0.0020290717708076143
0.002029081253396405
0.0020290907957182134
0.0020291002572710936
0.0020291094966442364
0.002029118373673244
0.0020291267516970198
0.0020291344998665073
0.0020291414954519684
0.002029147626093203
0.002029152791935895
0.0020291569075981206
0.0020291599039132372
0.002029161729399405
0.0020291623514120598
0.002029161756942684
0.0020291599530366925
0.0020291569668129594
0.002029152845078747
0.0020291476535454537
0.002029141475661819
0.00202913441109289
0.0020291265738829503
0.0020291180903499297
0.002029109096765779
0.00202909973688273
0.002029090159368032
0.002029080515210198
0.0020290709551577324
0.0020290616272468356
0.002029052674467997
0.0020290442326130736
0.0020290364283348347
0.002029029377440627
0.002029023183431258
0.002029017936286188
0.0020290137114870417
0.00202901056926401
0.0020290085540440495
0.002029007694076418
0.002029008001210005
0.0020290094707979918
0.0020290120817085416
0.0020290157964253084
0.0020290205612266492
0.0020290263064398273
0.0020290329467732944
0.0020290403817341284
0.002029048496143776
0.002029057160767436
0.002029066233073554
0.00202907556102105
0.002029084986604902
0.0020290943491985797
0.002029103488729824
0.002029112248677633
0.002029120478927272
0.0020291280384731503
0.0020291347979522908
0.002029140641985327
0.002029145471297188
0.0020291492045861983
0.0020291517801085623
0.002029153156945195
0.0020291533159193065
0.0020291522601370857
0.0020291500151284818
0.0020291466285725377
0.0020291421695993843
0.0020291367276705956
0.0020291304110495794
0.0020291233448837044
0.0020291156689304125
0.0020291075349686623
0.002029099103945873
0.0020290905429171725
0.0020290820218391067
0.0020290737102827113
0.0020290657741315623
0.0020290583723286447
0.002029051653731658
0.0020290457541302705
0.0020290407934705937
0.0020290368733228113
0.0020290340746173742
0.002029032455664593
0.0020290320504619706
0.0020290328672840042
0.0020290348875411034
0.002029038064887646
0.002029042324555132
0.0020290475628842097
0.0020290536470295843
0.002029060414814227
0.0020290676747137253
0.0020290752059560586
0.0020290827587294224
0.002029090054497409
0.0020290967864249653
0.002029102619924904
0.002029107193337838
0.0020291102657843557
0.0020291117008573835
0.002029111451671767
0.002029109547217086
0.0020291060799647103
0.0020291011946309556
0.0020290950780588787
0.0020290879501353226
0.0020290800556566407
0.0020290716570546432
0.002029063027892852
0.0020290544470430707
0.0020290461934532526
0.002029038541420278
0.002029031756284995
0.002029026090472917
0.0020290217798103693
0.0020290190400550855
0.0020290180635892875
0.0020290190162343736
0.0020290220341575215
0.0020290272208519245
0.0020290346441841313
0.002029044333512526
0.0020290562768911623
0.002029070418381367
0.0020290866555005794
0.0020291048368423536
0.0020291247599041025
0.0020291461691593713
0.002029168754409216
0.0020291921494432954
0.0020292159310350702
0.0020292396182882318
0.002029262672342786
0.002029284496440571
0.0020293044363408797
0.002029321781068874
0.002029335763972299
0.0020293455640565377
0.002029350307564534
0.002029349069766444
0.0020293408769245075
0.002029324708401102
0.0020292994988825815
0.002029264140695919
0.002029217486202677
0.0020291583502616392
0.002029085512755908
0.002028997721186952
0.0020289011915873337
0.0020288013779052143
0.0020287030180847015
0.002028610178263379
0.002028526295170385
0.0020284542168093837
0.0020283962414571247
0.0020283541550652623
0.002028329267103834
0.0020283224448778225
0.0020283341463425445
0.0020283644514383315
0.002028413091961079
0.002028479479982395
0.00202856273483179
0.0020286617086530535
0.002028775010549046
0.002028901029331344
0.0020290379548962003
0.002029183798253161
0.002029336410239504
0.00202949349896071
0.0020296526460044967
0.002029811321483699
0.0020299668979701676
0.0020301166633883054
0.0020302578329419955
0.0020303875601525535
0.00203050294708728
0.0020306010538584914
0.0020306789074712017
0.002030733510093797
0.0020307618468208073
0.002030760892989706
0.0020307276211054674
0.002030659007417537
0.0020305520381844605
0.002030403715651944
0.002030211063761614
0.0020299711335997565
0.002029681008589287
0.0020293378094234384
0.0020289386987369703
0.0020284808855097983
0.0020279616291988267
0.002027378243596625
0.0020267281004182004
0.002026008632622622
0.0020252173374811842
0.0020243517794067403
0.0020237920030439977
0.0020235057218831337
0.002023462193996272
0.0020236321664679354
0.0020239878216758993
0.002024502725379613
0.0020251517765783322
0.002025911159056827
0.0020267582945912195
0.002027671797747646
0.0020286314322036907
0.0020296180685210785
0.0020306136432967975
0.0020316011196195864
0.0020325644487593944
0.002033488533019171
0.0020343591896809323
0.0020351631159824268
0.002035887855065243
0.0020365217628417038
0.0020370539757344143
0.00203747437925013
0.002037773577357519
0.0020379428626464352
0.002037974187254512
0.0020378601345542547
0.0020375938916007176
0.0020371692223455236
0.00203658044162757
0.0020358223899536267
0.002034890409083561
0.002033780318434721
0.0020324883923180308
0.0020310113380152847
0.0020293462747024912
0.0020274907132185275
0.0020254425366723902
0.0020231999818757893
0.0020207616215815417
0.0020181263475025648
0.0020152933540811876
0.0020122621229749045
0.0020090324082221067
0.002005604222050486
0.002001977821291269
0.0019981536943641572
0.0019941325488014427
0.0019899152992826283
0.0019855030561563088
0.001980897114430859
0.0019956018756400857
0.0020089688152352004
0.002021044708175411
0.002031875004145405
0.002041503862047101
0.002049974183718458
0.002057327646902297
0.002063604737490554
0.0020688447810340202
0.0020730859735490874
0.002076365411621234
0.0020787191218023973
0.0020801820892976594
0.002080788285935142
0.002080570697412551
0.0020795613498137957
0.0020777913353901014
0.0020752908376015437
0.0020720891554176666
0.002068214726878654
0.0020636951519226268
0.0020585572144885783
0.002052826903909224
0.0020465294356127196
0.002039689271156601
0.002032330137622061
0.002024475046400099
0.0020161463114046927
0.0020073655667501556
0.0019981537839315606
0.001988531288547165
0.0019785177766011995
0.001968132330423495
0.001957393434239539
0.001946318989420885
0.0019349263294414245
0.0019232322345600899
0.0019112529462455188
0.0018990041813530232
0.0018865011460594467
0.0018737585495572206
0.001860790617505273
0.0018476111052319326
0.0018342333106830385
0.0018206700871080338
0.0018069338554769108
0.0017930366166220427
0.0017789899631011005
0.0017648050907789728
0.0017504928101298208
0.0027307129940041955
0.0026771712100841063
0.002624679431302211
0.0025732170382961423
0.0025227638151920587
0.0024732999420647257
0.0024248059875492858
0.002377262901604471
0.002330652008428492
0.0022849549995089032
0.002240153926812701
0.002196231196104864
0.002153169560383349
0.002110952113418716
0.0020695622833867473
0.002028983826583291
0.0019892008212114153
0.0019501976612322594
0.0019119590502724877
0.0018744699955831204
0.0018377158020462753
0.0018016820662286107
0.0017663546704822165
0.001731719777095817
0.0016977638225011543
0.0016644735115410104
0.001631835811807001
0.0015998379480562435
0.001568467396716856
0.0015377118804924556
0.0015075593630758046
0.0014779980439810093
0.0014490163535028164
0.001420602947810026
0.0013927467041784376
0.0013654367163666917
0.0013386622901364114
0.0013124129389158125
0.001286678379603984
0.001261448528511123
0.0012367134974283723
0.0012124635898196684
0.0011886892971270343
0.001165381295180335
0.00114253044070238
0.0011201277679006747
0.0010981644851377306
0.001076631971672841
0.001055521774469515
0.0010348256050638023
0.05174165017380431
