4.058170619346219E-5
8.116345066289988E-5
1.2174523098060925E-4
1.6232704361015114E-4
2.0290888398259596E-4
2.4349074659678658E-4
2.8407262514206573E-4
3.24654512641408E-4
3.65236401612392E-4
4.058182842429682E-4
4.464001525785331E-4
4.8698199871642715E-4
5.275638150036599E-4
5.681455942334442E-4
6.087273298359968E-4
6.49309016059056E-4
6.898906481337018E-4
7.304722224212853E-4
7.710537365376735E-4
8.116351894514634E-4
8.522165815534292E-4
8.92797914695125E-4
9.333791921953029E-4
9.739604188135551E-4
0.0010145416006914166
0.001055122745261909
0.0010957038611292477
0.0011362849579211556
0.0011768660461167833
0.001217447136853806
0.0012580282417186245
0.0012986093725239527
0.0013391905410782081
0.0013797717589512334
0.0014203530372408242
0.0014609343863444231
0.0015015158157401518
0.0015420973337810448
0.0015826789475060989
0.0016232606624713365
0.001663842482603769
0.0017044244100807545
0.0017450064452368915
0.0017855885865002087
0.001826170830359076
0.0018667531713609355
0.001907335602143525
0.001947918113499031
0.0019885006944710994
0.002029083332484351
0.0020290843073120703
0.0020290852715721275
0.002029086211346323
0.0020290871130251627
0.002029087963501149
0.002029088750357761
0.0020290894620514973
0.0020290900880843166
0.0020290906191637063
0.002029091047347675
0.002029091366171972
0.002029091570757058
0.0020290916578925016
0.002029091626096792
0.002029091475650992
0.0020290912086049838
0.002029090828755646
0.002029090341596825
0.0020290897542414904
0.002029089075317126
0.002029088314835904
0.002029087484041765
0.002029086595237083
0.0020290856615919487
0.00202908469693951
0.002029083715561113
0.002029082731965133
0.0020290817606634626
0.002029080815949663
0.002029079911682574
0.0020290790610790893
0.0020290782765194147
0.0020290775693678257
0.002029076949811529
0.0020290764267197367
0.0020290760075246566
0.002029075698125561
0.0020290755028166715
0.0020290754242391316
0.0020290754633569465
0.00202907561945639
0.0020290758901680846
0.002029076271510698
0.002029076757954978
0.0020290773425067636
0.002029078016807324
0.002029078771249568
0.0020290795951082973
0.0020290804766828906
0.0020290814034505645
0.002029082362229606
0.0020290833393514854
0.0020290843208407247
0.002029085292600951
0.0020290862406054074
0.002029087151089915
0.0020290880107460448
0.002029088806911923
0.0020290895277580803
0.0020290901624654477
0.00202909070139258
0.002029091136229114
0.002029091460132552
0.0020290916678456037
0.0020290917557914227
0.0020290917221445566
0.002029091566875688
0.0020290912917686837
0.002029090900409141
0.002029090398144009
0.0020290897920125857
0.0020290890906497585
0.002029088304162925
0.00202908744398463
0.0020290865227035114
0.002029085553876458
0.0020290845518254243
0.002029083531422492
0.002029082507867009
0.0020290814964586653
0.0020290805123703644
0.002029079570424627
0.0020290786848769886
0.0020290778692095978
0.0020290771359378424
0.002029076496432378
0.002029075960758552
0.002029075537534599
0.0020290752338096977
0.0020290750549623667
0.002029075004619354
0.002029075084594693
0.002029075294848382
0.00202907563346378
0.002029076096642612
0.0020290766787163473
0.002029077372172505
0.00202907816769453
0.0020290790542136063
0.00202908001897099
0.0020290810476457136
0.002029082124537346
0.0020290832327939873
0.002029084354676598
0.002029085471851153
0.0020290865657007877
0.0020290876176506075
0.002029088609498119
0.0020290895237427015
0.002029090343907979
0.0020290910548511343
0.0020290916430536574
0.0020290920968883816
0.002029092406857985
0.0020290925658007597
0.002029092569059628
0.0020290924146112994
0.002029092103152839
0.002029091638143582
0.002029091025801213
0.0020290902750513076
0.002029089397430656
0.002029088406945199
0.002029087319884329
0.0020290861545938653
0.0020290849312108055
0.0020290836713633166
0.0020290823978400987
0.002029081134233525
0.002029079904561253
0.0020290787328711172
0.002029077642834223
0.0020290766573310545
0.0020290757980351852
0.0020290750849989957
0.002029074536245398
0.002029074167369145
0.0020290739911509245
0.0020290740171867586
0.0020290742515350064
0.00202907469638251
0.0020290753497310783
0.002029076205105135
0.0020290772512807677
0.0020290784720363264
0.002029079845924224
0.002029081346063584
0.002029082939952965
0.002029084589302561
0.0020290862498849043
0.0020290878742861146
0.0020290894142781205
0.002029090822842026
0.0020290920558706407
0.0020290930735767073
0.002029093841631235
0.0020290943320550444
0.0020290945238847532
0.002029094403632962
0.0020290939655608397
0.002029093211780001
0.0020290921521990183
0.002029090804328848
0.002029089192960115
0.0020290873497243503
0.0020290853125501497
0.0020290831250245308
0.0020290808356691133
0.0020290784971401556
0.002029076165361019
0.002029073898595466
0.0020290717564697656
0.0020290697989516467
0.0020290680852939587
0.0020290666729508404
0.0020290656164741985
0.002029064966398406
0.0020290647681208375
0.0020290650607859536
0.0020290658761804962
0.0020290672376470534
0.0020290691590230765
0.0020290716436119553
0.0020290746831925287
0.002029078257072642
0.002029082331191993
0.0020290868572788194
0.002029091772064259
0.0020290969965576643
0.0020291024353852245
0.0020291079761938324
0.0020291134891212165
0.002029118826332844
0.0020291238216255687
0.0020291282900972763
0.0020291320278816136
0.002029134811946195
0.0020291363999526725
0.002029136530176508
0.0020291349214843725
0.002029131420391034
0.002029125983847818
0.0020291186632683503
0.0020291095897270323
0.002029098960268161
0.002029087025266507
0.0020290740767821168
0.0020290604378550422
0.0020290464526873937
0.0020290324776625723
0.0020290188731533427
0.0020290059960725573
0.0020289941931219573
0.0020289837946965276
0.0020289751094034678
0.002028968419156751
0.0020289639748098305
0.0020289619922909236
0.00202896264920694
0.00202896608188403
0.0020289723828142625
0.0020289815984800576
0.002028993727529307
0.0020290087192764194
0.0020290264725058116
0.0020290468345562536
0.0020290696006660986
0.00202909451356096
0.0020291212632668624
0.0020291494871331485
0.0020291787700509123
0.002029208644853573
0.002029238592887292
0.0020292680447398207
0.00202929638111713
0.0020293229338575595
0.0020293469870739968
0.0020293677784148437
0.0020293845004347106
0.0020293963020663374
0.002029402290185011
0.00202940153125724
0.0020293930530653048
0.002029375846499583
0.0020293488674106
0.002029311038512858
0.0020292612513328023
0.002029198368193356
0.0020291212242277644
0.0020290286294157747
0.002028926868874087
0.0020288214715577443
0.002028717255566673
0.0020286183714713856
0.002028528343730081
0.0020284501102668952
0.002028386060278964
0.00202833807033716
0.0020283075388437704
0.0020282954189075014
0.0020283022496946036
0.0020283281863123616
0.0020283730282795267
0.002028436246635952
0.002028517009742005
0.002028614207816443
0.002028726476259718
0.002028852217807987
0.0020289896235617384
0.002029136692931379
0.0020292912525409997
0.0020294509741301493
0.002029613391492715
0.0020297759164904605
0.0020299358541785474
0.0020300904170789556
0.0020302367386372034
0.002030371885896857
0.002030492871425748
0.002030596664526781
0.0020306802017656415
0.002030740396846821
0.0020307741498685177
0.0020307783559859885
0.00203074991351215
0.002030685731483061
0.002030582736714894
0.0020304378803779996
0.002030248144112436
0.0020300105457082052
0.002029722144372398
0.002029380045604079
0.00202898140569684
0.0020285234358876614
0.002028003406169821
0.0020274186487864243
0.002026766561420295
0.0020260446100951036
0.002025250331801704
0.0020243813368630184
0.002023817721218404
0.002023527255030607
0.0020234792576809286
0.0020236445415515864
0.002023995357583117
0.002024505342554738
0.0020251494680370297
0.0020259039909678415
0.0020267464058031977
0.0020276553981968043
0.0020286108001623965
0.0020295935466747655
0.0020305856336661175
0.002031570077375736
0.0020325308750117647
0.0020334529666852026
0.002034322198576988
0.002035125287300406
0.002035849785421763
0.0020364840481036824
0.0020370172008362325
0.0020374391082224204
0.002037740343785508
0.0020379121607671164
0.002037946463885765
0.002037835782027265
0.0020375732418390405
0.0020371525422019196
0.002036567929553843
0.002035814174041186
0.002034886546474239
0.002033780796064354
0.0020324931289212355
0.002031020187289495
0.0020293590295042407
0.002027507110646297
0.002025462263877969
0.0020232226824407223
0.002020786902296707
0.00201815378539613
0.0020153225035529016
0.002012292522911197
0.002009063588985673
0.0020056357122583703
0.0020020091543154856
0.0019981844145073495
0.0019941622171151994
0.0019899434990085095
0.001985529397777014
0.001980921240321669
0.001995623450211695
0.00200898755245482
0.002021060367066613
0.0020318873917620304
0.0020415128358687094
0.0020499796534259986
0.0020573295754874863
0.0020636031416444442
0.0020688397307874395
0.002073077591122612
0.0020763538694592346
0.002078704639784346
0.002080164931140247
0.0020807687548200413
0.002080549130896166
0.0020795381140964833
0.002077766819042178
0.0020752654448613185
0.0020720632991918678
0.002068188821587412
0.002063669606338889
0.002058532424725302
0.002052803246706334
0.0020465072620695856
0.002039668901045211
0.0020323118544004716
0.0020244590930269314
0.0020161328870327245
0.0020073548243524694
0.001998145828887154
0.001988526178186459
0.0019785155206856558
0.0019681328925091625
0.0019573967338526875
0.0019463249049555971
0.0019349347016748507
0.0019232428706716597
0.001911265624221558
0.0018990186546582505
0.0018865171484612315
0.0018737757999967315
0.0018608088249210551
0.0018476299732551194
0.0018342525421383847
0.0018206893882700965
0.0018069529400453193
0.0017930552093929036
0.001779007803322166
0.001764821935184794
0.0017505084356582439
0.0027307265839869362
0.002677183027481523
0.002624689368291597
0.0025732250173816865
0.0025227697892305587
0.00247330389397069
0.0024248079296811872
0.002377262874830577
0.002330650080865968
0.0022849512649454227
0.00224014850281016
0.002196224221793714
0.0021531611939649134
0.0021109425294018993
0.002069551669594315
0.002028972380970906
0.0019891887485499376
0.001950185169709734
0.0019119463480768762
0.001874457287529607
0.0018377032863140716
0.001801669931271153
0.0017663430921717525
0.0017317089161584987
0.001697753822291918
0.001664464496199352
0.0016318278848248416
0.0015998311912785185
0.0015684618697839542
0.0015377076207221765
0.001507556385771
0.0014779963431385118
0.0014490159028894948
0.0014206037023636532
0.0013927486016845135
0.001365439679357842
0.0013386662279583998
0.0013124177499038358
0.0012866839533144483
0.001261454747957501
0.001236720241274692
0.0012124707344913612
0.001188696718805859
0.0011653888716575695
0.0011425380530718985
0.0011201353020805782
0.0010981718332155738
0.0010766390330748524
0.001055528456958288
0.0010348318255719376
0.05174163013585105
