5.028988324396604E-5
1.0011656218508348E-4
1.4948031202499727E-4
1.9838144699753005E-4
2.468203191333167E-4
2.9479731700918785E-4
3.423128644823844E-4
3.8936741940968645E-4
4.3596147235155317E-4
4.820955452613703E-4
5.277701901599113E-4
5.729859877951326E-4
6.177435462874181E-4
6.620434997604114E-4
7.058865069575785E-4
7.492732498446389E-4
7.922044321980487E-4
8.346807781796942E-4
8.767030308979765E-4
9.18271950955501E-4
9.593883149835688E-4
0.0010000529141637015
0.0010402665527365037
0.0010800300464983276
0.0011193442212871086
0.0011582099114622049
0.0011966279583975714
0.0012345992090639424
0.001272124514988063
0.0013092047326405858
0.0013458407289272253
0.0013820334040310956
0.001417783770434491
0.0014530932047811269
0.0014879642033613543
0.0015224025215967456
0.0015564228815612815
0.0015900632494483583
0.0016234181093728655
0.0016567100626351022
0.0016904302474843084
0.0017255842242435847
0.0017640622860906178
0.0018088674235127806
0.0018644467893823295
0.0019365445853460144
0.0020306022498828473
0.0021486911620881284
0.0022853404482930154
0.0024243752334610256
0.002490687774170861
0.002513888148567988
0.002502011898715547
0.0024901463070476763
0.002478292953215567
0.002466453380511625
0.0024546290954803205
0.002442821567536279
0.0024310322285898286
0.0024192624726802154
0.0024075136556166903
0.002395787094627713
0.0023840840680185026
0.0023724058148371823
0.0023607535345497896
0.0023491283867243876
0.0023375314907245403
0.0023259639254124822
0.002314426728862225
0.0023029208980828624
0.002291447388752468
0.0022800071149627977
0.0022686009489751567
0.0022572297209878154
0.0022458942189153446
0.002234595188180807
0.0022233333315231567
0.0022121093088286136
0.0022009237370184025
0.002189777190112759
0.0021786701999004635
0.002167603258695909
0.0021565768290982227
0.0021455913763642324
0.0021346474707532965
0.002123746096544154
0.0021128895415718427
0.002102083830707944
0.0020913450263568985
0.002080714586518512
0.0020702943742157615
0.002060320612672432
0.00205130677403588
0.0020445028219455777
0.0020417345080502294
0.002045829541359319
0.0020613929736878625
0.00209421853014893
0.002149775144189982
0.0022299500754672345
0.002327780344104201
0.002421386384134456
0.0024703726866160867
0.002458335989921941
0.0024463712672745507
0.0024344789994298383
0.002422659619361094
0.002410913512243278
0.002399241015450105
0.0023876424185643435
0.002376117963401579
0.0023646678440477752
0.0023532922069108685
0.00234199115078664
0.0023307647269390943
0.002319612939195558
0.002308535744056758
0.0022975330508219903
0.0022866047217297587
0.002275750572113977
0.0022649703705760436
0.00225426383917307
0.0022436306536224603
0.002233070443523168
0.0022225827925940016
0.0022121672389291487
0.0022018232752714782
0.002191550349303912
0.002181347863959908
0.0021712151777555848
0.0021611516051533433
0.0021511564169957357
0.002141228841160259
0.0021313680640018206
0.002121573234632486
0.002111843479134555
0.0021021779481608612
0.0020925759716645628
0.0020830375404346287
0.0020735647313935663
0.0020641656999268797
0.002054865206982625
0.0020457305844307177
0.002036931149413876
0.002029354169452924
0.0020238361315906028
0.0020215095908877744
0.0020253184558407327
0.0020399791129190725
0.0020719322980997518
0.0021278007102887176
0.0022092628179459905
0.0023022593064978055
0.0023601609219103545
0.0023499462123585586
0.0023398338251420115
0.0023298227609731925
0.0023199119777342543
0.0023101003909766476
0.0023003868744374515
0.0022907702605702894
0.0022812493410889864
0.0022718228675225557
0.0022624895517803696
0.0022532480667266635
0.00224409704676388
0.002235035088424439
0.0022260607509709466
0.002217172557004867
0.002208368993084024
0.0021996485103493034
0.002191009525161207
0.002182450419746983
0.0021739695428590784
0.002165565210445891
0.002157235706335826
0.0021489792829355774
0.0021407941619439232
0.0021326785350819456
0.002124630564841047
0.0021166483852498364
0.0021087301026616176
0.002100873796565705
0.00209307752043337
0.00208533930264157
0.0020776571476516154
0.002070029038149617
0.002062452940855963
0.0020549268258970607
0.0020474487341078464
0.002040017005317638
0.002032631018121389
0.00202529345952571
0.0020180168770838306
0.0020108413656346065
0.00200473296931419
0.001999996897980989
0.0019964340608431726
0.0019954293342141494
0.001999685293626053
0.0020138780238252523
0.0020447042180382503
0.002097882872938426
0.002168112929317248
0.0022172923122687664
0.002210274490385648
0.0022033440746303252
0.0021964988559194038
0.002189736607502135
0.002183055085819874
0.0021764520312477892
0.0021699251687358344
0.0021634722083647613
0.0021570908458320823
0.0021507787628817572
0.0021445336276905
0.002138353095222675
0.0021322348075648568
0.0021261763942502705
0.0021201754725825206
0.0021142296479672897
0.002108336514259796
0.002102493654135265
0.0020966986394888735
0.0020909490318709355
0.0020852423829625863
0.002079576235096558
0.002073948121826995
0.002068355568551921
0.002062796093191184
0.0020572672069224265
0.0020517664149770935
0.0020462912174979584
0.0020408391104594767
0.002035407586651953
0.002029994136731631
0.002024596250345299
0.0020192114173697177
0.0020138371294507683
0.002008470882647133
0.0020031101845089765
0.0019977525786580774
0.001992395735312427
0.0019870377767799343
0.0019816783900626234
0.0019763224041179227
0.0019722975213080965
0.0019697049220625076
0.0019674367962401094
0.0019659621289925184
0.001966388597878165
0.001971067230112178
0.001984226546976152
0.002011008915336717
0.00205136896468608
0.0020824357215996777
0.002078796273303112
0.002075193195955567
0.002071624146010389
0.002068086792432784
0.002064578810550089
0.002061097876621634
0.0020576416630910753
0.00205420783448511
0.0020507940439237313
0.0020473979302082076
0.0020440171154541644
0.002040649203238109
0.0020372917772269353
0.002033942400260795
0.002030598613860886
0.0020272579381346145
0.0020239178720515196
0.0020205758940643687
0.002017229463050728
0.0020138760195511484
0.0020105129872810346
0.002007137774894183
0.002003747777976635
0.002000340381250578
0.0019969129609684845
0.0019934628874788136
0.0019899875279450934
0.0019864842492010658
0.001982950420725298
0.0019793834177193434
0.0019757806242742338
0.0019721394366110164
0.0019684572663823414
0.0019647315440279316
0.00196095972220307
0.0019571392794317413
0.0019532677247684756
0.0019493426071106588
0.0019453615449447994
0.0019413223405393388
0.0019372234206946801
0.0019348467250771962
0.001934231886158052
0.0019336448843879463
0.001933197335784746
0.0019332035925740763
0.0019344742582065476
0.001938783754485321
0.001948839614116947
0.0019659009965354835
0.0019801704297210316
0.0019790282649855785
0.001977877578007699
0.0019767169163389183
0.0019755444898271867
0.001974358199615667
0.0019731556659520733
0.0019719342548398817
0.0019706911035621433
0.0019694231451080737
0.0019681271315320137
0.0019667996562738833
0.001965437175469618
0.001964036028279668
0.0019625924562629658
0.001961102621823416
0.0019595626257553067
0.001957968523913623
0.0019563163430347387
0.0019546020957324243
0.0019528217946936804
0.0019509714660983861
0.001949047162286301
0.001947044973694491
0.0019449610400877901
0.0019427915611044263
0.001940532806138551
0.0019381811235809122
0.0019357329494384997
0.0019331848153535671
0.001930533356042015
0.001927775316170638
0.0019249075566924703
0.0019219270606588355
0.001918830938526642
0.0019156164329790783
0.0019122809232797954
0.0019088219291942463
0.0019052371145971065
0.0019015242913767005
0.0018976814268697728
0.001893706670988192
0.001891716542802845
0.0018917199058396126
0.0018919456551103084
0.0018923777088032973
0.0018930400314521203
0.0018940769344176535
0.0018959203917452406
0.0018993871403976755
0.0019051811690343659
0.0019105380625542893
0.001911487400993229
0.001912424324878828
0.0019133294721813147
0.0019141845510254416
0.0019149723061961895
0.0019156764863650123
0.0019162818120255557
0.0019167739441279586
0.0019171394534008806
0.001917365790350636
0.0019174412559267663
0.001917354972843668
0.001917096857547876
0.0019166575928207792
0.0019160286010066665
0.0019152020178560322
0.0019141706669743022
0.0019129280348661314
0.0019114682465656298
0.00190978604184291
0.001907876751977497
0.0019057362770892278
0.0019033610640174143
0.0019007480847390583
0.0018978948153171235
0.0018947992153699128
0.0018914597080526602
0.001887875160542661
0.001884044865019261
0.0018799685201301834
0.001875646212935744
0.001871078401322635
0.001866265896878995
0.0018612098482226865
0.0018559117247746823
0.0018503733009696184
0.001844596640895716
0.0018385840833565154
0.001832338227349177
0.001825861917974348
0.0018191582329664014
0.0018143310245938647
0.0018287902106673209
0.001841964111575589
0.0018538937477527106
0.0018646225215877758
0.001874206086375958
0.0018827381671318805
0.0018903772694298993
0.0018973356477345019
0.0019032458013080937
0.0019075484625534417
0.001910895709720249
0.0019133204204012056
0.0019148547169438347
0.001915529979352181
0.0019153768580240998
0.0019144252863256225
0.0019127044930039065
0.001910243014440201
0.0019070687067443708
0.0019032087576923446
0.0018986896985080147
0.0018935374154909856
0.0018877771614916156
0.0018814335672347978
0.0018745306524938516
0.0018670918371159774
0.0018591399519006424
0.001850697249332315
0.0018417854141689102
0.0018324255738873297
0.001822638308987449
0.0018124436631559546
0.0018018611532913133
0.0017909097793912597
0.001779608034304157
0.001767973913345475
0.001756024923780793
0.0017437780941765818
0.0017312499836200847
0.0017184566908095818
0.00170541386301634
0.0016921367049194912
0.0016786399873151558
0.0016649380557010249
0.00165104483873769
0.0016369738565879324
0.0016227382291352467
0.0016083506840827958
0.001593823564934033
0.0015791688388561936
0.002455059489361765
0.0024083841223897697
0.0023625195402212917
0.0023174534758202826
0.0022731738172141534
0.002229668605928538
0.0021869260354339215
0.002144934449604125
0.002103694229543789
0.0020631816607884785
0.002023385543002261
0.001984294819844978
0.0019458985774977251
0.0019081860431995566
0.0018711465837954009
0.0018347697042951027
0.0017990450464435458
0.0017639623873018013
0.001729511637839225
0.0016956828415364985
0.0016624661729994882
0.0016298519365839277
0.0015978305650308261
0.0015663926181125735
0.0015355287812896833
0.0015052298643780883
0.0014754868002269858
0.0014462906434071256
0.0014176325689095276
0.0013895038708545493
0.0013618959612112479
0.0013348003685269999
0.0013082087366673215
0.001282112823565804
0.0012565044999841618
0.0012313757482822958
0.0012067186611983407
0.0011825254406386354
0.0011587883964775658
0.0011354999453672288
0.0011126526095568494
0.001090239015721929
0.0010682518938030286
0.0010466840758541875
0.0010255284949008683
0.0010047781838074198
9.844262741539865E-4
9.644659951228092E-4
9.448906723938821E-4
9.25693727049892E-4
0.04625030239901059
