6.533114168117777E-6
6.53310585471233E-6
6.533097542203633E-6
6.533089230591936E-6
6.5330809198774864E-6
6.533072610060537E-6
6.533064301141339E-6
6.533055993120136E-6
6.533047685997181E-6
6.533039379772724E-6
6.533031074447015E-6
6.5330227700203036E-6
6.533014466492837E-6
6.53300616386487E-6
6.532997862136644E-6
6.532989561308418E-6
6.532981261380435E-6
6.532972962352946E-6
6.532964664226205E-6
1.306589614315538E-5
0.04757087610229783
0.044470917292299225
0.04160725734952193
0.038956645095572784
0.03649605792117239
0.03420361356589768
0.032059345902304894
0.030045789780368953
0.028148342985933144
0.026355396407306407
0.024658244611095108
0.023050806621132028
0.021529199677599295
0.020091216554420775
0.018735759569507758
0.01746228212807495
0.016270282256062345
0.015158883130769447
0.014126524263444481
0.013170774924558166
1.6975146307980768E-5
1.69751371592067E-5
1.6975128014242706E-5
1.697511887308922E-5
1.697510973574666E-5
1.6975100602215434E-5
1.697509147249599E-5
1.6975082346588735E-5
1.6975073224494074E-5
1.6975064106212464E-5
1.697505499174431E-5
1.697504588109002E-5
1.697503677425003E-5
1.697502767122476E-5
1.697501857201464E-5
1.6975009476620077E-5
1.6975000385041506E-5
1.6974991297279326E-5
1.6974982213333972E-5
3.394992812142793E-5
0.003305398206700583
0.006376713470118121
0.009236182029550058
0.011901967887067974
0.014387888794042838
0.016703602158598292
0.018855214368212362
0.020846228362730854
0.022678707647580818
0.024354513736746086
0.0258764698822269
0.02724931661058994
0.028480351998509682
0.0295796882403061
0.030560101294894247
0.03143649711099334
0.03222506099558902
0.03294219153487534
0.03360334352643434
0.03422191340849802
4.590860659626039E-7
1.3447638121831135E-6
2.627637329283954E-6
4.280837806392804E-6
6.279413281723538E-6
8.599744400202422E-6
1.1219045927096252E-5
1.411500176408406E-5
1.726556403288142E-5
2.0648926610984285E-5
2.4243662734032117E-5
2.80289972920717E-5
3.198516932632544E-5
3.6093830563512485E-5
4.033842254198384E-5
4.4704478198118064E-5
4.917980317908983E-5
5.3754506468958034E-5
5.84208674935906E-5
6.31730457256214E-5
