2.986406288423432E-5
2.9863979115825806E-5
2.9863895299290568E-5
2.986381143462103E-5
5.972728702536885E-5
0.1615797033975608
0.1265450456269072
0.09911813132033366
0.0774038981807192
0.06020611955471975
6.539760777063648E-5
6.53975784853852E-5
6.539754924654416E-5
6.53975200541596E-5
1.3079492371117203E-4
0.044007695197808415
0.0772046099169907
0.10164759848413879
0.11920506216375147
0.1318416363981398
2.445007688914899E-5
6.734454180494073E-5
1.2381691303519385E-4
1.9003927884483565E-4
2.632807333288301E-4
