1.1499816090555357E-7
1.1499813612106282E-7
1.149981113366182E-7
1.149980865522198E-7
1.1499806176786759E-7
1.1499803698356155E-7
1.1499801219930169E-7
1.1499798741508802E-7
1.1499796263092051E-7
1.1499793784679917E-7
1.1499791306272403E-7
1.1499788827869507E-7
1.1499786349471224E-7
1.1499783871077566E-7
1.149978139268852E-7
1.1499778914304091E-7
1.1499776435924283E-7
1.1499773957549089E-7
1.1499771479178513E-7
1.1499769000812553E-7
1.1499766522451208E-7
1.1499764044094492E-7
1.1499761565742375E-7
1.1499759087394881E-7
1.1499756609052014E-7
1.149975413071375E-7
1.1499751652380111E-7
1.1499749174051079E-7
1.1499746695726673E-7
1.1499744217406877E-7
1.14997417390917E-7
1.1499739260781139E-7
1.1499736782475193E-7
1.1499734304173861E-7
1.1499731825877147E-7
1.149972934758505E-7
1.1499726869297568E-7
1.14997243910147E-7
1.1499721912736446E-7
1.1499719434462811E-7
1.149971695619379E-7
1.1499714477929379E-7
1.149971199966959E-7
1.1499709521414415E-7
1.1499707043163854E-7
1.1499704564917909E-7
1.1499702086676586E-7
1.1499699608439851E-7
1.1499697130207754E-7
1.1499694651980272E-7
1.1499692173757398E-7
1.1499689695539132E-7
1.1499687217325493E-7
1.1499684739116465E-7
1.1499682260912045E-7
1.1499679782712243E-7
1.1499677304517056E-7
1.1499674826326482E-7
1.149967234814052E-7
1.1499669869959172E-7
1.1499667391782437E-7
1.149966491361032E-7
1.1499662435442813E-7
1.1499659957279914E-7
1.149965747912164E-7
1.1499655000967971E-7
1.1499652522818912E-7
1.1499650044674481E-7
1.1499647566534648E-7
1.149964508839943E-7
1.1499642610268834E-7
1.1499640132142843E-7
1.1499637654021464E-7
1.1499635175904696E-7
1.1499632697792548E-7
1.1499630219685008E-7
1.1499627741582083E-7
1.149962526348377E-7
1.1499622785390066E-7
1.1499620307300966E-7
1.1499617829216491E-7
1.1499615351136625E-7
1.1499612873061372E-7
1.1499610394990725E-7
1.1499607916924695E-7
1.1499605438863272E-7
1.1499602960806459E-7
1.1499600482754271E-7
1.1499598004706678E-7
1.1499595526663712E-7
1.1499593048625331E-7
1.1499590570591587E-7
1.1499588092562442E-7
1.1499585614537918E-7
1.1499583136517995E-7
1.1499580658502684E-7
1.1499578180491975E-7
1.1499575702485895E-7
1.1499573224484414E-7
1.149957074648755E-7
1.1499568268495283E-7
1.149956579050764E-7
1.1499563312524605E-7
1.1499560834546177E-7
1.149955835657236E-7
1.149955587860315E-7
1.1499553400638555E-7
1.149955092267857E-7
1.1499548444723189E-7
1.1499545966772424E-7
1.1499543488826261E-7
1.149954101088471E-7
1.1499538532947779E-7
1.149953605501543E-7
1.1499533577087718E-7
1.1499531099164604E-7
1.1499528621246105E-7
1.1499526143332207E-7
1.1499523665422923E-7
1.1499521187518245E-7
1.1499518709618171E-7
1.1499516231722714E-7
1.1499513753831861E-7
1.1499511275945617E-7
1.1499508798063981E-7
1.1499506320186955E-7
1.1499503842314534E-7
1.1499501364446725E-7
1.1499498886583519E-7
1.1499496408724927E-7
1.149949393087094E-7
1.149949145302156E-7
1.1499488975176785E-7
1.149948649733663E-7
1.1499484019501064E-7
1.1499481541670116E-7
1.149947906384378E-7
1.1499476586022044E-7
1.1499474108204915E-7
1.1499471630392399E-7
1.149946915258448E-7
1.1499466674781177E-7
1.1499464196982481E-7
1.1499461719188391E-7
1.1499459241398903E-7
1.1499456763614016E-7
1.1499454285833755E-7
1.1499451808058084E-7
1.149944933028702E-7
1.1499446852520571E-7
1.1499444374758724E-7
1.1499441897001478E-7
1.1499439419248844E-7
1.1499436941500815E-7
1.1499434463757398E-7
1.1499431986018584E-7
1.1499429508284362E-7
1.1499427030554755E-7
1.149942455282976E-7
1.1499422075109361E-7
1.1499419597393574E-7
1.1499417119682386E-7
1.1499414641975807E-7
1.149941216427383E-7
1.1499409686576464E-7
1.1499407208883701E-7
1.1499404731195543E-7
1.149940225351199E-7
1.1499399775833031E-7
1.1499397298158696E-7
1.1499394820488954E-7
1.1499392342823814E-7
1.1499389865163285E-7
1.1499387387507354E-7
1.1499384909856024E-7
1.1499382432209312E-7
1.1499379954567203E-7
1.149937747692969E-7
1.1499374999296778E-7
1.149937252166848E-7
1.1499370044044779E-7
1.1499367566425677E-7
1.1499365088811192E-7
1.1499362611201298E-7
1.1499360133596013E-7
1.1499357655995339E-7
1.149935517839926E-7
1.1499352700807779E-7
1.1499350223220902E-7
1.1499347745638634E-7
1.1499345268060973E-7
1.1499342790487899E-7
1.1499340312919441E-7
1.1499337835355581E-7
1.1499335357796323E-7
1.1499332880241669E-7
1.1499330402691621E-7
1.1499327925146167E-7
1.1499325447605327E-7
1.1499322970069084E-7
1.1499320492537436E-7
1.1499318015010401E-7
1.1499315537487947E-7
1.149931305997012E-7
1.149931058245689E-7
1.1499308104948244E-7
1.149930562744422E-7
1.149930314994479E-7
1.1499300672449962E-7
1.1499298194959731E-7
1.1499295717474105E-7
1.1499293239993073E-7
1.149929076251666E-7
1.1499288285044833E-7
1.1499285807577607E-7
1.149928333011498E-7
1.149928085265697E-7
1.149927837520355E-7
1.1499275897754729E-7
1.1499273420310507E-7
1.1499270942870895E-7
1.1499268465435868E-7
1.1499265988005459E-7
1.1499263510579642E-7
1.1499261033158426E-7
1.14992585557418E-7
1.149925607832978E-7
1.1499253600922373E-7
1.1499251123519555E-7
1.1499248646121335E-7
1.1499246168727711E-7
1.1499243691338702E-7
1.1499241213954276E-7
1.1499238736574457E-7
1.1499236259199232E-7
1.1499233781828615E-7
1.1499231304462592E-7
1.1499228827101169E-7
1.1499226349744345E-7
1.1499223872392117E-7
1.1499221395044488E-7
1.1499218917701457E-7
1.1499216440363036E-7
1.1499213963029202E-7
1.1499211485699968E-7
1.1499209008375329E-7
1.1499206531055298E-7
1.1499204053739863E-7
1.1499201576429019E-7
1.1499199099122773E-7
1.1499196621821134E-7
1.1499194144524092E-7
1.1499191667231643E-7
1.1499189189943795E-7
1.1499186712660534E-7
1.1499184235381879E-7
1.1499181758107827E-7
1.1499179280838366E-7
1.1499176803573503E-7
1.1499174326313234E-7
1.1499171849057571E-7
1.14991693718065E-7
1.1499166894560023E-7
1.1499164417318148E-7
1.1499161940080861E-7
1.1499159462848181E-7
1.1499156985620094E-7
1.14991545083966E-7
1.1499152031177707E-7
1.1499149553963411E-7
1.1499147076753704E-7
1.1499144599548605E-7
1.1499142122348094E-7
1.1499139645152187E-7
1.1499137167960849E-7
1.1499134690774142E-7
1.1499132213592019E-7
1.1499129736414486E-7
1.149912725924155E-7
1.1499124782073215E-7
1.1499122304909472E-7
1.1499119827750322E-7
1.1499117350595771E-7
1.1499114873445812E-7
1.1499112396300454E-7
1.1499109919159686E-7
1.1499107442023518E-7
1.1499104964891937E-7
1.1499102487764957E-7
1.1499100010642565E-7
1.1499097533524777E-7
1.149909505641158E-7
1.149909257930297E-7
1.1499090102198969E-7
1.1499087625099554E-7
1.1499085148004731E-7
1.1499082670914504E-7
1.1499080193828878E-7
1.1499077716747832E-7
1.1499075239671393E-7
1.149907276259954E-7
1.1499070285532286E-7
1.1499067808469629E-7
1.1499065331411551E-7
1.1499062854358073E-7
1.1499060377309196E-7
1.1499057900264913E-7
1.149905542322521E-7
1.1499052946190108E-7
1.1499050469159597E-7
1.149904799213368E-7
1.1499045515112362E-7
1.1499043038095637E-7
1.1499040561083494E-7
1.1499038084075949E-7
1.1499035607072998E-7
1.1499033130074638E-7
1.1499030653080867E-7
1.1499028176091696E-7
1.1499025699107117E-7
1.1499023222127114E-7
1.1499020745151727E-7
1.1499018268180916E-7
1.1499015791214708E-7
1.1499013314253083E-7
1.1499010837296054E-7
1.1499008360343607E-7
1.1499005883395767E-7
1.1499003406452512E-7
1.149900092951384E-7
1.1498998452579775E-7
1.1498995975650291E-7
1.1498993498725396E-7
1.1498991021805097E-7
1.1498988544889392E-7
1.1498986067978278E-7
1.1498983591071753E-7
1.1498981114169816E-7
1.1498978637272469E-7
1.1498976160379712E-7
1.1498973683491554E-7
1.1498971206607978E-7
1.1498968729728998E-7
1.1498966252854602E-7
1.1498963775984798E-7
1.1498961299119583E-7
1.1498958822258972E-7
1.1498956345402938E-7
1.1498953868551497E-7
1.1498951391704645E-7
1.1498948914862387E-7
1.1498946438024707E-7
1.1498943961191631E-7
1.1498941484363133E-7
1.1498939007539231E-7
1.1498936530719909E-7
1.1498934053905195E-7
1.1498931577095057E-7
1.1498929100289501E-7
1.1498926623488546E-7
1.1498924146692178E-7
1.14989216699004E-7
1.149891919311321E-7
1.149891671633061E-7
1.1498914239552592E-7
1.1498911762779169E-7
1.149890928601033E-7
1.1498906809246084E-7
1.1498904332486428E-7
1.149890185573134E-7
1.1498899378980859E-7
1.1498896902234966E-7
1.1498894425493656E-7
1.149889194875694E-7
1.1498889472024807E-7
1.1498886995297259E-7
1.1498884518574304E-7
1.1498882041855931E-7
1.1498879565142146E-7
1.1498877088432949E-7
1.1498874611728348E-7
1.149887213502833E-7
1.1498869658332891E-7
1.1498867181642044E-7
1.1498864704955783E-7
1.149886222827411E-7
1.1498859751597023E-7
1.1498857274924533E-7
1.1498854798256621E-7
1.149885232159329E-7
1.1498849844934553E-7
1.1498847368280398E-7
1.1498844891630834E-7
1.1498842414985862E-7
1.1498839938345457E-7
1.1498837461709654E-7
1.1498834985078429E-7
1.1498832508451789E-7
1.1498830031829743E-7
1.1498827555212273E-7
1.1498825078599396E-7
1.1498822601991094E-7
1.1498820125387389E-7
1.149881764878827E-7
1.1498815172193738E-7
1.1498812695603782E-7
1.1498810219018417E-7
1.149880774243763E-7
1.1498805265861437E-7
1.1498802789289822E-7
1.14988003127228E-7
1.1498797836160348E-7
1.1498795359602498E-7
1.149879288304922E-7
1.149879040650053E-7
1.1498787929956429E-7
1.1498785453416907E-7
1.1498782976881976E-7
1.1498780500351616E-7
1.149877802382585E-7
1.1498775547304668E-7
1.1498773070788074E-7
1.1498770594276059E-7
1.1498768117768625E-7
1.1498765641265777E-7
1.1498763164767514E-7
1.1498760688273836E-7
1.149875821178473E-7
1.1498755735300215E-7
1.149875325882029E-7
1.1498750782344945E-7
1.1498748305874176E-7
1.1498745829407994E-7
1.1498743352946397E-7
1.1498740876489373E-7
1.1498738400036945E-7
1.1498735923589092E-7
1.1498733447145818E-7
1.149873097070714E-7
1.1498728494273031E-7
1.149872601784351E-7
1.1498723541418573E-7
1.1498721064998224E-7
1.1498718588582451E-7
1.1498716112171256E-7
1.1498713635764643E-7
1.1498711159362618E-7
1.1498708682965157E-7
1.1498706206572306E-7
1.1498703730184016E-7
1.149870125380032E-7
1.1498698777421196E-7
1.1498696301046661E-7
1.1498693824676704E-7
1.149869134831133E-7
1.1498688871950531E-7
1.1498686395594319E-7
1.1498683919242683E-7
1.1498681442895633E-7
1.149867896655316E-7
1.1498676490215278E-7
1.1498674013881961E-7
1.1498671537553228E-7
1.1498669061229083E-7
1.1498666584909514E-7
1.149866410859452E-7
1.1498661632284115E-7
1.1498659155978283E-7
1.1498656679677042E-7
1.1498654203380371E-7
1.1498651727088281E-7
1.1498649250800771E-7
1.1498646774517847E-7
1.1498644298239506E-7
1.1498641821965724E-7
1.1498639345696535E-7
1.1498636869431932E-7
1.1498634393171902E-7
1.149863191691645E-7
1.1498629440665569E-7
1.1498626964419277E-7
1.1498624488177564E-7
1.1498622011940431E-7
1.1498619535707862E-7
1.1498617059479885E-7
1.1498614583256498E-7
1.1498612107037671E-7
1.149860963082343E-7
1.1498607154613765E-7
1.1498604678408685E-7
1.1498602202208173E-7
1.149859972601224E-7
1.1498597249820898E-7
1.1498594773634128E-7
1.1498592297451922E-7
1.1498589821274315E-7
1.1498587345101267E-7
1.1498584868932802E-7
1.1498582392768929E-7
1.1498579916609611E-7
1.1498577440454885E-7
1.1498574964304736E-7
1.1498572488159168E-7
1.1498570012018169E-7
1.1498567535881747E-7
1.1498565059749897E-7
1.1498562583622629E-7
1.1498560107499942E-7
1.1498557631381834E-7
1.149855515526829E-7
1.1498552679159333E-7
1.1498550203054957E-7
1.1498547726955142E-7
1.1498545250859914E-7
1.1498542774769261E-7
1.1498540298683185E-7
1.1498537822601687E-7
1.1498535346524763E-7
1.1498532870452409E-7
1.1498530394384637E-7
1.1498527918321435E-7
1.149852544226281E-7
1.1498522966208774E-7
1.1498520490159302E-7
1.14985180141144E-7
1.1498515538074086E-7
1.1498513062038338E-7
1.1498510586007165E-7
1.1498508109980576E-7
1.1498505633958555E-7
1.1498503157941114E-7
1.1498500681928232E-7
1.1498498205919944E-7
1.1498495729916227E-7
1.149849325391708E-7
1.1498490777922506E-7
1.1498488301932514E-7
1.1498485825947087E-7
1.1498483349966243E-7
1.1498480873989973E-7
1.1498478398018273E-7
1.1498475922051151E-7
1.1498473446088599E-7
1.1498470970130614E-7
1.1498468494177219E-7
1.1498466018228389E-7
1.1498463542284128E-7
1.1498461066344443E-7
1.1498458590409344E-7
1.1498456114478807E-7
1.1498453638552841E-7
1.1498451162631462E-7
1.1498448686714644E-7
1.1498446210802397E-7
1.1498443734894736E-7
1.1498441258991634E-7
1.1498438783093108E-7
1.1498436307199158E-7
1.1498433831309784E-7
1.1498431355424973E-7
1.1498428879544751E-7
1.149842640366909E-7
1.1498423927798001E-7
1.1498421451931484E-7
1.1498418976069532E-7
1.1498416500212167E-7
1.1498414024359357E-7
1.1498411548511133E-7
1.149840907266748E-7
1.1498406596828402E-7
1.1498404120993885E-7
1.1498401645163946E-7
1.149839916933858E-7
1.1498396693517783E-7
1.1498394217701556E-7
1.1498391741889894E-7
1.1498389266082808E-7
1.14983867902803E-7
1.1498384314482354E-7
1.1498381838688981E-7
1.1498379362900192E-7
1.1498376887115958E-7
1.1498374411336302E-7
1.1498371935561223E-7
1.1498369459790704E-7
1.1498366984024757E-7
1.1498364508263364E-7
1.1498362032506567E-7
1.149835955675433E-7
1.149835708100667E-7
1.1498354605263578E-7
1.1498352129525054E-7
1.1498349653791087E-7
1.14983471780617E-7
1.1498344702336891E-7
1.1498342226616649E-7
1.1498339750900971E-7
1.149833727518986E-7
1.149833479948332E-7
1.1498332323781352E-7
1.1498329848083953E-7
1.1498327372391127E-7
1.1498324896702865E-7
1.1498322421019175E-7
1.1498319945340047E-7
1.1498317469665489E-7
1.1498314993995504E-7
1.1498312518330088E-7
1.1498310042669229E-7
1.1498307567012968E-7
1.1498305091361252E-7
1.1498302615714111E-7
1.1498300140071522E-7
1.149829766443352E-7
1.149829518880009E-7
1.1498292713171217E-7
1.1498290237546921E-7
1.1498287761927188E-7
1.1498285286312009E-7
1.1498282810701409E-7
1.1498280335095387E-7
1.149827785949392E-7
1.149827538389702E-7
1.1498272908304687E-7
1.1498270432716926E-7
1.1498267957133736E-7
1.1498265481555107E-7
1.1498263005981052E-7
1.1498260530411553E-7
1.1498258054846628E-7
1.1498255579286275E-7
1.1498253103730484E-7
1.149825062817925E-7
1.1498248152632585E-7
1.1498245677090491E-7
1.1498243201552971E-7
1.1498240726020008E-7
1.1498238250491617E-7
1.149823577496777E-7
1.1498233299448519E-7
1.1498230823933815E-7
1.1498228348423697E-7
1.1498225872918131E-7
1.1498223397417128E-7
1.1498220921920701E-7
1.1498218446428825E-7
1.1498215970941522E-7
1.1498213495458788E-7
1.1498211019980614E-7
1.1498208544507005E-7
1.1498206069037968E-7
1.1498203593573494E-7
1.1498201118113584E-7
1.1498198642658242E-7
1.1498196167207454E-7
1.1498193691761232E-7
1.1498191216319587E-7
1.1498188740882504E-7
1.1498186265449974E-7
1.1498183790022007E-7
1.1498181314598609E-7
1.1498178839179788E-7
1.149817636376552E-7
1.1498173888355811E-7
1.1498171412950685E-7
1.1498168937550115E-7
1.1498166462154107E-7
1.1498163986762644E-7
1.1498161511375763E-7
1.1498159035993447E-7
1.1498156560615697E-7
1.1498154085242499E-7
1.149815160987387E-7
1.1498149134509812E-7
1.1498146659150309E-7
1.1498144183795372E-7
1.149814170844498E-7
1.1498139233099175E-7
1.149813675775793E-7
1.1498134282421236E-7
1.1498131807089106E-7
1.1498129331761544E-7
1.1498126856438549E-7
1.1498124381120111E-7
1.1498121905806234E-7
1.1498119430496923E-7
1.1498116955192174E-7
1.1498114479891982E-7
1.1498112004596357E-7
1.149810952930529E-7
1.149810705401879E-7
1.1498104578736847E-7
1.1498102103459469E-7
1.1498099628186639E-7
1.1498097152918386E-7
1.1498094677654697E-7
1.1498092202395573E-7
1.1498089727141003E-7
1.1498087251890995E-7
1.1498084776645537E-7
1.1498082301404644E-7
1.1498079826168312E-7
1.1498077350936555E-7
1.1498074875709348E-7
1.1498072400486702E-7
1.1498069925268622E-7
1.1498067450055095E-7
1.1498064974846131E-7
1.1498062499641736E-7
1.1498060024441892E-7
1.1498057549246604E-7
1.1498055074055875E-7
1.1498052598869712E-7
1.1498050123688113E-7
1.1498047648511076E-7
1.1498045173338587E-7
1.1498042698170666E-7
1.1498040223007308E-7
1.1498037747848503E-7
1.1498035272694257E-7
1.1498032797544575E-7
1.1498030322399448E-7
1.1498027847258883E-7
1.1498025372122876E-7
1.1498022896991421E-7
1.1498020421864537E-7
1.149801794674221E-7
1.1498015471624442E-7
1.1498012996511219E-7
1.1498010521402574E-7
1.1498008046298473E-7
1.1498005571198947E-7
1.1498003096103973E-7
1.1498000621013548E-7
1.1497998145927681E-7
1.1497995670846373E-7
1.1497993195769631E-7
1.1497990720697431E-7
1.1497988245629807E-7
1.1497985770566742E-7
1.1497983295508231E-7
1.1497980820454283E-7
1.149797834540488E-7
1.149797587036003E-7
1.1497973395319749E-7
1.1497970920284025E-7
1.1497968445252851E-7
1.149796597022624E-7
1.1497963495204187E-7
1.1497961020186693E-7
1.1497958545173752E-7
1.1497956070165375E-7
1.149795359516155E-7
1.149795112016228E-7
1.1497948645167564E-7
1.1497946170177401E-7
1.1497943695191796E-7
1.1497941220210766E-7
1.1497938745234277E-7
1.1497936270262348E-7
1.1497933795294963E-7
1.1497931320332143E-7
1.1497928845373882E-7
1.1497926370420178E-7
1.1497923895471028E-7
1.1497921420526435E-7
1.1497918945586381E-7
1.1497916470650896E-7
1.1497913995719975E-7
1.1497911520793597E-7
1.1497909045871782E-7
1.1497906570954524E-7
1.1497904096041811E-7
1.1497901621133668E-7
1.1497899146230064E-7
1.1497896671331009E-7
1.1497894196436527E-7
1.1497891721546592E-7
1.149788924666122E-7
1.1497886771780393E-7
1.1497884296904129E-7
1.1497881822032415E-7
1.1497879347165243E-7
1.1497876872302639E-7
1.1497874397444593E-7
1.1497871922591087E-7
1.149786944774216E-7
1.1497866972897761E-7
1.1497864498057921E-7
1.1497862023222642E-7
1.1497859548391913E-7
1.1497857073565742E-7
1.1497854598744124E-7
1.149785212392705E-7
1.1497849649114536E-7
1.1497847174306561E-7
1.1497844699503154E-7
1.14978422247043E-7
1.149783974991E-7
1.1497837275120256E-7
1.149783480033506E-7
1.1497832325554418E-7
1.1497829850778322E-7
1.1497827376006785E-7
1.1497824901239808E-7
1.1497822426477368E-7
1.149781995171949E-7
1.1497817476966163E-7
1.1497815002217385E-7
1.1497812527473151E-7
1.1497810052733475E-7
1.1497807577998359E-7
1.1497805103267799E-7
1.1497802628541784E-7
1.1497800153820319E-7
1.149779767910341E-7
1.1497795204391041E-7
1.1497792729683227E-7
1.149779025497998E-7
1.1497787780281268E-7
1.1497785305587106E-7
1.1497782830897509E-7
1.1497780356212455E-7
1.1497777881531953E-7
1.1497775406855998E-7
1.149777293218459E-7
1.1497770457517738E-7
1.1497767982855439E-7
1.149776550819769E-7
1.1497763033544489E-7
1.1497760558895852E-7
1.1497758084251743E-7
1.1497755609612202E-7
1.1497753134977212E-7
1.1497750660346753E-7
1.1497748185720859E-7
1.1497745711099516E-7
1.1497743236482718E-7
1.1497740761870471E-7
1.1497738287262767E-7
1.149773581265962E-7
1.1497733338061022E-7
1.1497730863466965E-7
1.1497728388877467E-7
1.1497725914292524E-7
1.1497723439712119E-7
1.1497720965136265E-7
1.1497718490564948E-7
1.1497716015998194E-7
1.1497713541435983E-7
1.1497711066878341E-7
1.149770859232523E-7
1.1497706117776668E-7
1.149770364323264E-7
1.1497701168693185E-7
1.1497698694158274E-7
1.1497696219627919E-7
1.1497693745102103E-7
1.1497691270580834E-7
1.1497688796064108E-7
1.1497686321551934E-7
1.1497683847044308E-7
1.1497681372541234E-7
1.1497678898042696E-7
1.1497676423548719E-7
1.1497673949059292E-7
1.1497671474574399E-7
1.1497669000094058E-7
1.1497666525618263E-7
1.1497664051147014E-7
1.1497661576680321E-7
1.1497659102218178E-7
1.1497656627760562E-7
1.1497654153307502E-7
1.1497651678858994E-7
1.1497649204415033E-7
1.1497646729975616E-7
1.1497644255540742E-7
1.1497641781110414E-7
1.1497639306684636E-7
1.1497636832263405E-7
1.1497634357846717E-7
1.1497631883434589E-7
1.1497629409026997E-7
1.1497626934623948E-7
1.1497624460225452E-7
1.1497621985831496E-7
1.149761951144208E-7
1.1497617037057221E-7
1.1497614562676901E-7
1.1497612088301129E-7
1.1497609613929886E-7
1.1497607139563209E-7
1.1497604665201074E-7
1.149760219084349E-7
1.149759971649045E-7
1.1497597242141946E-7
1.149759476779798E-7
1.1497592293458572E-7
2.2995174689595857E-7
9.540421156692111E-4
9.521683301008501E-4
9.502991714542241E-4
9.484345826323371E-4
9.465745077343554E-4
9.447188920383324E-4
9.428676819840707E-4
9.410208251562098E-4
9.391782702674338E-4
9.373399671418844E-4
9.355058666987752E-4
9.336759209361939E-4
9.31850082915055E-4
9.300283067433022E-4
9.282105475602932E-4
9.263967615213759E-4
9.245869057826992E-4
9.227809384862063E-4
9.209788187448406E-4
9.191805066280142E-4
9.173859631472407E-4
9.15595150242015E-4
9.138080307659012E-4
9.120245684728674E-4
9.102447280038283E-4
9.084684748734307E-4
9.066957754570535E-4
9.049265969780632E-4
9.03160907495279E-4
9.013986758906843E-4
8.996398718573898E-4
8.978844658877935E-4
8.961324292620264E-4
8.943837340365969E-4
8.926383530332981E-4
8.90896259828365E-4
8.89157428741847E-4
8.874218348272222E-4
8.856894538612897E-4
8.839602623342719E-4
8.822342374401549E-4
8.805113570672936E-4
8.78791599789256E-4
8.770749448558964E-4
8.753613721846805E-4
8.736508623522469E-4
8.719433965862248E-4
8.702389567572715E-4
8.685375253713707E-4
8.668390855623681E-4
8.651436210847228E-4
8.634511163065312E-4
8.617615562027755E-4
8.600749263488153E-4
8.583912129140986E-4
8.567104026561273E-4
8.550324829146609E-4
8.533574416061265E-4
8.516852672183059E-4
8.50015948805215E-4
8.483494759822225E-4
8.466858389214262E-4
8.450250283472173E-4
8.433670355321006E-4
8.41711852292737E-4
8.400594709861874E-4
8.384098845064135E-4
8.367630862809689E-4
8.351190702679363E-4
8.334778309530605E-4
8.318393633471207E-4
8.302036629834893E-4
8.285707259159267E-4
8.269405487165931E-4
8.253131284742387E-4
8.236884627926286E-4
8.220665497891747E-4
8.204473880937423E-4
8.188309768477004E-4
8.172173157031364E-4
8.156064048222917E-4
8.139982448771753E-4
8.123928370493923E-4
8.10790183030139E-4
8.091902850204162E-4
8.075931457314019E-4
8.059987683850132E-4
8.044071567146809E-4
8.02818314966264E-4
8.012322478991686E-4
7.996489607876172E-4
7.980684594221287E-4
7.964907501111241E-4
7.949158396827331E-4
7.933437354867495E-4
7.917744453967489E-4
7.902079778123708E-4
7.886443416617728E-4
7.870835464041817E-4
7.855256020326688E-4
7.839705190770267E-4
7.824183086067947E-4
7.808689822344444E-4
7.793225521186934E-4
7.777790309679348E-4
7.76238432043834E-4
7.747007691650344E-4
7.731660567109903E-4
7.716343096259118E-4
7.701055434228611E-4
7.685797741879202E-4
7.670570185844971E-4
7.655372938577337E-4
7.640206178390147E-4
7.625070089505857E-4
7.609964862102519E-4
7.594890692361791E-4
7.579847782517786E-4
7.564836340906864E-4
7.5498565820181E-4
7.534908726544415E-4
7.519993001434878E-4
7.505109639947026E-4
7.490258881700378E-4
7.475440972730141E-4
7.460656165541725E-4
7.445904719165438E-4
7.431186899212078E-4
7.41650297792846E-4
7.401853234253483E-4
7.387237953874566E-4
7.372657429284216E-4
7.358111959836793E-4
7.343601851805482E-4
7.32912741843929E-4
7.314688980020056E-4
7.300286863919622E-4
7.285921404656644E-4
7.271592943953452E-4
7.257301830792713E-4
7.243048421473773E-4
7.228833079668898E-4
7.214656176478692E-4
7.200518090487683E-4
7.186419207819011E-4
7.172359922188629E-4
7.158340634959163E-4
7.144361755192613E-4
7.130423699702699E-4
7.116526893106379E-4
7.10267176787434E-4
7.088858764380633E-4
7.075088330951338E-4
7.06136092391211E-4
7.047677007634536E-4
7.034037054581473E-4
7.020441545350926E-4
7.006890968718529E-4
6.993385821678864E-4
6.979926609485116E-4
6.966513845687055E-4
6.953148052167599E-4
6.939829759177655E-4
6.926559505368911E-4
6.913337837825043E-4
6.900165312090871E-4
6.88704249219947E-4
6.873969950697293E-4
6.860948268667103E-4
6.847978035748473E-4
6.83505985015617E-4
6.822194318696205E-4
6.809382056779056E-4
6.796623688430678E-4
6.78391984630086E-4
6.771271171668369E-4
6.758678314444056E-4
6.746141933170538E-4
6.733662695019068E-4
6.721241275783453E-4
6.708878359870639E-4
6.696574640288448E-4
6.68433081862959E-4
6.672147605052671E-4
6.660025718259679E-4
6.647965885469857E-4
6.635968842389964E-4
6.624035333180915E-4
6.612166110420795E-4
6.600361935063817E-4
6.588623576395421E-4
6.576951811983455E-4
6.565347427625235E-4
6.553811217290405E-4
6.542343983059746E-4
6.530946535059415E-4
6.519619691391006E-4
6.508364278057146E-4
6.497181128882471E-4
6.486071085430152E-4
6.475034996913635E-4
6.464073720103556E-4
6.453188119230273E-4
6.442379065880798E-4
6.431647438891562E-4
6.420994124235663E-4
6.410420014905282E-4
6.399926010788814E-4
6.389513018542834E-4
6.379181951458934E-4
6.368933729325119E-4
6.358769278281903E-4
6.348689530672944E-4
6.338695424890062E-4
6.328787905213083E-4
6.318967921643782E-4
6.309236429734263E-4
6.299594390409865E-4
6.290042769786092E-4
6.28058253897994E-4
6.27121467391528E-4
6.261940155122753E-4
6.252759967533408E-4
6.243675100266733E-4
6.234686546412501E-4
6.225795302806968E-4
6.217002369802858E-4
6.208308751033601E-4
6.199715453171255E-4
6.191223485678647E-4
6.182833860555385E-4
6.174547592077997E-4
6.16636569653365E-4
6.158289191948247E-4
6.150319097808226E-4
6.142456434776325E-4
6.134702224401436E-4
6.127057488822362E-4
6.11952325046566E-4
6.11210053173731E-4
6.104790354708548E-4
6.097593740795707E-4
6.090511710434284E-4
6.083545282747006E-4
6.076695475206041E-4
6.069963303289348E-4
6.063349780131676E-4
6.056855916169247E-4
6.050482718779361E-4
6.044231191913984E-4
6.038102335728043E-4
6.032097146202271E-4
6.02621661476035E-4
6.020461727881338E-4
6.014833466705896E-4
6.009332806638591E-4
6.003960716944033E-4
5.998718160338626E-4
5.993606092577116E-4
5.988625462034815E-4
5.983777209284566E-4
5.979062266669403E-4
5.974481557870991E-4
5.970035997473151E-4
5.965726490521759E-4
5.961553932080156E-4
5.957519206780759E-4
5.953623188372884E-4
5.949866739266634E-4
5.946250710073614E-4
5.942775939143903E-4
5.939443252100026E-4
5.936253461367658E-4
5.93320736570368E-4
5.930305749721065E-4
5.927549383411528E-4
5.924939021665739E-4
5.922475403790991E-4
5.920159253027313E-4
5.917991276061241E-4
5.915972162538178E-4
5.91410258457327E-4
5.912383196260975E-4
5.910814633183605E-4
5.909397511918672E-4
5.908132429546281E-4
5.907019963155434E-4
5.906060669350388E-4
5.90525508375697E-4
5.904603720529162E-4
5.904107071856093E-4
5.903765607469867E-4
5.903579774154043E-4
5.903549995253483E-4
5.903676670185597E-4
5.903960173953271E-4
5.904400856659518E-4
5.90499904302452E-4
5.905755031904878E-4
5.906669095815666E-4
5.907741480455287E-4
5.908972404233717E-4
5.910362057803907E-4
5.911910603597046E-4
5.913618175361948E-4
5.91548487770843E-4
5.91751078565522E-4
5.919695944182961E-4
5.922040367791914E-4
5.924544040065144E-4
5.927206913237371E-4
5.930028907769609E-4
5.933009911930163E-4
5.936149781381689E-4
5.939448338775348E-4
5.942905373351758E-4
5.946520640549371E-4
5.950293861620125E-4
5.954224723253342E-4
5.958312877207377E-4
5.962557939949824E-4
5.966959492306313E-4
5.971517079118328E-4
5.976230208910136E-4
5.981098353565397E-4
5.986120948013186E-4
5.991297389924375E-4
5.996627039418198E-4
6.002109218779223E-4
6.007743212185355E-4
6.013528265446879E-4
6.01946358575671E-4
6.025548341452504E-4
6.031781661790213E-4
6.038162636730199E-4
6.044690316735346E-4
6.051363712581828E-4
6.058181795182856E-4
6.065143495425328E-4
6.0722477040198E-4
6.079493271364002E-4
6.086879007419994E-4
6.094403681605541E-4
6.102066022699062E-4
6.109864718759826E-4
6.11779841706188E-4
6.125865724043102E-4
6.134065205269274E-4
6.142395385413341E-4
6.150854748249543E-4
6.159441736663501E-4
6.168154752677882E-4
6.176992157493619E-4
6.185952271547256E-4
6.195033374584571E-4
6.204233705750151E-4
6.213551463693354E-4
6.222984806691144E-4
6.232531852787029E-4
6.242190679946992E-4
6.251959326232327E-4
6.261835789989284E-4
6.271818030055554E-4
6.281903965984021E-4
6.292091478283846E-4
6.302378408678107E-4
6.312762560379439E-4
6.323241698382497E-4
6.333813549773792E-4
6.34447580405913E-4
6.355226113508123E-4
6.366062093516284E-4
6.376981322984354E-4
6.387981344714834E-4
6.399059665826432E-4
6.410213758185012E-4
6.421441058852473E-4
6.432738970552466E-4
6.44410486215328E-4
6.455536069168021E-4
6.467029894271531E-4
6.478583607834411E-4
6.490194448473694E-4
6.501859623620291E-4
6.513576310103047E-4
6.525341654749221E-4
6.537152775001213E-4
6.549006759549524E-4
6.560900668981679E-4
6.572831536447037E-4
6.584796368337129E-4
6.596792144981784E-4
6.608815821359945E-4
6.620864327826188E-4
6.632934570851595E-4
6.645023433779594E-4
6.657127777595913E-4
6.66924444171285E-4
6.681370244767281E-4
6.693501985432399E-4
6.705636443242815E-4
6.717770379432567E-4
6.729900537785954E-4
6.742023645501008E-4
6.754136414064793E-4
6.76623554014093E-4
6.778317706468266E-4
6.790379582771032E-4
6.802417826679587E-4
6.814429084661853E-4
6.826409992964684E-4
6.838357178565098E-4
6.850267260130977E-4
6.862136848990588E-4
6.873962550110844E-4
6.885740963083769E-4
6.897468683120735E-4
6.909142302054026E-4
6.920758409345756E-4
6.932313593102874E-4
6.943804441098655E-4
6.955227541799711E-4
6.966579485398462E-4
6.977856864850278E-4
6.989056276915049E-4
7.000174323202689E-4
7.011207611222068E-4
7.022152755433138E-4
7.033006378301288E-4
7.043765111354085E-4
7.054425596239346E-4
7.06498448578453E-4
7.075438445056793E-4
7.085784152422837E-4
7.096018300609123E-4
7.106137597760478E-4
7.116138768498138E-4
7.126018554975402E-4
7.135773717931402E-4
7.145401037742054E-4
7.154897315467622E-4
7.16425937389659E-4
7.173484058585318E-4
7.182568238893036E-4
7.191508809011346E-4
7.200302688988329E-4
7.208946825746314E-4
7.217438194092934E-4
7.225773797725082E-4
7.233950670225059E-4
7.241965876048773E-4
7.24981651150533E-4
7.257499705727181E-4
7.265012621631117E-4
7.272352456869125E-4
7.279516444768662E-4
7.286501855262E-4
7.293305995804186E-4
7.29992621227907E-4
7.306359889893139E-4
7.31260445405661E-4
7.318657371251184E-4
7.324516149884421E-4
7.330178341129693E-4
7.335641539752275E-4
7.340903384920008E-4
7.3459615609991E-4
7.350813798334046E-4
7.355457874011524E-4
7.359891612608171E-4
7.364112886921066E-4
7.368119618681489E-4
7.371909779251056E-4
7.37548139029967E-4
7.378832524465938E-4
7.38196130599844E-4
7.384865911378608E-4
7.387544569924093E-4
7.389995564373073E-4
7.392217231448494E-4
7.394207962402547E-4
7.395966203540595E-4
7.397490456724988E-4
7.398779279857676E-4
7.399831287341961E-4
7.40064515052311E-4
7.401219598107418E-4
7.401553416559529E-4
7.401645450478127E-4
7.401494602949374E-4
7.401099835878299E-4
7.400460170297775E-4
7.399574686654984E-4
7.398442525075373E-4
7.397062885603702E-4
7.395435028422302E-4
7.393558274046451E-4
7.391432003496574E-4
7.389055658447537E-4
7.38642874135456E-4
7.383550815556023E-4
7.380421505353108E-4
7.377040496065977E-4
7.373407534066855E-4
7.369522426789762E-4
7.365385042717048E-4
7.360995311342571E-4
7.356353223111743E-4
7.35145882933864E-4
7.346312242099626E-4
7.340913634104404E-4
7.335263238543964E-4
7.329361348915588E-4
7.323208318825473E-4
7.316804561768624E-4
7.3101505508863E-4
7.303246818701085E-4
7.296093956830275E-4
7.288692615676645E-4
7.281043504098117E-4
7.273147389055329E-4
7.265005095238209E-4
7.256617504671172E-4
7.247985556297527E-4
7.239110245543176E-4
7.229992623859839E-4
7.220633798248027E-4
7.211034930760368E-4
7.201197237984964E-4
7.191121990509765E-4
7.180810512367446E-4
7.170264180462201E-4
7.159484423977393E-4
7.148472723765566E-4
7.137230611720613E-4
7.125759670132542E-4
7.114061531024867E-4
7.102137875475843E-4
7.089990432923002E-4
7.077620980451546E-4
7.065031342067688E-4
7.052223387956232E-4
7.039199033723757E-4
7.025960239627188E-4
7.012509009788382E-4
6.998847391395107E-4
6.98497747388907E-4
6.970901388140813E-4
6.956621305612575E-4
6.942139437509373E-4
6.927458033918255E-4
6.912579382936817E-4
6.897505809791144E-4
6.882239675943566E-4
6.866783378190814E-4
6.851139347753084E-4
6.835310049353997E-4
6.819297980292789E-4
6.803105669508222E-4
6.786735676635493E-4
6.770190591056039E-4
6.753473030941104E-4
6.736585642289208E-4
6.719531097958189E-4
6.702312096692291E-4
6.684931362144708E-4
6.667391641896071E-4
6.649695706469253E-4
6.631846348341189E-4
6.613846380951976E-4
6.595698637711773E-4
6.577405971005949E-4
6.558971251199217E-4
6.540397365638546E-4
6.521687217656168E-4
6.502843725572431E-4
6.483869821699262E-4
6.464768451344862E-4
6.445542571819595E-4
6.426195151444044E-4
6.406729168559196E-4
6.387147610539594E-4
6.367453472809619E-4
6.34764975786365E-4
6.327739474289707E-4
6.307725635798392E-4
6.287611260256163E-4
6.267399368724072E-4
6.247092984502266E-4
6.226695132180645E-4
6.206208836695646E-4
6.185637122394425E-4
6.164983012106049E-4
6.144249526220159E-4
6.123439681773855E-4
6.102556491546833E-4
6.081602963165122E-4
6.060582098214095E-4
6.03949689136048E-4
6.018350329484311E-4
5.997145390820869E-4
5.975885044112968E-4
5.954572247773599E-4
5.933209949059775E-4
5.911801083257547E-4
5.890348572878203E-4
5.868855326866666E-4
5.847324239821478E-4
5.825758191227269E-4
5.804160044699791E-4
5.782532647243435E-4
5.760878828521858E-4
5.739201400141907E-4
5.71750315495059E-4
5.695786866346031E-4
5.674055287601873E-4
5.652311151205945E-4
5.630557168212708E-4
5.608796027610193E-4
5.587030395701514E-4
5.565262915500607E-4
5.543496206143032E-4
5.521732862311491E-4
5.49997545367632E-4
5.478226524350876E-4
5.456488592362642E-4
5.434764149138799E-4
5.413055659008008E-4
5.391365558716824E-4
5.369696256962152E-4
5.348050133938952E-4
5.326429540903754E-4
5.304836799753383E-4
5.28327420261988E-4
5.261744011480539E-4
5.240248457784133E-4
5.218789742092447E-4
5.197370033737599E-4
5.175991470495049E-4
5.154656158272346E-4
5.133366170813169E-4
5.112123549417281E-4
5.090930302675853E-4
5.06978840622223E-4
5.048699802498141E-4
5.027666400535339E-4
5.006690075752332E-4
4.985772669766436E-4
4.964915990220809E-4
4.944121810626569E-4
4.92339187021997E-4
4.902727873833716E-4
4.882131491783814E-4
4.861604359770295E-4
4.8411480787926745E-4
4.820764215079519E-4
4.800454300032292E-4
4.780219830183011E-4
4.7600622671659196E-4
4.7399830377026995E-4
4.719983533601184E-4
4.700065111767543E-4
4.680229094231456E-4
4.66047676818442E-4
4.6408093860307505E-4
4.6212281654513064E-4
4.6017342894794354E-4
4.582328906589465E-4
4.5630131307969026E-4
4.5437880417706583E-4
4.5246546849567415E-4
4.5056140717135727E-4
4.486667179458201E-4
4.467814951823733E-4
4.449058298827388E-4
4.430398097049108E-4
4.4118351898205676E-4
4.3933703874240364E-4
4.375004467301373E-4
4.3567381742723986E-4
4.3385722207627924E-4
4.320507287041095E-4
4.3025440214645294E-4
4.2846830407336994E-4
4.2669249301555373E-4
4.2492702439145096E-4
4.2317195053518E-4
4.214273207252103E-4
4.1969318121380173E-4
4.1796957525715904E-4
4.16256543146277E-4
4.145541222384748E-4
4.128623469895702E-4
4.111812489866756E-4
4.0951085698160414E-4
4.078511969248455E-4
4.062022920000905E-4
4.045641626592936E-4
4.029368266582304E-4
4.0132029909254716E-4
3.9971459243424626E-4
3.9811971656862914E-4
3.965356788316216E-4
3.949624840475158E-4
3.934001345670407E-4
3.91848630305799E-4
3.90307968783009E-4
3.887781451605398E-4
3.872591522822205E-4
3.8575098071339637E-4
3.842536187807169E-4
3.827670526121231E-4
3.812912661770201E-4
3.7982624132661943E-4
3.783719578344078E-4
3.7692839343675665E-4
3.7549552387360774E-4
3.740733229292595E-4
3.7266176247320576E-4
3.712608125010165E-4
3.698704411752377E-4
3.6849061486628285E-4
3.6712129819334186E-4
3.657624540652139E-4
3.644140437211203E-4
3.630760267714236E-4
3.6174836123827926E-4
3.604310035961645E-4
3.5912390881229905E-4
3.578270303869236E-4
3.565403203934235E-4
3.552637295182935E-4
3.5399720710090077E-4
3.527407011730627E-4
3.5149415849841003E-4
3.5025752461152006E-4
3.490307438568165E-4
3.4781375942719386E-4
3.4660651340240106E-4
3.4540894678713113E-4
3.442209995488188E-4
3.430426106551427E-4
3.4187371811120274E-4
3.4071425899637734E-4
3.395641695008437E-4
3.384233849617464E-4
3.372918398990175E-4
3.361694680508186E-4
3.350562024086232E-4
3.3395197525189327E-4
3.3285671818238555E-4
3.317703621580436E-4
3.3069283752647525E-4
3.2962407405804126E-4
3.2856400097848465E-4
3.2751254700115695E-4
3.264696403588005E-4
3.2543520883489106E-4
3.2440917979452796E-4
3.233914802148781E-4
3.22382036715159E-4
3.2138077558616047E-4
3.203876228193038E-4
3.194025041352262E-4
3.1842534501190354E-4
3.174560707122719E-4
3.164946063114024E-4
3.155408767231629E-4
3.1459480672642396E-4
3.1365632099075236E-4
3.1272534410163886E-4
3.1180180058522E-4
3.10885614932524E-4
3.0997671162321267E-4
3.0907501514883853E-4
3.0818045003561123E-4
3.072929408666704E-4
3.0641241230386227E-4
3.055387891090294E-4
3.0467199616481775E-4
3.0381195849497693E-4
3.0295860128418757E-4
3.0211184989739664E-4
3.012716298986649E-4
3.0043786706953696E-4
2.996104874269286E-4
2.9878941724053264E-4
2.979745830497518E-4
2.9716591168015883E-4
2.96363330259482E-4
2.955667662331328E-4
2.947761473792578E-4
2.939914018233431E-4
2.9321245805234193E-4
2.9243924492837784E-4
2.9167169170197897E-4
2.9090972802485633E-4
2.9015328396227966E-4
2.894022900049825E-4
2.886566770806499E-4
2.879163765649733E-4
2.8718132029229243E-4
2.8645144056580157E-4
2.8572667016737015E-4
2.850069423669301E-4
2.8429219093147577E-4
2.8358235013365823E-4
2.828773547599988E-4
2.82177140118708E-4
2.814816420471242E-4
2.807907969187793E-4
2.80104541650097E-4
2.7942281370672037E-4
2.7874555110949235E-4
2.780726924400733E-4
2.7740417684622384E-4
2.7673994404672834E-4
2.7607993433601365E-4
2.7542408858840834E-4
2.7477234826210015E-4
2.7412465540277176E-4
2.7348095264692645E-4
2.728411832249074E-4
2.722052909636215E-4
2.7157322028896876E-4
2.7094491622799556E-4
2.7032032441075445E-4
2.696993910719013E-4
2.690820630520196E-4
2.6846828779868186E-4
2.678580133672667E-4
2.6725118842151887E-4
2.66647762233859E-4
2.66047684685477E-4
2.6545090626617623E-4
2.6485737807399563E-4
2.6426705181462474E-4
2.636798798005913E-4
2.630958149502528E-4
2.625148107865786E-4
2.61936821435744E-4
2.613618016255269E-4
2.607897066835266E-4
2.60220492535208E-4
2.5965411570175737E-4
2.590905332977895E-4
2.5852970302888583E-4
2.5797158318897087E-4
2.5741613265754885E-4
2.5686331089678355E-4
2.563130779484527E-4
2.55765394430749E-4
2.552202215349739E-4
2.5467752102208683E-4
2.5413725521914257E-4
2.5359938701561776E-4
2.5306387985962774E-4
2.525306977540273E-4
2.5199980525242744E-4
2.5147116745510503E-4
2.509447500048258E-4
2.5042051908258703E-4
2.4989844140326667E-4
2.493784842112006E-4
2.488606152756906E-4
2.4834480288644814E-4
2.4783101584895334E-4
2.4731922347977263E-4
2.4680939560180973E-4
2.463015025395196E-4
2.4579551511405085E-4
2.452914046383575E-4
2.4478914291227016E-4
2.442887022175243E-4
2.4379005531275884E-4
2.432931754284792E-4
2.4279803626200364E-4
2.4230461197237E-4
2.418128771752373E-4
2.4132280693776436E-4
2.408343767734696E-4
2.4034756263708787E-4
2.3986234091941388E-4
2.393786884421442E-4
2.3889658245271317E-4
2.384160006191297E-4
2.379369210248206E-4
2.3745932216347738E-4
2.3698318293390974E-4
2.3650848263491255E-4
2.3603520096014417E-4
2.355633179930203E-4
2.3509281420162434E-4
2.3462367043364292E-4
2.3415586791131736E-4
2.3368938822641941E-4
2.332242133352597E-4
2.3276032555371413E-4
2.3229770755229295E-4
2.3183634235122248E-4
3.1895838098406815E-7
3.1895831261567914E-7
3.1895824424741057E-7
3.189581758792624E-7
3.1895810751123447E-7
3.1895803914332726E-7
3.1895797077554007E-7
3.189579024078734E-7
3.1895783404032705E-7
3.189577656729011E-7
3.1895769730559546E-7
3.1895762893841045E-7
3.189575605713455E-7
3.1895749220440096E-7
3.189574238375769E-7
3.18957355470873E-7
3.189572871042897E-7
3.1895721873782654E-7
3.189571503714838E-7
3.189570820052615E-7
3.1895701363915964E-7
3.189569452731777E-7
3.189568769073165E-7
3.189568085415755E-7
3.189567401759547E-7
3.189566718104545E-7
3.189566034450746E-7
3.189565350798147E-7
3.1895646671467556E-7
3.189563983496563E-7
3.1895632998475766E-7
3.189562616199795E-7
3.189561932553209E-7
3.189561248907835E-7
3.18956056526366E-7
3.1895598816206895E-7
3.1895591979789224E-7
3.1895585143383564E-7
3.1895578306989954E-7
3.189557147060835E-7
3.1895564634238806E-7
3.189555779788129E-7
3.189555096153577E-7
3.1895544125202287E-7
3.1895537288880855E-7
3.189553045257146E-7
3.189552361627405E-7
3.18955167799887E-7
3.189550994371539E-7
3.189550310745408E-7
3.189549627120481E-7
3.189548943496758E-7
3.1895482598742364E-7
3.1895475762529204E-7
3.1895468926327975E-7
3.189546209013887E-7
3.189545525396177E-7
3.189544841779669E-7
3.189544158164364E-7
3.18954347455026E-7
3.18954279093736E-7
3.1895421073256635E-7
3.189541423715169E-7
3.1895407401058753E-7
3.1895400564977835E-7
3.189539372890897E-7
3.1895386892852136E-7
3.189538005680728E-7
3.1895373220774496E-7
3.1895366384753686E-7
3.189535954874494E-7
3.1895352712748197E-7
3.189534587676348E-7
3.1895339040790793E-7
3.189533220483011E-7
3.1895325368881453E-7
3.189531853294488E-7
3.189531169702026E-7
3.189530486110768E-7
3.1895298025207133E-7
3.1895291189318603E-7
3.189528435344207E-7
3.189527751757758E-7
3.1895270681725106E-7
3.1895263845884634E-7
3.189525701005625E-7
3.189525017423981E-7
3.189524333843541E-7
3.189523650264304E-7
3.1895229666862705E-7
3.189522283109435E-7
3.189521599533803E-7
3.189520915959374E-7
3.189520232386145E-7
3.189519548814119E-7
3.1895188652432927E-7
3.189518181673671E-7
3.189517498105255E-7
3.1895168145380276E-7
3.189516130972015E-7
3.1895154474071975E-7
3.189514763843585E-7
3.1895140802811726E-7
3.189513396719961E-7
3.1895127131599516E-7
3.1895120296011455E-7
3.189511346043539E-7
3.189510662487132E-7
3.189509978931934E-7
3.189509295377928E-7
3.1895086118251276E-7
3.1895079282735314E-7
3.1895072447231337E-7
3.189506561173937E-7
3.189505877625944E-7
3.189505194079152E-7
3.189504510533554E-7
3.189503826989168E-7
3.1895031434459773E-7
3.1895024599039933E-7
3.189501776363202E-7
3.189501092823618E-7
3.1895004092852325E-7
3.1894997257480507E-7
3.18949904221207E-7
3.1894983586772863E-7
3.1894976751437085E-7
3.189496991611327E-7
3.1894963080801513E-7
3.1894956245501777E-7
3.189494941021399E-7
3.189494257493825E-7
3.189493573967451E-7
3.1894928904422793E-7
3.1894922069183053E-7
3.189491523395536E-7
3.189490839873966E-7
3.1894901563535974E-7
3.189489472834426E-7
3.18948878931646E-7
3.189488105799695E-7
3.189487422284131E-7
3.189486738769763E-7
3.1894860552565965E-7
3.189485371744636E-7
3.189484688233872E-7
3.1894840047243104E-7
3.1894833212159483E-7
3.1894826377087884E-7
3.189481954202825E-7
3.1894812706980654E-7
3.18948058719451E-7
3.189479903692149E-7
3.189479220190992E-7
3.1894785366910333E-7
3.189477853192275E-7
3.1894771696947194E-7
3.1894764861983624E-7
3.189475802703207E-7
3.189475119209252E-7
3.189474435716498E-7
3.189473752224942E-7
3.189473068734588E-7
3.1894723852454344E-7
3.1894717017574773E-7
3.189471018270725E-7
3.189470334785169E-7
3.1894696513008196E-7
3.1894689678176657E-7
3.18946828433571E-7
3.1894676008549573E-7
3.1894669173754054E-7
3.1894662338970547E-7
3.189465550419899E-7
3.1894648669439474E-7
3.1894641834691945E-7
3.189463499995643E-7
3.18946281652329E-7
3.189462133052137E-7
3.1894614495821854E-7
3.189460766113431E-7
3.189460082645878E-7
3.1894593991795287E-7
3.1894587157143737E-7
3.1894580322504173E-7
3.1894573487876663E-7
3.18945666532611E-7
3.189455981865758E-7
3.189455298406605E-7
3.18945461494865E-7
3.189453931491896E-7
3.189453248036338E-7
3.1894525645819827E-7
3.18945188112883E-7
3.1894511976768757E-7
3.189450514226115E-7
3.1894498307765555E-7
3.1894491473282E-7
3.189448463881041E-7
3.1894477804350837E-7
3.1894470969903263E-7
3.189446413546765E-7
3.189445730104404E-7
3.1894450466632445E-7
3.1894443632232787E-7
3.189443679784522E-7
3.1894429963469555E-7
3.1894423129105944E-7
3.189441629475429E-7
3.189440946041467E-7
3.189440262608698E-7
3.189439579177133E-7
3.1894388957467664E-7
3.1894382123175924E-7
3.189437528889627E-7
3.1894368454628584E-7
3.189436162037289E-7
3.1894354786129134E-7
3.1894347951897416E-7
3.189434111767769E-7
3.1894334283469953E-7
3.18943274492742E-7
3.1894320615090454E-7
3.189431378091867E-7
3.1894306946758875E-7
3.189430011261107E-7
3.1894293278475307E-7
3.189428644435145E-7
3.1894279610239633E-7
3.1894272776139777E-7
3.1894265942051944E-7
3.1894259107976096E-7
3.189425227391221E-7
3.1894245439860325E-7
3.189423860582041E-7
3.189423177179251E-7
3.1894224937776576E-7
3.1894218103772636E-7
3.189421126978066E-7
3.1894204435800724E-7
3.1894197601832724E-7
3.1894190767876716E-7
3.1894183933932714E-7
3.189417710000067E-7
3.189417026608064E-7
3.1894163432172606E-7
3.189415659827651E-7
3.18941497643924E-7
3.1894142930520346E-7
3.189413609666019E-7
3.189412926281205E-7
3.189412242897591E-7
3.189411559515174E-7
3.1894108761339537E-7
3.189410192753933E-7
3.189409509375111E-7
3.1894088259974876E-7
3.1894081426210636E-7
3.189407459245833E-7
3.1894067758718054E-7
3.1894060924989744E-7
3.18940540912734E-7
3.189404725756907E-7
3.189404042387668E-7
3.1894033590196316E-7
3.1894026756527907E-7
3.189401992287145E-7
3.1894013089227E-7
3.189400625559454E-7
3.189399942197403E-7
3.1893992588365576E-7
3.189398575476902E-7
3.1893978921184447E-7
3.1893972087611896E-7
3.1893965254051304E-7
3.189395842050266E-7
3.189395158696601E-7
3.189394475344137E-7
3.189393791992869E-7
3.189393108642796E-7
3.1893924252939276E-7
3.1893917419462487E-7
3.1893910585997736E-7
3.189390375254494E-7
3.1893896919104107E-7
3.1893890085675265E-7
3.189388325225839E-7
3.1893876418853517E-7
3.189386958546055E-7
3.189386275207963E-7
3.189385591871065E-7
3.189384908535365E-7
3.189384225200865E-7
3.18938354186756E-7
3.1893828585354514E-7
3.189382175204541E-7
3.189381491874829E-7
3.189380808546314E-7
3.189380125218996E-7
3.1893794418928775E-7
3.189378758567954E-7
3.189378075244224E-7
3.189377391921694E-7
3.189376708600365E-7
3.189376025280231E-7
3.189375341961294E-7
3.189374658643551E-7
3.189373975327008E-7
3.1893732920116653E-7
3.1893726086975184E-7
3.1893719253845583E-7
3.189371242072808E-7
3.1893705587622497E-7
3.1893698754528884E-7
3.1893691921447236E-7
3.189368508837758E-7
3.1893678255319864E-7
3.189367142227413E-7
3.1893664589240366E-7
3.189365775621858E-7
3.1893650923208757E-7
3.189364409021088E-7
3.189363725722498E-7
3.1893630424251084E-7
3.189362359128912E-7
3.189361675833914E-7
3.1893609925401105E-7
3.189360309247505E-7
3.189359625956093E-7
3.1893589426658817E-7
3.189358259376866E-7
3.1893575760890455E-7
3.189356892802426E-7
3.189356209516997E-7
3.189355526232769E-7
3.1893548429497366E-7
3.189354159667901E-7
3.189353476387256E-7
3.189352793107817E-7
3.1893521098295686E-7
3.189351426552518E-7
3.189350743276665E-7
3.1893500600020044E-7
3.189349376728544E-7
3.189348693456278E-7
3.1893480101852097E-7
3.1893473269153334E-7
3.189346643646659E-7
3.189345960379178E-7
3.189345277112894E-7
3.189344593847804E-7
3.189343910583912E-7
3.1893432273212135E-7
3.1893425440597186E-7
3.1893418607994096E-7
3.1893411775403055E-7
3.189340494282394E-7
3.189339811025679E-7
3.189339127770158E-7
3.1893384445158347E-7
3.1893377612627064E-7
3.189337078010773E-7
3.1893363947600385E-7
3.189335711510496E-7
3.1893350282621506E-7
3.189334345015003E-7
3.1893336617690505E-7
3.1893329785242935E-7
3.1893322952807345E-7
3.1893316120383683E-7
3.1893309287971964E-7
3.189330245557223E-7
3.1893295623184476E-7
3.189328879080863E-7
3.189328195844476E-7
3.1893275126092843E-7
3.18932682937529E-7
3.18932614614249E-7
3.189325462910884E-7
3.1893247796804743E-7
3.1893240964512614E-7
3.1893234132232413E-7
3.189322729996418E-7
3.189322046770792E-7
3.1893213635463584E-7
3.189320680323125E-7
3.1893199971010855E-7
3.1893193138802365E-7
3.1893186306605866E-7
3.1893179474421327E-7
3.1893172642248725E-7
3.1893165810088056E-7
3.1893158977939377E-7
3.189315214580264E-7
3.189314531367781E-7
3.189313848156498E-7
3.189313164946412E-7
3.1893124817375185E-7
3.18931179852982E-7
3.189311115323315E-7
3.189310432118008E-7
3.1893097489138947E-7
3.1893090657109763E-7
3.189308382509255E-7
3.1893076993087263E-7
3.189307016109392E-7
3.189306332911253E-7
3.1893056497143095E-7
3.189304966518561E-7
3.189304283324006E-7
3.1893036001306484E-7
3.189302916938484E-7
3.189302233747514E-7
3.1893015505577383E-7
3.189300867369158E-7
3.189300184181777E-7
3.1892995009955823E-7
3.189298817810591E-7
3.18929813462679E-7
3.189297451444182E-7
3.1892967682627693E-7
3.1892960850825536E-7
3.189295401903531E-7
3.1892947187257014E-7
3.189294035549071E-7
3.189293352373631E-7
3.189292669199387E-7
3.1892919860263357E-7
3.189291302854482E-7
3.1892906196838184E-7
3.1892899365143516E-7
3.189289253346081E-7
3.1892885701790024E-7
3.18928788701312E-7
3.1892872038484267E-7
3.1892865206849335E-7
3.1892858375226325E-7
3.1892851543615264E-7
3.189284471201613E-7
3.189283788042895E-7
3.1892831048853697E-7
3.189282421729039E-7
3.189281738573905E-7
3.189281055419963E-7
3.1892803722672153E-7
3.189279689115663E-7
3.189279005965306E-7
3.189278322816137E-7
3.189277639668168E-7
3.1892769565213904E-7
3.189276273375804E-7
3.189275590231416E-7
3.189274907088223E-7
3.1892742239462183E-7
3.1892735408054076E-7
3.1892728576657944E-7
3.1892721745273797E-7
3.1892714913901515E-7
3.189270808254118E-7
3.189270125119278E-7
3.1892694419856325E-7
3.1892687588531815E-7
3.189268075721923E-7
3.189267392591857E-7
3.189266709462989E-7
3.1892660263353143E-7
3.1892653432088317E-7
3.189264660083541E-7
3.1892639769594436E-7
3.1892632938365403E-7
3.189262610714832E-7
3.189261927594317E-7
3.1892612444749924E-7
3.1892605613568663E-7
3.1892598782399335E-7
3.189259195124192E-7
3.1892585120096396E-7
3.1892578288962876E-7
3.189257145784127E-7
3.1892564626731554E-7
3.1892557795633827E-7
3.1892550964548005E-7
3.1892544133474116E-7
3.1892537302412144E-7
3.1892530471362115E-7
3.1892523640324066E-7
3.189251680929787E-7
3.1892509978283687E-7
3.1892503147281367E-7
3.189249631629099E-7
3.189248948531257E-7
3.189248265434608E-7
3.1892475823391477E-7
3.189246899244885E-7
3.1892462161518143E-7
3.189245533059937E-7
3.1892448499692497E-7
3.189244166879761E-7
3.1892434837914587E-7
3.1892428007043525E-7
3.189242117618438E-7
3.1892414345337194E-7
3.189240751450192E-7
3.189240068367857E-7
3.1892393852867153E-7
3.1892387022067607E-7
3.189238019128004E-7
3.189237336050442E-7
3.1892366529740704E-7
3.18923596989889E-7
3.1892352868249054E-7
3.18923460375211E-7
3.189233920680511E-7
3.1892332376101033E-7
3.189232554540883E-7
3.189231871472861E-7
3.189231188406031E-7
3.1892305053403913E-7
3.189229822275948E-7
3.189229139212694E-7
3.189228456150632E-7
3.189227773089763E-7
3.189227090030087E-7
3.189226406971601E-7
3.18922572391431E-7
3.18922504085821E-7
3.189224357803302E-7
3.1892236747495896E-7
3.1892229916970657E-7
3.189222308645735E-7
3.189221625595596E-7
3.189220942546651E-7
3.189220259498897E-7
3.1892195764523333E-7
3.189218893406965E-7
3.1892182103627883E-7
3.1892175273198E-7
3.1892168442780105E-7
3.1892161612374086E-7
3.189215478198E-7
3.1892147951597797E-7
3.189214112122755E-7
3.18921342908692E-7
3.1892127460522777E-7
3.189212063018829E-7
3.1892113799865745E-7
3.189210696955505E-7
3.1892100139256306E-7
3.189209330896946E-7
3.1892086478694576E-7
3.189207964843161E-7
3.1892072818180503E-7
3.189206598794134E-7
3.1892059157714117E-7
3.1892052327498807E-7
3.189204549729538E-7
3.1892038667103885E-7
3.189203183692434E-7
3.1892025006756655E-7
3.189201817660091E-7
3.1892011346457103E-7
3.1892004516325216E-7
3.189199768620522E-7
3.189199085609714E-7
3.189198402600097E-7
3.1891977195916684E-7
3.1891970365844353E-7
3.189196353578396E-7
3.1891956705735426E-7
3.1891949875698824E-7
3.189194304567415E-7
3.1891936215661397E-7
3.189192938566049E-7
3.189192255567157E-7
3.1891915725694555E-7
3.1891908895729406E-7
3.189190206577622E-7
3.1891895235834884E-7
3.189188840590552E-7
3.189188157598804E-7
3.189187474608249E-7
3.18918679161888E-7
3.189186108630707E-7
3.189185425643725E-7
3.18918474265793E-7
3.1891840596733326E-7
3.189183376689921E-7
3.189182693707698E-7
3.189182010726672E-7
3.189181327746835E-7
3.189180644768186E-7
3.1891799617907307E-7
3.189179278814464E-7
3.1891785958393913E-7
3.18917791286551E-7
3.189177229892816E-7
3.1891765469213107E-7
3.189175863951003E-7
3.1891751809818827E-7
3.1891744980139503E-7
3.189173815047212E-7
3.1891731320816644E-7
3.1891724491173055E-7
3.189171766154137E-7
3.1891710831921595E-7
3.189170400231374E-7
3.1891697172717786E-7
3.1891690343133765E-7
3.1891683513561607E-7
3.1891676684001355E-7
3.1891669854453005E-7
3.189166302491658E-7
3.1891656195392074E-7
3.189164936587941E-7
3.189164253637868E-7
3.1891635706889853E-7
3.189162887741299E-7
3.189162204794794E-7
3.189161521849481E-7
3.1891608389053606E-7
3.1891601559624306E-7
3.189159473020692E-7
3.1891587900801413E-7
3.1891581071407815E-7
3.1891574242026107E-7
3.189156741265629E-7
3.189156058329839E-7
3.1891553753952395E-7
3.1891546924618295E-7
3.189154009529609E-7
3.1891533265985805E-7
3.1891526436687403E-7
3.18915196074009E-7
3.1891512778126296E-7
3.189150594886363E-7
3.1891499119612803E-7
3.189149229037391E-7
3.189148546114688E-7
3.1891478631931807E-7
3.1891471802728574E-7
3.1891464973537263E-7
3.1891458144357854E-7
3.1891451315190345E-7
3.1891444486034726E-7
3.189143765689099E-7
3.189143082775918E-7
3.189142399863927E-7
3.189141716953122E-7
3.189141034043506E-7
3.189140351135085E-7
3.1891396682278496E-7
3.189138985321806E-7
3.189138302416945E-7
3.1891376195132825E-7
3.189136936610807E-7
3.1891362537095195E-7
3.1891355708094175E-7
3.189134887910514E-7
3.1891342050127935E-7
3.1891335221162634E-7
3.189132839220925E-7
3.189132156326775E-7
3.1891314734338093E-7
3.189130790542038E-7
3.189130107651456E-7
3.189129424762061E-7
3.1891287418738554E-7
3.18912805898684E-7
3.1891273761010133E-7
3.1891266932163766E-7
3.1891260103329295E-7
3.189125327450669E-7
3.189124644569599E-7
3.18912396168972E-7
3.1891232788110253E-7
3.189122595933525E-7
3.189121913057208E-7
3.189121230182085E-7
3.1891205473081476E-7
3.1891198644354017E-7
3.189119181563844E-7
3.1891184986934726E-7
3.189117815824294E-7
3.189117132956304E-7
3.189116450089499E-7
3.189115767223883E-7
3.1891150843594616E-7
3.1891144014962215E-7
3.1891137186341736E-7
3.189113035773317E-7
3.1891123529136485E-7
3.189111670055166E-7
3.189110987197867E-7
3.1891103043417667E-7
3.189109621486849E-7
3.1891089386331186E-7
3.1891082557805876E-7
3.189107572929234E-7
3.189106890079071E-7
3.189106207230098E-7
3.1891055243823143E-7
3.189104841535716E-7
3.18910415869031E-7
3.189103475846088E-7
3.189102793003056E-7
3.189102110161216E-7
3.189101427320562E-7
3.1891007444810927E-7
3.1891000616428147E-7
3.189099378805725E-7
3.1890986959698214E-7
3.1890980131351125E-7
3.189097330301585E-7
3.1890966474692476E-7
3.1890959646381015E-7
3.189095281808142E-7
3.1890945989793665E-7
3.1890939161517806E-7
3.189093233325386E-7
3.189092550500177E-7
3.189091867676157E-7
3.1890911848533227E-7
3.1890905020316804E-7
3.1890898192112255E-7
3.189089136391953E-7
3.189088453573875E-7
3.1890877707569785E-7
3.189087087941278E-7
3.1890864051267593E-7
3.1890857223134275E-7
3.189085039501288E-7
3.1890843566903324E-7
3.18908367388057E-7
3.189082991071991E-7
3.1890823082646E-7
3.189081625458398E-7
3.1890809426533816E-7
3.1890802598495524E-7
3.189079577046912E-7
3.1890788942454637E-7
3.1890782114451994E-7
3.1890775286461146E-7
3.18907684584823E-7
3.189076163051529E-7
3.189075480256017E-7
3.1890747974616805E-7
3.1890741146685456E-7
3.1890734318765945E-7
3.189072749085831E-7
3.1890720662962534E-7
3.1890713835078576E-7
3.1890707007206583E-7
3.1890700179346427E-7
3.1890693351498124E-7
3.1890686523661765E-7
3.1890679695837205E-7
3.1890672868024526E-7
3.1890666040223725E-7
3.1890659212434826E-7
3.1890652384657785E-7
3.1890645556892587E-7
3.1890638729139295E-7
3.1890631901397846E-7
3.189062507366828E-7
3.1890618245950543E-7
3.1890611418244727E-7
3.1890604590550796E-7
3.189059776286872E-7
3.1890590935198504E-7
3.189058410754016E-7
3.1890577279893694E-7
3.189057045225907E-7
3.189056362463633E-7
3.1890556797025427E-7
3.1890549969426454E-7
3.189054314183931E-7
3.1890536314264046E-7
3.1890529486700664E-7
3.189052265914913E-7
3.189051583160946E-7
3.1890509004081663E-7
3.189050217656568E-7
3.1890495349061673E-7
3.1890488521569457E-7
3.189048169408916E-7
3.1890474866620697E-7
3.1890468039164073E-7
3.1890461211719344E-7
3.189045438428646E-7
3.189044755686548E-7
3.1890440729456336E-7
3.1890433902059057E-7
3.1890427074673626E-7
3.1890420247300096E-7
3.18904134199384E-7
3.1890406592588574E-7
3.189039976525061E-7
3.1890392937924544E-7
3.1890386110610317E-7
3.189037928330796E-7
3.189037245601744E-7
3.1890365628738817E-7
3.1890358801472034E-7
3.189035197421709E-7
3.189034514697403E-7
3.1890338319742847E-7
3.1890331492523525E-7
3.1890324665316045E-7
3.189031783812041E-7
3.1890311010936665E-7
3.1890304183764787E-7
3.1890297356604815E-7
3.189029052945655E-7
3.189028370232028E-7
3.189027687519585E-7
3.189027004808326E-7
3.189026322098252E-7
3.1890256393893635E-7
3.189024956681661E-7
3.1890242739751446E-7
3.1890235912698163E-7
3.189022908565674E-7
3.1890222258627114E-7
3.1890215431609386E-7
3.1890208604603547E-7
3.189020177760955E-7
3.1890194950627414E-7
3.1890188123657103E-7
3.189018129669864E-7
3.189017446975205E-7
3.1890167642817364E-7
3.1890160815894466E-7
3.189015398898348E-7
3.189014716208427E-7
3.1890140335196976E-7
3.1890133508321495E-7
3.1890126681457916E-7
3.1890119854606185E-7
3.189011302776632E-7
3.189010620093824E-7
3.189009937412207E-7
3.189009254731774E-7
3.189008572052527E-7
3.1890078893744676E-7
3.1890072066975895E-7
3.189006524021898E-7
3.18900584134739E-7
3.189005158674073E-7
3.18900447600193E-7
3.189003793330984E-7
3.189003110661221E-7
3.1890024279926416E-7
3.189001745325242E-7
3.189001062659032E-7
3.1890003799940094E-7
3.18899969733017E-7
3.1889990146675146E-7
3.1889983320060425E-7
3.188997649345756E-7
3.188996966686658E-7
3.1889962840287407E-7
3.188995601372018E-7
3.1889949187164707E-7
3.1889942360621095E-7
3.1889935534089314E-7
3.1889928707569424E-7
3.1889921881061386E-7
3.188991505456516E-7
3.188990822808079E-7
3.188990140160828E-7
3.188989457514762E-7
3.188988774869879E-7
3.1889880922261794E-7
3.1889874095836686E-7
3.188986726942339E-7
3.1889860443021973E-7
3.1889853616632377E-7
3.1889846790254614E-7
3.188983996388871E-7
3.18898331375347E-7
3.188982631119248E-7
3.1889819484862097E-7
3.188981265854358E-7
3.1889805832236907E-7
3.188979900594209E-7
3.188979217965911E-7
3.188978535338797E-7
3.1889778527128685E-7
3.1889771700881164E-7
3.1889764874645564E-7
3.188975804842181E-7
3.1889751222209887E-7
3.1889744396009794E-7
3.1889737569821533E-7
3.188973074364512E-7
3.188972391748057E-7
3.188971709132786E-7
3.1889710265187E-7
3.1889703439057956E-7
6.377937957369446E-7
1.4831975508596536E-6
2.962617531395317E-6
4.43827208230944E-6
5.910173035488039E-6
7.3783319221243585E-6
8.842759980716794E-6
1.0303468164942261E-5
1.176046715140629E-5
1.3213767347271284E-5
1.4663378897763865E-5
1.6109311693564104E-5
1.7551575378076647E-5
1.8990179354585718E-5
2.0425132793296645E-5
2.1856444638264957E-5
2.3284123614213445E-5
2.470817823324196E-5
2.6128616801428297E-5
2.7545447425325927E-5
2.895867801835586E-5
3.036831630709957E-5
3.177436983749096E-5
3.3176845980911255E-5
3.457575194018963E-5
3.597109475550855E-5
3.736288131021996E-5
3.875111833657248E-5
4.013581242135036E-5
4.1516970011429E-5
4.2894597419248653E-5
4.4268700828206825E-5
4.563928629797361E-5
4.700635976973175E-5
4.8369927071343735E-5
4.9729993922446534E-5
5.108656593948066E-5
5.243964864065014E-5
5.378924745082063E-5
5.513536770635591E-5
5.647801465989507E-5
5.7817193485073495E-5
5.915290928119061E-5
6.04851670778232E-5
6.181397183939356E-5
6.313932846968729E-5
6.446124181632886E-5
6.577971667521491E-5
6.709475779490853E-5
6.840636988099416E-5
6.971455760040246E-5
7.101932558569991E-5
7.23206784393489E-5
7.361862073794287E-5
7.491315703641555E-5
7.620429187222836E-5
7.749202976953624E-5
7.877637524334191E-5
8.005733280362595E-5
8.133490695947694E-5
8.260910222320005E-5
8.38799231144258E-5
8.514737416420914E-5
8.641145991913156E-5
8.767218494539637E-5
8.892955383293209E-5
9.018357119949637E-5
9.14342416947889E-5
9.268157000457412E-5
9.392556085481517E-5
9.516621901582105E-5
9.640354930641125E-5
9.763755659809926E-5
9.886824581929777E-5
1.0009562195954465E-4
1.0131969007375778E-4
1.025404552865151E-4
1.037579227963683E-4
1.0497209788018384E-4
1.0618298589752415E-4
1.0739059229506128E-4
1.0859492261103118E-4
1.0979598247972891E-4
1.1099377763604737E-4
1.1218831392006197E-4
1.1337959728165947E-4
1.1456763378521976E-4
1.157524296143474E-4
1.1693399107665675E-4
1.1811232460861253E-4
1.1928743678042784E-4
1.2045933430102133E-4
1.2162802402303487E-4
1.2279351294791535E-4
1.2395580823105923E-4
1.25114917187025E-4
1.2627084729481403E-4
1.2742360620322378E-4
1.2857320173626378E-4
1.2971964189865566E-4
1.3086293488140133E-4
1.3200308906743103E-4
1.3314011303732583E-4
1.3427401557512315E-4
1.3540480567419912E-4
1.365324925432364E-4
1.3765708561227426E-4
1.387785945388434E-4
1.3989702921418778E-4
1.410123997695716E-4
1.4212471658267222E-4
1.4323399028407313E-4
1.4434023176383278E-4
1.454434521781559E-4
1.4654366295615214E-4
1.4764087580668704E-4
1.4873510272533013E-4
1.4982635600139477E-4
1.5091464822507535E-4
1.5199999229467662E-4
1.5308240142394467E-4
1.5416188914948824E-4
1.552384693383054E-4
1.563121561953963E-4
1.5738296427148554E-4
1.584509084708336E-4
1.595160040591491E-4
1.605782666716023E-4
1.6163771232092692E-4
1.6269435740562944E-4
1.6374821871829133E-4
1.6479931345396385E-4
1.65847659218669E-4
1.668932740379896E-4
1.6793617636575434E-4
1.6897638509281654E-4
1.7001391955593463E-4
1.710487995467343E-4
1.720810453207691E-4
1.7311067760667298E-4
1.7413771761539285E-4
1.751621870495199E-4
1.761841081127008E-4
1.772035035191338E-4
1.782203965031562E-4
1.7923481082889853E-4
1.8024677080003215E-4
1.8125630126958583E-4
1.8226342764984113E-4
1.832681759223016E-4
1.8427057264772787E-4
1.8527064497624442E-4
1.8626842065751103E-4
1.8726392805095966E-4
1.8825719613608534E-4
1.8924825452279438E-4
1.9023713346181295E-4
1.9122386385513748E-4
1.9220847726653703E-4
1.9319100593209382E-4
1.9417148277079077E-4
1.9514994139512148E-4
1.9612641612174798E-4
1.971009419821722E-4
1.980735547334376E-4
1.990442908688463E-4
2.0001318762869199E-4
2.009802830109963E-4
2.0194561578225782E-4
2.0290922548819586E-4
2.0387115246448594E-4
2.0483143784748813E-4
2.0579012358495563E-4
2.0674725244672E-4
2.0770286803535004E-4
2.0865701479677403E-4
2.0960973803086744E-4
2.1056108390198552E-4
2.115110994494426E-4
2.1245983259794233E-4
2.1340733216792824E-4
2.1435364788586824E-4
2.152988303944581E-4
2.1624293126273474E-4
2.171860029960931E-4
2.1812809904620727E-4
2.19069273820833E-4
2.2000958269349986E-4
2.2094908201306847E-4
2.218878291131635E-4
2.2282588232145492E-4
2.2376330096879698E-4
2.247001453982014E-4
2.2563647697364751E-4
2.2657235808871146E-4
2.2750785217501233E-4
2.2844302371046496E-4
2.293779382273237E-4
2.303126623200187E-4
2.312472636527665E-4
2.321818109669491E-4
2.3311637408824994E-4
2.34051023933541E-4
2.3498583251750394E-4
2.3592087295898554E-4
2.368562194870667E-4
2.3779194744684066E-4
2.3872813330488762E-4
2.3966485465444167E-4
2.4060219022022867E-4
2.4154021986297263E-4
2.4247902458355883E-4
2.4341868652683692E-4
2.4435928898506974E-4
2.4530091640099133E-4
2.4624365437048265E-4
2.4718758964485383E-4
2.4813281013270937E-4
2.490794049013897E-4
2.50027464178004E-4
2.509770793499797E-4
2.519283429652012E-4
2.5288134873164886E-4
2.538361915165865E-4
2.5479296734524085E-4
2.557517733990051E-4
2.5671270801310727E-4
2.576758706737752E-4
2.5864136201487066E-4
2.596092838139739E-4
2.6057973898791127E-4
2.615528315877208E-4
2.6252866679305175E-4
2.635073509059672E-4
2.6448899134415337E-4
2.654736966335148E-4
2.664615764001695E-4
2.674527413617943E-4
2.684473033183387E-4
2.694453751421057E-4
2.704470707671472E-4
2.714525051780057E-4
2.724617943977815E-4
2.734750554755051E-4
2.744924064728088E-4
2.755139664499022E-4
2.765398554508248E-4
2.77570194487976E-4
2.786051055259151E-4
2.7964471146442053E-4
2.8068913612078867E-4
2.817385042114038E-4
2.8279294133250687E-4
2.838525739402218E-4
2.8491752932978913E-4
2.859879356140239E-4
2.870639217009655E-4
2.881456172707509E-4
2.89233152751666E-4
2.903266592954008E-4
2.914262687514835E-4
2.9253211364089354E-4
2.936443271288614E-4
2.94763042996834E-4
2.9588839561361013E-4
2.9702051990563796E-4
2.9815955132648825E-4
2.9930562582547384E-4
3.004588798154345E-4
3.0161945013968186E-4
3.02787474038099E-4
3.0396308911238585E-4
3.051464332904774E-4
3.063376447901051E-4
3.075368620815142E-4
3.0874422384935204E-4
3.0995986895370115E-4
3.1118393639027514E-4
3.1241656524979823E-4
3.136578946765247E-4
3.149080638259527E-4
3.161672118217069E-4
3.174354777115989E-4
3.1871300042288046E-4
3.199999187166896E-4
3.212963711416895E-4
3.2260249598692174E-4
3.2391843123387383E-4
3.252443145077697E-4
3.265802830280912E-4
3.279264735583399E-4
3.2928302235505426E-4
3.306500651160951E-4
3.32027736928192E-4
3.33416172213793E-4
3.3481550467720196E-4
3.3622586725002505E-4
3.3764739203597313E-4
3.390802102549627E-4
3.4052445218660845E-4
3.41980247113072E-4
3.4344772326130136E-4
3.4492700774468E-4
3.464182265041036E-4
3.47921504248488E-4
3.494369643947537E-4
3.5096472900727853E-4
3.52504918736859E-4
3.5405765275919144E-4
3.5562304871290427E-4
3.5720122263714225E-4
3.587922889087608E-4
3.6039636017911204E-4
3.620135473104818E-4
3.6364395931218495E-4
3.65287703276343E-4
3.6694488431337965E-4
3.6861560548725455E-4
3.702999677504612E-4
3.7199806987881737E-4
3.737100084060894E-4
3.7543587755844234E-4
3.771757691887977E-4
3.789297727110854E-4
3.8069797503443757E-4
3.8248046049735106E-4
3.842773108018611E-4
3.860886049477437E-4
3.879144191667795E-4
3.8975482685712316E-4
3.916098985178032E-4
3.9347970168338665E-4
3.953643008588452E-4
3.9726375745465403E-4
3.991781297221585E-4
4.011074726892504E-4
4.030518380963823E-4
4.0501127433294627E-4
4.069858263740875E-4
4.089755357179472E-4
4.109804403233994E-4
4.1300057454829827E-4
4.150359690883039E-4
4.1708665091630024E-4
4.191526432224295E-4
4.212339653548204E-4
4.2333063276101804E-4
4.254426569301652E-4
4.2757004533596664E-4
4.2971280138048206E-4
4.3187092433878753E-4
4.340444093045226E-4
4.3623324713639865E-4
4.384374244056743E-4
4.4065692334464894E-4
4.4289172179621584E-4
4.4514179316450855E-4
4.4740710636667586E-4
4.4968762578583157E-4
4.5198331122520727E-4
4.5429411786356407E-4
4.566199962118631E-4
4.589608920712848E-4
4.613167464925844E-4
4.636874957368503E-4
4.6607307123769213E-4
4.684733995648935E-4
4.708884023895717E-4
4.733179964508633E-4
4.757620935241906E-4
4.7822060039114133E-4
4.8069341881096695E-4
4.8318044549377077E-4
4.856815720753994E-4
4.881966850940699E-4
4.907256659687681E-4
4.93268390979438E-4
4.958247312490157E-4
4.983945527273346E-4
5.009777161768732E-4
5.035740771604794E-4
5.061834860309856E-4
5.08805787922848E-4
5.114408227457367E-4
5.140884251801864E-4
5.167484246752507E-4
5.194206454482696E-4
5.221049064867215E-4
5.248010215521416E-4
5.27508799186241E-4
5.302280427191345E-4
5.329585502797677E-4
5.357001148085059E-4
5.384525240719519E-4
5.412155606799644E-4
5.439890021049393E-4
5.467726207033152E-4
5.495661837393479E-4
5.523694534111457E-4
5.5518218687902E-4
5.580041362960776E-4
5.608350488411491E-4
5.636746667539874E-4
5.665227273728062E-4
5.69378963174106E-4
5.722431018148318E-4
5.751148661768139E-4
5.779939744135721E-4
5.808801399993928E-4
5.837730717807338E-4
5.866724740299305E-4
5.895780465011896E-4
5.924894844889255E-4
5.954064788883137E-4
5.983287162581711E-4
6.012558788860909E-4
6.041876448558149E-4
6.071236881168639E-4
6.100636785563939E-4
6.130072820732342E-4
6.159541606541542E-4
6.189039724522783E-4
6.218563718676668E-4
6.248110096300064E-4
6.277675328834342E-4
6.307255852734294E-4
6.336848070357666E-4
6.366448350874752E-4
6.396053031198679E-4
6.425658416934504E-4
6.455260783348457E-4
6.484856376355874E-4
6.514441413528003E-4
6.544012085117251E-4
6.573564555100298E-4
6.603094962239045E-4
6.632599421158989E-4
6.662074023443827E-4
6.691514838747318E-4
6.720917915920658E-4
6.750279284155738E-4
6.779594954143372E-4
6.808860919246298E-4
6.83807315668655E-4
6.867227628746204E-4
6.89632028398194E-4
6.925347058451807E-4
6.954303876954693E-4
6.983186654281129E-4
7.011991296475659E-4
7.04071370210969E-4
7.069349763564264E-4
7.097895368322911E-4
7.126346400272882E-4
7.154698741015351E-4
7.182948271182906E-4
7.211090871764833E-4
7.239122425438653E-4
7.267038817907763E-4
7.294835939244986E-4
7.322509685240095E-4
7.350055958752269E-4
7.377470671065878E-4
7.404749743249082E-4
7.43188910751493E-4
7.458884708584255E-4
7.485732505049076E-4
7.512428470737076E-4
7.538968596075229E-4
7.565348889452895E-4
7.591565378583167E-4
7.617614111861976E-4
7.643491159724515E-4
7.669192615997699E-4
7.694714599248963E-4
7.720053254129818E-4
7.745204752713885E-4
7.770165295829111E-4
7.794931114382685E-4
7.819498470678774E-4
7.843863659728066E-4
7.868023010548394E-4
7.89197288745586E-4
7.915709691346303E-4
7.939229860965529E-4
7.962529874168436E-4
7.985606249166056E-4
8.00845554575998E-4
8.031074366563675E-4
8.053459358209442E-4
8.075607212541806E-4
8.097514667794672E-4
8.119178509753765E-4
8.140595572902288E-4
8.161762741549828E-4
8.182676950943974E-4
8.203335188363647E-4
8.223734494194146E-4
8.243871962982967E-4
8.263744744475994E-4
8.283350044633548E-4
8.302685126625679E-4
8.321747311806288E-4
8.340533980665683E-4
8.359042573760716E-4
8.37727059262233E-4
8.395215600640382E-4
8.412875223924168E-4
8.430247152139635E-4
8.447329139321581E-4
8.464119004661608E-4
8.480614633270353E-4
8.496813976914293E-4
8.512715054726644E-4
8.528315953891617E-4
8.543614830302443E-4
8.558609909191837E-4
8.573299485735468E-4
8.587681925627836E-4
8.601755665630065E-4
8.615519214089398E-4
8.628971151430749E-4
8.642110130619068E-4
8.654934877593037E-4
8.667444191669731E-4
8.679636945919814E-4
8.691512087513578E-4
8.703068638036979E-4
8.714305693778163E-4
8.725222425984351E-4
8.735818081088042E-4
8.746091980903953E-4
8.756043522795353E-4
8.765672179810239E-4
8.774977500787476E-4
8.783959110432397E-4
8.792616709362417E-4
8.800950074122326E-4
8.808959057169061E-4
8.81664358682671E-4
8.824003667211307E-4
8.831039378125315E-4
8.83775087492251E-4
8.844138388342731E-4
8.850202224317191E-4
8.85594276374398E-4
8.861360462234268E-4
8.866455849829243E-4
8.871229530688222E-4
8.87568218274744E-4
8.879814557350646E-4
8.883627478851219E-4
8.887121844186038E-4
8.890298622421582E-4
8.89315885427247E-4
8.895703651592701E-4
8.897934196839777E-4
8.899851742512451E-4
8.901457610561873E-4
8.902753191777076E-4
8.903739945144574E-4
8.904419397183025E-4
8.904793141252773E-4
8.904862836841238E-4
8.90463020882408E-4
8.904097046703112E-4
8.903265203820491E-4
8.902136596550949E-4
8.900713203471257E-4
8.898997064508167E-4
8.896990280064889E-4
8.894695010127153E-4
8.892113473348633E-4
8.889247946116746E-4
8.886100761599113E-4
8.882674308771532E-4
8.878971031427573E-4
8.874993427170556E-4
8.870744046388391E-4
8.866225491212094E-4
8.861440414458156E-4
8.856391518555563E-4
8.851081554458061E-4
8.845513320541921E-4
8.839689661490681E-4
8.833613467166139E-4
8.82728767146728E-4
8.820715251177256E-4
8.813899224799089E-4
8.806842651380972E-4
8.799548629331044E-4
8.792020295223354E-4
8.784260822594394E-4
8.776273420732083E-4
8.768061333456669E-4
8.759627837894847E-4
8.750976243247846E-4
8.742109889553204E-4
8.733032146442046E-4
8.723746411891426E-4
8.71425611097309E-4
8.704564694598892E-4
8.694675638263543E-4
8.684592440785335E-4
8.674318623045605E-4
8.663857726727194E-4
8.653213313052761E-4
8.642388961523375E-4
8.631388268658456E-4
8.620214846736678E-4
8.608872322539563E-4
8.597364336097594E-4
8.585694539439611E-4
8.57386659534604E-4
8.561884176106762E-4
8.549750962283632E-4
8.53747064147883E-4
8.525046907109174E-4
8.512483457186995E-4
8.499783993108241E-4
8.486952218448213E-4
8.47399183776541E-4
8.460906555413976E-4
8.447700074365717E-4
8.434376095041116E-4
8.420938314151034E-4
8.407390423548677E-4
8.393736109092775E-4
8.379979049522105E-4
8.36612291534208E-4
8.352171367723739E-4
8.338128057415213E-4
8.323996623666711E-4
8.309780693169036E-4
8.295483879005636E-4
8.281109779619695E-4
8.266661977795364E-4
8.252144039654313E-4
8.237559513667445E-4
8.222911929682617E-4
8.208204797968249E-4
8.193441608273214E-4
8.1786258289035E-4
8.163760905815649E-4
8.148850261727484E-4
8.133897295246267E-4
8.118905380014495E-4
8.103877863873799E-4
8.08881806804674E-4
8.073729286337084E-4
8.058614784348734E-4
8.043477798723195E-4
8.028321536396101E-4
8.013149173872926E-4
7.997963856523607E-4
7.982768697896827E-4
7.967566779053637E-4
7.952361147920862E-4
7.937154818663893E-4
7.921950771079614E-4
7.906751950009093E-4
7.891561264770069E-4
7.876381588609693E-4
7.861215758177124E-4
7.846066573016305E-4
7.830936795078722E-4
7.815829148256398E-4
7.800746317935008E-4
7.785690950566835E-4
7.770665653264146E-4
7.755672993412389E-4
7.740715498303339E-4
7.725795654788482E-4
7.71091590895183E-4
7.696078665802857E-4
7.681286288989058E-4
7.666541100528135E-4
7.651845380559607E-4
7.637201367115955E-4
7.622611255912917E-4
7.608077200158923E-4
7.593601310383798E-4
7.579185654285999E-4
7.564832256598488E-4
7.550543098973503E-4
7.536320119885443E-4
7.522165214551885E-4
7.508080234872677E-4
7.4940669893868E-4
7.480127243246787E-4
7.466262718210476E-4
7.452475092650114E-4
7.43876600157806E-4
7.425137036689218E-4
7.411589746420437E-4
7.398125636025366E-4
7.38474616766582E-4
7.371452760518665E-4
7.358246790898134E-4
7.345129592393341E-4
7.332102456020688E-4
7.319166630391073E-4
7.306323321891335E-4
7.293573694879641E-4
7.28091887189493E-4
7.268359933879824E-4
7.255897920416517E-4
7.243533829975904E-4
7.231268620179144E-4
7.219103208071514E-4
7.207038470408484E-4
7.195075243953255E-4
7.183214325785936E-4
7.171456473623562E-4
7.159802406151121E-4
7.148252803362978E-4
7.13680830691441E-4
7.125469520483068E-4
7.114237010139907E-4
7.103111304729284E-4
7.092092896258092E-4
7.081182240293401E-4
7.070379756368317E-4
7.059685828395884E-4
7.049100805090634E-4
7.038625000397177E-4
7.028258693926342E-4
7.018002131397476E-4
7.007855525087511E-4
6.997819054285796E-4
6.987892865754869E-4
6.978077074196846E-4
6.968371762724635E-4
6.958776983338115E-4
6.949292757405081E-4
6.939919076146082E-4
6.930655901123539E-4
6.921503164734451E-4
6.912460770706344E-4
6.903528594596428E-4
6.894706484293492E-4
6.88599426052242E-4
6.877391717350867E-4
6.868898622698006E-4
6.860514718844772E-4
6.852239722945852E-4
6.84407332754263E-4
6.836015201077021E-4
6.828064988406112E-4
6.820222311317145E-4
6.812486769042588E-4
6.804857938775279E-4
6.797335376183101E-4
6.78991861592314E-4
6.78260717215515E-4
6.775400539053758E-4
6.768298191319842E-4
6.761299584690073E-4
6.754404156444948E-4
6.747611325914944E-4
6.740920494984682E-4
6.734331048594714E-4
6.727842355240826E-4
6.721453767470697E-4
6.715164622377991E-4
6.708974242093029E-4
6.702881934270536E-4
6.696886992573963E-4
6.690988697156193E-4
6.685186315136852E-4
6.679479101075406E-4
6.673866297440761E-4
6.668347135076249E-4
6.662920833660629E-4
6.657586602164604E-4
6.652343639302941E-4
6.647191133981826E-4
6.642128265741434E-4
6.637154205193747E-4
6.632268114455353E-4
6.627469147574885E-4
6.622756450955851E-4
6.618129163773448E-4
6.613586418386616E-4
6.609127340744342E-4
6.604751050786377E-4
6.600456662838539E-4
6.596243286002248E-4
6.592110024538059E-4
6.5880559782439E-4
6.58408024282678E-4
6.580181910269173E-4
6.576360069189068E-4
6.572613805194059E-4
6.568942201229417E-4
6.565344337920048E-4
6.561819293906313E-4
6.558366146173664E-4
6.554983970376053E-4
6.551671841153343E-4
6.548428832442119E-4
6.545254017780671E-4
6.542146470607375E-4
6.539105264553189E-4
6.53612947372741E-4
6.533218172997665E-4
6.530370438263388E-4
6.527585346723043E-4
6.524861977135168E-4
6.522199410073306E-4
6.519596728174562E-4
6.517053016382063E-4
6.514567362181291E-4
6.512138855830173E-4
6.509766590583193E-4
6.507449662909437E-4
6.505187172704433E-4
6.502978223496245E-4
6.500821922645364E-4
6.498717381538826E-4
6.496663715778479E-4
6.494660045363279E-4
6.492705494866013E-4
6.490799193604039E-4
6.488940275804577E-4
6.487127880764307E-4
6.485361153003296E-4
6.483639242413624E-4
6.481961304402377E-4
6.48032650002933E-4
6.478733996139366E-4
6.477182965489552E-4
6.475672586870976E-4
6.474202045225665E-4
6.472770531758256E-4
6.471377244042745E-4
6.470021386124329E-4
6.468702168616367E-4
6.46741880879276E-4
6.46617053067534E-4
6.464956565116728E-4
6.46377614987879E-4
6.462628529706737E-4
6.461512956398256E-4
6.460428688868998E-4
6.459374993213416E-4
6.458351142761644E-4
6.457356418132225E-4
6.456390107280752E-4
6.455451505544929E-4
6.454539915685269E-4
6.453654647922629E-4
6.452795019971494E-4
6.451960357070255E-4
6.45114999200736E-4
6.450363265144618E-4
6.449599524436763E-4
6.448858125447777E-4
6.448138431364333E-4
6.447439813005789E-4
6.446761648831312E-4
6.44610332494406E-4
6.445464235092362E-4
6.444843780668455E-4
6.444241370704149E-4
6.443656421863967E-4
6.443088358435794E-4
6.44253661231919E-4
6.442000623010973E-4
6.441479837588788E-4
6.440973710692369E-4
6.44048170450258E-4
6.440003288718279E-4
6.439537940531559E-4
6.439085144600533E-4
6.438644393020645E-4
6.438215185294208E-4
6.437797028297875E-4
6.437389436248693E-4
6.436991930668873E-4
6.436604040348428E-4
6.436225301306921E-4
6.435855256753721E-4
6.435493457046677E-4
6.435139459650003E-4
6.434792829090749E-4
6.43445313691422E-4
6.434119961638409E-4
6.433792888707388E-4
6.433471510443877E-4
6.43315542600104E-4
6.432844241313246E-4
6.432537569046612E-4
6.432235028548022E-4
6.431936245794749E-4
6.431640853342356E-4
6.431348490273091E-4
6.431058802143058E-4
6.430771440929527E-4
6.430486064977847E-4
6.43020233894796E-4
4.577736511965503E-12
1.3721516912058938E-11
2.7419686285809675E-11
4.5660626462825983E-11
6.843275507692681E-11
9.572452465129969E-11
1.2752442170829537E-10
1.6382096590347263E-10
2.0460270918351284E-10
2.498582349676249E-10
2.9957615735207173E-10
3.5374512033744876E-10
4.1235379707834963E-10
4.753908891550656E-10
5.428451258669654E-10
6.14705263547206E-10
6.909600848984407E-10
7.715983983491753E-10
8.566090374304604E-10
9.459808601725842E-10
1.0397027485214511E-9
1.1377636077743355E-9
1.2401523660347132E-9
1.346857973685858E-9
1.4578694028829222E-9
1.5731756470632152E-9
1.6927657204743993E-9
1.8166286577203308E-9
1.9447535133242855E-9
2.077129361309309E-9
2.213745294795443E-9
2.354590425613575E-9
2.4996538839356923E-9
2.6489248179213046E-9
2.802392393379795E-9
2.9600457934485267E-9
3.121874218286455E-9
3.2878668847830634E-9
3.4580130262824508E-9
3.632301892322348E-9
3.810722748387916E-9
3.99326487568016E-9
4.179917570898748E-9
4.37067014603917E-9
4.565511928203986E-9
4.764432259428119E-9
4.967420496518004E-9
5.174466010904482E-9
5.385558188509339E-9
5.600686429625367E-9
5.819840148809863E-9
6.043008774791439E-9
6.2701817503901125E-9
6.501348532450551E-9
6.736498591788441E-9
6.975621413149866E-9
7.218706495183728E-9
7.465743350427069E-9
7.716721505303314E-9
7.971630500133414E-9
8.2304598891598E-9
8.49319924058322E-9
8.759838136612375E-9
9.030366173526389E-9
9.304772961750166E-9
9.583048125942516E-9
9.865181305097228E-9
1.0151162152657037E-8
1.0440980336640497E-8
1.073462553978189E-8
1.103208745968415E-8
1.1333355808984906E-8
1.1638420315535651E-8
1.1947270722594213E-8
1.225989678903047E-8
1.257628828954557E-8
1.2896435014904567E-8
1.3220326772182697E-8
1.3547953385025396E-8
1.3879304693922104E-8
1.4214370556494058E-8
1.4553140847796129E-8
1.4895605460632896E-8
1.5241754305889117E-8
1.5591577312874627E-8
1.594506442968402E-8
1.6302205623570977E-8
1.6662990881337767E-8
1.702741020973988E-8
1.7395453635905856E-8
1.7767111207772826E-8
1.8142372994537757E-8
1.8521229087124513E-8
1.8903669598667093E-8
1.928968466500929E-8
1.9679264445220725E-8
2.007239912212987E-8
2.0469078902873824E-8
2.0869294019465536E-8
2.1273034729378293E-8
2.16802913161481E-8
2.209105408999379E-8
2.2505313388455503E-8
2.2923059577051563E-8
2.3344283049953965E-8
2.3768974230682936E-8
2.4197123572820752E-8
2.4628721560744906E-8
2.5063758710381252E-8
2.550222556997694E-8
2.5944112720893955E-8
2.638941077842317E-8
2.683811039261918E-8
2.7290202249156534E-8
2.774567707020726E-8
2.820452561534034E-8
2.8666738682443186E-8
2.913230710866537E-8
2.960122177138529E-8
3.007347358919959E-8
3.054905352293592E-8
3.102795257668935E-8
3.151016179888256E-8
3.1995672283350374E-8
3.248447517044862E-8
3.2976561648188006E-8
3.347192295339288E-8
3.3970550372885604E-8
3.447243524469657E-8
3.497756895930025E-8
3.5485942960877655E-8
3.5997548748605354E-8
3.65123778779715E-8
3.703042196211894E-8
3.755167267321609E-8
3.8076121743855505E-8
3.860376096848064E-8
3.913458220484089E-8
3.9668577375475455E-8
4.020573846922621E-8
4.0746057542779574E-8
4.128952672223828E-8
4.1836138204722426E-8
4.238588426000133E-8
4.293875723215472E-8
4.349474954126535E-8
4.405385368514189E-8
4.461606224107297E-8
4.518136786761266E-8
4.574976330639717E-8
4.6321241383993416E-8
4.68957950137794E-8
4.747341719785668E-8
4.805410102899526E-8
4.8637839692610814E-8
4.922462646877449E-8
4.9814454734255676E-8
5.04073179645975E-8
5.100320973622555E-8
5.160212372858975E-8
5.220405372633943E-8
5.280899362153198E-8
5.341693741587476E-8
5.402787922300082E-8
5.464181327077808E-8
5.5258733903652014E-8
5.5878635585022456E-8
5.650151289965369E-8
5.712736055611847E-8
5.7756173389275534E-8
5.838794636278087E-8
5.9022674571632665E-8
5.966035324474958E-8
6.030097774758244E-8
6.094454358475951E-8
6.159104640276469E-8
6.224048199264882E-8
6.28928462927738E-8
6.354813539158972E-8
6.420634553044397E-8
6.486747310642296E-8
6.55315146752257E-8
6.61984669540691E-8
6.686832682462479E-8
6.75410913359868E-8
6.821675770767035E-8
6.889532333264057E-8
6.957678578037168E-8
7.026114279993528E-8
7.094839232311821E-8
7.163853246756865E-8
7.233156153997053E-8
7.302747803924557E-8
7.372628065978254E-8
7.442796829469264E-8
7.51325400390908E-8
7.58399951934028E-8
7.655033326669612E-8
7.726355398003503E-8
7.797965726985894E-8
7.869864329138297E-8
7.942051242201999E-8
8.01452652648237E-8
8.08729026519513E-8
8.160342564814543E-8
8.233683555423423E-8
8.307313391064812E-8
8.381232250095346E-8
8.455440335540095E-8
8.529937875448791E-8
8.604725123253406E-8
8.679802358126922E-8
8.755169885343127E-8
8.830828036637422E-8
8.906777170568435E-8
8.983017672880371E-8
9.059549956865919E-8
9.13637446372962E-8
9.213491662951566E-8
9.290902052651258E-8
9.368606159951486E-8
9.446604541342131E-8
9.524897783043688E-8
9.603486501370372E-8
9.682371343092654E-8
9.761552985799065E-8
9.841032138257117E-8
9.920809540773148E-8
1.0000885965550948E-7
1.0081262217048954E-7
1.016193913233592E-7
1.0242917581444757E-7
1.0324198467724448E-7
1.0405782728189864E-7
1.0487671333869195E-7
1.0569865290148918E-7
1.0652365637116002E-7
1.0735173449897232E-7
1.0818289838995377E-7
1.090171595062208E-7
1.0985452967027145E-7
1.1069502106824142E-7
1.1153864625312013E-7
1.1238541814792458E-7
1.132353500488299E-7
1.1408845562825313E-7
1.1494474893788837E-7
1.1580424441169113E-7
1.1666695686880977E-7
1.1753290151646075E-7
1.1840209395274675E-7
1.1927455016941363E-7
1.2015028655454506E-7
1.2102931989519252E-7
1.2191166737993625E-7
1.2279734660137737E-7
1.236863755585569E-7
1.245787726592987E-7
1.254745567224768E-7
1.2637374698020055E-7
1.2727636307991737E-7
1.281824250864309E-7
1.2909195348383005E-7
1.3000496917732836E-7
1.3092149349500944E-7
1.3184154818947664E-7
1.327651554394048E-7
1.336923378509903E-7
1.3462311845929743E-7
1.3555752072949792E-7
1.3649556855800275E-7
1.3743728627348102E-7
1.3838269863776416E-7
1.3933183084663424E-7
1.4028470853049217E-7
1.412413577549033E-7
1.4220180502101814E-7
1.4316607726586605E-7
1.4413420186251795E-7
1.451062066201169E-7
1.460821197837734E-7
1.4706197003432222E-7
1.4804578648793872E-7
1.4903359869561327E-7
1.5002543664247914E-7
1.5102133074699186E-7
1.520213118599604E-7
1.5302541126342242E-7
1.5403366066936675E-7
1.5504609221829682E-7
1.5606273847763485E-7
1.5708363243996257E-7
1.5810880752109882E-7
1.5913829755800879E-7
1.6017213680654546E-7
1.6121035993901962E-7
1.6225300204159522E-7
1.6330009861151138E-7
1.643516855541258E-7
1.654077991797788E-7
1.6646847620047662E-7
1.6753375372639113E-7
1.686036692621744E-7
1.6967826070308765E-7
1.7075756633094037E-7
1.718416248098408E-7
1.7293047518175366E-7
1.740241568618653E-7
1.7512270963375477E-7
1.7622617364436872E-7
1.7733458939879837E-7
1.784479977548596E-7
1.7956643991747222E-7
1.8068995743284007E-7
1.8181859218242768E-7
1.8295238637673617E-7
1.8409138254887572E-7
1.8523562354793247E-7
1.8638515253213334E-7
1.8754001296180317E-7
1.8870024859211776E-7
1.898659034656507E-7
1.9103702190471318E-7
1.9221364850348827E-7
1.9339582811995753E-7
1.9458360586762176E-7
1.9577702710701537E-7
1.9697613743701415E-7
1.981809826859373E-7
1.9939160890244346E-7
2.0060806234622263E-7
2.018303894784826E-7
2.0305863695223293E-7
2.0429285160236534E-7
2.0553308043553231E-7
2.0677937061982533E-7
2.0803176947425285E-7
2.0929032445802116E-7
2.105550831596172E-7
2.1182609328569614E-7
2.1310340264977647E-7
2.143870591607415E-7
2.1567711081115182E-7
2.1697360566536946E-7
2.1827659184749584E-7
2.1958611752912644E-7
2.2090223091692366E-7
2.2222498024001076E-7
2.2355441373719033E-7
2.248905796439877E-7
2.2623352617952513E-7
2.2758330153322687E-7
2.289399538513605E-7
2.303035312234157E-7
2.316740816683265E-7
2.3305165312053657E-7
2.3443629341591523E-7
2.3582805027752427E-7
2.372269713012424E-7
2.3863310394124916E-7
2.4004649549537306E-7
2.4146719309030783E-7
2.428952436667023E-7
2.443306939641256E-7
2.4577359050591574E-7
2.4722397958391264E-7
2.4868190724308264E-7
2.501474192660389E-7
2.5162056115746194E-7
2.531013781284257E-7
2.54589915080635E-7
2.5608621659057816E-7
2.5759032689360106E-7
2.5910228986790916E-7
2.6062214901850103E-7
2.6214994746103905E-7
2.6368572790566564E-7
2.652295326407684E-7
2.6678140351669996E-7
2.6834138192946033E-7
2.6990950880434765E-7
2.71485824579581E-7
2.7307036918990453E-7
2.7466318205017786E-7
2.762643020389594E-7
2.77873767482089E-7
2.794916161362771E-7
2.8111788517270533E-7
2.827526111606482E-7
2.8439583005111954E-7
2.860475771605514E-7
2.877078871545144E-7
2.8937679403148414E-7
2.9105433110666065E-7
2.9274053099584825E-7
2.944354255994057E-7
2.961390460862684E-7
2.978514228780533E-7
2.9957258563325325E-7
3.0130256323152916E-7
3.030413837581023E-7
3.0478907448826075E-7
3.0654566187198155E-7
3.0831117151867957E-7
3.100856281820884E-7
3.118690557452808E-7
3.136614772058366E-7
3.1546291466116457E-7
3.1727338929398697E-7
3.1909292135799163E-7
3.209215301636592E-7
3.2275923406427745E-7
3.2460605044214195E-7
3.2646199569495566E-7
3.283270852224356E-7
3.302013334131265E-7
3.320847536314379E-7
3.3397735820490355E-7
3.3587915841167636E-7
3.3779016446825995E-7
3.397103855174909E-7
3.4163982961676857E-7
3.435785037265499E-7
3.455264136991068E-7
3.4748356426755965E-7
3.494499590351884E-7
3.514256004650293E-7
3.534104898697651E-7
3.5540462740191255E-7
3.5740801204431503E-7
3.5942064160094464E-7
3.614425126880207E-7
3.634736207254511E-7
3.655139599286011E-7
3.675635233003939E-7
3.696223026237533E-7
3.716902884543856E-7
3.737674701139144E-7
3.7585383568336803E-7
3.779493719970269E-7
3.800540646366329E-7
3.821678979259688E-7
3.842908549258102E-7
3.864229174292546E-7
3.885640659574309E-7
3.907142797555966E-7
3.928735367896211E-7
3.950418137428646E-7
3.972190860134516E-7
3.9940532771194495E-7
4.0160051165942314E-7
4.0380460938596225E-7
4.0601759112952746E-7
4.082394258352761E-7
4.104700811552743E-7
4.127095234486296E-7
4.1495771778204083E-7
4.1721462793076985E-7
4.194802163800341E-7
4.2175444432682274E-7
4.240372716821362E-7
4.2632865707365304E-7
4.2862855784882236E-7
4.3093693007838454E-7
4.3325372856031856E-7
4.355789068242185E-7
4.3791241713609756E-7
4.402542105036219E-7
4.4260423668177017E-7
4.449624441789218E-7
4.473287802633719E-7
4.4970319097027136E-7
4.520856211089926E-7
4.5447601427091827E-7
4.5687431283765085E-7
4.5928045798964374E-7
4.6169438971525E-7
4.6411604682018614E-7
4.6654536693741145E-7
4.689822865374169E-7
4.714267409389219E-7
4.7387866431997895E-7
4.7633798972947727E-7
4.788046490990472E-7
4.812785732553588E-7
4.837596919328135E-7
4.862479337866214E-7
4.887432264062622E-7
4.912454963293257E-7
4.937546690557261E-7
4.962706690622868E-7
4.987934198176883E-7
5.013228437977779E-7
5.038588625012311E-7
5.064013964655649E-7
5.089503652834919E-7
5.115056876196104E-7
5.1406728122743E-7
5.166350629667193E-7
5.192089488211744E-7
5.217888539163965E-7
5.243746925381787E-7
5.269663781510887E-7
5.29563823417347E-7
5.321669402159858E-7
5.347756396622863E-7
5.373898321274891E-7
5.400094272587643E-7
5.426343339994369E-7
5.452644606094579E-7
5.478997146861192E-7
5.505400031849936E-7
5.531852324411016E-7
5.558353081902933E-7
5.584901355908316E-7
5.611496192451792E-7
5.638136632219708E-7
5.664821710781686E-7
5.691550458813859E-7
5.718321902323776E-7
5.745135062876814E-7
5.771988957824047E-7
5.798882600531498E-7
5.825815000610628E-7
5.852785164149991E-7
5.879792093948038E-7
5.906834789746817E-7
5.933912248466634E-7
5.961023464441519E-7
5.988167429655346E-7
6.015343133978606E-7
6.042549565405712E-7
6.069785710292701E-7
6.097050553595263E-7
6.124343079107039E-7
6.15166226969801E-7
6.179007107552959E-7
6.206376574409892E-7
6.233769651798284E-7
6.261185321277116E-7
6.288622564672544E-7
6.316080364315176E-7
6.343557703276782E-7
6.371053565606448E-7
6.39856693656596E-7
6.42609680286444E-7
6.453642152892038E-7
6.481201976952694E-7
6.508775267495789E-7
6.536361019346632E-7
6.563958229935714E-7
6.591565899526616E-7
6.61918303144247E-7
6.646808632290927E-7
6.674441712187504E-7
6.702081284977265E-7
6.729726368454717E-7
6.75737598458185E-7
6.785029159704262E-7
6.812684924765256E-7
6.84034231551786E-7
6.868000372734635E-7
6.89565814241529E-7
6.923314675991941E-7
6.950969030531965E-7
6.978620268938418E-7
7.006267460147867E-7
7.033909679325659E-7
7.061546008058483E-7
7.089175534544189E-7
7.116797353778783E-7
7.144410567740589E-7
7.172014285571429E-7
7.199607623754825E-7
7.227189706291158E-7
7.25475966486967E-7
7.282316639037362E-7
7.309859776364617E-7
7.337388232607568E-7
7.364901171867143E-7
7.392397766744747E-7
7.419877198494494E-7
7.447338657172016E-7
7.474781341779739E-7
7.502204460408613E-7
7.52960723037626E-7
7.55698887836152E-7
7.584348640535301E-7
7.61168576268776E-7
7.638999500351756E-7
7.666289118922552E-7
7.693553893773735E-7
7.720793110369309E-7
7.748006064372012E-7
7.775192061747726E-7
7.802350418866031E-7
7.82948046259689E-7
7.856581530403417E-7
7.883652970430718E-7
7.910694141590792E-7
7.937704413643522E-7
7.964683167273681E-7
7.991629794164022E-7
8.018543697064373E-7
8.045424289856767E-7
8.072270997616651E-7
8.099083256670076E-7
8.125860514646972E-7
8.152602230530439E-7
8.179307874702123E-7
8.205976928983626E-7
8.232608886673983E-7
8.259203252583254E-7
8.285759543062196E-7
8.312277286028021E-7
8.338756020986342E-7
8.365195299049224E-7
8.391594682949438E-7
8.417953747050871E-7
8.444272077355179E-7
8.470549271504691E-7
8.496784938781553E-7
8.522978700103211E-7
8.549130188014177E-7
8.575239046674205E-7
8.601304931842815E-7
8.627327510860296E-7
8.653306462625121E-7
8.679241477567922E-7
8.705132257621953E-7
8.730978516190167E-7
8.756779978108929E-7
8.782536379608346E-7
8.808247468269365E-7
8.833913002977575E-7
8.859532753873863E-7
8.885106502301858E-7
8.910634040752339E-7
8.936115172804531E-7
8.961549713064431E-7
8.986937487100182E-7
9.012278331374533E-7
9.037572093174456E-7
9.06281863053799E-7
9.088017812178318E-7
9.113169517405182E-7
9.138273636043676E-7
9.163330068350462E-7
9.188338724927474E-7
9.213299526633171E-7
9.238212404491389E-7
9.263077299597908E-7
9.287894163024656E-7
9.312662955721792E-7
9.337383648417567E-7
9.362056221516137E-7
9.38668066499332E-7
9.411256978290409E-7
9.43578517020605E-7
9.460265258786318E-7
9.484697271212958E-7
9.509081243689968E-7
9.533417221328492E-7
9.557705258030107E-7
9.581945416368618E-7
9.606137767470398E-7
9.630282390893257E-7
9.65437937450404E-7
9.678428814354928E-7
9.702430814558534E-7
9.72638548716178E-7
9.750292952018834E-7
9.774153336662877E-7
9.797966776176973E-7
9.821733413064043E-7
9.84545339711597E-7
9.869126885281948E-7
9.892754041536123E-7
9.916335036744545E-7
9.93987004853153E-7
9.963359261145559E-7
9.986802865324588E-7
1.0010201058160955E-6
1.0033554042966045E-6
1.0056862029134527E-6
1.0080125232008374E-6
1.010334387274073E-6
1.01265181781596E-6
1.014964838063152E-6
1.017273471792512E-6
1.0195777433074806E-6
1.021877677424443E-6
1.0241732994591184E-6
1.0264646352129678E-6
1.0287517109596156E-6
1.0310345534313094E-6
1.0333131898054153E-6
1.0355876476909416E-6
1.037857955115116E-6
1.0401241405100042E-6
1.0423862326991876E-6
1.0446442608844902E-6
1.0468982546327735E-6
1.0491482438627948E-6
1.0513942588321406E-6
1.053636330124219E-6
1.0558744886353542E-6
1.0581087655619433E-6
1.0603391923877064E-6
1.0625658008710328E-6
1.0647886230324057E-6
1.0670076911419449E-6
1.069223037707031E-6
1.0714346954600429E-6
1.0736426973462046E-6
1.075847076511535E-6
1.0780478662909227E-6
1.0802451001963032E-6
1.0824388119049699E-6
1.0846290352479949E-6
1.0868158041987854E-6
1.088999152861762E-6
1.0911791154611675E-6
1.0933557263300107E-6
1.0955290198991435E-6
1.0976990306864719E-6
1.0998657932863147E-6
1.1020293423588952E-6
1.1041897126199772E-6
1.1063469388306525E-6
1.1085010557872652E-6
1.1106520983114922E-6
1.112800101240569E-6
1.1149450994176687E-6
1.117087127682431E-6
1.1192262208616498E-6
1.121362413760111E-6
1.1234957411515874E-6
1.1256262377699932E-6
1.127753938300692E-6
1.1298788773719664E-6
1.1320010895466458E-6
1.1341206093138939E-6
1.1362374710811594E-6
1.1383517091662813E-6
1.140463357789765E-6
1.1425724510672104E-6
1.1446790230019063E-6
1.1467831074775862E-6
1.1488847382513471E-6
1.1509839489467286E-6
1.1530807730469547E-6
1.1551752438883343E-6
1.1572673946538288E-6
1.1593572583667767E-6
1.1614448678847774E-6
1.1635302558937419E-6
1.165613454902091E-6
1.1676944972351318E-6
1.16977341502957E-6
1.171850240228197E-6
1.1739250045747285E-6
1.1759977396087941E-6
1.178068476661091E-6
1.1801372468486848E-6
1.1822040810704693E-6
1.1842690100027735E-6
1.186332064095123E-6
1.1883932735661494E-6
1.1904526683996493E-6
1.1925102783407904E-6
1.1945661328924637E-6
1.196620261311783E-6
1.1986726926067237E-6
1.2007234555329075E-6
1.2027725785905251E-6
1.204820090021396E-6
1.2068660178061737E-6
1.2089103896616785E-6
1.210953233038368E-6
1.212994575117942E-6
1.2150344428110751E-6
1.2170728627552825E-6
1.2191098613129107E-6
1.2211454645692506E-6
1.2231796983307853E-6
1.2252125881235517E-6
1.2272441591916237E-6
1.2292744364957157E-6
1.231303444711903E-6
1.2333312082304565E-6
1.2353577511547934E-6
1.237383097300532E-6
1.2394072701946645E-6
1.2414302930748313E-6
1.2434521888887034E-6
1.2454729802934669E-6
1.2474926896554106E-6
1.249511339049612E-6
1.2515289502597236E-6
1.2535455447778483E-6
1.2555611438045179E-6
1.2575757682487567E-6
1.2595894387282361E-6
1.2616021755695192E-6
1.263613998808389E-6
1.2656249281902635E-6
1.2676349831706887E-6
1.2696441829159137E-6
1.2716525463035472E-6
1.2736600919232813E-6
1.2756668380777008E-6
1.2776728027831545E-6
1.2796780037707067E-6
1.281682458487146E-6
1.283686184096072E-6
1.2856891974790354E-6
1.287691515236754E-6
1.2896931536903748E-6
1.291694128882811E-6
1.2936944565801204E-6
1.2956941522729503E-6
1.2976932311780332E-6
1.2996917082397336E-6
1.3016895981316447E-6
1.3036869152582343E-6
1.3056836737565362E-6
1.3076798874978887E-6
1.3096755700897135E-6
1.3116707348773362E-6
1.3136653949458523E-6
1.3156595631220233E-6
1.3176532519762144E-6
1.3196464738243682E-6
1.3216392407300063E-6
1.323631564506269E-6
1.3256234567179843E-6
1.3276149286837584E-6
1.3296059914781062E-6
1.3315966559335973E-6
1.3335869326430325E-6
1.335576831961641E-6
1.3375663640093011E-6
1.3395555386727791E-6
1.3415443656079847E-6
1.3435328542422562E-6
1.3455210137766474E-6
1.3475088531882387E-6
1.3494963812324583E-6
1.351483606445419E-6
1.3534705371462673E-6
1.3554571814395372E-6
1.357443547217522E-6
1.359429642162643E-6
1.361415473749839E-6
1.3634010492489521E-6
1.365386375727122E-6
1.3673714600511816E-6
1.3693563088900634E-6
1.3713409287171975E-6
1.3733253258129188E-6
1.3753095062668706E-6
1.377293475980413E-6
1.37927724066902E-6
1.3812608058646858E-6
1.3832441769183174E-6
1.385227359002133E-6
1.3872103571120513E-6
1.3891931760700746E-6
1.3911758205266657E-6
1.3931582949631234E-6
1.3951406036939464E-6
1.3971227508691861E-6
1.399104740476801E-6
1.4010865763449902E-6
1.403068262144528E-6
1.405049801391077E-6
1.4070311974475024E-6
1.4090124535261656E-6
1.4109935726912129E-6
1.412974557860848E-6
1.414955411809591E-6
1.4169361371705298E-6
1.4189167364375529E-6
1.4208972119675693E-6
1.4228775659827198E-6
1.424857800572566E-6
1.4268379176962698E-6
1.4288179191847566E-6
1.430797806742862E-6
1.4327775819514657E-6
1.4347572462696075E-6
1.436736801036588E-6
1.4387162474740541E-6
1.4406955866880685E-6
1.4426748196711597E-6
1.4446539473043589E-6
1.4466329703592193E-6
1.4486118894998176E-6
1.4505907052847411E-6
