7.050952630992577E-8
1.415587872451683E-7
2.131519143439105E-7
2.85293070770922E-7
3.5798645155976546E-7
4.312362838568578E-7
5.05046827167403E-7
5.794223736031998E-7
6.543672481323518E-7
7.298858088308813E-7
8.059824471362658E-7
8.82661588102912E-7
9.599276906595763E-7
1.03778524786875E-6
1.116238787188023E-6
1.1952928707334327E-6
1.2749520955448252E-6
1.3552210938532348E-6
1.4361045333502893E-6
1.5176071174596759E-6
1.5997335856106678E-6
1.6824887135137191E-6
1.7658773134381632E-6
1.8499042344920266E-6
1.9345743629039553E-6
2.0198926223072824E-6
2.105863974026265E-6
2.192493417364483E-6
2.279785989895443E-6
2.3677467677553587E-6
2.456380865938199E-6
2.545693438592936E-6
2.635689679323088E-6
2.7263748214885084E-6
2.8177541385095037E-6
2.9098329441732307E-6
3.0026165929424655E-6
3.096110480266676E-6
3.190320042895522E-6
3.2852507591947027E-6
3.3809081494642417E-6
3.4772977762591897E-6
3.574425244712779E-6
3.67229620286207E-6
3.770916341976057E-6
3.870291396886335E-6
3.970427146320255E-6
4.0713294132366756E-6
4.1730040651642705E-6
4.275457014542453E-6
4.378694219064923E-6
4.482721682025841E-6
4.587545452668718E-6
4.693171626537945E-6
4.799606345833087E-6
4.90685579976586E-6
5.0149262249199365E-6
5.123823905613483E-6
5.233555174264545E-6
5.3441264117592375E-6
5.455544047822796E-6
5.56781456139352E-6
5.680944480999635E-6
5.794940385139024E-6
5.909808902661998E-6
6.025556713156937E-6
6.1421905473390266E-6
6.25971718744198E-6
6.378143467612752E-6
6.497476274309441E-6
6.6177225467021586E-6
6.738889277077109E-6
6.860983511243734E-6
6.984012348945082E-6
7.107982944271325E-6
7.232902506076463E-6
7.358778298398315E-6
7.485617640881705E-6
7.613427909204943E-6
7.742216535509571E-6
7.871991008833475E-6
8.002758875547272E-6
8.134527739794067E-6
8.267305263932598E-6
8.401099168983732E-6
8.535917235080441E-6
8.6717673019211E-6
8.80865726922631E-6
8.946595097199162E-6
9.085588806988937E-6
9.155136954848439E-6
9.225217476909173E-6
9.295834448438244E-6
9.36699197591238E-6
9.43869419725708E-6
9.510945282087447E-6
9.583749431950759E-6
9.657110880570854E-6
9.731033894094065E-6
9.80552277133712E-6
9.880581844036637E-6
9.956215477100434E-6
1.0032428068860662E-5
1.0109224051328644E-5
1.0186607890451616E-5
1.0264584086371227E-5
1.0343157173683876E-5
1.042233172170298E-5
1.0502112334723082E-5
1.0582503652285835E-5
1.066351034944795E-5
1.0745137137051143E-5
1.0827388761993998E-5
1.0910270007505799E-5
1.0993785693422569E-5
1.1077940676465002E-5
1.1162739850518583E-5
1.124818814691581E-5
1.1334290534720612E-5
1.142105202101495E-5
1.1508477651187607E-5
1.1596572509225324E-5
1.1685341718006145E-5
1.1774790439595235E-5
1.1864923875542899E-5
1.1955747267185191E-5
1.204726589594678E-5
1.2139485083646513E-5
1.2232410192805264E-5
1.2326046626956562E-5
1.242039983095962E-5
1.2515475291315143E-5
1.2611278536483671E-5
1.2707815137206686E-5
1.2805090706830444E-5
1.2903110901632534E-5
1.3001881421151244E-5
1.3101408008517761E-5
1.3201696450791175E-5
1.330275257929645E-5
1.3404582269965151E-5
1.350719144367928E-5
1.361058606661787E-5
1.3714772150606774E-5
1.3819755753471194E-5
1.3925542979391455E-5
1.4032139979261635E-5
1.4139552951051344E-5
1.4247788140170485E-5
1.4356851839837134E-5
1.4466750391448474E-5
1.457749018495474E-5
1.4689077659236361E-5
1.4801519302484103E-5
1.4914821652582293E-5
1.5028991297495147E-5
1.514403487565615E-5
1.525995907636047E-5
1.537677064016048E-5
1.5494476359264193E-5
1.561308307793683E-5
1.5732597692905376E-5
1.5853027153765966E-5
1.597437846339431E-5
1.609665867835903E-5
1.6219874909337915E-5
1.6344034321536866E-5
1.6469144135111714E-5
1.6595211625592954E-5
1.672224412431294E-5
1.6850249018835855E-5
1.6979233753390347E-5
1.71092058293047E-5
1.724017280544436E-5
1.7372142298652153E-5
1.7505121984190665E-5
1.7639119596187102E-5
1.7774142928080165E-5
1.7910199833069356E-5
1.8047298224566124E-5
1.818544607664727E-5
1.832465142451023E-5
1.8464922364930505E-5
1.860626705672119E-5
1.8748693721194575E-5
1.8892210642626288E-5
1.9036826168721528E-5
1.918254871108405E-5
1.9329386745687773E-5
1.9477348813351094E-5
1.962644352021453E-5
1.9776679538221234E-5
1.9928065605601114E-5
2.0080610527358443E-5
2.0234323175763396E-5
2.0389212490847455E-5
2.0545287480903023E-5
2.070255722298762E-5
2.0861030863432536E-5
2.102071761835641E-5
2.1181626774183806E-5
2.1343767688169065E-5
2.150714978892553E-5
2.1671782576960418E-5
2.1837675625215396E-5
2.2004838579613408E-5
2.2173281159611136E-5
2.2343013158758286E-5
2.2514044445262827E-5
2.2686384962563064E-5
2.286004472990642E-5
2.303503384293469E-5
2.321136247427655E-5
2.3389040874146836E-5
2.35680793709528E-5
2.37484883719078E-5
2.3930278363651746E-5
2.4113459912878822E-5
2.42980436669728E-5
2.4484040354648962E-5
2.467146078660364E-5
2.4860315856170743E-5
2.505061653998549E-5
2.5242373898655367E-5
2.543559907743772E-5
2.563030330692472E-5
2.5826497903734826E-5
2.602419427121128E-5
2.6223403900126933E-5
2.6424138369395822E-5
2.662640934679084E-5
2.6830228589667606E-5
2.703560794569445E-5
2.724255935358803E-5
2.7451094843854584E-5
2.7661226539536596E-5
2.7872966656964482E-5
2.8086327506513142E-5
2.8301321493363302E-5
2.8517961118267084E-5
2.8736258978317572E-5
2.8956227767722345E-5
2.9177880278580293E-5
2.9401229401661765E-5
2.9626288127191353E-5
2.985306954563333E-5
3.0081586848479136E-5
3.0311853329036737E-5
3.0543882383221166E-5
3.077768751034647E-5
3.101328231391795E-5
3.125068050242494E-5
3.1489895890133234E-5
3.173094239787717E-5
3.1973834053850453E-5
3.2218584994395836E-5
3.2465209464793E-5
3.2713721820043824E-5
3.2964136525655295E-5
3.321646815841918E-5
3.3470731407187965E-5
3.372694107364683E-5
3.398511207308098E-5
3.424525943513809E-5
3.450739830458519E-5
3.4771543942059495E-5
3.5037711724813135E-5
3.530591714745046E-5
3.557617582265837E-5
3.58485034819284E-5
3.612291597627591E-5
3.639942927695993E-5
3.667805947620818E-5
3.695882278795039E-5
3.7241735548563855E-5
3.752681421763339E-5
3.7814075378729165E-5
3.8103535740204225E-5
3.8395212136014546E-5
3.868912152656269E-5
3.898528099956748E-5
3.92837077709607E-5
3.95844191858124E-5
3.988743271928512E-5
4.019276597761874E-5
4.05004366991459E-5
4.081046275533872E-5
4.11228621518869E-5
4.143765302980745E-5
4.1754853666585846E-5
4.207448247734867E-5
4.2396558016066756E-5
4.2721098976789126E-5
4.304812419490659E-5
4.337765264844421E-5
4.370970345938235E-5
4.4044295895004686E-5
4.438144936927238E-5
4.472118344422374E-5
4.506351783139675E-5
4.540847239327536E-5
4.5756067144755874E-5
4.610632225463312E-5
4.64592580471054E-5
4.681489500329508E-5
4.717325376278461E-5
4.7534355125165646E-5
4.78982200515997E-5
4.8264869666387845E-5
4.863432525854966E-5
4.90066082834069E-5
4.9381740364171615E-5
4.975974329353708E-5
5.0140639035268655E-5
5.0524449725793064E-5
5.0911197675784197E-5
5.130090537174331E-5
5.1693595477572086E-5
5.208929083613574E-5
5.24880144708154E-5
5.288978958704623E-5
5.3294639573840986E-5
5.370258800529581E-5
5.411365864207685E-5
5.452787543288567E-5
5.494526251590145E-5
5.5365844220198376E-5
5.5789645067135535E-5
5.6216689771718366E-5
5.664700324392931E-5
5.7080610590025856E-5
5.7517537113804014E-5
5.795780831782607E-5
5.840144990461005E-5
5.884848777777959E-5
5.929894804317241E-5
5.9752857009905966E-5
6.021024119139803E-5
6.067112730634155E-5
6.113554227963074E-5
6.160351324323845E-5
6.207506753704283E-5
6.255023270960064E-5
6.302903651886749E-5
6.35115069328629E-5
6.399767213027825E-5
6.448756050102723E-5
6.49812006467372E-5
6.547862138117965E-5
6.597985173063964E-5
6.648492093422217E-5
6.699385844409494E-5
6.750669392566568E-5
6.802345725769388E-5
6.854417853233564E-5
6.906888805512053E-5
6.959761634485923E-5
7.013039413348234E-5
7.066725236580815E-5
7.120822219923885E-5
7.17533350040552E-5
7.230262236426692E-5
7.2856116078979E-5
7.341384816423493E-5
7.397585085530007E-5
7.454215660934819E-5
7.511279810851766E-5
7.568780826330238E-5
7.626722021624603E-5
7.685106734590929E-5
7.743938327107887E-5
7.803220185519047E-5
7.862955721093742E-5
7.923148370504072E-5
7.983801596315127E-5
8.044918887486367E-5
8.10650375988162E-5
8.168559756785519E-5
8.231090449424195E-5
8.294099437488239E-5
8.35759034965599E-5
8.421566844115133E-5
8.486032609081044E-5
8.550991363309938E-5
8.616446856605482E-5
8.682402870316966E-5
8.748863217828018E-5
8.815831745034004E-5
8.88331233080717E-5
8.951308887448056E-5
9.019825361122029E-5
9.08886573228003E-5
9.158434016062082E-5
9.228534262682954E-5
9.299170557798865E-5
9.370347022854345E-5
9.442067815408572E-5
9.514337129440235E-5
9.587159195630367E-5
9.66053828162248E-5
9.734478692259314E-5
9.808984769795689E-5
9.884060894086981E-5
9.959711482752709E-5
1.0035940991314872E-4
1.0112753913310575E-4
1.0190154780378641E-4
1.0268148162320004E-4
1.0346738667131442E-4
1.0425930941012586E-4
1.0505729668345944E-4
1.0586139571649792E-4
1.0667165411503843E-4
1.0748811986447568E-4
1.0831084132851122E-4
1.0913986724758902E-4
1.0997524673705618E-4
1.1081702928505078E-4
1.1166526475011541E-4
1.1252000335853884E-4
1.1338129570142615E-4
1.142491927314989E-4
1.1512374575962597E-4
1.1600500645108841E-4
1.1689302682157909E-4
1.1778785923293822E-4
1.1868955638863083E-4
1.1959817132896347E-4
1.2051375742604787E-4
1.2143636837851008E-4
1.2236605820595172E-4
1.233028812431635E-4
1.2424689213409672E-4
1.2519814582559382E-4
1.2615669756088402E-4
1.2712260287284552E-4
1.2809591757703887E-4
1.290766977645162E-4
1.300649997944093E-4
1.310608802863001E-4
1.3206439611237973E-4
1.3307560438939825E-4
1.3409456247041063E-4
1.351213279363233E-4
1.3615595858724444E-4
1.3719851243364583E-4
1.3824904768733573E-4
1.3930762275225233E-4
1.4037429621508013E-4
1.4144912683569435E-4
1.4253217362506353E-4
1.4362349591830426E-4
1.44723153443032E-4
1.4583120638315538E-4
1.4694771543825373E-4
1.480727418786786E-4
1.4920634759651253E-4
1.5034859515252009E-4
1.514995478192173E-4
1.5265926962018913E-4
1.5382782536577702E-4
1.5500528068525805E-4
1.561917020556327E-4
1.5738715682713859E-4
1.585917132456009E-4
1.5980544047173052E-4
1.6102840859747822E-4
1.6226068865954796E-4
1.6350235265017425E-4
1.6475347352526144E-4
1.660141252099848E-4
1.6728438260194692E-4
1.6856432157198433E-4
1.6985401896271447E-4
1.7115355258491018E-4
1.7246300121179274E-4
1.7378244457132182E-4
1.7511196333657068E-4
1.7645163911426143E-4
1.7780155443154405E-4
1.7916179272109046E-4
1.8053243830458245E-4
1.8191357637466302E-4
1.8330529297542366E-4
1.847076749814942E-4
1.8612081007580623E-4
1.875447867260913E-4
1.8897969416018035E-4
1.904256223401647E-4
1.9188266193548095E-4
1.9335090429497577E-4
1.9483044141801163E-4
1.963213659246641E-4
1.9782377102506925E-4
1.993377504879719E-4
2.008633986085263E-4
2.0240081017539835E-4
2.0395008043721846E-4
2.0551130506843212E-4
2.0708458013459334E-4
2.0867000205714595E-4
2.1026766757773518E-4
2.118776737220915E-4
2.1350011776352808E-4
2.1513509718609015E-4
2.1678270964739543E-4
2.1844305294120223E-4
2.2011622495974063E-4
2.218023236558428E-4
2.2350144700490545E-4
2.2521369296671755E-4
2.269391594471825E-4
2.2867794425997153E-4
2.3043014508812964E-4
2.3219585944566997E-4
2.339751846391804E-4
2.3576821772947038E-4
2.3757505549328262E-4
2.3939579438509768E-4
2.4123053049905277E-4
2.4307935953099785E-4
2.449423767407135E-4
2.468196769143114E-4
2.487113543268378E-4
2.506175027050999E-4
2.5253821519073525E-4
2.544735843035428E-4
2.564237019050912E-4
2.58388659162627E-4
2.603685465132902E-4
2.623634536286619E-4
2.643734693796572E-4
2.6639868180176944E-4
2.6843917806069307E-4
2.7049504441832784E-4
2.725663661991822E-4
2.746532277571856E-4
2.7675571244292155E-4
2.7887390257129457E-4
2.8100787938963885E-4
2.831577345116341E-4
2.853235693605651E-4
2.875054946271157E-4
2.897036297414205E-4
2.9191810235909793E-4
2.9414904786099534E-4
2.963966088663834E-4
2.9866093475933663E-4
3.0094218122804473E-4
3.032405098168017E-4
3.055560874904231E-4
3.0788908621084976E-4
3.102396825256963E-4
3.12608057168505E-4
3.149943946704785E-4
3.1739888298345554E-4
3.198217131139116E-4
3.222630787677556E-4
3.2472317600571214E-4
3.272022029090678E-4
3.297003592555803E-4
3.3221784620533014E-4
3.3475486599632493E-4
3.3731162164964764E-4
3.39888316683951E-4
3.4248515483910954E-4
3.451023398088371E-4
3.477400749820787E-4
3.5039856319299607E-4
3.5307800647936695E-4
3.5577860584921683E-4
3.585005610555075E-4
3.6124407037871516E-4
3.6400933041712605E-4
3.6679653588468186E-4
3.696058794162119E-4
3.724375513798955E-4
3.752917396967915E-4
3.7816862966728084E-4
3.8106840380427347E-4
3.8399124167302467E-4
3.869373197374157E-4
3.8990681121255555E-4
3.928998859235575E-4
3.959167101703546E-4
3.9895744659841534E-4
4.020222540752241E-4
4.051112875723944E-4
4.0822469805328493E-4
4.113626323659883E-4
4.145252331415706E-4
4.177126386974364E-4
4.209249829456957E-4
4.24162395306418E-4
4.274250006256531E-4
4.307129190981054E-4
4.3402626619434923E-4
4.3736515259247403E-4
4.4072968411404726E-4
4.4411996166429364E-4
4.4753608117638637E-4
4.5097813355973965E-4
4.544462046522079E-4
4.5794037517609093E-4
4.614607206978492E-4
4.6500731159143026E-4
4.6858021300511383E-4
4.7217948483178565E-4
4.758051816825459E-4
4.7945735286356695E-4
4.831360423561121E-4
4.868412887996287E-4
4.905731254778318E-4
4.943315803077028E-4
4.981166758313092E-4
5.019284292103785E-4
5.057668522235459E-4
5.096319512661929E-4
5.135237273528113E-4
5.174421761218142E-4
5.213872878427204E-4
5.253590474256528E-4
5.293574344330624E-4
5.333824230936302E-4
5.374339823182702E-4
5.415120757181677E-4
5.456166616247918E-4
5.497476931118234E-4
5.539051180189309E-4
5.580888789773333E-4
5.6230041359347E-4
5.665410969948257E-4
5.708122431749252E-4
5.751151063164513E-4
5.794508820927895E-4
5.838207089482977E-4
5.882256693576E-4
5.926667910641959E-4
5.971450482986741E-4
6.016613629768181E-4
6.062166058778823E-4
6.108115978033206E-4
6.15447110716238E-4
6.201238688618406E-4
6.248425498691496E-4
6.296037858342456E-4
6.344081643852996E-4
6.392562297296574E-4
6.441484836832208E-4
6.49085386682386E-4
6.540673587787835E-4
6.590947806170657E-4
6.641679943959823E-4
6.692873048129812E-4
6.744529799925758E-4
6.796652523987059E-4
6.849243197313258E-4
6.902303458074445E-4
6.955834614268417E-4
7.009837652226787E-4
7.064313244972301E-4
7.119261760429389E-4
7.1746832694902E-4
7.230577553938152E-4
7.286944114231086E-4
7.343782177146042E-4
7.401090703287748E-4
7.458868394462692E-4
7.51711370092088E-4
7.575824828467132E-4
7.634999745443832E-4
7.694636189587074E-4
7.754731674758038E-4
7.815283497551438E-4
7.876288743782838E-4
7.937744294856683E-4
7.999646834016784E-4
8.061992852480988E-4
8.124778655461791E-4
8.188000368074587E-4
8.251653941135184E-4
8.315735156848353E-4
8.380239634388918E-4
8.445162835377107E-4
8.510500069249664E-4
8.576246498528402E-4
8.642397143987641E-4
8.708946889722117E-4
8.775890488116875E-4
8.843222564720625E-4
8.910937623024E-4
8.979030049144264E-4
9.047494116417768E-4
9.116323989901664E-4
9.18551373078625E-4
9.255057300719292E-4
9.324948566043718E-4
9.39518130194999E-4
9.465749196544507E-4
9.536645854835299E-4
9.607864802636366E-4
9.679399490391837E-4
9.75124329692128E-4
9.823389533087376E-4
9.89583144538714E-4
9.968562219467953E-4
0.0010041574983569491
0.0010114862811892878
0.001018841872789802
0.0010262235707530463
0.0010336306682378693
0.0010410624542763122
0.0010485182140757858
0.0010559972293146223
0.001063498778431122
0.0010710221369061863
0.0010785665775396496
0.0010861313707204079
0.0010937157846904488
0.0011013190858028745
0.001109136823064312
0.0011171622591751717
0.0011253887703395666
0.0011338098447477459
0.001142419081076449
0.0011512101870069713
0.0011601769777607562
0.00116931337465232
0.0011786134036593193
0.0011880711940095746
0.0011976809767848633
0.0012074370835413002
0.0012173339449461217
0.0012273660894306967
0.0012375281418595826
0.0012478148222154525
0.0012582209442997187
0.001268741414448683
0.0012793712302650339
0.0012901054793645372
0.001300939338137736
0.0013118680705265053
0.0013228870268152967
0.0013339916424369054
0.0013451774367926037
0.001356440012086486
0.0013677750521738576
0.0013791783214235206
0.0013906456635938017
0.0014021730007221702
0.0014137563320282907
0.0014253917328303648
0.0014370753534746214
0.0014488034182777911
0.0014605722244824468
0.0014723781412250383
0.0014842176085165058
0.0014960871362353159
0.0015079833031327876
0.0015199027558505684
0.0015318422079501311
0.0015437984389541511
0.0015557682933996307
0.0015677486799026495
0.0015797365702345933
0.0015917289984097541
0.0016037230597841547
0.0016157159101654825
0.0016277047649340087
0.0016396868981743637
0.0016516596418180499
0.001663620384796575
0.0016755665722050762
0.0016874957044763312
0.001699405336565024
0.0017112930771421644
0.0017231565877995332
0.001734993582264055
0.0017468018256219682
0.0017585791335526992
0.0017703233715723196
0.001782032454286483
0.0017937043446527312
0.0018053370532520674
0.001816928637569686
0.0018284772012847608
0.0018399808935691871
0.0018514379083951675
0.0018628464838515578
0.00187420490146886
0.0018855114855527606
0.0018967646025261355
0.0019079626602794052
0.0019191041075291581
0.0019301874331849333
0.0019412111657240905
0.0019521738725746527
0.0019630741595060438
0.001973910670027629
0.001984682084794964
0.0019953871210236646
0.0020060245319108196
0.00201659310606384
0.0020270916669366803
0.0020375190722733373
0.0020478742135585405
0.002058156015475554
0.002068363435371006
0.002078495462726666
0.002088551118638099
0.002124211793088577
0.002159205378204904
0.0021935399878015957
0.0022272236506350866
0.0022602643112299456
0.0022926698306974342
0.0023244479875464638
0.0023556064784870413
0.0023861529192262445
0.0024160948452568226
0.0024454397126384623
0.0024741948987718056
0.0025023677031652722
0.002529965348194757
0.002556994979856261
0.002583463668511531
0.0026093784096267556
0.0026347461245043928
0.002659573661008181
0.002683867794281404
0.002707635227458468
0.002730882592369849
0.002753616450240461
0.002775843292381531
0.0027975695408760074
0.002818801549257581
0.0028395456031833823
0.0028598079211003746
0.002879594654905548
0.00289891189059994
0.002917765648936547
0.002936161886062182
0.0029541064941533226
0.002971605302046037
0.00298866407585999
0.0030052885196166297
0.003021484275851583
0.0030372569262213096
0.003052611992104093
0.003067554935195381
0.0030820911580975584
0.0030962260049041883
0.0031099647617787757
0.003123312657528101
0.0031362748641701717
0.0031488564974968447
0.003161062617631167
0.0031728982295794856
0.0031843682837783514
0.003195477676636308
0.0032062312510705722
0.0032166337970386664
0.003226690052065052
0.00323640470176281
0.003245782380350404
0.0032548276711635788
0.003263545107162436
0.003271939171433734
0.0032800142976884515
0.003287774870754647
0.0032952252270656954
0.003302369655143888
0.003309212396079485
0.003315757644005238
0.0033220095465664344
0.0033279722053864828
0.003333649676528131
0.0033390459709502843
0.0033441650549605267
0.0033490108506633526
0.0033535872364041583
0.003357898047209018
0.0033619470752203054
0.0033657380701281837
0.003369274739598008
0.003372560749693665
0.003375599725296901
0.0033783952505226735
0.003380950869130565
0.0033832700849322664
0.0033853563621952147
0.0033872131260423827
0.0033888437628482753
0.003390251620631134
0.003391440009441443
0.00339241220174672
0.0033931714328126455
0.003393720901080566
0.0033940637685413895
0.0033942031611059204
0.006754484829689926
0.006702861832127457
0.006651633377441985
0.006600796450231672
0.006550348058140711
0.006500285231683192
0.006450605024068317
0.0064013045110269395
0.0063523807906394406
0.0063038309831649165
0.0062556522308716694
0.006207841697869
0.006160396569940276
0.006113314054377288
0.00606659137981586
0.0060202257960727265
0.005974214573983654
0.005928555005242784
0.005883244402243233
0.005838280097918889
0.005793659445587414
0.005749379818794467
0.005705438611159103
0.005661833236220362
0.005618561127285014
0.005575619737276489
0.00553300653858494
0.005490719022918468
0.005448754701155488
0.005407111103198205
0.005365785777827212
0.005324776292557234
0.005284080233493915
0.005243695205191756
0.005203618830513107
0.005163848750488235
0.005124382624176479
0.005085218128528463
0.005046352958249345
0.0050077848256631355
0.004969511460578026
0.004931530610152777
0.004893840038764102
0.004856437527875078
0.0048193208759045566
0.004782487898097574
0.004745936426396755
0.004709664309314696
0.004673669411807324
0.004637949615148221
0.00460250281680392
0.004567326930310135
0.004532419885148966
0.004497779626626999
0.004463404115754384
0.0044292913291248065
0.004395439258796389
0.004361845912173497
0.004328509311889454
0.004295427495690148
0.004262598516318527
0.004230020441399996
0.004197691353328653
0.004165609349154419
0.004133772540471039
0.004102179053304919
0.004070827028004814
0.0040397146191323815
0.0040088399953535385
0.0039782013393306745
0.0039477968476156885
0.003917624730543812
0.003887683212128285
0.0038579705299558046
0.003828484935082809
0.003799224691932504
0.003770188078192721
0.0037413733847145277
0.003712778915411633
0.00368440298716055
0.003656243929701525
0.0036283000855402113
0.0036005698098501267
0.0035730514703758293
0.003545743447336824
0.003518644133332232
0.00349175193324618
0.003465065264153903
0.003438582555228573
0.0034123022476488366
