1.536765780230386E-5
3.1980609755095864E-5
4.993976554707899E-5
6.935421093287504E-5
9.034187122906688E-5
1.1303022943729594E-4
1.3755710226273876E-4
1.6407147604036775E-4
1.773667496116908E-4
1.917393871745403E-4
2.0727667999714429E-4
2.2407299263754415E-4
2.4223034743337787E-4
2.6185905498333573E-4
2.8307838235017293E-4
3.060172444900069E-4
3.3081495160047715E-4
3.5762205066578037E-4
3.866012824291228E-4
4.1792864824963396E-4
4.517945531901445E-4
4.884049673142783E-4
5.279825292551222E-4
5.707675057120548E-4
6.170191841898615E-4
6.670178017226772E-4
7.210668340589192E-4
7.794953307563818E-4
8.426599380930862E-4
9.109462705283157E-4
9.847693479951643E-4
0.0010645728925835812
0.0011508357215714122
0.001244079862249612
0.0013448770013894213
0.0014538513502123365
0.0015716780642077155
0.001699077095846438
0.0018368028501115558
0.00198563031676784
0.0021464433663214827
0.0023202627370364245
0.0025082332635714666
0.0027115853712593877
0.0029315821919303734
0.0031694607051200112
0.0034263729515589987
0.003703331501512192
0.004002476879131262
0.004326409490163148
0.004677706435294215
0.005058585989784426
0.00547068876947693
0.005914949915621443
0.006391541142607961
0.006899865313905936
0.0074550813014979764
0.008065097262306026
0.008732221320254108
0.00945453034529625
0.010226997862267953
0.011042416734839735
0.011892147540244667
0.01276671940267021
0.01386314011686808
0.015105633274472808
0.016431873880729125
0.017791103532637118
0.01914247831013078
0.02045362284449213
0.02169936689263069
0.022860643313248878
0.026517545933677524
0.029445943008991254
0.031738759846101534
0.03347873455853232
0.03473945182911117
0.035586276585386496
0.03607719697636238
0.03626358517826627
0.06872390813772793
0.06324421451546264
0.058201443690627866
0.053560757669701725
0.04929009626292938
0.04535995559643049
0.041743184284620545
0.038414795854802675
