8.989718320579337E-8
1.8056793835851368E-7
2.7201892208791665E-7
3.642568483057735E-7
4.5728848869901527E-7
5.511206732271233E-7
6.457602906237951E-7
7.412142889029241E-7
8.374896758689269E-7
9.345935196314451E-7
1.0325329491244737E-6
1.131315154629929E-6
1.2309473883057083E-6
1.3314369647182766E-6
1.4327912613798022E-6
1.535017719289893E-6
1.638123843481967E-6
1.7421172035742846E-6
1.8470054343257014E-6
1.952796236196149E-6
2.0594973759119316E-6
2.1671166870358147E-6
2.2756620705420053E-6
2.3851414953960312E-6
2.495562999139568E-6
2.606934688480275E-6
2.7192647398866394E-6
2.832561400187926E-6
2.946832987179248E-6
3.0620878902318026E-6
3.1783345709083306E-6
3.295581563583836E-6
3.413837476071637E-6
3.5331109902547536E-6
3.6534108627227358E-6
3.774745925413932E-6
3.897125086263294E-6
4.02055732985573E-6
4.145051718085099E-6
4.270617390818859E-6
4.397263566568458E-6
4.524999543165493E-6
4.65383469844374E-6
4.783778490927039E-6
4.914840460523162E-6
5.047030229223673E-6
5.180357501809878E-6
5.314832066564874E-6
5.450463795991806E-6
5.587262647538352E-6
5.725238664327532E-6
5.864401975894866E-6
6.004762798931958E-6
6.146331438036571E-6
6.289118286469256E-6
6.43313382691656E-6
6.5783886322609326E-6
6.7248933663573366E-6
6.872658784816656E-6
7.021695735795944E-6
7.172015160795605E-6
7.323628095463511E-6
7.476545670406156E-6
7.630779112006898E-6
7.786339743251347E-6
7.94323898455997E-6
8.101488354627881E-6
8.261099471272085E-6
8.422084052285912E-6
8.584453916301047E-6
8.748220983656912E-6
8.913397277277647E-6
9.079994923556644E-6
9.248026153248707E-6
9.417503302369916E-6
9.588438813105197E-6
9.760845234723692E-6
9.934735224501889E-6
1.0110121548654642E-5
1.0287017083274152E-5
1.0375537632070961E-5
1.0464819904999324E-5
1.0554870456866752E-5
1.0645695898911532E-5
1.0737302899288663E-5
1.0829698183559616E-5
1.0922888535186084E-5
1.1016880796027645E-5
1.1111681866843386E-5
1.1207298707797581E-5
1.1303738338969264E-5
1.1401007840866008E-5
1.1499114354941697E-5
1.1598065084118423E-5
1.1697867293312675E-5
1.1798528309965655E-5
1.1900055524577913E-5
1.2002456391248347E-5
1.210573842821756E-5
1.2209909218415783E-5
1.2314976410015196E-5
1.2420947716987086E-5
1.252783091966344E-5
1.2635633865303502E-5
1.2744364468665135E-5
1.2854030712581047E-5
1.2964640648540197E-5
1.3076202397274149E-5
1.3188724149348712E-5
1.3302214165760893E-5
1.3416680778541226E-5
1.3532132391361478E-5
1.3648577480148113E-5
1.3766024593701245E-5
1.388448235431947E-5
1.4003959458430461E-5
1.4124464677227522E-5
1.4246006857312212E-5
1.436859492134304E-5
1.4492237868690314E-5
1.461694477609739E-5
1.4742724798348113E-5
1.4869587168940838E-5
1.4997541200768915E-5
1.5126596286807632E-5
1.5256761900808004E-5
1.5388047597997076E-5
1.5520463015785045E-5
1.565401787447923E-5
1.5788721978004808E-5
1.59245852146325E-5
1.6061617557713085E-5
1.6199829066419095E-5
1.6339229886493058E-5
1.647983025100315E-5
1.662164048110565E-5
1.67646709868143E-5
1.6908932267776833E-5
1.7054434914058343E-5
1.720118960693162E-5
1.7349207119674435E-5
1.7498498318373664E-5
1.7649074162736373E-5
1.7800945706907417E-5
1.795412410029406E-5
1.8108620588397013E-5
1.8264446513648175E-5
1.8421613316254766E-5
1.8580132535049923E-5
1.8740015808349537E-5
1.890127487481518E-5
1.9063921574323215E-5
1.9227967848839678E-5
1.939342574330101E-5
1.956030740650035E-5
1.9728625091979234E-5
1.9898391158924795E-5
2.006961807307179E-5
2.024231840760967E-5
2.0416504844094425E-5
2.059219017336494E-5
2.076938729646407E-5
2.0948109225564388E-5
2.1128369084898754E-5
2.1310180111696032E-5
2.1493555657122218E-5
2.1678509187227255E-5
2.1865054283897827E-5
2.2053204645816942E-5
2.2242974089430195E-5
2.2434376549919726E-5
2.2627426082185897E-5
2.2822136861837756E-5
2.3018523186192105E-5
2.3216599475282375E-5
2.3416380272877492E-5
2.361788024751133E-5
2.382111419352313E-5
2.4026097032109845E-5
2.4232843812390232E-5
2.4441369712481795E-5
2.4651690040590875E-5
2.4863820236115884E-5
2.5077775870764805E-5
2.5293572649686818E-5
2.5511226412618702E-5
2.5730753135046206E-5
2.5952168929380573E-5
2.6175490046150908E-5
2.640073287521203E-5
2.6627913946968525E-5
2.685704993361492E-5
2.708815765039184E-5
2.7321254056858865E-5
2.7556356258183475E-5
2.7793481506446578E-5
2.8032647201964024E-5
2.8273870894624657E-5
2.8517170285244284E-5
2.8762563226935732E-5
2.9010067726494455E-5
2.9259701945799723E-5
2.9511484203230888E-5
2.9765432975098578E-5
3.002156689709041E-5
3.0279904765730587E-5
3.0540465539853285E-5
3.080326834208903E-5
3.1068332460363636E-5
3.133567734940936E-5
3.160532263228718E-5
3.187728810192002E-5
3.215159372263612E-5
3.242825963172145E-5
3.2707306140981215E-5
3.298875373830887E-5
3.327262308926233E-5
3.3558935038646316E-5
3.3847710612100016E-5
3.413897101768925E-5
3.4432737647502174E-5
3.472903207924712E-5
3.502787607785269E-5
3.532929159706784E-5
3.5633300781061606E-5
3.5939925966021574E-5
3.624918968174931E-5
3.656111465325246E-5
3.687572380233192E-5
3.7193040249162924E-5
3.7513087313869464E-5
3.783588851808971E-5
3.8161467586532864E-5
3.8489848448524935E-5
3.882105523954265E-5
3.9155112302734414E-5
3.949204419042716E-5
3.9831875665617564E-5
4.0174631703446495E-5
4.052033749265561E-5
4.086901843703769E-5
4.122070015689147E-5
4.157540849049089E-5
4.1933169495577655E-5
4.229400945088472E-5
4.265795485769823E-5
4.3025032441464366E-5
4.339526915344623E-5
4.37686921724356E-5
4.414532890652473E-5
4.4525206994939904E-5
4.4908354309941484E-5
4.529479895879128E-5
4.568456928578983E-5
4.60776938743844E-5
4.6474201549348455E-5
4.687412137903283E-5
4.727748267768855E-5
4.768431500785972E-5
4.809464818284721E-5
4.850851226923942E-5
4.892593758951035E-5
4.934695472468181E-5
4.9771594517047166E-5
5.0199888072954976E-5
5.063186676564828E-5
5.106756223815709E-5
5.150700640624082E-5
5.1950231461375845E-5
5.2397269873786004E-5
5.284815439551063E-5
5.3302918063506556E-5
5.376159420277976E-5
5.4224216429542285E-5
5.46908186543891E-5
5.516143508549169E-5
5.563610023180226E-5
5.611484890626417E-5
5.659771622902422E-5
5.7084737630640926E-5
5.757594885528482E-5
5.8071385963924856E-5
5.8571085337496454E-5
5.9075083680045565E-5
5.958341802184501E-5
6.009612572247611E-5
6.0613244473872316E-5
6.113481230331897E-5
6.166086757640425E-5
6.21914489999166E-5
6.272659562468401E-5
6.326634684834947E-5
6.381074241807872E-5
6.43598224331948E-5
6.491362734773566E-5
6.547219797292921E-5
6.603557547958197E-5
6.660380140037721E-5
6.717691763207701E-5
6.775496643762531E-5
6.833799044814716E-5
6.892603266483996E-5
6.951913646075339E-5
7.011734558245323E-5
7.07207041515666E-5
7.132925666620348E-5
7.194304800225213E-5
7.256212341454458E-5
7.318652853788868E-5
7.381630938796418E-5
7.445151236207854E-5
7.509218423978127E-5
7.573837218333188E-5
7.639012373802076E-5
7.70474868323391E-5
7.771050977799549E-5
7.837924126977695E-5
7.905373038525301E-5
7.97340265843191E-5
8.042017970857902E-5
8.111223998207858E-5
8.181025801328597E-5
8.251428479821678E-5
8.32243717246052E-5
8.394057057702832E-5
8.466293354289373E-5
8.539151321920282E-5
8.612636262000878E-5
8.68675351844889E-5
8.761508478555517E-5
8.836906573893268E-5
8.91295328126327E-5
8.989654123675886E-5
9.067014671357892E-5
9.145040542780472E-5
9.223737405702162E-5
9.303110978221225E-5
9.383167029832482E-5
9.46391138248331E-5
9.545349911624357E-5
9.627488547250529E-5
9.710333274927796E-5
9.793890136802111E-5
9.878165232586503E-5
9.963164720522777E-5
1.004889481831462E-4
1.0135361804028752E-4
1.022257201696137E-4
1.0310531858466948E-4
1.0399247792746924E-4
1.0488726347595754E-4
1.0578974115102219E-4
1.0669997752303768E-4
1.0761803981792047E-4
1.0854399592267843E-4
1.0947791439043762E-4
1.104198644449319E-4
1.1136991598444293E-4
1.1232813958517558E-4
1.1329460650406135E-4
1.1426938868097681E-4
1.1525255874037184E-4
1.1624418999229721E-4
1.1724435643282721E-4
1.1825313274387059E-4
1.1927059429236872E-4
1.2029681712887189E-4
1.2133187798549826E-4
1.223758542732683E-4
1.2342882407881777E-4
1.2449086616048713E-4
1.2556205994379005E-4
1.2664248551626193E-4
1.2773222362169023E-4
1.2883135565373133E-4
1.299399636489162E-4
1.310581302790503E-4
1.321859388430113E-4
1.3332347325795273E-4
1.3447081804991658E-4
1.3562805834386337E-4
1.3679527985312664E-4
1.3797256886829767E-4
1.3916001224555176E-4
1.4035769739442023E-4
1.415657122650207E-4
1.4278414533475226E-4
1.440130855944651E-4
1.452526225341178E-4
1.4650284612792599E-4
1.4776384681901866E-4
1.4903571550361035E-4
1.503185435146992E-4
1.5161242260530332E-4
1.529174449312471E-4
1.5423370303350672E-4
1.5556128982012905E-4
1.5690029854773408E-4
1.582508228026138E-4
1.5961295648143884E-4
1.6098679394804875E-4
1.623724301792637E-4
1.6376996090009593E-4
1.6517948270872694E-4
1.6660109319161016E-4
1.6803489102904765E-4
1.6948097609158385E-4
1.7093944952754466E-4
1.7241041384204934E-4
1.738939729678095E-4
1.753902323280208E-4
1.768992988916521E-4
1.7842128122141633E-4
1.7995628951471477E-4
1.81504435637828E-4
1.8306583315362188E-4
1.846405973430343E-4
1.862288452205965E-4
1.8783069554423763E-4
1.894462688196163E-4
1.910756872992101E-4
1.9271907497639992E-4
1.9437655757476407E-4
1.9604826253280346E-4
1.977343189843104E-4
1.9943485773457796E-4
2.011500112326596E-4
2.0287991353986574E-4
2.046247002946862E-4
2.0638450867432455E-4
2.0815947735301787E-4
2.0994974645731818E-4
2.1175545751849907E-4
2.135767534222538E-4
2.154137783558399E-4
2.172666777528243E-4
2.1913559823557723E-4
2.210206875556592E-4
2.2292209453224116E-4
2.2483996898869005E-4
2.2677446168745553E-4
2.2872572426338192E-4
2.3069390915556775E-4
2.3267916953789578E-4
2.3468165924834335E-4
2.3670153271719E-4
2.3873894489422707E-4
2.4079405117507393E-4
2.4286700732670374E-4
2.449579694122735E-4
2.4706709371535504E-4
2.491945366636561E-4
2.5134045475232164E-4
2.5350500446689615E-4
2.5568834220603327E-4
2.5789062420402943E-4
2.6011200645325677E-4
2.623526446265698E-4
2.646126939997536E-4
2.668923093740894E-4
2.6919164499908854E-4
2.715108544954735E-4
2.738500907784529E-4
2.7620950598135764E-4
2.785892513796872E-4
2.809894773156243E-4
2.834103331230648E-4
2.8585196705321425E-4
2.88314526200796E-4
2.9079815643092E-4
2.933030023066456E-4
2.9582920701728797E-4
2.983769123075065E-4
3.0094625840720326E-4
3.035373839622776E-4
3.061504259662642E-4
3.0878551969288536E-4
3.114427986295523E-4
3.1412239441184055E-4
3.168244367589662E-4
3.195490739533355E-4
3.2229647171932177E-4
3.250668121349455E-4
3.2786029257575374E-4
3.306771246901985E-4
3.3351753340583445E-4
3.3638175596566536E-4
3.392700409939789E-4
3.421826475910234E-4
3.451198444558966E-4
3.480819090370128E-4
3.5106912670954875E-4
3.5408178997926106E-4
3.5712019771208205E-4
3.6018465438892536E-4
3.6327546938512266E-4
3.6639295627394187E-4
3.6953743215363294E-4
3.727092169974693E-4
3.759086330262546E-4
3.791360041027775E-4
3.8239165514771005E-4
3.856759115764449E-4
3.8898909875638844E-4
3.923315414842284E-4
3.957035634827044E-4
3.9910548691641704E-4
4.0253763192623043E-4
4.060003161818138E-4
4.094938544518938E-4
4.130185581917866E-4
4.165747351477891E-4
4.2016268897802114E-4
4.237827188893113E-4
4.274351192897339E-4
4.311201794564074E-4
4.3483818321817387E-4
4.385894086527849E-4
4.4237412779823146E-4
4.46192606377853E-4
4.500451035388849E-4
4.539318716040833E-4
4.578531558361043E-4
4.618091942143E-4
4.6580021722360097E-4
4.6982644765518084E-4
4.738881004185759E-4
4.7798538236496293E-4
4.821184921212924E-4
4.862876199349887E-4
4.904929475289174E-4
4.947346479663537E-4
4.990128855256605E-4
5.033278155844195E-4
5.076795845127398E-4
5.120683295754874E-4
5.164941788431865E-4
5.209572511113369E-4
5.254576558279041E-4
5.299954930287498E-4
5.345708532807635E-4
5.391838176324622E-4
5.438344575718493E-4
5.485228349912957E-4
5.53249002159237E-4
5.580130016984785E-4
5.628148665708993E-4
5.676546200683507E-4
5.725322758095627E-4
5.774478377428508E-4
5.82401300154448E-4
5.873926476822709E-4
5.924218553349394E-4
5.97488888515878E-4
6.025937030523201E-4
6.077362452290481E-4
6.129164518267109E-4
6.181342501645451E-4
6.233895581473548E-4
6.286822843165862E-4
6.340147194364465E-4
6.393890423064031E-4
6.448073224706082E-4
6.502715228777891E-4
6.5578350249237E-4
6.613450188575972E-4
6.669577306114158E-4
6.726231999558379E-4
6.783428950805385E-4
6.841181925413935E-4
6.899503795946771E-4
6.958406564876123E-4
7.017901387059699E-4
7.077998591793961E-4
7.138707704451358E-4
7.200037467708201E-4
7.261995862369626E-4
7.324590127798087E-4
7.387826781951815E-4
7.4517116410393E-4
7.516249838796084E-4
7.581445845389977E-4
7.647303485960478E-4
7.71382595879852E-4
7.781015853172152E-4
7.848875166804075E-4
7.91740532300649E-4
7.986607187478913E-4
8.056481084774491E-4
8.127026814440086E-4
8.198243666835529E-4
8.270130438637334E-4
8.342685448031896E-4
8.415906549603449E-4
8.489791148921672E-4
8.56433621683392E-4
8.639538303466998E-4
8.715393551943231E-4
8.791897711815588E-4
8.869046152226512E-4
8.946833874795079E-4
9.02525552623697E-4
9.104305410721763E-4
9.183977501971897E-4
9.264265455107691E-4
9.345162618242628E-4
9.426662043833172E-4
9.5087564997872E-4
9.591438480335138E-4
9.674700216667902E-4
9.758533687345489E-4
9.842930628480196E-4
9.927882543698276E-4
0.0010013380713883857
0.0010099416206708805
0.0010185979885952209
0.001027306242061321
0.001036065429382055
0.0010448745811542557
0.001053732711110085
0.0010626388169491256
0.0010715918811515445
0.0010805908717726146
0.0010896347432189772
0.0010987224370069175
0.0011078528825030005
0.0011170249976473609
0.0011262376896599576
0.001135489855730106
0.001144780383689567
0.0011541081526694856
0.0011634720337414923
0.0011728708905432244
0.0011823035798885512
0.0011917689523627908
0.0012012658529031769
0.0012107931213648465
0.0012203495930726107
0.0012299340993587654
0.001239545468087203
0.001249460935699195
0.0012596697585162118
0.001270161396314371
0.0012809255092669392
0.0012919519549273975
0.0013032307852525735
0.0013147522436653466
0.0013265067621564418
0.0013384849584248347
0.0013506776330562888
0.0013630757667395551
0.001375670517519776
0.0013884532180886266
0.001401415373110752
0.0014145486565860393
0.0014278449092472942
0.0014412961359928761
0.0014548945033538631
0.0014686323369953217
0.0014825021192512533
0.0014964964866928067
0.0015106082277293368
0.0015248302802419113
0.0015391557292488544
0.0015535778046029385
0.0015680898787198093
0.0015826854643372897
0.0015973582123051477
0.001612101909404965
0.0016269104761997243
0.0016417779649127487
0.001656698557335619
0.0016716665627647198
0.0016866764159660466
0.0017017226751679178
0.0017168000200812525
0.0017319032499470623
0.0017470272816108136
0.0017621671476233285
0.001777317994367887
0.0017924750802132032
0.001807633773691952
0.0018227895517045137
0.001837937997747639
0.0018530748001676966
0.0018681957504382153
0.0018832967414613927
0.001898373765893286
0.001913422914492379
0.0019284403744912126
0.0019434224279908216
0.0019583654503776606
0.0019732659087627366
0.0019881203604426795
0.002002925451382459
0.00201767791471948
0.002032374569288778
0.0020470123181690536
0.0020615881472492745
0.002076099123815577
0.0020905423951582303
0.0021049151871983724
0.002119214803134304
0.002133438622107046
0.00214758409788496
0.00216164875756715
0.0021756302003054233
0.002189526096044572
0.0022033341842807243
0.002217052272837553
0.0022306782366600985
0.0022442100166259827
0.002257645618373786
0.0022709831111483773
0.002284220626662958
0.0022973563579776254
0.0023103885583942232
0.0023233155403672794
0.0023361356744308216
0.002348847388140853
0.00239386061185244
0.0024379272026301313
0.002481060102090969
0.0025232720993660857
0.002564575832765476
0.0026049837914254013
0.0026445083169386397
0.0026831616049677195
0.0027209557068413356
0.0027579025311341003
0.002794013845229811
0.002829301276868387
0.0028637763156766504
0.002897450314683117
0.0029303344918169545
0.0029624399313912552
0.0029937775855708106
0.0030243582758245186
0.003054192694362598
0.0030832914055587473
0.0031116648473574113
0.0031393233326663084
0.0031662770507343537
0.0031925360685151486
0.003218110332016156
0.003243009667633732
0.003267243783474139
0.003290822270660694
0.0033137546046271894
0.0033360501463977187
0.0033577181438530545
0.0033787677329837197
0.003399207939129864
0.003419047678208112
0.003438295757925483
0.0034569608789805466
0.003475051636251916
0.003492576519974216
0.003509543916901667
0.0035259621114593956
0.003541839286882597
0.003557183526343683
0.0035720028140675303
0.0035863050364349476
0.003600097983074498
0.0036133893479427712
0.0036261867303932476
0.003638497636233846
0.003650329478773286
0.003661689579856395
0.0036725851708884214
0.003683023393848528
0.00369301130229253
0.003702555862345021
0.003711663953680959
0.0037203423704968413
0.003728597822471597
0.0037364369357172677
0.0037438662537195634
0.003750892238268475
0.0037575212703789516
0.003763759651201823
0.0037696136029250135
0.003775089269665168
0.0037801927183497906
0.00378492993958998
0.0037893068485438876
0.003793329285770949
0.0037970030180770275
0.0038003337393505187
0.003803327071389556
0.003805988564720381
0.0038083236994069496
0.0038103378858519274
0.0038120364655890963
0.00381342471206729
0.0038145078314259576
0.0038152909632624085
0.003815779181390858
0.0038159774945933315
0.007589088981702812
0.007523899361338708
0.007459269714195823
0.007395195230152448
0.007331671140405388
0.0072686927171150785
0.007206255273053674
0.007144354161256219
0.007082984774674783
0.007022142545835588
0.00696182294649905
0.00690202148732278
0.006842733717527453
0.00678395522456555
0.00672568163379296
0.0066679086081433865
0.006610631847805567
0.006553847089903229
0.006497550108177852
0.0064417367126741116
0.006386402749428038
0.0063315441001578505
0.006277156681957456
0.006223236446992572
0.006169779382199468
0.006116781508986283
0.006064238882936913
0.006012147593517451
0.0059605037637851434
0.005909303550099837
0.005858543141837913
0.005808218761108688
0.005758326662473229
0.0057088631326656075
0.005659824490316518
0.005611207085679311
0.005563007300358338
0.0055152215470396625
0.005467846269224063
0.005420877940962343
0.005374313066592899
0.005328148180481566
0.005282379846763676
0.005237004659088345
0.0051920192403649415
0.005147420242511759
0.005103204346206821
0.005059368260640842
0.005015908723272306
0.004972822499584644
0.0049301063828455114
0.004887757193868114
0.004845771780774597
0.004804147018761461
0.004762879809867009
0.00472196708274077
0.004681405792414892
0.0046411929200775495
0.0046013254728482465
0.004561800483555074
0.004522615010513866
0.004483766137309285
0.004445250972577727
0.004407066649792175
0.0043692103270488265
0.004331679186855583
0.004294470435922359
0.004257581304953191
0.004221009048440126
0.004184750944458904
0.004148804294466341
0.0041131664230995195
0.0040778346779766555
0.004042806429499688
0.004008079070658583
0.0039736500168372985
0.003939516705621414
0.003905676596607444
0.003872127171213735
0.0038388659324930445
