9.095214318437726E-6
1.8791727931452915E-5
2.9124240721029062E-5
4.012929730951036E-5
5.18480442974679E-5
6.432848771828463E-5
7.762600250903494E-5
9.180173876443272E-5
1.0691968531536168E-4
1.230436556619006E-4
1.311400208194643E-4
1.397616939842941E-4
1.4893241617977093E-4
1.586782678940352E-4
1.690313829910689E-4
1.800333125380648E-4
1.9173630052522382E-4
2.0420142559018255E-4
2.1749419281599786E-4
2.3167955655360864E-4
2.4681830711219466E-4
2.62965492806715E-4
2.8017072739656583E-4
2.9848072360627825E-4
3.179448687059215E-4
3.3862342097667157E-4
3.605954860608864E-4
3.8396266193745467E-4
4.088457923314292E-4
4.3537605468934725E-4
4.6368489368114353E-4
4.938969427922252E-4
5.261270226532985E-4
5.604804344938756E-4
5.970569932215597E-4
6.359605833531291E-4
6.773138060481378E-4
7.212725852700853E-4
7.680330645572711E-4
8.178259521216934E-4
8.709024642304053E-4
9.2751874756481E-4
9.879252797462628E-4
0.0010523623852349456
0.0011210598609954056
0.0011942412336040003
0.001272135973071952
0.0013549995740732325
0.001443133619028958
0.0015368936412588597
0.0016367077944401261
0.0017430652328350382
0.001856490479387887
0.0019775180598649877
0.0021066720012001385
0.0022444490021452245
0.002391307585291568
0.002547669757477181
0.002713936491701405
0.002890506465326619
0.003078254438839177
0.003278326584890365
0.003491957274799468
0.0037203177791362138
0.003964406270083746
0.0042249762457180476
0.0045024937267518364
0.004797119966156652
0.005108723876512086
0.0054369228053072535
0.005788442688672753
0.006167482765665345
0.006576187376872326
0.007015023056141715
0.007483091164335194
0.007978402237364363
0.008498120283764872
0.009038775038943684
0.009596447208950908
0.010166940771495154
0.010858679171290173
0.011638168161615767
0.012476806963764384
0.013350332683426364
0.014238293279725889
0.01512356633221143
0.015991936061912935
0.016831723227615922
0.017633454275821202
0.018389566563162388
0.02083324176339934
0.022882744344648546
0.024578817466125676
0.025958600037299773
0.027055946016630656
0.027901700389364695
0.028523939966801578
0.02894818937176158
0.02919761450359159
0.02929319214859666
0.05608303324319675
0.05244727830526541
0.04904746075235331
0.0458680772755923
0.042894650117812946
0.04011371875500608
0.03751279480726199
0.0350802846524096
0.032805397289373775
0.03067805238582649
