1.0031197431378609E-4
2.1588236931280042E-4
3.4902596881188427E-4
5.024097311975434E-4
5.78788363682529E-4
6.667436762203561E-4
7.680306160300613E-4
8.84676133563437E-4
0.0010190165444471926
0.0011737376957645538
0.0013519259799935084
0.0015571246442195883
0.0017934437286513997
0.0020656584070564317
0.0023792429291059247
0.002740328636492517
0.0031561585634217993
0.0036353124256599074
0.004187454561179806
0.004822671440637276
0.005554531680774102
0.006399067482721905
0.007372134970964733
0.00848652649758098
0.009776186450283216
0.011271222859277135
0.012986059205960966
0.014915695987123688
0.017216543594586485
0.019896987709481513
0.022880746649697612
0.026050157453519948
0.03049294004618413
0.035363776395498064
0.040098311605644206
0.04433984899499608
0.05613149166743219
0.06347254002793754
0.06742051714981923
0.06881760884689092
0.12418058738622313
0.10583907095106976
0.09020655036279203
0.07688295163377801
