3.258335734732346E-8
6.525244841618791E-8
9.799805055339665E-8
1.3081396944849176E-7
1.6369629970375622E-7
1.9664278481873803E-7
2.29652293903328E-7
2.627244166289583E-7
2.958591667170959E-7
3.290567776094153E-7
3.6231757123674847E-7
3.956418810489449E-7
4.2903001264227805E-7
4.624822284754554E-7
4.959987465519633E-7
5.295797460602447E-7
5.632253755284848E-7
5.969357609762641E-7
6.307110128656626E-7
6.645512314736605E-7
6.984565107544244E-7
7.324269409567956E-7
7.664626103094439E-7
8.005636060564742E-7
8.347300150668931E-7
8.689619241789211E-7
9.032594203871777E-7
9.376225909409115E-7
9.720515233940573E-7
1.0065463056303265E-6
1.0411070258758825E-6
1.0757337727061043E-6
1.1104266350496805E-6
1.1451857021915187E-6
1.1800110637751742E-6
1.2149028098050944E-6
1.249861030648797E-6
1.2848858170390235E-6
1.3199772600759022E-6
1.3551354512291122E-6
1.3903604823400467E-6
1.425652445624006E-6
1.4610114336723787E-6
1.496437539454842E-6
1.5319308563215737E-6
1.567491478005468E-6
1.6031194986243609E-6
1.6388150126832637E-6
1.6745781150766198E-6
1.7104089010905484E-6
1.746307466405115E-6
1.7822739070965943E-6
1.8183083196397723E-6
1.8544108009102254E-6
1.8905814481866242E-6
1.9268203591530493E-6
1.963127631901314E-6
1.9995033649332893E-6
2.035947657163243E-6
2.0724606079202077E-6
2.1090423169503174E-6
2.1456928844191992E-6
2.182412410914332E-6
2.219200997447451E-6
2.256058745456949E-6
2.292985756810275E-6
2.3299821338063546E-6
2.3670479791780366E-6
2.4041833960945074E-6
2.4413884881637562E-6
2.478663359435035E-6
2.5160081144013184E-6
2.55342285800179E-6
2.5909076956243354E-6
2.6284627331080303E-6
2.6660880767456686E-6
2.703783833286265E-6
2.74155010993759E-6
2.779387014368733E-6
2.817294654712621E-6
2.855273139568598E-6
2.8933225780050033E-6
2.9314430795617367E-6
2.9696347542528728E-6
3.007897712569244E-6
3.0462320654810735E-6
3.0846379244405922E-6
3.1231154013846725E-6
3.1616646087374854E-6
3.2002856594131397E-6
3.2389786668183763E-6
3.277743744855222E-6
3.3165810079236945E-6
3.3554905709245057E-6
3.3944725492617545E-6
3.433527058845675E-6
3.472654216095353E-6
3.5118541379414866E-6
3.551126941829118E-6
3.5904727457204217E-6
3.6298916680974838E-6
3.6693838279650715E-6
3.708949344853465E-6
3.7485883388212372E-6
3.7883009304581012E-6
3.828087240887739E-6
3.867947391770639E-6
3.907881505306976E-6
3.947889704239457E-6
3.9879721118562156E-6
4.028128851993714E-6
4.06836004903965E-6
4.108665827935879E-6
4.149046314181379E-6
4.189501633835227E-6
4.2300319135196354E-6
4.270637280423101E-6
4.311317862303648E-6
4.3520737874923854E-6
4.392905184897521E-6
4.433812184009122E-6
4.4747949149054E-6
4.515853508261392E-6
4.556988095361958E-6
4.598198808122167E-6
4.639485779120138E-6
4.680849141650967E-6
4.722289029815886E-6
4.763805578669378E-6
4.8053989244615115E-6
4.84706920503419E-6
4.888816560464297E-6
4.9306411340985804E-6
4.972543074203398E-6
5.014522536569253E-6
5.056579688581398E-6
5.098714715516415E-6
5.140927830179205E-6
5.183219287493548E-6
5.225589406348926E-6
5.268038601943525E-6
5.3105674331138535E-6
5.353176670776433E-6
5.395867395698048E-6
5.438641136420424E-6
5.481500061330215E-6
5.52444724257984E-6
5.567487013750133E-6
5.610625447621182E-6
5.653870984859238E-6
5.697235248335551E-6
5.740734080454391E-6
5.7843888413416166E-6
5.82822800286196E-6
5.8722890658400374E-6
5.916620814104185E-6
5.9612858976550605E-6
6.006363707249113E-6
6.051953463393046E-6
6.098177394454694E-6
6.145183822812926E-6
6.19314991773596E-6
6.242283813797829E-6
6.292825740733917E-6
6.345047772941392E-6
6.399251793698623E-6
6.455765290207486E-6
6.5149346593790664E-6
6.577115817054612E-6
6.642662067166881E-6
6.711909398684567E-6
6.785159626757917E-6
6.86266206275387E-6
6.944594661480761E-6
7.031045823282154E-6
7.121998191782026E-6
7.217315854164256E-6
7.316736294985508E-6
7.419868261932528E-6
7.526196372056308E-6
7.635092835884897E-6
7.745836137531352E-6
7.857635929604194E-6
7.969662840996074E-6
8.0810814158425E-6
8.191084061192823E-6
8.298923724783668E-6
8.403943078674562E-6
8.505598250943836E-6
8.603475601917364E-6
8.697300635858615E-6
8.786938808545796E-6
8.872388661736818E-6
8.953768314448457E-6
9.031296806585586E-6
9.105272080142735E-6
9.176047478325321E-6
9.2440085499479E-6
9.309551694203896E-6
9.373065814776524E-6
9.402334369100862E-6
9.430189178058211E-6
9.456934504042018E-6
9.482829485298206E-6
9.508088938333108E-6
9.532886349852026E-6
9.55735830933586E-6
9.58160970411776E-6
9.605719115764392E-6
9.62974399560643E-6
9.653725337629612E-6
9.677691693156831E-6
9.70166247433042E-6
9.72565056846097E-6
9.749664333477328E-6
9.773709069679159E-6
9.797788070046147E-6
9.821903346137237E-6
9.84605611423559E-6
9.870247110947609E-6
9.894476791837576E-6
9.918745452634253E-6
9.943053300927048E-6
9.967400497268236E-6
9.991787178001893E-6
1.0016213467543847E-5
1.00406794847755E-5
1.0065185346265026E-5
1.0089731167836608E-5
1.0114317065309632E-5
1.013894315483548E-5
1.0163609553046305E-5
1.0188316377119106E-5
1.0213063744803185E-5
1.0237851774432474E-5
1.0262680584931522E-5
1.0287550295819434E-5
1.0312461027212714E-5
1.0337412899827948E-5
1.0362406034984479E-5
1.0387440554606822E-5
1.0412516581227225E-5
1.0437634237988292E-5
1.0462793648645491E-5
1.048799493756967E-5
1.0513238229749728E-5
1.0538523650795138E-5
1.0563851326938532E-5
1.0589221385038309E-5
1.061463395258125E-5
1.0640089157685168E-5
1.0665587129101444E-5
1.0691127996217718E-5
1.0716711889060535E-5
1.0742338938297943E-5
1.0768009275242245E-5
1.0793723031852578E-5
1.0819480340737649E-5
1.0845281335158354E-5
1.0871126149030556E-5
1.089701491692773E-5
1.0922947774083694E-5
1.0948924856395353E-5
1.0974946300425383E-5
1.1001012243405015E-5
1.1027122823236776E-5
1.1053278178497236E-5
1.107947844843978E-5
1.1105723772997413E-5
1.1132014292785533E-5
1.1158350149104692E-5
1.1184731483943502E-5
1.1211158439981314E-5
1.123763116059115E-5
1.1264149789842587E-5
1.1290714472504416E-5
1.13173253540477E-5
1.1343982580648537E-5
1.137068629919094E-5
1.1397436657269781E-5
1.142423380319363E-5
1.1451077885987698E-5
1.1477969055396783E-5
1.1504907461888103E-5
1.1531893256654376E-5
1.155892659161666E-5
1.158600761942732E-5
1.1613136493473119E-5
1.1640313367878042E-5
1.1667538397506405E-5
1.1694811737965814E-5
1.1722133545610186E-5
1.1749503977542798E-5
1.1776923191619295E-5
1.1804391346450765E-5
1.1831908601406774E-5
1.185947511661849E-5
1.1887091052981698E-5
1.1914756572159932E-5
1.194247183658765E-5
1.1970237009473176E-5
1.1998052254802007E-5
1.2025917737339876E-5
1.205383362263591E-5
1.208180007702581E-5
1.2109817267634998E-5
1.213788536238184E-5
1.216600452998085E-5
1.2194174939945887E-5
1.2222396762593341E-5
1.2250670169045468E-5
1.2278995331233572E-5
1.2307372421901299E-5
1.2335801614607954E-5
1.2364283083731807E-5
1.2392817004473487E-5
1.2421403552859439E-5
1.2450042905745642E-5
1.2478735240821372E-5
1.2507480736613694E-5
1.253627957249264E-5
1.2565131928677944E-5
1.259403798624837E-5
1.2622997927155679E-5
1.2652011934246436E-5
1.2681080191297394E-5
1.271020288307385E-5
1.2739380195426668E-5
1.2768612315453783E-5
1.2797899431767976E-5
1.2827241734938447E-5
1.2856639418213702E-5
1.2886092678694592E-5
1.2915601719221782E-5
1.2945166751382819E-5
1.2974788000257788E-5
1.3004465711832748E-5
1.303420016446269E-5
1.3063991686410384E-5
1.3093840682395005E-5
1.3123747673339327E-5
1.3153713355213373E-5
1.3183738685153131E-5
1.3213825006020882E-5
1.3243974224401014E-5
1.3274189061810743E-5
1.3304473404725624E-5
1.3334832785871884E-5
1.3365275036991034E-5
1.3395811161619261E-5
1.342645648476911E-5
1.3457232143852759E-5
1.3488166990453268E-5
1.3519299973908656E-5
1.355068307297175E-5
1.3582384828529777E-5
1.3614494505785912E-5
1.3647126875751557E-5
1.3680427551148278E-5
1.3714578739604965E-5
1.3749805187657397E-5
1.3786379985035627E-5
1.3824629785416595E-5
1.3864938885881396E-5
1.3907751504856524E-5
1.3953571522607298E-5
1.4002958916948234E-5
1.4056522158034498E-5
1.4114905936719414E-5
1.4178773803573406E-5
1.4248785595502321E-5
1.4325569918933128E-5
1.4409692425050979E-5
1.4501621122054886E-5
1.4601690477060559E-5
1.4710066510739036E-5
1.482671542000114E-5
1.4951378418294936E-5
1.5083555409315749E-5
1.5222499776460784E-5
1.5367225971631737E-5
1.5516530748843446E-5
1.5669027869340874E-5
1.5823194994207966E-5
1.5977430388265716E-5
1.613011610540789E-5
1.627968362471674E-5
1.6424677551331166E-5
1.6563813042737096E-5
1.669602308053131E-5
1.68204925405146E-5
1.6936677134421934E-5
1.7044306582812338E-5
1.7143372688700158E-5
1.7234104172694655E-5
1.731693107856274E-5
1.739244217392184E-5
1.7461339010390436E-5
1.752439017607177E-5
1.7582388820689914E-5
1.7636115844399254E-5
1.768631031926579E-5
1.7733647865093195E-5
1.7778726924457116E-5
1.7822062248334406E-5
1.7864084456933753E-5
1.7905144293111153E-5
1.7945520124096267E-5
1.798542733734455E-5
1.8025028473172816E-5
1.806444319280524E-5
1.8103757452383285E-5
1.8143031507436822E-5
1.818230658578539E-5
1.822161022874856E-5
1.8260960409437083E-5
1.830036859826932E-5
1.8339841969231845E-5
1.8379384936706315E-5
1.841900019229486E-5
1.8458689382589163E-5
1.8498453538555647E-5
1.8538293339183084E-5
1.8578209268365302E-5
1.861820170535161E-5
1.8658270975259246E-5
1.8698417376386632E-5
1.8738641194506343E-5
1.8778942710100255E-5
1.8819322201900516E-5
1.8859779948564582E-5
1.890031622944115E-5
1.894093132490949E-5
1.898162551652571E-5
1.90223990870851E-5
1.9063252320649455E-5
1.9104185502560336E-5
1.9145198919446846E-5
1.91862928592315E-5
1.922746761113544E-5
1.926872346568335E-5
1.9310060714708458E-5
1.935147965135726E-5
1.9392980570094513E-5
1.9434563766708244E-5
1.9476229538314576E-5
1.9517978183362763E-5
1.955981000164013E-5
1.960172529427716E-5
1.9643724363752402E-5
1.9685807513897636E-5
1.9727975049902946E-5
1.977022727832174E-5
1.981256450707589E-5
1.985498704546088E-5
1.9897495204151048E-5
1.994008929520466E-5
1.998276963206921E-5
2.002553652958657E-5
2.0068390303998368E-5
2.0111331272951122E-5
2.0154359755501743E-5
2.0197476072122672E-5
2.0240680544707352E-5
2.0283973496575654E-5
2.032735525247916E-5
2.0370826138606726E-5
2.0414386482589934E-5
2.0458036613508384E-5
2.050177686189555E-5
2.054560755974407E-5
2.0589529040511447E-5
2.0633541639125516E-5
2.0677645691990237E-5
2.072184153699118E-5
2.0766129513501422E-5
2.0810509962386978E-5
2.0854983226012818E-5
2.0899549648248432E-5
2.094420957447371E-5
2.0988963351584752E-5
2.103381132799973E-5
2.1078753853664728E-5
2.1123791280059702E-5
2.1168923960204345E-5
2.1214152248664143E-5
2.1259476501556295E-5
2.1304897076555764E-5
2.1350414332901305E-5
2.1396028631401594E-5
2.144174033444124E-5
2.148754980598702E-5
2.153345741159401E-5
2.157946351841181E-5
2.16255684951906E-5
2.167177271228765E-5
2.1718076541673408E-5
2.176448035693788E-5
2.1810984533296864E-5
2.1857589447598547E-5
2.1904295478329655E-5
2.195110300562193E-5
2.1998012411258658E-5
2.204502407868105E-5
2.2092138392994887E-5
2.2139355740976793E-5
2.2186676511081022E-5
2.2234101093445963E-5
2.228162987990071E-5
2.2329263263971792E-5
2.237700164088968E-5
2.2424845407595638E-5
2.247279496274835E-5
2.2520850706730715E-5
2.256901304165654E-5
2.2617282371377498E-5
2.2665659101489858E-5
2.271414363934155E-5
2.2762736394039226E-5
2.2811437776455588E-5
2.28602481992371E-5
2.290916807681253E-5
2.2958197825402712E-5
2.3007337863032634E-5
2.305658860954787E-5
2.3105950486638377E-5
2.315542391787522E-5
2.320500932876978E-5
2.3254707146871602E-5
2.330451780193188E-5
2.3354441726177443E-5
2.3404479354768713E-5
2.3454631126560992E-5
2.3504897485360447E-5
2.3555278881978526E-5
2.3605775777560405E-5
2.3656388648924877E-5
2.3707117997042847E-5
2.3757964360357967E-5
2.380892833548968E-5
2.386001060905597E-5
2.3911212006040522E-5
2.3962533562463E-5
2.4013976633288457E-5
2.4065543050748007E-5
2.411723535377766E-5
2.4169057116347088E-5
2.422101341123771E-5
2.427311145643968E-5
2.4325361503704228E-5
2.437777804258482E-5
2.443038140782853E-5
2.448319989203934E-5
2.453627247730682E-5
2.458965230643337E-5
2.464341101318553E-5
2.469764401759948E-5
2.4752476862195977E-5
2.480807261321893E-5
2.4864640273288104E-5
2.4922444044889606E-5
2.498181314680564E-5
2.50431517200792E-5
2.5106948173013547E-5
2.5173783118025205E-5
2.5244334864893522E-5
2.53193812789666E-5
2.5399796717969405E-5
2.5486542758722355E-5
2.558065154621827E-5
2.5683200867943384E-5
2.5795280491590295E-5
2.591794990424104E-5
2.605218833513148E-5
2.619883878820829E-5
2.6358548686931574E-5
2.6531710553435396E-5
2.6718406804721708E-5
2.6918363144565097E-5
2.7130915066640113E-5
2.73549915935056E-5
2.7589119529429374E-5
2.7831450226126937E-5
2.8079809229726743E-5
2.833176732957916E-5
2.8584729643392048E-5
2.8836037651649434E-5
2.9083077739886457E-5
2.932338899439067E-5
2.9554762845008382E-5
2.9775327702966676E-5
2.9983612961901516E-5
3.0178588493285364E-5
3.0359677881053525E-5
3.052674586873968E-5
3.068006258875103E-5
3.082024888298424E-5
3.094820823496076E-5
3.106505141836413E-5
3.1172019911259964E-5
3.1270413495357214E-5
3.1361526386023806E-5
3.144659489268242E-5
3.152675817485501E-5
3.160303230678254E-5
3.167629672817763E-5
3.174729132664851E-5
3.181662190249282E-5
3.1884771594753336E-5
3.195211594755646E-5
3.201893959423579E-5
3.208545295247402E-5
3.2151807780879205E-5
3.221811088466057E-5
3.2284435633095906E-5
3.2350831241731745E-5
3.241732997236293E-5
3.248395252123555E-5
3.2550711915828696E-5
3.2617616241370395E-5
3.268467048788366E-5
3.275187776223577E-5
3.2819240058771295E-5
3.288675873409421E-5
3.295443479049121E-5
3.3022269039834834E-5
3.3090262195380916E-5
3.315841492154203E-5
3.322672786000231E-5
3.329520164297063E-5
3.336383689968241E-5
3.343263425948246E-5
3.3501594353238565E-5
3.3570717813969084E-5
3.364000527711451E-5
3.370945738065381E-5
3.377907476515616E-5
3.3848858073806174E-5
3.391880795241978E-5
3.398892504945592E-5
3.405921001602733E-5
3.4129663505910924E-5
3.42002861755584E-5
3.427107868410641E-5
3.434204169338731E-5
3.441317586793992E-5
3.448448187502001E-5
3.4555960384611556E-5
3.4627612069437545E-5
3.469943760497129E-5
3.477143766944752E-5
3.484361294387392E-5
3.4915964112042487E-5
3.49884918605412E-5
3.5061196878765605E-5
3.513407985893073E-5
3.52071414960831E-5
3.528038248811255E-5
3.5353803535764346E-5
3.5427405342651755E-5
3.5501188615267906E-5
3.5575154062998535E-5
3.56493023981345E-5
3.572363433588404E-5
3.579815059438611E-5
3.587285189472258E-5
3.594773896093152E-5
3.602281252002011E-5
3.6098073301977476E-5
3.6173522039788047E-5
3.624915946944482E-5
3.632498632996261E-5
3.6401003363391345E-5
3.647721131482955E-5
3.6553610932438E-5
3.663020296745325E-5
3.670698817420118E-5
3.678396731011076E-5
3.6861141135728116E-5
3.6938510414729895E-5
3.701607591393756E-5
3.7093838403331154E-5
3.717179865606322E-5
3.724995744847314E-5
3.732831556010091E-5
3.74068737737013E-5
3.748563287525834E-5
3.756459365399927E-5
3.76437569024086E-5
3.7723123416242786E-5
3.780269399454422E-5
3.788246943965564E-5
3.7962450557234486E-5
3.804263815626713E-5
3.812303304908347E-5
3.820363605137095E-5
3.828444798218941E-5
3.836546966398504E-5
3.844670192260488E-5
3.852814558731144E-5
3.8609801490796796E-5
3.869167046919704E-5
3.8773753362106764E-5
3.885605101259317E-5
3.89385642672107E-5
3.902129397601496E-5
3.9104240992577365E-5
3.9187406173999236E-5
3.927079038092591E-5
3.935439447756107E-5
3.9438219331680914E-5
3.952226581464827E-5
3.960653480142642E-5
3.969102717059345E-5
3.977574380435595E-5
3.986068558856309E-5
3.9945853412720474E-5
4.0031248170003675E-5
4.011687075727229E-5
4.0202722075083325E-5
4.02888030277051E-5
4.0375114523130595E-5
4.04616574730914E-5
4.0548432793071765E-5
4.063544140232348E-5
4.072268422388275E-5
4.0810162184590563E-5
4.08978762151202E-5
4.0985827250018034E-5
4.1074016227769305E-5
4.116244409090867E-5
4.125111178621162E-5
4.1340020265026264E-5
4.1429170483850127E-5
4.151856340532201E-5
4.160819999991256E-5
4.1698081248771965E-5
4.1788208148466616E-5
4.187858171876098E-5
4.196920301523812E-5
4.206007314950836E-5
4.215119332115071E-5
4.2242564867551564E-5
4.233418934066059E-5
4.2426068623659E-5
4.2518205105958796E-5
4.2610601942192536E-5
4.270326343031667E-5
4.279619555599401E-5
4.2889406765347244E-5
4.2982909046057324E-5
4.307671941740737E-5
4.3170861952507574E-5
4.326537047917585E-5
4.336029212747104E-5
4.345569190827893E-5
4.355165851399257E-5
4.364831152333262E-5
4.374581016074542E-5
4.384436369897607E-5
4.3944243493784785E-5
4.4045796496001643E-5
4.41494598944647E-5
4.425577630454596E-5
4.4365408637876805E-5
4.4479153484510656E-5
4.4597951533371485E-5
4.472289328436659E-5
4.4855218108637125E-5
4.499630464075581E-5
4.51476505883745E-5
4.531084036589264E-5
4.548749953114553E-5
4.567923583814641E-5
4.588756779499093E-5
4.611384287872201E-5
4.635914891466856E-5
4.662422344763292E-5
4.6909367061178566E-5
4.721436737306334E-5
4.753844069314694E-5
4.788019795181958E-5
4.82376404261275E-5
4.860818901784339E-5
4.898874847132489E-5
4.937580514570241E-5
4.97655540369287E-5
5.01540479896298E-5
5.0537359766277554E-5
5.091174613914645E-5
5.1273802650942024E-5
5.162059825518125E-5
5.194978066922495E-5
5.225964579078378E-5
5.254916766785259E-5
5.281798891910223E-5
5.306637479359749E-5
5.3295136875440544E-5
5.350553449312072E-5
5.369916300696206E-5
5.387783827147411E-5
5.4043485779955816E-5
5.4198041480031404E-5
5.43433692557632E-5
5.4481197887941076E-5
5.461307819845696E-5
5.474035927740474E-5
5.4864181330377866E-5
5.498548183488689E-5
5.510501134924087E-5
5.522335540445589E-5
5.5340959320960054E-5
5.5458153402956485E-5
5.5575176655491744E-5
5.5692197844189255E-5
5.580933330560919E-5
5.592666137824074E-5
5.6044233648429245E-5
5.616208340109429E-5
5.62802317539595E-5
5.639869196401949E-5
5.6517472353918343E-5
5.663657823775986E-5
5.67560131488193E-5
5.687577959781949E-5
5.699587952665348E-5
5.71163145713607E-5
5.723708620973008E-5
5.7358195841501404E-5
5.7479644830536924E-5
5.760143452627376E-5
5.772356627427989E-5
5.78460414212821E-5
5.7968861317488996E-5
5.809202731763916E-5
5.821554078147114E-5
5.833940307394049E-5
5.84636155653318E-5
5.8588179631327725E-5
5.8713096653061875E-5
5.88383680171661E-5
5.896399511581511E-5
5.90899793467714E-5
5.9216322113429344E-5
5.9343024824859505E-5
5.947008889585272E-5
5.9597515746964754E-5
5.972530680456014E-5
5.985346350085648E-5
5.998198727396868E-5
6.011087956795261E-5
6.0240141832849006E-5
6.036977552472709E-5
6.049978210572793E-5
6.0630163044107546E-5
6.0760919814279886E-5
6.089205389685924E-5
6.102356677870282E-5
6.115545995295271E-5
6.128773491907723E-5
6.142039318291235E-5
6.15534362567025E-5
6.168686565914096E-5
6.182068291540985E-5
6.195488955721978E-5
6.208948712284841E-5
6.222447715717963E-5
6.235986121174104E-5
6.249564084474156E-5
6.263181762110841E-5
6.276839311252332E-5
6.290536889745838E-5
6.304274656121093E-5
6.318052769593824E-5
6.331871390069127E-5
6.345730678144785E-5
6.359630795114518E-5
6.373571902971158E-5
6.387554164409792E-5
6.401577742830756E-5
6.415642802342611E-5
6.429749507765056E-5
6.443898024631748E-5
6.458088519192991E-5
6.472321158418456E-5
6.486596109999723E-5
6.500913542352778E-5
6.515273624620489E-5
6.529676526674877E-5
6.544122419119412E-5
6.558611473291119E-5
6.57314386126277E-5
6.587719755844766E-5
6.602339330587133E-5
6.617002759781285E-5
6.63171021846178E-5
6.646461882407982E-5
6.661257928145584E-5
6.676098532948069E-5
6.690983874838114E-5
6.705914132588808E-5
6.720889485724912E-5
6.735910114523865E-5
6.750976200016877E-5
6.766087923989732E-5
6.781245468983668E-5
6.796449018296048E-5
6.811698755980987E-5
6.826994866849866E-5
6.842337536471756E-5
6.857726951173746E-5
6.873163298041173E-5
6.88864676491773E-5
6.904177540405499E-5
6.91975581386489E-5
6.935381775414487E-5
6.951055615930729E-5
6.966777527047567E-5
6.982547701155995E-5
6.99836633140341E-5
7.01423361169294E-5
7.030149736682565E-5
7.04611490178412E-5
7.062129303162082E-5
7.078193137732104E-5
7.094306603159191E-5
7.110469897855441E-5
7.126683220977113E-5
7.142946772420843E-5
7.159260752818655E-5
7.175625363531622E-5
7.192040806641874E-5
7.20850728494337E-5
7.225025001932478E-5
7.241594161801685E-5
7.258214969443215E-5
7.274887630476402E-5
7.291612351324965E-5
7.308389339390518E-5
7.325218803403461E-5
7.342100954087035E-5
7.359036005357499E-5
7.376024176417267E-5
7.393065695299173E-5
7.410160804717861E-5
7.427309771513298E-5
7.444512901577481E-5
7.461770562992008E-5
7.479083221231072E-5
7.496451491765537E-5
7.513876217295451E-5
7.531358579182179E-5
7.548900255452122E-5
7.566503640949941E-5
7.584172148692449E-5
7.601910614958507E-5
7.619725833738637E-5
7.637627248276868E-5
7.655627827789026E-5
7.673745155076315E-5
7.69200274456635E-5
7.710431599145082E-5
7.729071996917274E-5
7.747975474948335E-5
7.767206945825365E-5
7.786846845055967E-5
7.806993164511332E-5
7.827763182235605E-5
7.849294656344603E-5
7.871746216162314E-5
7.895296664030235E-5
7.920142903735065E-5
7.946496243265026E-5
7.974576886212133E-5
8.004606530470538E-5
8.036799133868268E-5
8.071350077962211E-5
8.10842415183998E-5
8.148142970438536E-5
8.190572615268943E-5
8.235712415775016E-5
8.283485853476657E-5
8.333734548925724E-5
8.386216170951174E-5
8.440606886633695E-5
8.496508659250832E-5
8.553461323270868E-5
8.610958955018917E-5
8.66846965766515E-5
8.725457535520502E-5
8.781405388054096E-5
8.835836542063751E-5
8.888334279879252E-5
8.938557513029567E-5
8.986251676031684E-5
9.031254238273344E-5
9.07349470526096E-5
9.112989449806042E-5
9.149832126743129E-5
9.184180738162533E-5
9.216242601276772E-5
9.246258516851897E-5
9.274487350544023E-5
9.301192045500172E-5
9.326627816719151E-5
9.351032975531284E-5
9.37462253480717E-5
9.397584484613899E-5
9.420078426668614E-5
9.442236125377193E-5
9.464163473801165E-5
9.485943375917981E-5
9.507639097423371E-5
9.529297718816041E-5
9.550953419704212E-5
9.572630417893948E-5
9.594345470502712E-5
9.616109911034439E-5
9.637931243923782E-5
9.65981434743173E-5
9.681762349847954E-5
9.70377724655506E-5
9.725860320549344E-5
9.748012419914494E-5
9.770234135149806E-5
9.792525908949229E-5
9.814888102034835E-5
9.837321031396426E-5
9.859824991801421E-5
9.882400267509578E-5
9.905047138449254E-5
9.927765883370116E-5
9.950556781402248E-5
9.973420112804952E-5
9.996356159317858E-5
1.0019365204323692E-4
1.0042447532924969E-4
1.006560343198233E-4
1.0088833190136352E-4
1.0112137097821993E-4
1.0135515447279647E-4
1.0158968532564299E-4
1.0182496649553454E-4
1.0206100095954005E-4
1.0229779171308116E-4
1.0253534176998279E-4
1.0277365416251374E-4
1.0301273194141959E-4
1.0325257817594569E-4
1.034931959538532E-4
1.0373458838142581E-4
1.0397675858346874E-4
1.0421970970329944E-4
1.0446344490273091E-4
1.0470796736204664E-4
1.0495328027996891E-4
1.0519938687361803E-4
1.0544629037846611E-4
1.0569399404828237E-4
1.0594250115507231E-4
1.061918149890088E-4
1.0644193885835744E-4
1.0669287608939482E-4
1.0694463002632023E-4
1.0719720403116066E-4
1.0745060148367032E-4
1.0770482578122346E-4
1.0795988033870065E-4
1.0821576858836982E-4
1.0847249397976191E-4
1.0873005997953948E-4
1.0898847007136049E-4
1.092477277557371E-4
1.0950783654988795E-4
1.0976879998758626E-4
1.1003062161900218E-4
1.1029330501054019E-4
1.1055685374467191E-4
1.1082127141976354E-4
1.110865616498991E-4
1.1135272806469873E-4
1.116197743091326E-4
1.1188770404333071E-4
1.1215652094238702E-4
1.1242622869616221E-4
1.1269683100907887E-4
1.1296833159991535E-4
1.1324073420159411E-4
1.1351404256096713E-4
1.1378826043859761E-4
1.1406339160853723E-4
1.1433943985810018E-4
1.1461640898763444E-4
1.1489430281028874E-4
1.1517312515177697E-4
1.1545287985013874E-4
1.1573357075549737E-4
1.1601520172981442E-4
1.1629777664664199E-4
1.1658129939087093E-4
1.1686577385847757E-4
1.1715120395626692E-4
1.1743759360161386E-4
1.1772494672220095E-4
1.180132672557548E-4
1.1830255914977898E-4
1.1859282636128567E-4
1.1888407285652428E-4
1.1917630261070869E-4
1.1946951960774064E-4
1.1976372783993429E-4
1.200589313077352E-4
1.2035513401944028E-4
1.2065233999091396E-4
1.209505532453041E-4
1.2124977781275534E-4
1.2155001773012072E-4
1.218512770406728E-4
1.2215355979381117E-4
1.2245687004477083E-4
1.2276121185432655E-4
1.2306658928849728E-4
1.2337300641824663E-4
1.2368046731918152E-4
1.239889760712459E-4
1.2429853675840802E-4
1.246091534683386E-4
1.2492083029207312E-4
1.2523357132365005E-4
1.2554738065971132E-4
1.2586226239904295E-4
1.2617822064202525E-4
1.264952594899434E-4
1.2681338304409114E-4
1.2713259540457006E-4
1.2745290066865154E-4
1.2777430292852665E-4
1.28096806268225E-4
1.2842041475944228E-4
1.2874513245601227E-4
1.290709633868012E-4
1.293979115469797E-4
1.2972598088800637E-4
1.300551753074038E-4
1.3038549864071745E-4
1.307169546602353E-4
1.3104954708852295E-4
1.3138327964014207E-4
1.3171815611277225E-4
1.3205418056017808E-4
1.3239135759502633E-4
1.3272969289045367E-4
1.3306919397643987E-4
1.3340987146111738E-4
1.337517408482192E-4
1.3409482516912202E-4
1.344391586991687E-4
1.3478479207909517E-4
1.3513179920705454E-4
1.3548028629581477E-4
1.358304034912973E-4
1.3618235940821434E-4
1.3653643883992418E-4
1.3689302372630268E-4
1.372526172010796E-4
1.3761587017962213E-4
1.3798360948946717E-4
1.3835686600192643E-4
1.3873690062348533E-4
1.3912522539953254E-4
1.3952361643918964E-4
1.399341149753793E-4
1.4035901272710206E-4
1.4080081793109049E-4
1.412621990451226E-4
1.4174590425380503E-4
1.4225465654144968E-4
1.427910261853975E-4
1.433572849435445E-4
1.439552487638873E-4
1.445861182677435E-4
1.4525032824424925E-4
1.4594741862400664E-4
1.4667593958977106E-4
1.474334024277008E-4
1.4821628534420443E-4
1.4902009984832804E-4
1.4983951867659896E-4
1.5066856102545977E-4
1.5150082558857455E-4
1.5232975716739162E-4
1.5314892901307004E-4
1.5395232104697598E-4
1.5473457400214533E-4
1.554912014079119E-4
1.562187450329467E-4
1.5691486450271285E-4
1.5757835772877072E-4
1.5820911484253856E-4
1.5880801382574437E-4
1.59376770584522E-4
1.5991775837380246E-4
1.6043381311876825E-4
1.6092804026578353E-4
1.6140363662828968E-4
1.6186373747989735E-4
1.62311295386642E-4
1.627489934657567E-4
1.6317919234453296E-4
1.6360390738629418E-4
1.6402481092353863E-4
1.6444325332001618E-4
1.6486029658240324E-4
1.6527675478342086E-4
1.6569323652565417E-4
1.6611018585147887E-4
1.6652791920120848E-4
1.6694665709880062E-4
1.6736655011690197E-4
1.677876993064975E-4
1.6821017167753134E-4
1.6863401151924904E-4
1.6905924840000615E-4
1.6948590263555097E-4
1.6991398890664545E-4
1.7034351857603651E-4
1.7077450112510723E-4
1.7120694501605732E-4
1.7164085819236337E-4
1.7207624835939196E-4
1.7251312313600425E-4
1.7295149013308095E-4
1.7339135699209174E-4
1.738327314025913E-4
1.7427562110900615E-4
1.7472003391218353E-4
1.7516597766848216E-4
1.756134602877674E-4
1.7606248973094476E-4
1.7651307400732113E-4
1.7696522117192093E-4
1.7741893932280336E-4
1.7787423659840608E-4
1.7833112117491895E-4
1.7878960126369232E-4
1.7924968510868073E-4
1.7971138098392056E-4
1.8017469719104308E-4
1.8063964205682144E-4
1.811062239307512E-4
1.8157445118266563E-4
1.8204433220038273E-4
1.825158753873878E-4
1.8298908916054537E-4
1.8346398194784758E-4
1.839405621861914E-4
1.84418838319189E-4
1.8489881879501098E-4
1.8538051206425747E-4
1.8586392657786408E-4
1.8634907078503675E-4
1.8683595313121547E-4
1.873245820560713E-4
1.8781496599153106E-4
1.8830711335983267E-4
1.8880103257160844E-4
1.892967320239986E-4
1.8979422009879368E-4
1.9029350516060363E-4
1.907945955550576E-4
1.9129749960702965E-4
1.9180222561889364E-4
1.9230878186880308E-4
1.9281717660900145E-4
1.9332741806415667E-4
1.9383951442972415E-4
1.9435347387033414E-4
1.9486930451820736E-4
1.9538701447159413E-4
1.959066117932413E-4
1.9642810450888398E-4
1.969515006057608E-4
1.974768080311561E-4
1.980040346909656E-4
1.9853318844828652E-4
1.9906427712203272E-4
1.9959730848557214E-4
2.001322902653892E-4
2.0066923013977011E-4
2.0120813573751148E-4
2.0174901463665285E-4
2.0229187436322967E-4
2.028367223900505E-4
2.0338356613549665E-4
2.039324129623429E-4
2.044832701766009E-4
2.0503614502638372E-4
2.0559104470079114E-4
2.0614797632881841E-4
2.067069469782835E-4
2.0726796365477576E-4
2.0783103330062648E-4
2.083961627938981E-4
2.0896335894739457E-4
2.0953262850769078E-4
2.1010397815418287E-4
2.106774144981573E-4
2.1125294408187836E-4
2.1183057337769754E-4
2.1241030878717867E-4
2.129921566402432E-4
2.1357612319433566E-4
2.141622146336035E-4
2.147504370680988E-4
2.153407965329959E-4
2.1593329898782755E-4
2.1652795031573878E-4
2.1712475632275637E-4
2.177237227370787E-4
2.1832485520837885E-4
2.189281593071259E-4
2.1953364052392234E-4
2.2014130426885686E-4
2.2075115587086953E-4
2.213632005771309E-4
2.2197744355242942E-4
2.2259388987856435E-4
2.2321254455373246E-4
2.2383341249190006E-4
2.2445649852213646E-4
2.2508180738787424E-4
2.2570934374604483E-4
2.2633911216600233E-4
2.269711171281085E-4
2.2760536302177947E-4
2.2824185414269644E-4
2.2888059468874355E-4
2.2952158875403232E-4
2.301648403201033E-4
2.308103532430265E-4
2.314581312346506E-4
2.3210817783566006E-4
2.327604963773908E-4
2.3341508992856815E-4
2.3407196122234483E-4
2.3473111255835956E-4
2.3539254567428463E-4
2.3605626158185422E-4
2.3672226036424544E-4
2.373905409357146E-4
2.380611007716415E-4
2.387339356289197E-4
2.394090392945452E-4
2.4008640342598823E-4
2.4076601758222342E-4
2.414478695904815E-4
2.4213194645153135E-4
2.4281823605492377E-4
2.4350673005250423E-4
2.441974283182319E-4
2.4489034549616845E-4
2.455855201936129E-4
2.4628302739590887E-4
2.46982994642853E-4
2.4768562239096227E-4
2.4839120876812517E-4
2.491001785877986E-4
2.498131160173419E-4
2.505307996909463E-4
2.51254238342303E-4
2.519847042494799E-4
2.527237610044705E-4
2.534732814385855E-4
2.5423545106952256E-4
2.550127523153861E-4
2.5580792507024066E-4
2.5662390015675104E-4
2.5746370372031107E-4
2.58330332794385E-4
2.592266049522035E-4
2.6015498797499735E-4
2.611174185310533E-4
2.621151216212279E-4
2.6314844461735774E-4
2.6421672072498437E-4
2.65318176335329E-4
2.6644989481471927E-4
2.67607845808411E-4
2.6878698430840385E-4
2.699814179530857E-4
2.7118463486365833E-4
2.7238977846066344E-4
2.735899508478437E-4
2.747785231269749E-4
2.7594942987005383E-4
2.770974261294003E-4
2.782182887272204E-4
2.7930894876220647E-4
2.8036754869054884E-4
2.813934242177708E-4
2.8238707719627654E-4
2.8334997240039774E-4
2.8428435464121607E-4
2.851930435706706E-4
2.860792239171838E-4
2.869462469909263E-4
2.877974560496021E-4
2.886360440729747E-4
2.8946494823383186E-4
2.902867813959328E-4
2.9110379771503267E-4
2.9191788710741166E-4
2.9273059205616895E-4
2.935431398783463E-4
2.9435648399939195E-4
2.951713487410622E-4
2.95988273378415E-4
2.9680765254092625E-4
2.9762977125223877E-4
2.9845483391388724E-4
2.992829872905495E-4
3.00114338046604E-4
3.0094896564814976E-4
3.0178693153145133E-4
3.026282854031418E-4
3.0347306943000207E-4
3.043213209371658E-4
3.0517307409177324E-4
3.06028360921597E-4
3.068872119132246E-4
3.077496563537396E-4
3.086157225213355E-4
3.0948543779005195E-4
3.1035882868737095E-4
3.1123592092684E-4
3.121167394279139E-4
3.1300130832947847E-4
3.1388965100035115E-4
3.147817900483646E-4
3.156777473287965E-4
3.165775439524891E-4
3.1748120029381007E-4
3.1838873599851036E-4
3.193001699915098E-4
3.2021552048462046E-4
3.2113480498420624E-4
3.22058040298787E-4
3.2298524254658197E-4
3.239164271629977E-4
3.248516089080569E-4
3.2579080187377285E-4
3.2673401949146386E-4
3.2768127453901725E-4
3.286325791480906E-4
3.2958794481126314E-4
3.305473823891319E-4
3.315109021173487E-4
3.324785136136075E-4
3.334502258845758E-4
3.3442604733277363E-4
3.3540598576339695E-4
3.363900483910919E-4
3.373782418466713E-4
3.383705721837852E-4
3.3936704488553385E-4
3.40367664871033E-4
3.413724365019253E-4
3.4238136358884436E-4
3.4339444939782154E-4
3.4441169665665205E-4
3.454331075612027E-4
3.4645868378167425E-4
3.474884264688139E-4
3.4852233626007803E-4
3.495604132857473E-4
3.506026571749923E-4
3.5164906706189276E-4
3.5269964159140765E-4
3.5375437892529816E-4
3.548132767480044E-4
3.558763322724749E-4
3.569435422459491E-4
3.580149029556941E-4
3.590904102346963E-4
3.601700594673065E-4
3.612538455948394E-4
3.623417631211297E-4
3.634338061180423E-4
3.645299682309385E-4
3.656302426840967E-4
3.667346222860935E-4
3.6784309943513636E-4
3.689556661243557E-4
3.700723139470528E-4
3.7119303410190714E-4
3.723178173981391E-4
3.7344665426063215E-4
3.74579534735011E-4
3.7571644849268093E-4
3.768573848358248E-4
3.7800233270235856E-4
3.7915128067084566E-4
3.80304216965374E-4
3.814611294603873E-4
3.8262200568548203E-4
3.837868328301617E-4
3.849555977485523E-4
3.8612828696407925E-4
3.8730488667410305E-4
3.884853827545216E-4
3.89669760764328E-4
3.9085800595013205E-4
3.9205010325065105E-4
3.932460373011489E-4
3.944457924378513E-4
3.9564935270231547E-4
3.9685670184576885E-4
3.980678233334044E-4
3.992827003486463E-4
4.005013157973748E-4
4.017236523121171E-4
4.029496922561998E-4
4.0417941772786755E-4
4.054128105643623E-4
4.066498523459629E-4
4.078905243999863E-4
4.0913480780473973E-4
4.103826833934169E-4
4.116341317579272E-4
4.128891332526318E-4
4.141476679979449E-4
4.1540971588373667E-4
4.166752565724373E-4
4.179442695016719E-4
4.192167338861654E-4
4.204926287185145E-4
4.2177193276820706E-4
4.2305462457793654E-4
4.243406824558166E-4
4.256300844614128E-4
4.2692280838257186E-4
4.282188316987414E-4
4.295181315246984E-4
4.3082068452627274E-4
4.321264667966396E-4
4.334354536779488E-4
4.3474761950845113E-4
4.36062937269887E-4
4.3738137810395513E-4
4.3870291066057886E-4
4.400275002352038E-4
4.4135510764864265E-4
4.426856878227311E-4
4.440191880104745E-4
4.45355545653367E-4
4.4669468586444437E-4
4.480365185770795E-4
4.493809354600912E-4
4.507278067822867E-4
4.5207697851531634E-4
4.534282700914457E-4
4.54781473377263E-4
4.561363535753343E-4
4.574926529070015E-4
4.588500980382121E-4
4.602084122572991E-4
4.6156733336542524E-4
4.62926638061556E-4
4.6428617326206887E-4
4.6564589426740063E-4
4.6700590896796106E-4
4.683665263866252E-4
4.697283068338478E-4
4.710921098871494E-4
4.724591354173919E-4
4.738309521168022E-4
4.7520950760125496E-4
4.765971143220337E-4
4.779964063622232E-4
4.7941026378648055E-4
4.808417035539952E-4
4.822937389839321E-4
4.8376921315931436E-4
4.852706151426096E-4
4.8679989104788896E-4
4.883582644279351E-4
4.899460816704526E-4
4.915626978246494E-4
4.932064163192755E-4
4.948744924086632E-4
4.965632051429571E-4
4.982679966681949E-4
4.999836713588195E-4
5.017046414023265E-4
5.034252007208968E-4
5.051398061439844E-4
5.068433439465408E-4
5.085313613707696E-4
5.102002463825001E-4
5.118473442213014E-4
5.134882154996055E-4
5.151219502176819E-4
5.167485533764728E-4
5.183688182966405E-4
5.199841675276347E-4
5.215964776785686E-4
5.232079037890314E-4
5.24820716617112E-4
5.264371629230455E-4
5.280593550147593E-4
5.296891920270774E-4
5.313283120717098E-4
5.329780718242061E-4
5.346395484530386E-4
5.363135580419971E-4
5.380006846893207E-4
5.397013150896428E-4
5.414156743929394E-4
5.431438602735981E-4
5.448858732565732E-4
5.46641642314077E-4
5.484110454987836E-4
5.50193925900435E-4
5.519901035201646E-4
5.537993837905959E-4
5.556215634782068E-4
5.574564346343572E-4
5.593037871518472E-4
5.611634103639019E-4
5.630350940102041E-4
5.649186287998087E-4
5.668138067265041E-4
5.68720421237536E-4
5.706382673185575E-4
5.725671415324169E-4
5.745068420334108E-4
5.764571685690061E-4
5.784179224753813E-4
5.803889066700626E-4
5.823699256432577E-4
5.843607854486446E-4
5.863612936939565E-4
5.883712595315237E-4
5.903904936488133E-4
5.924188082590208E-4
5.944560170916955E-4
5.96501935383416E-4
5.985563798685182E-4
6.006191687698727E-4
6.026901217897088E-4
6.047690601004877E-4
6.068558063358311E-4
6.089501845814872E-4
6.110520203663537E-4
6.131611406535487E-4
6.15277373831528E-4
6.17400549705243E-4
6.195304994873629E-4
6.216670557895255E-4
6.238100526136497E-4
6.25959325343285E-4
6.28114710735014E-4
6.302760469098967E-4
6.324431733449649E-4
6.346159308647586E-4
6.367941616329121E-4
6.389777091437805E-4
6.411664182141178E-4
6.43360134974794E-4
6.455587068625613E-4
6.47761982611861E-4
6.499698122466778E-4
6.521820470724389E-4
6.543985396679535E-4
6.566191438773975E-4
6.588437148023439E-4
6.610721087938328E-4
6.633041834444852E-4
6.655397975806643E-4
6.677788112546711E-4
6.700210857369915E-4
6.722664835085789E-4
6.745148682531769E-4
6.767661048496962E-4
6.790200593646176E-4
6.812765990444474E-4
6.835355923082071E-4
6.857969087399697E-4
6.880604190814314E-4
6.903259952245272E-4
6.925935102040851E-4
6.948628381905243E-4
6.971338544825886E-4
6.994064355001195E-4
7.016804587768724E-4
7.039558029533696E-4
7.062323477697945E-4
7.085099740589233E-4
7.107885637390926E-4
7.13067999807212E-4
7.153481663318095E-4
7.176289484461192E-4
7.199102323412015E-4
7.221919052591097E-4
7.244738554860823E-4
7.267559723457862E-4
7.290381461925857E-4
7.313202684048559E-4
7.33602231378328E-4
7.358839285194752E-4
7.38165254238933E-4
7.404461039449564E-4
7.427263740369111E-4
7.450059618988079E-4
7.472847658928606E-4
7.495626853530898E-4
7.518396205789618E-4
7.541154728290523E-4
7.563901443147581E-4
7.586635381940386E-4
7.609355585651826E-4
7.63206110460628E-4
7.65475099840795E-4
7.677424335879661E-4
7.700080195001881E-4
7.72271766285206E-4
7.745335835544173E-4
7.767933818168429E-4
7.79051072473093E-4
7.813065678093107E-4
7.835597809910613E-4
7.858106260570755E-4
7.880590179127615E-4
7.903048723233031E-4
7.925481059060553E-4
7.947886361217919E-4
7.970263812640961E-4
7.992612604457995E-4
8.014931935807807E-4
8.037221013585633E-4
8.059479052078989E-4
8.081705272436637E-4
8.103898901888148E-4
8.126059172595461E-4
8.148185319967858E-4
8.170276580205485E-4
8.192332186748157E-4
8.214351365193041E-4
8.236333326102159E-4
8.258277254946316E-4
8.280182298226365E-4
8.302047544579445E-4
8.32387199942741E-4
8.34565455147602E-4
8.367393929156129E-4
8.389088644955114E-4
8.410736925575541E-4
8.432336626051416E-4
8.453885126434419E-4
8.475379210526487E-4
8.496814927469635E-4
8.518187438883602E-4
8.539490856704574E-4
8.560718079905144E-4
8.581860641765635E-4
8.602908583114255E-4
8.623850370628825E-4
8.644672882440903E-4
8.66536148533061E-4
8.685900228095218E-4
8.706272173545485E-4
8.726459886431285E-4
8.746446086006886E-4
8.76621445980893E-4
8.785750619857954E-4
8.805043164747921E-4
8.824084792361459E-4
8.842873390169365E-4
8.861413015569387E-4
8.879714669985831E-4
8.897796769838375E-4
8.915685226819204E-4
8.933413070110922E-4
8.95101957391088E-4
8.968548893133948E-4
8.986048255210884E-4
9.003565801991737E-4
9.021148217596621E-4
9.038838310156891E-4
9.056672732891097E-4
9.074680029384E-4
9.092879167855552E-4
9.111278690653075E-4
9.129876551725332E-4
9.148660652175797E-4
9.167610019349473E-4
9.186696515975393E-4
9.205886919733016E-4
9.225145185631666E-4
9.24443469671537E-4
9.313561406137517E-4
9.382112534711066E-4
9.450071391073516E-4
9.517425590833652E-4
9.584167263805038E-4
9.650292901939411E-4
9.715802918695311E-4
9.780701007297817E-4
9.844993389848391E-4
9.90868804286757E-4
9.971793970212019E-4
0.0010034320574705004
0.0010096277158641238
0.0010157672563519825
0.0010218514943071849
0.0010278811652076132
0.001033856922686838
0.0010397793431362152
0.0010456489343841505
0.0010514661463559708
0.0010572313821113333
0.0010629450081674422
0.00106860736347573
0.0010742187667871622
0.0010797795224034093
0.001085289924473554
0.001090750260076344
0.001096160811348348
0.0011015218569008062
0.0011068336727304755
0.0011120965327857612
0.0011173107093075372
0.0011224764730283446
0.0011275940932859863
0.0011326638380872638
0.0011376859741437809
0.0011426607668926334
0.0011475884805092589
0.001152469377916325
0.0011573037207907272
0.0011620917695696759
0.0011668337834563787
0.0011715300204255365
0.0011761807372287466
0.0011807861893998579
0.001185346631260292
0.0011898623159243434
0.0011943334953044514
0.0011987604201164487
0.0012031433398847964
0.0012074825029477884
0.0012117781564627392
0.0012160305464111478
0.001220239917603839
0.0012244065136860895
0.0012285305771427219
0.0012326123493031896
0.0012366520703466289
0.0012406499793069046
0.0012446063140776156
0.0012485213114170953
0.0012523952069533864
0.0012562282351891948
0.001260020629506817
0.001263772622173058
0.00126748444434412
0.0012711563260704752
0.0012747884963017193
0.001278381182891395
0.0012819346126018085
0.0012854490111088195
0.0012889246030066111
0.0012923616118124385
0.0012957602599713669
0.0012991207688609688
0.001302443358796035
0.0013057282490332273
0.0013089756577757453
0.0013121858021779471
0.0013153588983499742
0.0013184951613623387
0.0013215948052505016
0.001324658043019429
0.0013276850866481241
0.0013306761470941518
0.0013336314342981337
0.0013365511571882319
0.001339435523684608
0.0013422847407038644
0.0013450990141634727
0.0013478785489861784
0.0013506235491043872
0.0013533342174645328
0.0013560107560314303
0.0013586533657926072
0.0013612622467626247
0.0013638375979873562
0.001366379617548287
0.0013688885025667636
0.0013713644492082332
0.0013738076526864803
0.0013762183072678201
0.0013785966062752997
0.0013809427420928627
0.0013832569061695051
0.0013855392890234166
0.001387790080246098
0.00139000946850646
0.0013921976415549105
0.0013943547862274243
0.0013964810884495957
0.0013985767332406688
0.0014006419047175567
0.0014026767860988404
0.001404681559708753
0.0014066564069811487
0.0014086015084634493
0.0014105170438205763
0.0014124031918388738
0.0014142601304300059
0.0014160880366348397
0.0014178870866273113
0.0014196574557182773
0.001421399318359347
0.001423112848146696
0.001424798217824857
0.001426455599290485
0.0014280851635961023
0.0014296870809537851
0.0014312615207387907
0.001432808651493098
0.0014343286409287872
0.0014358216559311578
0.0014372878625614728
0.0014387274260589996
0.001440140510841996
0.001441527280506954
0.0014428878978250297
0.001444222524734047
0.0014455313223235072
0.001446814450808705
0.0014480720694880933
0.0014493043366750743
0.0014505114095912969
0.0014516934442026085
0.0014528505949706367
0.0014539830144817572
0.0014550908529001256
0.0014561742571715837
0.0014572333698796057
0.001458268327622141
0.0014592792587385364
0.0014602662801685212
0.001461229493171179
0.0014621689775727261
0.0014630847841512976
0.0014639769247107508
0.0014648453593520945
0.001465689980432237
0.001466510592719968
0.0014673068893362496
0.001468078423219312
0.0014688245741046762
0.0014695445113734626
0.0014702371536107746
0.0014709011263311156
0.001471534720056303
0.001472135851740221
0.00147270203336769
0.0014732303523300404
0.0014737174687918819
0.0014741596355871051
0.0014745527460832148
0.0014748924148035526
0.0014751740942938922
0.001475393229708015
0.0014755454498813383
0.0014756267903664922
0.001475633940225742
0.001475564500618026
0.0014754172397751465
0.0014751923262772127
0.001474891521062411
0.0014745183087360944
0.00147407795075473
0.0014735774470459233
0.0014730253984543524
0.0014724317696962743
0.001471807560650411
0.0014711644020160316
0.001470514098738486
0.0014698681502597435
0.0014692372798531814
0.0014686310055516912
0.0014680572823144399
0.0014675222393140941
0.0014670300281416626
0.0014665827881959002
0.001466180725607554
0.001465822292844127
0.0029090100847553994
0.0028983497162567737
0.002887848049458349
0.0028774931205187196
0.0028672718896981053
0.002857170929383121
0.0028471770220567278
0.00283727764279053
0.0028274613141976066
0.002817717834119309
0.002808038386474782
0.0027984155529711657
0.002788843247520623
0.0027793165964221777
0.0027698317861426652
0.0027603858975590707
0.0027509767415444223
0.002741602706474765
0.0027322626241531433
0.002722955657162709
0.002713681207970946
0.002704438848254072
0.0026952282658232367
0.0026860492260719214
0.0026769015448579823
0.0026677850700192397
0.002658699669158389
0.0026496452218150307
0.002640621614600486
0.0026316287382652666
0.002622666485984965
0.0026137347523888903
0.0026048334330263587
0.00259596242408247
0.0025871216222312513
0.0025783109245619685
0.002569530228543031
0.002560779432004585
0.0025520584331300603
0.00254336713045181
0.0025347054228486497
0.002526073209544122
0.0025174703901051413
0.002508896864440741
0.0025003525328008815
0.0024918372957752795
0.002483351054292252
0.0024748937096175532
0.0024664651633532313
0.0024580653174364766
0.002449694074138478
0.002441351336063298
0.0024330370061467176
0.00242475098765513
0.00241649318418439
0.002408263499658707
0.002400061838329517
0.002391888104774375
0.0023837422038958376
0.0023756240409203563
0.00236753352139718
0.0023594705511972396
0.00235143503651207
0.002343426883852717
0.0023354460000486214
0.002327492292246566
0.0023195656679095822
0.002311666034815861
0.0023037933010577037
0.002295947375040425
0.0022881281654813027
0.0022803355814085104
0.002272569532160061
0.0022648299273827434
0.0022571166770310744
0.0022494296913662492
0.002241768880955103
0.0022341341566690597
0.0022265254296830973
0.002218942611474715
0.0022113856138229
0.0022038543488071007
0.0021963487288062093
0.002188868666497527
0.002181414074855761
0.002173984867152004
0.0021665809569527314
0.0021592022581187775
0.002151848684804353
0.002144520151456036
0.00213721657281177
0.0021299378638998836
0.0021226839400380936
0.0021154547168325184
0.0021082501101766927
0.0021010700362505985
0.0020939144115196787
0.0020867831527338694
0.002079676176926629
0.002072593401413973
0.002065534743793513
0.002058500121943485
0.0020514894540218137
0.002044502658465146
0.002037539653987899
0.002030600359581321
0.002023684694512547
0.00201679257832366
0.0020099239308307448
0.002003078672122965
0.0019962567225616235
0.0019894580027792486
0.0019826824336786485
0.0019759299364320213
0.0019692004324800053
0.0019624938435307835
0.0019558100915591614
0.001949149098805668
0.0019425107877756465
0.0019358950812383485
0.0019293019022260383
0.0019227311740330933
0.0019161828202151174
0.0019096567645880346
0.0019031529312272177
0.0018966712444665882
0.0018902116288977134
0.0018837740093689322
0.001877358310984429
0.0018709644591033074
0.0018645923793386063
0.0018582419975562547
0.0018519132398738811
0.0018456060326593885
0.0018393203025291586
0.0018330559763456017
0.0018268129812136595
0.0018205912444755742
0.0018143906937028783
0.0018082112566839689
0.0018020528614046513
0.001795915436017764
0.0017897989087958947
0.0017837032080582488
0.0017776282620584937
0.0017715739988142585
0.0017655403458505456
0.0017595272298175854
0.0017535345759278663
0.0017475623071361037
0.0017416103429586474
0.0017356785977941343
0.0017297669785641557
0.0017238753814408845
0.00171800368736821
0.0017121517560154584
0.001706319417731499
0.0017005064629973588
0.0016947126288160833
0.0016889375814409364
0.0016831808948430686
0.001677442024376209
0.0016717202752307716
0.0016660147655062109
0.0016603243840904573
0.0016546477440361456
0.0016489831327735197
0.0016433284612927595
0.0016376812153381687
0.001632038412631865
0.001626396571106133
0.0016207516939627665
0.0016150992779607166
0.001609434351508851
0.0016037515487541587
0.0015980452247694819
0.001592309615061163
0.001586539039904789
0.0015807281505357841
0.001574872210139905
0.0015689673981923587
0.0015630111223792417
0.001557002318581491
0.0015509417167307955
0.001544832049259955
0.001538678179777319
0.0015324871327421895
0.0015262680103246952
0.0015200317900497622
0.001513791005722729
0.0015075593237382872
0.0015013510362320872
0.0014951805006220237
0.0014890615609390496
0.0014830069891929312
0.0014770279843953394
0.0014711337627028892
0.0014653312648002556
0.0014596249968645055
0.001454017010284211
