0.0010074581462217555
0.0020141901699725676
0.003020661974627179
0.004027955137940352
0.005036312046808941
0.006045508553832392
0.007055153031564688
0.008064634534812473
0.009073251858767731
0.010080382269860154
0.010078215904650363
0.010075072138411714
0.01007124613164895
0.010068059557352195
0.010067983867947442
0.010069951677870016
0.010072765174470793
0.010075800472856417
0.010078448081340058
0.010080164513521431
0.010080523035644025
0.01007923729621268
0.010076264588618364
0.010070861271584658
0.010064457479281001
0.010062384815732028
0.010063442612781038
0.010065996054013161
0.010069352810903839
0.01007277830369953
0.010075551139983707
0.010077020356298042
0.010076619185411
0.010074019768778014
0.010067557492889135
0.01005866333727815
0.010054961147752955
0.010055177246171524
0.010057354219922762
0.010060751886533706
0.010064562449252433
0.010067971417738334
0.01007021016708956
0.010070547788643578
0.010068467256104831
0.01006163608680017
0.010051384895232053
0.010046715279486656
0.010046242743592252
0.010047716022115318
0.010050543538761508
0.010054126930430273
0.010057800067780624
0.010060813532499857
0.010062290517832015
0.010061414191901819
0.010055227272419845
0.010044539520738707
0.010038264387193825
0.010034532860454564
0.010033994229198557
0.010037131401486429
0.010043185146264304
0.0100505584061121
0.010057147279562523
0.010060550590942526
0.010058430455835597
0.010046541616818795
0.010024397821624953
0.009999261396905499
0.01000633977656184
0.010028983357946348
0.01005517592488406
0.010075592199598615
0.010083163388958653
0.010072715854342284
0.010040620177749687
0.009984660609516471
0.009902083586134165
0.009793931252089683
0.010081822957434606
0.01023884776925742
0.010285385881627149
0.010239966787153037
0.010118553937624468
0.009934897634135744
0.009700844642115847
0.009426574491697814
0.009120914836186735
0.008790435706001465
0.012997130871067037
0.011813690434052075
0.010739533227936878
0.009763763871657104
0.008877124680570872
0.008071234552448075
0.00733851908104305
0.006672142752169233
0.006065930439825243
0.005514340341028614
0.05511268441238026
