6.059693046513452E-8
1.227614178823989E-7
1.864254765122958E-7
2.5147531118620776E-7
3.1775883489147874E-7
3.850959403427579E-7
4.532905054027728E-7
5.22142932787749E-7
5.914620042454653E-7
6.610749693037759E-7
7.308350631472365E-7
8.006260099745544E-7
8.703634577693299E-7
9.399936473996302E-7
1.0094898933016207E-6
1.0788476133813247E-6
1.1480786835530815E-6
1.2172058205648508E-6
1.2862575448791321E-6
1.3552640813177437E-6
1.4242543569136304E-6
1.4932540839009105E-6
1.5622847906163354E-6
1.6313635913678555E-6
1.700503464264427E-6
1.7697138224128806E-6
1.8390012042959374E-6
1.9083699594472624E-6
1.97782285453895E-6
2.04736156556933E-6
2.1169870508819816E-6
2.186699817320382E-6
2.256500099945929E-6
2.3263879772423795E-6
2.3963634413547343E-6
2.4664264388606644E-6
2.5365768933114467E-6
2.6068147171004997E-6
2.6771398174123632E-6
2.747552099059335E-6
2.818051465767158E-6
2.888637820728613E-6
2.959311066830105E-6
3.0300711067401916E-6
3.1009178429431906E-6
3.1718511777521965E-6
3.2428710133148338E-6
3.3139772516167015E-6
3.385169794484034E-6
3.4564485435862066E-6
3.5278134004381924E-6
3.599264266403016E-6
3.670801042694232E-6
3.742423630378411E-6
3.814131930377645E-6
3.885925843472061E-6
3.9578052703023724E-6
4.029770111372423E-6
4.101820267051769E-6
4.173955637578247E-6
4.2461761230606094E-6
4.318481623481101E-6
4.390872038698156E-6
4.463347268449E-6
4.535907212352371E-6
4.608551769911177E-6
4.681280840515214E-6
4.754094323443894E-6
4.826992117868999E-6
4.899974122857422E-6
4.973040237373968E-6
5.046190360284141E-6
5.119424390356959E-6
5.192742226267786E-6
5.266143766601198E-6
5.339628909853838E-6
5.41319755443731E-6
5.48684959868109E-6
5.560584940835459E-6
5.63440347907443E-6
5.7083051114987165E-6
5.782289736138735E-6
5.856357250957585E-6
5.930507553854082E-6
6.004740542665774E-6
6.079056115172057E-6
6.153454169097196E-6
6.227934602113438E-6
6.302497311844159E-6
6.377142195866973E-6
6.451869151716892E-6
6.526678076889514E-6
6.601568868844226E-6
6.676541425007399E-6
6.751595642775657E-6
6.826731419519103E-6
6.901948652584633E-6
6.9772472392992074E-6
7.0526270769731735E-6
7.1280880629036415E-6
7.2036300943777945E-6
7.279253068676303E-6
7.35495688307674E-6
7.430741434856959E-6
7.506606621298605E-6
7.582552339690513E-6
7.658578487332256E-6
7.734684961537628E-6
7.810871659638174E-6
7.887138478986747E-6
7.963485316961101E-6
8.039912070967466E-6
8.116418638444177E-6
8.193004916865325E-6
8.269670803744394E-6
8.346416196637976E-6
8.423240993149485E-6
8.50014509093285E-6
8.577128387696297E-6
8.654190781206124E-6
8.731332169290524E-6
8.808552449843323E-6
8.885851520827928E-6
8.963229280281137E-6
9.040685626317066E-6
9.118220457131E-6
9.195833671003407E-6
9.273525166303852E-6
9.35129484149497E-6
9.429142595136573E-6
9.507068325889528E-6
9.585071932519954E-6
9.663153313903223E-6
9.741312369028119E-6
9.819548997000923E-6
9.897863097049695E-6
9.97625456852841E-6
1.0054723310921341E-5
1.0133269223847537E-5
1.0211892207065536E-5
1.02905921604786E-5
1.0369368984140665E-5
1.0448222578264031E-5
1.0527152843229771E-5
1.0606159679603307E-5
1.0685242988159453E-5
1.076440266992408E-5
1.0843638626245466E-5
1.0922950758917967E-5
1.1002338970396476E-5
1.1081803164167417E-5
1.1161343245387078E-5
1.1240959121970855E-5
1.1320650706436069E-5
1.1400417918989741E-5
1.1480260692650743E-5
1.1560178981658503E-5
1.1640172775129668E-5
1.1720242118994614E-5
1.1800387150837272E-5
1.1880608154590587E-5
1.1960905645387606E-5
1.204128049959697E-5
1.2121734151617675E-5
1.220226888788314E-5
1.228288828027621E-5
1.236359781631866E-5
1.2444405802483708E-5
1.252532463993132E-5
1.260637259854433E-5
1.2687576244242414E-5
1.2768973703975234E-5
1.2850618978889388E-5
1.2932587533487517E-5
1.3014983389694707E-5
1.3097947930151027E-5
1.3181670553639004E-5
1.3266401215445607E-5
1.3352464715525444E-5
1.3440276359477784E-5
1.3530358309444116E-5
1.3623355571344151E-5
1.3720050151535957E-5
1.3821371495881939E-5
1.3928400950286447E-5
1.4042367722948278E-5
1.4164633765104795E-5
1.4296665201874039E-5
1.443998851074944E-5
1.4596130608981181E-5
1.4766543375438908E-5
1.4952514841044546E-5
1.5155071208025977E-5
1.5374875804713693E-5
1.5612132792980925E-5
1.5866504630658363E-5
1.6137052669631238E-5
1.642220961691922E-5
1.6719790784021168E-5
1.7027048133785635E-5
1.7280170384198386E-5
1.75346421148742E-5
1.778682229602686E-5
1.8033135815100433E-5
1.8270253561970797E-5
1.8495257204041138E-5
1.8705774685932765E-5
1.8900075320604414E-5
1.9077117512050086E-5
1.923654711534426E-5
1.9378649521923618E-5
1.9504263066631973E-5
1.9614664700951465E-5
1.97114406767801E-5
1.979635510790056E-5
1.9871227858342586E-5
1.993783060772725E-5
1.999780666491205E-5
2.005261668579135E-5
2.010350938574302E-5
2.0151513977580915E-5
2.019744959658383E-5
2.024194640738933E-5
2.0285473294203437E-5
2.0328367797357812E-5
2.0370865025494593E-5
2.0413123412192967E-5
2.045524622082137E-5
2.0497298522988817E-5
2.0539319942538667E-5
2.0581333780136012E-5
2.062335325826106E-5
2.0665385612041846E-5
2.070743465579005E-5
2.0749502325566794E-5
2.0791589567270016E-5
2.083369682620571E-5
2.087582430534147E-5
2.0917972095556584E-5
2.096014023838203E-5
2.100232875482725E-5
2.1044537657995996E-5
2.1086766958336813E-5
2.1129016665718092E-5
2.1171286790205805E-5
2.1213577342340566E-5
2.1255888333232368E-5
2.129821977459262E-5
2.1340571678746475E-5
2.1382944058638863E-5
2.1425336927838987E-5
2.1467750300544476E-5
2.151018419158543E-5
2.1552638616428243E-5
2.1595113591179793E-5
2.163760913259141E-5
2.1680125258062907E-5
2.1722661985646763E-5
2.176521933405214E-5
2.1807797322649097E-5
2.1850395971472563E-5
2.1893015301226762E-5
2.1935655333289136E-5
2.1978316089714806E-5
2.2020997593240646E-5
2.2063699867289683E-5
2.210642293597529E-5
2.214916682410545E-5
2.2191931557187205E-5
2.2234717161431038E-5
2.22775236637551E-5
2.232035109178982E-5
2.2363199473882117E-5
2.24060688391E-5
2.2448959217237126E-5
2.2491870638817048E-5
2.253480313509801E-5
2.2577756738077353E-5
2.2620731480496156E-5
2.266372739584378E-5
2.270674451836267E-5
2.2749782883052726E-5
2.2792842525676248E-5
2.2835923482762575E-5
2.2879025791612738E-5
2.2922149490304235E-5
2.2965294617695984E-5
2.300846121343289E-5
2.305164931795088E-5
2.3094858972481603E-5
2.3138090219057466E-5
2.3181343100516494E-5
2.322461766050718E-5
2.326791394349362E-5
2.331123199476034E-5
2.3354571860417425E-5
2.3397933587405587E-5
2.3441317223501083E-5
2.348472281732091E-5
2.3528150418327966E-5
2.357160007683611E-5
2.3615071844015424E-5
2.3658565771897264E-5
2.3702081913379655E-5
2.3745620322232455E-5
2.3789181053102576E-5
2.3832764161519406E-5
2.387636970389999E-5
2.3919997737554528E-5
2.3963648320691648E-5
2.4007321512423797E-5
2.4051017372772753E-5
2.4094735962674934E-5
2.4138477343987096E-5
2.4182241579491546E-5
2.422602873290182E-5
2.4269838868868237E-5
2.431367205298348E-5
2.4357528351788062E-5
2.4401407832776047E-5
2.4445310564400647E-5
2.4489236616079976E-5
2.4533186058202537E-5
2.457715896213313E-5
2.4621155400218508E-5
2.4665175445793E-5
2.4709219173184542E-5
2.475328665772025E-5
2.4797377975732327E-5
2.484149320456387E-5
2.4885632422574792E-5
2.4929795709147648E-5
2.4973983144693545E-5
2.501819481065806E-5
2.5062430789527235E-5
2.510669116483347E-5
2.5150976021161727E-5
2.519528544415545E-5
2.5239619520522922E-5
2.5283978338043582E-5
2.5328361985574953E-5
2.5372770553060104E-5
2.5417204131536616E-5
2.5461662813147614E-5
2.5506146691157766E-5
2.555065585997701E-5
2.559519041519905E-5
2.5639750453666125E-5
2.568433607358037E-5
2.572894737469684E-5
2.5773584458659077E-5
2.5818247429580028E-5
2.5862936395041738E-5
2.5907651467802313E-5
2.5952392768685134E-5
2.599716043142261E-5
2.604195461069707E-5
2.6086775495352922E-5
2.61316233298766E-5
2.6176498448941967E-5
2.6221401332353196E-5
2.6266332691438027E-5
2.6311293603313014E-5
2.6356285717056446E-5
2.640131156641336E-5
2.644637503808682E-5
2.6491482063890173E-5
2.653664163000094E-5
2.6581867228069205E-5
2.6627178911399894E-5
2.6672606164517948E-5
2.6718191844607356E-5
2.676399750529433E-5
2.6810110461340073E-5
2.685665298832125E-5
2.690379406213556E-5
2.6951764013379956E-5
2.7000872382325398E-5
2.7051529090446527E-5
2.7104268773806386E-5
2.715977773566465E-5
2.721892246310727E-5
2.7282778022827544E-5
2.7352653933178547E-5
2.7430114358808925E-5
2.751698877633972E-5
2.76153687300729E-5
2.772758607453484E-5
2.7856168334787697E-5
2.8003767644221395E-5
2.8173061243175807E-5
2.836662377116375E-5
2.8586774492266117E-5
2.8835405967252115E-5
2.9113804207589686E-5
2.94224735808582E-5
2.9760982173740907E-5
3.0127844437408275E-5
3.052045729600065E-5
3.093510321675054E-5
3.136702899894233E-5
3.18106025280096E-5
3.2259542071111594E-5
3.270720474485277E-5
3.314691361297428E-5
3.357229752995514E-5
3.3977615223676606E-5
3.435803575507773E-5
3.4709851489785394E-5
3.503060663920711E-5
3.531913338334008E-5
3.557549735065121E-5
3.580086345046847E-5
3.599730048325451E-5
3.6167547663742604E-5
3.6314767717947914E-5
3.6442309617995794E-5
3.655349983764604E-5
3.6651475131122006E-5
3.6739063301410515E-5
3.681871223416449E-5
3.689246242428768E-5
3.6961954795433E-5
3.702846394620138E-5
3.709294688664838E-5
3.7156098478897584E-5
3.7218406690911215E-5
3.728020294431652E-5
3.73417049034091E-5
3.740305075957207E-5
3.746432529480733E-5
3.752557875489082E-5
3.7586839898957806E-5
3.764812462814236E-5
3.7709441446260664E-5
3.777079476857849E-5
3.783218684133078E-5
3.789361880754631E-5
3.7955091273146855E-5
3.80166045943269E-5
3.807815901684735E-5
3.8139754740418494E-5
3.8201391947038473E-5
3.826307081285234E-5
3.832479151286326E-5
3.8386554222707923E-5
3.844835911929152E-5
3.851020638100617E-5
3.857209618780509E-5
3.863402872123104E-5
3.869600416443067E-5
3.8758022702164954E-5
3.8820084520818815E-5
3.888218980841059E-5
3.8944338754601524E-5
3.9006531550705286E-5
3.90687683896976E-5
3.913104946622577E-5
3.9193374976618904E-5
3.925574511889733E-5
3.9318160092782684E-5
3.938062009970815E-5
3.944312534282807E-5
3.9505676027028514E-5
3.956827235893729E-5
3.963091454693457E-5
3.969360280116285E-5
3.975633733353763E-5
3.9819118357757906E-5
3.988194608931675E-5
3.994482074551187E-5
4.000774254545649E-5
4.0070711710089904E-5
4.013372846218848E-5
4.019679302637654E-5
4.025990562913712E-5
4.0323066498823104E-5
4.038627586566839E-5
4.044953396179887E-5
4.051284102124338E-5
4.0576197279945336E-5
4.06396029757736E-5
4.0703058348534046E-5
4.076656363998075E-5
4.0830119093827235E-5
4.089372495575825E-5
4.095738147344097E-5
4.102108889653651E-5
4.108484747671134E-5
4.114865746764922E-5
4.121251912506238E-5
4.127643270670321E-5
4.134039847237617E-5
4.140441668394912E-5
4.146848760536516E-5
4.153261150265427E-5
4.159678864394509E-5
4.1661019299476635E-5
4.172530374161008E-5
4.178964224484043E-5
4.1854035085808366E-5
4.191848254331198E-5
4.198298489831859E-5
4.204754243397657E-5
4.211215543562708E-5
4.217682419081588E-5
4.224154898930511E-5
4.2306330123085E-5
4.2371167886385856E-5
4.243606257568965E-5
4.250101448974178E-5
4.2566023929562906E-5
4.263109119846071E-5
4.269621660204149E-5
4.276140044822188E-5
4.2826643047240625E-5
4.289194471167023E-5
4.295730575642836E-5
4.3022726498789746E-5
4.308820725839764E-5
4.315374835727532E-5
4.321935011983772E-5
4.328501287290268E-5
4.3350736945702646E-5
4.3416522669895854E-5
4.348237037957799E-5
4.3548280411293005E-5
4.361425310404507E-5
4.3680288799309135E-5
4.3746387841042604E-5
4.3812550575696206E-5
4.3878777352225066E-5
4.39450685221E-5
4.401142443931805E-5
4.4077845460413896E-5
4.41443319444702E-5
4.421088425312888E-5
4.427750275060169E-5
4.434418780368089E-5
4.4410939781750314E-5
4.4477759056796E-5
4.454464600341766E-5
4.461160099884057E-5
4.467862442292873E-5
4.474571665820071E-5
4.481287808985028E-5
4.48801091057759E-5
4.494741009662645E-5
4.5014781455876726E-5
4.508222357995607E-5
4.5149736868471105E-5
4.521732172459476E-5
4.528497855574402E-5
4.535270777475613E-5
4.542050980191468E-5
4.548838506841103E-5
4.555633402220318E-5
4.5624357137836396E-5
4.569245493273639E-5
4.576062799395911E-5
4.5828877021633894E-5
4.5897202898739176E-5
4.596560680190177E-5
4.603409037529529E-5
4.610265600031989E-5
4.6171307208695185E-5
4.62400493072593E-5
4.630889031070061E-5
4.637784231531723E-5
4.644692349426285E-5
4.651616095371889E-5
4.658559476020934E-5
4.665528353039418E-5
4.672531206214626E-5
4.679580157196707E-5
4.68669231765685E-5
4.6938915297808775E-5
4.7012105655957856E-5
4.7086938416290024E-5
4.716400683352387E-5
4.724409136154866E-5
4.7328202630035145E-5
4.741762791427939E-5
4.751397874046988E-5
4.7619236107956265E-5
4.773578854795803E-5
4.786645699970824E-5
4.801449944810686E-5
4.8183587655481096E-5
4.8377748386040166E-5
4.860126251405444E-5
4.8858517528050246E-5
4.915381229679762E-5
4.949111749905511E-5
4.9873800590417956E-5
5.0304330118005135E-5
5.0783979916380656E-5
5.1312558386935485E-5
5.1888190779558115E-5
5.250718234038578E-5
5.3163986782621875E-5
5.3851297592890214E-5
5.456026952805067E-5
5.5280865166765634E-5
5.600230793992576E-5
5.6713610404910174E-5
5.740413648023017E-5
5.8064150545042976E-5
5.8685305850658695E-5
5.926102995881804E-5
5.978677541550309E-5
6.026011825686659E-5
6.068070325541354E-5
6.105005076812742E-5
6.137125344397122E-5
6.16486001488659E-5
6.188716828560794E-5
6.209242412589113E-5
6.226986458212258E-5
6.242472442837262E-5
6.256176207528666E-5
6.268512635535188E-5
6.279829782105401E-5
6.290409172924825E-5
6.300470652573234E-5
6.310180106356233E-5
6.319658540243339E-5
6.328991305520155E-5
6.338236616415752E-5
6.347432862437695E-5
6.356604515610059E-5
6.365766652585293E-5
6.374928249137757E-5
6.384094470455177E-5
6.393268192961512E-5
6.402450971744473E-5
6.411643629182939E-5
6.420846597751202E-5
6.430060111054016E-5
6.439284305639315E-5
6.448519272850755E-5
6.45776508403829E-5
6.467021802245545E-5
6.476289487369128E-5
6.485568198324447E-5
6.494857993909247E-5
6.504158933130894E-5
6.513471075324813E-5
6.522794480196295E-5
6.532129207835904E-5
6.541475318726292E-5
6.550832873746472E-5
6.560201934175285E-5
6.569582561694707E-5
6.578974818393148E-5
6.588378766768609E-5
6.597794469731902E-5
6.607221990609854E-5
6.616661393148413E-5
6.626112741515851E-5
6.635576100305842E-5
6.64505153454054E-5
6.654539109673664E-5
6.664038891593541E-5
6.67355094662608E-5
6.68307534153777E-5
6.692612143538637E-5
6.702161420285113E-5
6.711723239882958E-5
6.72129767089008E-5
6.730884782319354E-5
6.740484643641364E-5
6.750097324787175E-5
6.75972289615098E-5
6.769361428592786E-5
6.779012993441011E-5
6.788677662495058E-5
6.798355508027823E-5
6.808046602788178E-5
6.81775102000343E-5
6.82746883338168E-5
6.837200117114192E-5
6.846944945877669E-5
6.856703394836518E-5
6.866475539645023E-5
6.876261456449516E-5
6.886061221890464E-5
6.895874913104538E-5
6.905702607726598E-5
6.915544383891598E-5
6.92540032023657E-5
6.935270495902348E-5
6.945154990535436E-5
6.95505388428974E-5
6.964967257828175E-5
6.974895192324358E-5
6.98483776946413E-5
6.99479507144708E-5
7.00476718098799E-5
7.014754181318261E-5
7.024756156187195E-5
7.034773189863315E-5
7.044805367135581E-5
7.054852773314564E-5
7.064915494233509E-5
7.074993616249442E-5
7.08508722624411E-5
7.095196411624922E-5
7.105321260325833E-5
7.115461860808133E-5
7.125618302061209E-5
7.135790673603223E-5
7.145979065481729E-5
7.156183568274283E-5
7.166404273088934E-5
7.1766412715646E-5
7.18689465587159E-5
7.197164518711785E-5
7.207450953318987E-5
7.217754053459127E-5
7.228073913430367E-5
7.238410628063184E-5
7.248764292720407E-5
7.259135003297153E-5
7.269522856220797E-5
7.279927948450655E-5
7.290350377477929E-5
7.300790241325315E-5
7.311247638546687E-5
7.321722668226705E-5
7.332215429980286E-5
7.342726023952166E-5
7.35325455081624E-5
7.36380111177492E-5
7.374365808558443E-5
7.384948743424117E-5
7.395550019155417E-5
7.406169739061206E-5
7.416808006974676E-5
7.427464927252434E-5
7.438140604773422E-5
7.448835144937826E-5
7.459548653665954E-5
7.470281237397183E-5
7.481033003088937E-5
7.491804058215933E-5
7.502594510769849E-5
7.513404469259931E-5
7.52423404271537E-5
7.535083340690835E-5
7.545952473277966E-5
7.556841551127397E-5
7.567750685489614E-5
7.578679988288944E-5
7.589629572255137E-5
7.600599551154198E-5
7.611590040188376E-5
7.622601156681112E-5
7.633633021237271E-5
7.644685759686809E-5
7.655759506305132E-5
7.666854409089909E-5
7.677970638310218E-5
7.689108400198396E-5
7.700267958621557E-5
7.711449668971679E-5
7.722654030511137E-5
7.733881766201166E-5
7.745133942857586E-5
7.756412149576483E-5
7.767718759008578E-5
7.779057304443737E-5
7.790433015894188E-5
7.80185357032118E-5
7.813330124378944E-5
7.824878711598138E-5
7.836522098169094E-5
7.848292199948312E-5
7.860233164575314E-5
7.872405212254559E-5
7.884889301617334E-5
7.897792637504834E-5
7.911254960194146E-5
7.925455446594492E-5
7.940619912156391E-5
7.957027831015899E-5
7.975018500762105E-5
7.994995484259017E-5
8.017428289483315E-5
8.042850132313177E-5
8.071850604925473E-5
8.105062183269693E-5
8.143139785021229E-5
8.186733055272408E-5
8.236451710055229E-5
8.292825077350282E-5
8.356257877262439E-5
8.426985179439227E-5
8.505030241302498E-5
8.590169426675006E-5
8.68190849945869E-5
8.779474181108129E-5
8.881823910546671E-5
8.987675283436774E-5
9.095554792939034E-5
9.203863445796311E-5
9.310954845018253E-5
9.415219696424059E-5
9.51516967108123E-5
9.60951332910332E-5
9.697217461947028E-5
9.777548687087953E-5
9.850092245894149E-5
9.91474742258857E-5
9.971701471962945E-5
1.0021386071313732E-4
1.0064421816194369E-4
1.0101556988796365E-4
1.0133606706446898E-4
1.0161397703685762E-4
1.0185722618319558E-4
1.0207306003353604E-4
1.022678264333231E-4
1.0244687344590142E-4
1.0261454348119485E-4
1.0277423945395684E-4
1.0292853741382425E-4
1.030793222114651E-4
1.0322792718116028E-4
1.0337526428295658E-4
1.035219365855331E-4
1.0366832962842342E-4
1.0381468168021182E-4
1.0396113512543732E-4
1.0410777231270203E-4
1.0425463944926159E-4
1.0440176183428448E-4
1.0454915315181765E-4
1.0469682089598956E-4
1.0484476940118424E-4
1.0499300146041374E-4
1.0514151915119301E-4
1.0529032423783144E-4
1.0543941835826023E-4
1.0558880310663746E-4
1.0573848006806814E-4
1.058884508324551E-4
1.0603871699973635E-4
1.0618928018176079E-4
1.063401420029252E-4
1.0649130410037933E-4
1.0664276812408863E-4
1.0679453573684891E-4
1.0694660861428492E-4
1.0709898844484116E-4
1.0725167692976556E-4
1.0740467578309068E-4
1.0755798673160734E-4
1.0771161151483595E-4
1.07865551884992E-4
1.0801980960694764E-4
1.0817438645818888E-4
1.0832928422876756E-4
1.084845047212514E-4
1.0864004975066717E-4
1.0879592114444234E-4
1.0895212074234082E-4
1.091086503963963E-4
1.0926551197084086E-4
1.0942270734203062E-4
1.0958023839836715E-4
1.09738107040216E-4
1.0989631517982104E-4
1.1005486474121638E-4
1.1021375766013356E-4
1.1037299588390726E-4
1.1053258137137673E-4
1.1069251609278426E-4
1.1085280202967088E-4
1.1101344117476906E-4
1.1117443553189239E-4
1.1133578711582268E-4
1.1149749795219469E-4
1.1165957007737683E-4
1.11822005538351E-4
1.1198480639258865E-4
1.1214797470792492E-4
1.1231151256243014E-4
1.1247542204427958E-4
1.1263970525161976E-4
1.1280436429243415E-4
1.1296940128440457E-4
1.1313481835477252E-4
1.1330061764019789E-4
1.134668012866149E-4
1.1363337144908686E-4
1.138003302916588E-4
1.1396767998720892E-4
1.1413542271729699E-4
1.143035606720119E-4
1.1447209604981811E-4
1.1464103105739894E-4
1.1481036790949992E-4
1.149801088287696E-4
1.1515025604559933E-4
1.1532081179796135E-4
1.1549177833124616E-4
1.156631578980979E-4
1.1583495275824876E-4
1.1600716517835225E-4
1.161797974318154E-4
1.1635285179862931E-4
1.1652633056519943E-4
1.1670023602417421E-4
1.1687457047427266E-4
1.1704933622011221E-4
1.1722453557203374E-4
1.1740017084592719E-4
1.1757624436305613E-4
1.1775275844988114E-4
1.179297154378824E-4
1.1810711766338248E-4
1.1828496746736769E-4
1.1846326719530875E-4
1.1864201919698117E-4
1.1882122582628553E-4
1.1900088944106607E-4
1.1918101240293017E-4
1.193615970770666E-4
1.195426458320632E-4
1.1972416103972467E-4
1.1990614507489039E-4
1.2008860031525082E-4
1.2027152914116468E-4
1.2045493393547513E-4
1.2063881708332632E-4
1.2082318097197987E-4
1.2100802799063024E-4
1.211933605302215E-4
1.2137918098326247E-4
1.2156549174364299E-4
1.2175229520645045E-4
1.2193959376778475E-4
1.2212738982457624E-4
1.2231568577440272E-4
1.2250448401530817E-4
1.226937869456259E-4
1.2288359696380536E-4
1.2307391646825124E-4
1.2326474785718093E-4
1.234560935285178E-4
1.236479558798493E-4
1.2384033730850153E-4
1.2403324021182307E-4
1.2422666698783707E-4
1.2442062003654146E-4
1.2461510176233091E-4
1.2481011457834672E-4
1.2500566091409892E-4
1.2520174322858758E-4
1.2539836403255503E-4
1.2559552592573435E-4
1.25793231658428E-4
1.2599148423209268E-4
1.2619028706167528E-4
1.263896442344606E-4
1.2658956091777575E-4
1.2679004399315046E-4
1.2699110303012598E-4
1.2719275176201853E-4
1.2739501029216115E-4
1.2759790834619507E-4
1.2780148999714765E-4
1.2800582042730069E-4
1.2821099545364567E-4
1.2841715472711862E-4
1.2862449970838554E-4
1.2883331770432524E-4
1.2904401338769246E-4
1.292571492725214E-4
1.294734965203139E-4
1.2969409713510044E-4
1.2992033798945872E-4
1.301540361304527E-4
1.3039753338191088E-4
1.3065379636032927E-4
1.309265156872865E-4
1.312201955259358E-4
1.3154022181176785E-4
1.318928950240633E-4
1.3228541150257363E-4
1.3272577668751103E-4
1.3322263481268504E-4
1.3378500301810503E-4
1.3442190390980556E-4
1.3514189933327422E-4
1.359525391944254E-4
1.3685975173333804E-4
1.3786721441738368E-4
1.389757558485127E-4
1.4018284695816797E-4
1.4148224170692413E-4
1.428638233759334E-4
1.4431370019758456E-4
1.4581457450392989E-4
1.4734638413473828E-4
1.4888718621641856E-4
1.5041422517629176E-4
1.5190510298612457E-4
1.5333895389797367E-4
1.5469752119389333E-4
1.5596604106585715E-4
1.571338581605118E-4
1.5819472616505906E-4
1.5914678112332242E-4
1.5999221010010888E-4
1.6073666844263021E-4
1.6138852110829879E-4
1.619579947319059E-4
1.62456326583827E-4
1.6289498552492167E-4
1.6328502124265726E-4
1.6363657512371947E-4
1.6395856291695718E-4
1.6425851917497875E-4
1.6454257860966975E-4
1.6481556097237824E-4
1.6508112368209628E-4
1.6534194905310794E-4
1.6559993896710808E-4
1.6585639743111114E-4
1.6611218912558336E-4
1.6636786867676212E-4
1.6662378038578154E-4
1.668801313710275E-4
1.6713704271624862E-4
1.6739458363675656E-4
1.6765279330322155E-4
1.6791169417842394E-4
1.681712998153786E-4
1.6843161921878026E-4
1.6869265917689906E-4
1.6895442545229893E-4
1.6921692336167922E-4
1.6948015804455038E-4
1.6974413458120815E-4
1.7000885804140543E-4
1.7027433350279706E-4
1.705405660569171E-4
1.7080756081030678E-4
1.7107532288386737E-4
1.713438574116206E-4
1.7161316953928903E-4
1.7188326442283967E-4
1.7215414722703115E-4
1.7242582312398215E-4
1.7269829729175756E-4
1.7297157491297875E-4
1.7324566117345427E-4
1.7352056126083314E-4
1.7379628036327845E-4
1.7407282366816243E-4
1.7435019636078268E-4
1.7462840362309886E-4
1.749074506324896E-4
1.7518734256053036E-4
1.7546808457179027E-4
1.7574968182264918E-4
1.760321394601356E-4
1.7631546262078125E-4
1.765996564294979E-4
1.7688472599847088E-4
1.771706764260732E-4
1.7745751279579536E-4
1.7774524017519856E-4
1.7803386361488018E-4
1.7832338814746193E-4
1.7861381878659342E-4
1.7890516052597384E-4
1.791974183383915E-4
1.7949059717478066E-4
1.7978470196329397E-4
1.8007973760839402E-4
1.8037570898995987E-4
1.8067262096241088E-4
1.809704783538469E-4
1.812692859652039E-4
1.8156904856942636E-4
1.8186977091065473E-4
1.821714577034295E-4
1.824741136319103E-4
1.8277774334910985E-4
1.8308235147614218E-4
1.833879426014893E-4
1.836945212802787E-4
1.8400209203357694E-4
1.843106593476988E-4
1.8462022767352901E-4
1.8493080142585933E-4
1.8524238498273846E-4
1.855549826848369E-4
1.8586859883482502E-4
1.8618323769676386E-4
1.8649890349551105E-4
1.8681560041613817E-4
1.8713333260336217E-4
1.874521041609891E-4
1.8777191915137124E-4
1.8809278159487606E-4
1.8841469546936843E-4
1.887376647097041E-4
1.8906169320723724E-4
1.893867848093367E-4
1.8971294331891859E-4
1.9004017249398615E-4
1.9036847604718437E-4
1.9069785764536551E-4
1.9102832090916387E-4
1.9135986941258427E-4
1.9169250668260083E-4
1.9202623619876688E-4
1.9236106139283341E-4
1.9269698564838218E-4
1.9303401230046666E-4
1.9337214463526316E-4
1.9371138588973407E-4
1.9405173925130003E-4
1.943932078575227E-4
1.9473579479579612E-4
1.9507950310305042E-4
1.9542433576546234E-4
1.9577029571817743E-4
1.961173858450407E-4
1.9646560897833678E-4
1.968149678985398E-4
1.9716546533407077E-4
1.975171039610662E-4
1.978698864031541E-4
1.9822381523123848E-4
1.9857889296329378E-4
1.989351220641673E-4
1.992925049453888E-4
1.9965104396499198E-4
2.00010741427339E-4
2.003715995829595E-4
2.0073362062839376E-4
2.0109680670604685E-4
2.014611599040553E-4
2.018266822561642E-4
2.0219337574162331E-4
2.0256124228511257E-4
2.029302837567087E-4
2.0330050197192898E-4
2.0367189869190423E-4
2.0404447562378072E-4
2.0441823442152445E-4
2.0479317668743117E-4
2.0516930397485953E-4
2.0554661779308118E-4
2.0592511961573635E-4
2.0630481089538977E-4
2.0668569308827212E-4
2.070677676958536E-4
2.0745103633389262E-4
2.07835500845801E-4
2.0822116348658535E-4
2.0860802721775945E-4
2.0899609617441753E-4
2.093853763957502E-4
2.097758769529793E-4
2.1016761166799757E-4
2.105606016965619E-4
2.109548793566027E-4
2.1135049371960035E-4
2.1174751865419466E-4
2.121460642163769E-4
2.1254629251477318E-4
2.1294843942972993E-4
2.1335284380712065E-4
2.1375998594349788E-4
2.1417053727272554E-4
2.1458542308127E-4
2.150058997284773E-4
2.1543364712626385E-4
2.1587087603588284E-4
2.1632044798091123E-4
2.1678600320982952E-4
2.1727208919439405E-4
2.1778427875116018E-4
2.183292632858693E-4
2.189149032987265E-4
2.1955021571783823E-4
2.2024527653259247E-4
2.2101101831425846E-4
2.2185890621765516E-4
2.228004834390818E-4
2.2384678798997528E-4
2.2500765665461458E-4
2.262909481401209E-4
2.277017340618235E-4
2.2924156071301176E-4
2.3090773712355022E-4
2.3269284717305648E-4
2.34584519177105E-4
2.3656551172806107E-4
2.386141501864919E-4
2.4070511593078474E-4
2.428105536157139E-4
2.449014248277123E-4
2.4694900483194354E-4
2.4892639754736705E-4
2.508099363137586E-4
2.5258034638329826E-4
2.542235689350784E-4
2.557311828558135E-4
2.5710040456035013E-4
2.583336914907003E-4
2.5943801521150536E-4
2.6042389975450823E-4
2.613043364969642E-4
2.620936872800345E-4
2.6280667407266127E-4
2.6345752971495407E-4
2.640593548401658E-4
2.646236959682791E-4
2.651603333462502E-4
2.656772474303198E-4
2.6618072138447E-4
2.666755334438974E-4
2.671651960662703E-4
2.6765220635150474E-4
2.6813828196360374E-4
2.6862456672095805E-4
2.691117986755199E-4
2.6960044006987653E-4
2.700907728323334E-4
2.705829654696908E-4
2.7107711781951293E-4
2.715732896768946E-4
2.720715183129619E-4
2.7257182873282845E-4
2.7307423942218953E-4
2.7357876542637383E-4
2.7408541992776897E-4
2.745942150185581E-4
2.751051620631415E-4
2.756182718616281E-4
2.761335547217249E-4
2.7665102049060405E-4
2.7717067857020586E-4
2.776925379260424E-4
2.782166070935837E-4
2.7874289418377564E-4
2.7927140688825246E-4
2.798021524844184E-4
2.803351378404694E-4
2.8087036942036367E-4
2.8140785328874816E-4
2.8194759511584376E-4
2.824896001822865E-4
2.830338733839315E-4
2.83580419236611E-4
2.841292418808519E-4
2.846803450865566E-4
2.852337322576412E-4
2.857894064366297E-4
2.8634737030921586E-4
2.8690762620878067E-4
2.87470176120871E-4
2.8803502168763993E-4
2.886021642122507E-4
2.891716046632369E-4
2.89743343678831E-4
2.903173815712497E-4
2.908937183309451E-4
2.914723536308154E-4
2.920532868303846E-4
2.9263651697993725E-4
2.932220428246235E-4
2.938098628085251E-4
2.943999750786851E-4
2.9499237748910193E-4
2.955870676046912E-4
2.9618404270520803E-4
2.9678329978913596E-4
2.973848355775423E-4
2.979886465178995E-4
2.9859472878786784E-4
2.9920307829905143E-4
2.9981369070071484E-4
3.0042656138346696E-4
3.010416854829172E-4
3.016590578832903E-4
3.022786732210132E-4
3.0290052588827226E-4
3.035246100365324E-4
3.0415091958002643E-4
3.047794481992159E-4
3.05410189344215E-4
3.060431362381884E-4
3.0667828188071333E-4
3.073156190511151E-4
3.079551403117696E-4
3.085968380113753E-4
3.092407042881971E-4
3.0988673107327754E-4
3.105349100936216E-4
3.111852328753499E-4
3.1183769074682245E-4
3.1249227484173497E-4
3.1314897610218396E-4
3.138077852817081E-4
3.1446869294829373E-4
3.1513168948735964E-4
3.1579676510470997E-4
3.1646390982945994E-4
3.17133113516933E-4
3.17804365851535E-4
3.1847765634959626E-4
3.19152974362187E-4
3.198303090779126E-4
3.2050964952567187E-4
3.2119098457739943E-4
3.218743029507751E-4
3.225595932119101E-4
3.2324684377800527E-4
3.2393604291998856E-4
3.246271787651216E-4
3.253202392995868E-4
3.260152123710412E-4
3.267120856911574E-4
3.2741084683812814E-4
3.2811148325915526E-4
3.288139822729076E-4
3.295183310719612E-4
3.3022451672521237E-4
3.309325261802649E-4
3.316423462658007E-4
3.3235396369391966E-4
3.330673650624615E-4
3.337825368573009E-4
3.3449946545462464E-4
3.3521813712318236E-4
3.3593853802651525E-4
3.36660654225165E-4
3.373844716788595E-4
3.3810997624867794E-4
3.388371536991944E-4
3.395659897006054E-4
3.4029646983083886E-4
3.4102857957765367E-4
3.4176230434073817E-4
3.424976294338234E-4
3.432345400868437E-4
3.439730214482027E-4
3.4471305858723865E-4
3.45454636497077E-4
3.461977400981789E-4
3.4694235424312267E-4
3.476884637235506E-4
3.484360532808507E-4
3.491851076232016E-4
3.499356114533161E-4
3.506875495139742E-4
3.5144090666275736E-4
3.521956679941239E-4
3.5295181903726103E-4
3.537093460736636E-4
3.5446823664132923E-4
3.55228480325841E-4
3.5599006998619694E-4
3.567530036297132E-4
3.5751728724109984E-4
3.582829389917173E-4
3.5904999541163524E-4
3.5981852030355873E-4
3.6058861741487564E-4
3.613604481571985E-4
3.621342559580979E-4
3.629103991207457E-4
3.6368939431076914E-4
3.6447197292235813E-4
3.652591525120721E-4
3.660523251224177E-4
3.6685336352641144E-4
3.676647450844902E-4
3.6848969090885894E-4
3.693323153157974E-4
3.701977771323354E-4
3.7109242044840624E-4
3.720238881627054E-4
3.730011876333275E-4
3.7403468456689165E-4
3.7513599976419615E-4
3.763177843600173E-4
3.7759335357093687E-4
3.789761673030323E-4
3.804791584701365E-4
3.821139261442911E-4
3.838898295900995E-4
3.858244379523576E-4
3.8791965390318596E-4
3.9017247139831534E-4
3.925743833749861E-4
3.951110864624238E-4
3.9776255370201096E-4
4.005035182353544E-4
4.0330437331428687E-4
4.0613245065345175E-4
4.08953595415434E-4
4.1173391810765393E-4
4.144415773100037E-4
4.170484371181464E-4
4.195314519493424E-4
4.2187365856101536E-4
4.240646974768435E-4
4.261008376981198E-4
4.279845322445309E-4
4.2972358009177027E-4
4.313300059042544E-4
4.328187882597777E-4
4.342065683746718E-4
4.355104561810136E-4
4.367470229758928E-4
4.379315352873213E-4
4.390774489983605E-4
4.4019615134613074E-4
4.412969148443844E-4
4.423870132210725E-4
4.4347194498678167E-4
4.445557136454692E-4
4.4564112234237607E-4
4.4673005220568774E-4
4.4782370537932887E-4
4.4892280401622803E-4
4.500277443281554E-4
4.511387099008976E-4
4.5225575113792355E-4
4.53378838447082E-4
4.545078962814923E-4
4.5564282397882346E-4
4.567835079646962E-4
4.57929828586343E-4
4.590816637692211E-4
4.602388908842403E-4
4.614013876556748E-4
4.62569032579749E-4
4.6374170510594823E-4
4.6491928570908123E-4
4.6610165591365446E-4
4.672886982985599E-4
4.68480296494094E-4
4.696763351761851E-4
4.708767000596801E-4
4.72081277891356E-4
4.732899564428759E-4
4.745026245037647E-4
4.757191718744118E-4
4.769394893591227E-4
4.7816346875920597E-4
4.793910028661035E-4
4.8062198545456136E-4
4.8185631127584344E-4
4.8309387605098217E-4
4.843345764640735E-4
4.8557831015560976E-4
4.8682497571585264E-4
4.8807447267824834E-4
4.89326701512879E-4
4.905815636199566E-4
4.918389613233511E-4
4.930987978641667E-4
4.943609773943449E-4
4.95625404970317E-4
4.968919865466867E-4
4.981606289699585E-4
4.99431239972293E-4
5.007037281653145E-4
5.019780030339429E-4
5.032539749302693E-4
5.045315550674691E-4
5.058106555137483E-4
5.070911891863302E-4
5.083730698454764E-4
5.096562120885441E-4
5.109405313440793E-4
5.1222594386595E-4
5.135123667275065E-4
5.147997178157872E-4
5.16087915825749E-4
5.173768802545431E-4
5.18666531395822E-4
5.199567903340734E-4
5.212475789390023E-4
5.225388198599367E-4
5.238304365202741E-4
5.251223531119553E-4
5.264144945899789E-4
5.277067866669441E-4
5.289991558076304E-4
5.302915292236069E-4
5.315838348678787E-4
5.328760014295627E-4
5.341679583285983E-4
5.354596357104896E-4
5.367509644410788E-4
5.380418761013521E-4
5.39332302982281E-4
5.406221780796907E-4
5.419114350891612E-4
5.432000084009619E-4
5.444878330950157E-4
5.457748449358941E-4
5.470609803678398E-4
5.48346176509832E-4
5.496303711506653E-4
5.509135027440718E-4
5.521955104038683E-4
5.534763338991352E-4
5.547559136494206E-4
5.560341907199812E-4
5.573111068170505E-4
5.585866042831285E-4
5.598606260923152E-4
5.611331158456582E-4
5.624040177665416E-4
5.636732766960924E-4
5.649408380886291E-4
5.662066480071186E-4
5.674706531186859E-4
5.68732800690131E-4
5.699930385834831E-4
5.712513152515852E-4
5.725075797336984E-4
5.737617816511386E-4
5.750138712029411E-4
5.762637991615482E-4
5.775115168685295E-4
5.787569762303219E-4
5.800001297140029E-4
5.812409303430878E-4
5.824793316933512E-4
5.83715287888678E-4
5.849487535969385E-4
5.861796840258923E-4
5.874080349191116E-4
5.88633762551941E-4
5.898568237274716E-4
5.910771757725478E-4
5.922947765338087E-4
5.935095843737436E-4
5.947215581667953E-4
5.959306572955016E-4
5.971368416466936E-4
5.983400716077879E-4
5.99540308063207E-4
6.007375123910503E-4
6.019316464601555E-4
6.031226726278698E-4
6.043105537390357E-4
6.054952531270875E-4
6.066767346187676E-4
6.078549625450062E-4
6.090299017621828E-4
6.10201517690669E-4
6.113697763818203E-4
6.125346446312387E-4
6.136960901663016E-4
6.148540819514122E-4
6.160085906773185E-4
6.171595895342621E-4
6.183070554165728E-4
6.194509707733214E-4
6.205913264115237E-4
6.217281256811661E-4
6.228613906309714E-4
6.239911709248887E-4
6.251175565530934E-4
6.262406956535573E-4
6.273608190674204E-4
6.284782735571311E-4
6.295935658767831E-4
6.307074200347232E-4
6.318208500413579E-4
6.32935250080094E-4
6.340525032496994E-4
6.351751086711658E-4
6.363063247167566E-4
6.374503233342702E-4
6.386123469188988E-4
6.397988550644771E-4
6.410176441028631E-4
6.422779180992545E-4
6.435902865880615E-4
6.449666626415709E-4
6.464200357759642E-4
6.479640985826924E-4
6.49612714476158E-4
6.513792268031582E-4
6.532756263885455E-4
6.586122021126758E-4
6.640602043845422E-4
6.696220340065307E-4
6.752950148612726E-4
6.810707723459829E-4
6.869349188873896E-4
6.928671211787999E-4
6.988415947843415E-4
7.048280326770575E-4
7.107929290917018E-4
7.167012143357007E-4
7.2251807631208E-4
7.282108166921147E-4
7.337505788641441E-4
7.391137936123504E-4
7.442832166250913E-4
7.492484759861989E-4
7.540061017200405E-4
7.585590655545532E-4
7.629159093464023E-4
7.670895782026561E-4
7.710960946631919E-4
7.749532118258146E-4
7.786791675668322E-4
7.82291633198817E-4
7.858069137968998E-4
7.892394202089192E-4
7.926013998974565E-4
7.959028891013789E-4
7.991518341931651E-4
8.023543254157462E-4
8.055148897254755E-4
8.086367986482251E-4
8.117223590376078E-4
8.147731668973623E-4
8.177903151653099E-4
8.207745545331358E-4
8.237264117145204E-4
8.266462723423121E-4
8.295344364552263E-4
8.323911540042896E-4
8.352166465870423E-4
8.380111201758206E-4
8.407747722483033E-4
8.435077956073859E-4
8.462103803371656E-4
8.488827147600466E-4
8.515249858845408E-4
8.541373796061796E-4
8.567200807947811E-4
8.592732733320762E-4
8.617971401288329E-4
8.642918631339485E-4
8.667576233405736E-4
8.691946007912095E-4
8.716029745824353E-4
8.739829228695257E-4
8.763346228710222E-4
8.78658250873268E-4
8.809539822349253E-4
8.832219913914685E-4
8.854624518596581E-4
8.876755362419985E-4
8.89861416231165E-4
8.920202626144212E-4
8.941522452780099E-4
8.962575332115243E-4
8.983362945122624E-4
9.003886963895594E-4
9.024149051690976E-4
9.044150862972009E-4
9.063894043451069E-4
9.083380230132216E-4
9.102611051353495E-4
9.121588126829118E-4
9.140313067691389E-4
9.158787476532466E-4
9.177012947445912E-4
9.194991066068099E-4
9.212723409619346E-4
9.230211546944926E-4
9.247457038555893E-4
9.264461436669664E-4
9.281226285250443E-4
9.297753120049503E-4
9.314043468645216E-4
9.330098850482892E-4
9.345920776914528E-4
9.361510751238273E-4
9.376870268737756E-4
9.392000816721219E-4
9.406903874560506E-4
9.421580913729809E-4
9.436033397844299E-4
9.450262782698495E-4
9.464270516304573E-4
9.478058038930417E-4
9.491626783137487E-4
9.504978173818549E-4
9.518113628235223E-4
9.531034556055357E-4
9.54374235939018E-4
9.556238432831422E-4
9.56852416348805E-4
9.580600931023059E-4
9.592470107689891E-4
9.604133058368845E-4
9.615591140603225E-4
9.626845704635324E-4
9.637898093442352E-4
9.648749642772001E-4
9.659401681178022E-4
9.66985553005556E-4
9.680112503676344E-4
9.690173909223642E-4
9.700041046827213E-4
9.709715209597924E-4
9.719197683662344E-4
9.728489748197034E-4
9.737592675462874E-4
9.746507730838998E-4
9.755236172856801E-4
9.763779253233589E-4
9.772138216906198E-4
9.780314302064424E-4
9.788308740184286E-4
9.796122756061143E-4
9.803757567842658E-4
9.811214387061618E-4
9.818494418668549E-4
9.825598861064274E-4
9.832528906132244E-4
9.839285739270689E-4
9.845870539424782E-4
9.852284479118431E-4
9.858528724486103E-4
9.86460443530441E-4
9.870512765023545E-4
9.876254860798639E-4
9.881831863520895E-4
9.887244907848612E-4
9.892495122238068E-4
9.897583628974275E-4
9.90251154420152E-4
9.907279977953865E-4
9.91189003418541E-4
9.916342810800463E-4
9.920639399683615E-4
9.924780886729555E-4
9.928768351872897E-4
9.932602869117814E-4
9.936285506567562E-4
9.93981732645396E-4
9.94319938516693E-4
9.946432733284045E-4
9.949518415600619E-4
9.952457471160392E-4
9.955250933287984E-4
9.95789982962413E-4
9.960405182166286E-4
9.962768007318935E-4
9.96498931596052E-4
9.967070113539687E-4
9.96901140022155E-4
9.970814171118528E-4
9.972479416662714E-4
9.974008123211434E-4
9.975401274033542E-4
9.97665985090741E-4
9.977784836690802E-4
9.978777219412345E-4
9.979637998713364E-4
9.980368195866853E-4
9.980968869160401E-4
9.98144113719704E-4
9.981786213695272E-4
9.98200545870602E-4
9.982100452849388E-4
9.982073103218605E-4
9.98192579196763E-4
9.981661581178276E-4
9.981284490171167E-4
9.98079986361276E-4
9.980214850034916E-4
9.979539009981047E-4
9.97878506999585E-4
9.977969832014296E-4
9.977115236275932E-4
9.976249558726151E-4
9.975408700389967E-4
9.974637496532666E-4
9.973990938716394E-4
9.973535165646137E-4
9.973348043081042E-4
9.973519124786623E-4
9.974148772564427E-4
9.975346221531706E-4
9.977226414329473E-4
9.97990550023954E-4
9.983495004170927E-4
0.001954494631240575
0.0019483900668368856
0.0019424301964005818
0.0019366156368428985
0.0019309427595357552
0.0019254032276225272
0.0019199837961676564
0.0019146664327648378
0.00190942879102017
0.0019042450362889692
0.001899086985649512
0.0018939254870419724
0.0018887319310610566
0.0018834797680637313
0.001878145896844035
0.0018727118009567259
0.0018671643341957493
0.001861496094598292
0.0018557053714292652
0.0018497956954806691
0.001843775063192081
0.0018376549341293114
0.0018314491158190488
0.0018251726489238369
0.0018188407908812162
0.0018124681710971044
0.0018060681604506045
0.0017996524673114358
0.0017932309458469806
0.001786811583073917
0.0017804006201823119
0.0017740027608235457
0.0017676214227840476
0.0017612589975585919
0.0017549170924551546
0.0017485967399886275
0.0017422985680213652
0.0017360229306209519
0.0017297700037639762
0.0017235398520842455
0.00171733247334605
0.0017111478267810365
0.001704985850362842
0.0016988464708833566
0.0016927296095749513
0.0016866351851095144
0.0016805631151265484
0.0016745133169759358
0.0016684857080617632
0.0016624802059934402
0.0016564967286484156
0.0016505351941964316
0.001644595521107951
0.0016386776281564158
0.0016327814344182414
0.0016269068592720517
0.001621053822397649
0.0016152222437749257
0.001609412043682749
0.0016036231426978485
0.0015978554616937117
0.0015921089218394685
0.0015863834445987981
0.0015806789517288271
0.00157499536527903
0.0015693326075901504
0.0015636906012931099
0.001558069269307919
0.0015524685348426131
0.0015468883213921674
0.001541328552737433
0.0015357891529440663
0.0015302700463614707
0.0015247711576217365
0.001519292411638589
0.0015138337336063333
0.0015083950489988122
0.001502976283568365
0.0014975773633447798
0.0014921982146342712
0.0014868387640184402
0.0014814989383532483
0.0014761786647679994
0.0014708778706643104
0.0014655964837151049
0.0014603344318635959
0.0014550916433222762
0.0014498680465719197
0.0014446635703605742
0.001439478143702569
0.0014343116958775144
0.0014291641564293219
0.001424035455165207
0.001418925522154716
0.001413834287728741
0.0014087616824785462
0.0014037076372547977
0.0013986720831665926
0.001393654951580499
0.0013886561741195853
0.0013836756826624776
0.0013787134093423933
0.0013737692865461925
0.0013688432469134374
0.001363935223335443
0.001359045148954342
0.0013541729571621437
0.001349318581599806
0.0013444819561562974
0.001339663014967682
0.0013348616924161894
0.0013300779231292979
0.0013253116419788197
0.0013205627840799836
0.0013158312847905377
0.0013111170797098267
0.001306420104677904
0.0013017402957746253
0.0012970775893187572
0.0012924319218670804
0.0012878032302135075
0.0012831914513881885
0.0012785965226566325
0.0012740183815188348
0.0012694569657083889
0.0012649122131916217
0.001260384062166723
0.00125587245106288
0.0012513773185394129
0.0012468986034849113
0.001242436245016388
0.001237990182478413
0.0012335603554422749
0.001229146703705124
0.0012247491672891335
0.0012203676864406584
0.001216002201629399
0.0012116526535475623
0.001207318983109032
0.0012030011314485426
0.0011986990399208502
0.001194412650099913
0.0011901419037780735
0.001185886742965234
0.0011816471098880568
0.0011774229469891412
0.0011732141969262235
0.001169020802571371
0.0011648427070101819
0.0011606798535409853
0.0011565321856740521
0.0011523996471307983
0.0011482821818430057
0.0011441797339520406
0.0011400922478080875
0.0011360196679693982
0.001131961939201571
0.0011279190064768854
0.0011238908149737315
0.001119877310076192
0.0011158784373739414
0.0011118941426626592
0.001107924371945341
0.0011039690714351976
0.001100028187561239
0.0010961016669783768
0.0010921894565851208
0.0010882915035537422
0.0010844077553807793
0.001080538159970209
0.001076682665768507
0.0010728412219808228
0.001069013778912405
0.0010652002885004632
0.0010614007051312942
0.001057614986878082
0.0010538430973488883
0.0010500850084046846
0.0010463407040955737
0.0010426101862701692
0.0010388934824361418
0.001035190656583036
0.0010315018238093582
0.0010278271697049424
0.0010241669754976024
0.001020521649940784
0.0010168917687476684
0.001013278122011178
0.0010096817694319536
0.001006104102258991
0.001002546909603327
9.990124452245598E-4
9.955034890792294E-4
9.9202339599761E-4
9.885761220419205E-4
9.85166217697902E-4
9.817987764328263E-4
9.78479327715949E-4
9.752136657138602E-4
9.720076088095628E-4
0.2776871076076444
